/*--------------------------------*- C++ -*----------------------------------*\
| =========                 |                                                 |
| \\      /  F ield         | OpenFOAM: The Open Source CFD Toolbox           |
|  \\    /   O peration     | Version:  2306                                  |
|   \\  /    A nd           | Website:  www.openfoam.com                      |
|    \\/     M anipulation  |                                                 |
\*---------------------------------------------------------------------------*/
FoamFile
{
    version     2.0;
    format      ascii;
    arch        "LSB;label=32;scalar=64";
    class       surfaceScalarField;
    location    "3.04";
    object      phi;
}
// * * * * * * * * * * * * * * * * * * * * * * * * * * * * * * * * * * * * * //

dimensions      [0 3 -1 0 0 0 0];

oriented        oriented;

internalField   nonuniform List<scalar> 
3680
(
4.93472e-05
6.52757e-07
4.79744e-05
1.37283e-06
4.6699e-05
1.27537e-06
4.52626e-05
1.43643e-06
4.41265e-05
1.13611e-06
4.27242e-05
1.40227e-06
4.17438e-05
9.80435e-07
4.04459e-05
1.29788e-06
3.98228e-05
6.23157e-07
9.77336e-07
3.88454e-05
5.03392e-05
3.136e-07
5.08683e-05
8.43712e-07
5.11327e-05
1.0109e-06
5.14669e-05
1.10231e-06
5.15951e-05
1.00784e-06
5.19804e-05
1.01702e-06
5.20674e-05
8.93394e-07
5.2523e-05
8.42315e-07
5.2519e-05
6.27193e-07
4.17461e-07
5.30788e-05
5.01633e-05
1.50278e-07
5.05557e-05
4.51374e-07
5.09765e-05
5.90055e-07
5.14206e-05
6.58203e-07
5.18183e-05
6.10127e-07
5.22701e-05
5.65245e-07
5.2698e-05
4.6545e-07
5.3168e-05
3.72372e-07
5.35866e-05
2.08546e-07
-6.08873e-09
5.40102e-05
5.00932e-05
5.70379e-08
5.03765e-05
1.68084e-07
5.07344e-05
2.32213e-07
5.11467e-05
2.45826e-07
5.15506e-05
2.06267e-07
5.19735e-05
1.42327e-07
5.23848e-05
5.4224e-08
5.28146e-05
-5.74731e-08
5.32252e-05
-2.02023e-07
-3.75663e-07
5.35947e-05
5.00738e-05
-1.67648e-08
5.02913e-05
-4.9416e-08
5.06111e-05
-8.75883e-08
5.09887e-05
-1.31807e-07
5.13803e-05
-1.8526e-07
5.17743e-05
-2.5175e-07
5.21655e-05
-3.36902e-07
5.25511e-05
-4.43119e-07
5.29201e-05
-5.71038e-07
-7.20509e-07
5.3265e-05
5.00731e-05
-8.99042e-08
5.02828e-05
-2.59094e-07
5.05975e-05
-4.02287e-07
5.09648e-05
-4.99086e-07
5.13437e-05
-5.64123e-07
5.17205e-05
-6.28556e-07
5.20897e-05
-7.06134e-07
5.24498e-05
-8.03181e-07
5.27981e-05
-9.19389e-07
-1.05053e-06
5.31281e-05
5.00941e-05
-1.84051e-07
5.03554e-05
-5.20304e-07
5.06977e-05
-7.44678e-07
5.10673e-05
-8.68621e-07
5.14391e-05
-9.35927e-07
5.18021e-05
-9.91576e-07
5.21578e-05
-1.06181e-06
5.25077e-05
-1.15313e-06
5.28468e-05
-1.25843e-06
-1.36962e-06
5.31659e-05
5.01664e-05
-3.50458e-07
5.05177e-05
-8.71622e-07
5.09201e-05
-1.14704e-06
5.12983e-05
-1.24682e-06
5.16463e-05
-1.28393e-06
5.19826e-05
-1.32784e-06
5.23149e-05
-1.39419e-06
5.26344e-05
-1.47261e-06
5.29271e-05
-1.55109e-06
-1.62424e-06
5.31817e-05
5.03675e-05
-7.17987e-07
5.08e-05
-1.30413e-06
5.10982e-05
-1.44523e-06
5.12749e-05
-1.42353e-06
5.14024e-05
-1.41138e-06
5.14996e-05
-1.42503e-06
5.1549e-05
-1.44358e-06
5.15337e-05
-1.45739e-06
5.14455e-05
-1.46281e-06
-1.46328e-06
5.12845e-05
4.9282e-05
4.79779e-05
4.65326e-05
4.51091e-05
4.36977e-05
4.22727e-05
4.08291e-05
3.93717e-05
3.79089e-05
3.64457e-05
1.23693e-08
-1.23693e-08
6.35822e-09
6.0109e-09
-1.39847e-08
2.03429e-08
-4.31089e-08
2.91243e-08
-7.78803e-08
3.47714e-08
-1.17119e-07
3.92383e-08
-1.60839e-07
4.37209e-08
-2.09143e-07
4.83038e-08
-2.61883e-07
5.27397e-08
-3.18731e-07
5.68482e-08
-3.79311e-07
6.05795e-08
-4.43261e-07
6.39503e-08
-5.10252e-07
6.69909e-08
-5.79981e-07
6.97289e-08
-6.52174e-07
7.21929e-08
-7.26592e-07
7.44179e-08
-8.03039e-07
7.64473e-08
-8.81372e-07
7.83333e-08
-9.61503e-07
8.01313e-08
-1.0434e-06
8.18929e-08
-1.12707e-06
8.36693e-08
-1.21257e-06
8.54994e-08
-1.29997e-06
8.74035e-08
-1.38935e-06
8.93811e-08
-1.48077e-06
9.14153e-08
-1.57424e-06
9.3478e-08
-1.66979e-06
9.55462e-08
-1.76743e-06
9.76453e-08
-1.86737e-06
9.99318e-08
-1.97018e-06
1.02818e-07
-2.0773e-06
1.07113e-07
-2.19143e-06
1.14134e-07
-2.31727e-06
1.25836e-07
-2.46205e-06
1.44786e-07
-2.63601e-06
1.7396e-07
-2.85235e-06
2.16333e-07
-3.12645e-06
2.74107e-07
-3.4741e-06
3.47642e-07
-3.90841e-06
4.34313e-07
-4.43635e-06
5.27944e-07
-5.05576e-06
6.19406e-07
-5.75346e-06
6.97699e-07
-6.50573e-06
7.52267e-07
-7.28117e-06
7.75443e-07
-8.04433e-06
7.63157e-07
-8.75985e-06
7.15523e-07
-9.39907e-06
6.39224e-07
-9.93033e-06
5.31254e-07
-1.03307e-05
4.00417e-07
-1.05861e-05
2.55398e-07
-1.06848e-05
9.86743e-08
-1.06228e-05
-6.20197e-08
-1.04057e-05
-2.17145e-07
-1.0035e-05
-3.70603e-07
-9.51669e-06
-5.18359e-07
-8.86075e-06
-6.55944e-07
-8.08402e-06
-7.7673e-07
-7.19912e-06
-8.84893e-07
-6.22261e-06
-9.76509e-07
-5.17198e-06
-1.05063e-06
-4.06533e-06
-1.10665e-06
-2.92154e-06
-1.1438e-06
-1.75935e-06
-1.16218e-06
-5.95391e-07
-1.16396e-06
5.55505e-07
-1.1509e-06
1.67919e-06
-1.12369e-06
2.76341e-06
-1.08422e-06
3.79793e-06
-1.03451e-06
4.77294e-06
-9.75008e-07
5.68158e-06
-9.08649e-07
6.51874e-06
-8.3716e-07
7.28163e-06
-7.62882e-07
7.96846e-06
-6.86831e-07
8.57984e-06
-6.11381e-07
9.11663e-06
-5.36789e-07
9.58212e-06
-4.6549e-07
9.97899e-06
-3.96877e-07
1.03126e-05
-3.33599e-07
1.05867e-05
-2.74063e-07
1.0808e-05
-2.21369e-07
1.09808e-05
-1.72748e-07
1.11129e-05
-1.32115e-07
1.12081e-05
-9.51859e-08
1.12753e-05
-6.72342e-08
1.13172e-05
-4.19324e-08
1.13439e-05
-2.66298e-08
1.13559e-05
-1.20055e-08
1.13652e-05
-9.33019e-09
1.13686e-05
-3.35983e-09
-1.28305e-08
-1.30856e-08
7.16506e-10
-6.79353e-08
6.08605e-08
-1.518e-07
1.04207e-07
-2.5582e-07
1.33144e-07
-3.74759e-07
1.5371e-07
-5.06395e-07
1.70874e-07
-6.49723e-07
1.87049e-07
-8.03934e-07
2.02515e-07
-9.68037e-07
2.16843e-07
-1.14092e-06
2.29734e-07
-1.3215e-06
2.41161e-07
-1.50879e-06
2.51239e-07
-1.70192e-06
2.60119e-07
-1.90015e-06
2.67957e-07
-2.10287e-06
2.74919e-07
-2.30965e-06
2.8119e-07
-2.52018e-06
2.86977e-07
-2.73435e-06
2.92509e-07
-2.95225e-06
2.98028e-07
-3.17412e-06
3.03764e-07
-3.40041e-06
3.09958e-07
-3.63176e-06
3.16847e-07
-3.86901e-06
3.24656e-07
-4.11324e-06
3.33613e-07
-4.3658e-06
3.43975e-07
-4.62836e-06
3.56042e-07
-4.903e-06
3.70182e-07
-5.19224e-06
3.86885e-07
-5.49914e-06
4.06832e-07
-5.82734e-06
4.31016e-07
-6.18107e-06
4.60849e-07
-6.56504e-06
4.98104e-07
-6.98406e-06
5.44855e-07
-7.44248e-06
6.03199e-07
-7.94326e-06
6.74744e-07
-8.48693e-06
7.60003e-07
-9.07035e-06
8.57531e-07
-9.68585e-06
9.6314e-07
-1.03208e-05
1.06929e-06
-1.09579e-05
1.16498e-06
-1.1576e-05
1.23757e-06
-1.21524e-05
1.27404e-06
-1.26631e-05
1.263e-06
-1.30858e-05
1.19811e-06
-1.34002e-05
1.07762e-06
-1.35892e-05
9.0452e-07
-1.36353e-05
6.85317e-07
-1.35315e-05
4.27413e-07
-1.32645e-05
1.33478e-07
-1.284e-05
-1.69121e-07
-1.2265e-05
-4.76364e-07
-1.15369e-05
-7.90083e-07
-1.06547e-05
-1.09936e-06
-9.62921e-06
-1.3961e-06
-8.47071e-06
-1.67686e-06
-7.19114e-06
-1.93551e-06
-5.80802e-06
-2.15985e-06
-4.33614e-06
-2.35678e-06
-2.79091e-06
-2.52174e-06
-1.19136e-06
-2.65018e-06
4.44569e-07
-2.74258e-06
2.098e-06
-2.79723e-06
3.75613e-06
-2.82031e-06
5.40188e-06
-2.80972e-06
7.02089e-06
-2.7699e-06
8.59922e-06
-2.70202e-06
1.01259e-05
-2.61086e-06
1.15899e-05
-2.49855e-06
1.29847e-05
-2.36978e-06
1.43035e-05
-2.22752e-06
1.55427e-05
-2.07633e-06
1.66989e-05
-1.91903e-06
1.77712e-05
-1.75919e-06
1.87591e-05
-1.59932e-06
1.96643e-05
-1.44198e-06
2.04882e-05
-1.28934e-06
2.12342e-05
-1.14294e-06
2.19053e-05
-1.00467e-06
2.25063e-05
-8.75066e-07
2.30408e-05
-7.55893e-07
2.35149e-05
-6.46795e-07
2.39323e-05
-5.49532e-07
2.43001e-05
-4.62934e-07
2.46218e-05
-3.88964e-07
2.49054e-05
-3.25557e-07
2.5154e-05
-2.75176e-07
2.53766e-05
-2.3461e-07
2.55743e-05
-2.07022e-07
2.57586e-05
-1.87703e-07
-1.78884e-07
-4.82796e-08
4.89961e-08
-1.81676e-07
1.94257e-07
-3.59977e-07
2.82509e-07
-5.64268e-07
3.37435e-07
-7.85557e-07
3.74999e-07
-1.02126e-06
4.06578e-07
-1.27074e-06
4.36526e-07
-1.53212e-06
4.63896e-07
-1.80327e-06
4.87994e-07
-2.08214e-06
5.08608e-07
-2.36693e-06
5.25949e-07
-2.65607e-06
5.4038e-07
-2.94827e-06
5.52314e-07
-3.24249e-06
5.62179e-07
-3.53798e-06
5.70407e-07
-3.83422e-06
5.77433e-07
-4.13094e-06
5.8369e-07
-4.42805e-06
5.89624e-07
-4.7257e-06
5.95676e-07
-5.02411e-06
6.02175e-07
-5.32367e-06
6.09519e-07
-5.62487e-06
6.18043e-07
-5.92823e-06
6.28016e-07
-6.23428e-06
6.39669e-07
-6.54354e-06
6.53234e-07
-6.85646e-06
6.6896e-07
-7.17339e-06
6.87112e-07
-7.49452e-06
7.08016e-07
-7.81972e-06
7.32027e-07
-8.14848e-06
7.5978e-07
-8.48011e-06
7.92476e-07
-8.81309e-06
8.31091e-07
-9.14501e-06
8.76775e-07
-9.47224e-06
9.30425e-07
-9.7894e-06
9.91905e-07
-1.00891e-05
1.05972e-06
-1.03619e-05
1.13026e-06
-1.05964e-05
1.19769e-06
-1.07805e-05
1.25342e-06
-1.08995e-05
1.28391e-06
-1.094e-05
1.27815e-06
-1.08911e-05
1.22511e-06
-1.07423e-05
1.11424e-06
-1.04864e-05
9.42165e-07
-1.01187e-05
7.09872e-07
-9.63652e-06
4.22386e-07
-9.03338e-06
8.21764e-08
-8.31774e-06
-2.8823e-07
-7.49384e-06
-6.9042e-07
-6.55188e-06
-1.11108e-06
-5.49204e-06
-1.5362e-06
-4.32455e-06
-1.95758e-06
-3.05557e-06
-2.36834e-06
-1.69279e-06
-2.75888e-06
-2.41829e-07
-3.12783e-06
1.2761e-06
-3.45344e-06
2.86068e-06
-3.74443e-06
4.49478e-06
-3.99088e-06
6.16538e-06
-4.19233e-06
7.85827e-06
-4.34308e-06
9.56095e-06
-4.44526e-06
1.12591e-05
-4.49543e-06
1.29389e-05
-4.50001e-06
1.45866e-05
-4.45751e-06
1.61918e-05
-4.37503e-06
1.77431e-05
-4.25334e-06
1.92332e-05
-4.10097e-06
2.06543e-05
-3.91966e-06
2.20029e-05
-3.71837e-06
2.32742e-05
-3.49882e-06
2.44677e-05
-3.2698e-06
2.5581e-05
-3.03239e-06
2.66165e-05
-2.79465e-06
2.75736e-05
-2.55641e-06
2.84566e-05
-2.32502e-06
2.92662e-05
-2.09895e-06
3.00083e-05
-1.88503e-06
3.0684e-05
-1.68031e-06
3.13003e-05
-1.4914e-06
3.18583e-05
-1.31387e-06
3.23661e-05
-1.15458e-06
3.28241e-05
-1.00754e-06
3.32414e-05
-8.80293e-07
3.36177e-05
-7.65226e-07
3.39631e-05
-6.7097e-07
3.4276e-05
-5.88096e-07
3.45681e-05
-5.26699e-07
3.48363e-05
-4.7522e-07
3.50939e-05
-4.45269e-07
-4.23969e-07
-1.32931e-07
1.81927e-07
-3.78701e-07
4.40027e-07
-6.6393e-07
5.67737e-07
-9.67143e-07
6.40648e-07
-1.28594e-06
6.93793e-07
-1.61826e-06
7.38906e-07
-1.95939e-06
7.77647e-07
-2.30491e-06
8.09418e-07
-2.651e-06
8.34089e-07
-2.99478e-06
8.52384e-07
-3.33403e-06
8.65198e-07
-3.66689e-06
8.73244e-07
-3.99202e-06
8.77439e-07
-4.30843e-06
8.78592e-07
-4.61545e-06
8.77426e-07
-4.91262e-06
8.74599e-07
-5.19962e-06
8.70699e-07
-5.47626e-06
8.66258e-07
-5.74236e-06
8.61783e-07
-5.99788e-06
8.57689e-07
-6.24266e-06
8.54299e-07
-6.47646e-06
8.51843e-07
-6.69888e-06
8.50442e-07
-6.90934e-06
8.50124e-07
-7.10699e-06
8.50883e-07
-7.29077e-06
8.5274e-07
-7.45932e-06
8.55668e-07
-7.61093e-06
8.5962e-07
-7.74354e-06
8.64641e-07
-7.85471e-06
8.70948e-07
-7.9412e-06
8.78967e-07
-7.99915e-06
8.89046e-07
-8.02396e-06
9.01578e-07
-8.0104e-06
9.16871e-07
-7.95216e-06
9.3366e-07
-7.8419e-06
9.49469e-07
-7.67158e-06
9.59941e-07
-7.43251e-06
9.5862e-07
-7.11589e-06
9.36803e-07
-6.71577e-06
8.83787e-07
-6.22769e-06
7.90072e-07
-5.65111e-06
6.48524e-07
-4.98378e-06
4.46904e-07
-4.22657e-06
1.84953e-07
-3.38236e-06
-1.34334e-07
-2.45517e-06
-5.04805e-07
-1.44892e-06
-9.24068e-07
-3.59156e-07
-1.378e-06
8.1031e-07
-1.85989e-06
2.05395e-06
-2.35472e-06
3.37179e-06
-2.85404e-06
4.76122e-06
-3.34701e-06
6.21822e-06
-3.82534e-06
7.73695e-06
-4.27761e-06
9.30743e-06
-4.6983e-06
1.09262e-05
-5.0722e-06
1.25797e-05
-5.3979e-06
1.42567e-05
-5.66791e-06
1.59447e-05
-5.88036e-06
1.76304e-05
-6.02877e-06
1.93014e-05
-6.11624e-06
2.09452e-05
-6.13925e-06
2.25501e-05
-6.10488e-06
2.41052e-05
-6.0126e-06
2.56022e-05
-5.87209e-06
2.70332e-05
-5.68429e-06
2.83933e-05
-5.46112e-06
2.96777e-05
-5.20404e-06
3.08851e-05
-4.92579e-06
3.20133e-05
-4.62698e-06
3.30638e-05
-4.32032e-06
3.40363e-05
-4.00489e-06
3.49346e-05
-3.69291e-06
3.57595e-05
-3.38135e-06
3.65164e-05
-3.08197e-06
3.7207e-05
-2.78949e-06
3.78374e-05
-2.51548e-06
3.84095e-05
-2.2524e-06
3.89302e-05
-2.01207e-06
3.9401e-05
-1.7847e-06
3.98293e-05
-1.58281e-06
4.02162e-05
-1.39446e-06
4.05692e-05
-1.23327e-06
4.08891e-05
-1.08517e-06
4.11834e-05
-9.65313e-07
4.14528e-05
-8.57439e-07
4.17047e-05
-7.78574e-07
4.19398e-05
-7.10322e-07
4.21664e-05
-6.71895e-07
-6.44458e-07
-1.86985e-07
3.68912e-07
-5.47612e-07
8.00654e-07
-9.57484e-07
9.77609e-07
-1.37959e-06
1.06275e-06
-1.79795e-06
1.11215e-06
-2.20379e-06
1.14474e-06
-2.59292e-06
1.16679e-06
-2.9638e-06
1.1803e-06
-3.31426e-06
1.18455e-06
-3.64251e-06
1.18063e-06
-3.94745e-06
1.17014e-06
-4.22869e-06
1.15448e-06
-4.48614e-06
1.13489e-06
-4.71995e-06
1.11241e-06
-4.93046e-06
1.08793e-06
-5.11803e-06
1.06217e-06
-5.28305e-06
1.03572e-06
-5.42579e-06
1.009e-06
-5.54645e-06
9.82451e-07
-5.64518e-06
9.56412e-07
-5.72191e-06
9.31032e-07
-5.77641e-06
9.06342e-07
-5.8082e-06
8.82235e-07
-5.81654e-06
8.58463e-07
-5.80035e-06
8.34696e-07
-5.75832e-06
8.10706e-07
-5.68885e-06
7.86194e-07
-5.58991e-06
7.60686e-07
-5.45908e-06
7.33807e-07
-5.29343e-06
7.05298e-07
-5.08945e-06
6.74988e-07
-4.843e-06
6.42593e-07
-4.54869e-06
6.07272e-07
-4.20163e-06
5.69812e-07
-3.79615e-06
5.28175e-07
-3.32607e-06
4.79393e-07
-2.78533e-06
4.19204e-07
-2.16863e-06
3.41919e-07
-1.47184e-06
2.40008e-07
-6.92347e-07
1.04298e-07
1.68658e-07
-7.0933e-08
1.11044e-06
-2.93256e-07
2.12743e-06
-5.70083e-07
3.21469e-06
-9.02307e-07
4.36838e-06
-1.28803e-06
5.58649e-06
-1.72291e-06
6.86408e-06
-2.20166e-06
8.19949e-06
-2.71341e-06
9.58934e-06
-3.24973e-06
1.1033e-05
-3.79835e-06
1.2528e-05
-4.34911e-06
1.40705e-05
-4.88951e-06
1.5655e-05
-5.40981e-06
1.72742e-05
-5.89677e-06
1.89177e-05
-6.3418e-06
2.05776e-05
-6.73212e-06
2.22413e-05
-7.06161e-06
2.3896e-05
-7.32258e-06
2.55292e-05
-7.51355e-06
2.71293e-05
-7.62887e-06
2.8685e-05
-7.67201e-06
3.0187e-05
-7.6412e-06
3.16266e-05
-7.54456e-06
3.29973e-05
-7.38322e-06
3.4294e-05
-7.16886e-06
3.55136e-05
-6.90386e-06
3.66547e-05
-6.60216e-06
3.77166e-05
-6.26599e-06
3.87009e-05
-5.91009e-06
3.9609e-05
-5.53507e-06
4.04442e-05
-5.15556e-06
4.12092e-05
-4.76981e-06
4.19082e-05
-4.39199e-06
4.25446e-05
-4.01766e-06
4.31232e-05
-3.6606e-06
4.36472e-05
-3.31354e-06
4.4122e-05
-2.99028e-06
4.45504e-05
-2.6808e-06
4.49377e-05
-2.39938e-06
4.52865e-05
-2.13342e-06
4.56018e-05
-1.89815e-06
4.58858e-05
-1.67847e-06
4.61436e-05
-1.49106e-06
4.63768e-05
-1.31835e-06
4.65904e-05
-1.17893e-06
4.67857e-05
-1.05278e-06
4.6968e-05
-9.60784e-07
4.71382e-05
-8.80557e-07
4.7302e-05
-8.35733e-07
-8.05069e-07
-4.16319e-07
7.85232e-07
-9.51205e-07
1.33554e-06
-1.44224e-06
1.46865e-06
-1.87815e-06
1.49866e-06
-2.28018e-06
1.51419e-06
-2.65268e-06
1.51725e-06
-2.98982e-06
1.50392e-06
-3.28449e-06
1.47497e-06
-3.53235e-06
1.4324e-06
-3.73495e-06
1.38323e-06
-3.89483e-06
1.33002e-06
-4.01459e-06
1.27424e-06
-4.09675e-06
1.21704e-06
-4.14364e-06
1.15931e-06
-4.1574e-06
1.10168e-06
-4.13985e-06
1.04463e-06
-4.09258e-06
9.88449e-07
-4.01675e-06
9.3316e-07
-3.91327e-06
8.78977e-07
-3.78286e-06
8.26001e-07
-3.62589e-06
7.74061e-07
-3.44243e-06
7.22876e-07
-3.23222e-06
6.7203e-07
-2.99473e-06
6.20969e-07
-2.72895e-06
5.6892e-07
-2.43373e-06
5.15485e-07
-2.10768e-06
4.60139e-07
-1.74881e-06
4.01818e-07
-1.35479e-06
3.39788e-07
-9.22791e-07
2.73299e-07
-4.49338e-07
2.01535e-07
6.99759e-08
1.23279e-07
6.40242e-07
3.70066e-08
1.26548e-06
-5.54219e-08
1.95034e-06
-1.56691e-07
2.70093e-06
-2.71195e-07
3.5222e-06
-4.02068e-07
4.41813e-06
-5.54006e-07
5.39108e-06
-7.32947e-07
6.4406e-06
-9.4522e-07
7.56566e-06
-1.19599e-06
8.76448e-06
-1.49207e-06
1.00312e-05
-1.83682e-06
1.13603e-05
-2.23142e-06
1.27466e-05
-2.67433e-06
1.41849e-05
-3.16119e-06
1.56695e-05
-3.68626e-06
1.71962e-05
-4.24014e-06
1.87596e-05
-4.81308e-06
2.03543e-05
-5.39312e-06
2.1974e-05
-5.96877e-06
2.36107e-05
-6.52625e-06
2.52547e-05
-7.0538e-06
2.68954e-05
-7.53746e-06
2.85206e-05
-7.96701e-06
3.01189e-05
-8.33043e-06
3.1678e-05
-8.62063e-06
3.3186e-05
-8.83057e-06
3.46324e-05
-8.96001e-06
3.60094e-05
-9.00589e-06
3.73103e-05
-8.97289e-06
3.85309e-05
-8.86175e-06
3.96681e-05
-8.68182e-06
4.07215e-05
-8.43655e-06
4.16914e-05
-8.13876e-06
4.25803e-05
-7.79277e-06
4.33914e-05
-7.41324e-06
4.41289e-05
-7.00351e-06
4.47974e-05
-6.57861e-06
4.54019e-05
-6.13958e-06
4.59474e-05
-5.70105e-06
4.64387e-05
-5.26115e-06
4.68808e-05
-4.83406e-06
4.7278e-05
-4.4148e-06
4.76347e-05
-4.01731e-06
4.79546e-05
-3.6335e-06
4.82418e-05
-3.27748e-06
4.84992e-05
-2.93823e-06
4.87304e-05
-2.63059e-06
4.89378e-05
-2.34075e-06
4.91244e-05
-2.08481e-06
4.92922e-05
-1.84625e-06
4.94441e-05
-1.64293e-06
4.95814e-05
-1.45566e-06
4.9707e-05
-1.30453e-06
4.98219e-05
-1.16768e-06
4.9929e-05
-1.06793e-06
5.00292e-05
-9.80692e-07
5.01256e-05
-9.32166e-07
-8.9806e-07
-2.65807e-07
1.05104e-06
-8.65738e-07
1.93547e-06
-1.49392e-06
2.09683e-06
-2.02294e-06
2.02768e-06
-2.42427e-06
1.91551e-06
-2.69964e-06
1.79262e-06
-2.86593e-06
1.67021e-06
-2.9424e-06
1.55143e-06
-2.94628e-06
1.43629e-06
-2.88828e-06
1.32523e-06
-2.77644e-06
1.21818e-06
-2.61716e-06
1.11497e-06
-2.41586e-06
1.01574e-06
-2.17711e-06
9.20555e-07
-1.90471e-06
8.29285e-07
-1.60173e-06
7.41646e-07
-1.2707e-06
6.57418e-07
-9.13264e-07
5.75726e-07
-5.30878e-07
4.96591e-07
-1.24544e-07
4.19667e-07
3.05336e-07
3.44181e-07
7.58726e-07
2.69486e-07
1.23596e-06
1.94798e-07
1.73787e-06
1.19055e-07
2.26618e-06
4.06146e-08
2.82168e-06
-4.00219e-08
3.40537e-06
-1.23547e-07
4.01994e-06
-2.12755e-07
4.6679e-06
-3.08166e-07
5.35204e-06
-4.10847e-07
6.07553e-06
-5.21949e-07
6.84169e-06
-6.42881e-07
7.65328e-06
-7.74591e-07
8.51618e-06
-9.18317e-07
9.43563e-06
-1.07614e-06
1.04155e-05
-1.25103e-06
1.14596e-05
-1.44618e-06
1.2571e-05
-1.66547e-06
1.37512e-05
-1.91316e-06
1.50002e-05
-2.19413e-06
1.63165e-05
-2.51235e-06
1.7696e-05
-2.87151e-06
1.91327e-05
-3.27357e-06
2.062e-05
-3.7187e-06
2.21503e-05
-4.2046e-06
2.37156e-05
-4.72652e-06
2.53069e-05
-5.27758e-06
2.69149e-05
-5.84816e-06
2.85293e-05
-6.42744e-06
3.01394e-05
-7.00325e-06
3.17337e-05
-7.563e-06
3.33003e-05
-8.0929e-06
3.48263e-05
-8.57979e-06
3.62994e-05
-9.01059e-06
3.77078e-05
-9.37539e-06
3.90414e-05
-9.664e-06
4.02907e-05
-9.86995e-06
4.14489e-05
-9.98873e-06
4.25111e-05
-1.00223e-05
4.34767e-05
-9.97147e-06
4.43462e-05
-9.84242e-06
4.51229e-05
-9.63846e-06
4.5811e-05
-9.3699e-06
4.64167e-05
-9.04225e-06
4.69466e-05
-8.66862e-06
4.74084e-05
-8.25457e-06
4.78094e-05
-7.81424e-06
4.81573e-05
-7.35143e-06
4.84588e-05
-6.88016e-06
4.87206e-05
-6.40136e-06
4.89482e-05
-5.92858e-06
4.91466e-05
-5.45958e-06
4.93202e-05
-5.00763e-06
4.94726e-05
-4.56728e-06
4.96072e-05
-4.15182e-06
4.97263e-05
-3.75267e-06
4.98325e-05
-3.38361e-06
4.99273e-05
-3.03307e-06
5.00126e-05
-2.71589e-06
5.00895e-05
-2.41764e-06
5.01594e-05
-2.15467e-06
5.02228e-05
-1.90972e-06
5.02811e-05
-1.7012e-06
5.03345e-05
-1.50903e-06
5.03841e-05
-1.35417e-06
5.04301e-05
-1.21366e-06
5.04736e-05
-1.11147e-06
5.05146e-05
-1.02163e-06
5.0554e-05
-9.71608e-07
-9.34384e-07
-1.51231e-06
2.56335e-06
-1.97672e-06
2.39987e-06
-2.15101e-06
2.27112e-06
-2.1734e-06
2.05007e-06
-2.06443e-06
1.80654e-06
-1.84765e-06
1.57584e-06
-1.54182e-06
1.36438e-06
-1.16079e-06
1.1704e-06
-7.17318e-07
9.92815e-07
-2.23468e-07
8.31384e-07
3.1152e-07
6.83192e-07
8.80101e-07
5.46385e-07
1.47602e-06
4.19826e-07
2.0944e-06
3.02176e-07
2.73159e-06
1.92086e-07
3.38474e-06
8.84985e-08
4.05141e-06
-9.24937e-09
4.73242e-06
-1.05284e-07
5.42555e-06
-1.96541e-07
6.13003e-06
-2.84811e-07
6.84666e-06
-3.72453e-07
7.57623e-06
-4.6008e-07
8.31979e-06
-5.4876e-07
9.07862e-06
-6.39773e-07
9.85362e-06
-7.34392e-07
1.06473e-05
-8.33656e-07
1.14626e-05
-9.3884e-07
1.23014e-05
-1.05159e-06
1.31664e-05
-1.1732e-06
1.40605e-05
-1.30494e-06
1.49866e-05
-1.44805e-06
1.59476e-05
-1.60392e-06
1.6947e-05
-1.77396e-06
1.79884e-05
-1.95973e-06
1.90752e-05
-2.16295e-06
2.02102e-05
-2.38599e-06
2.13955e-05
-2.63146e-06
2.26324e-05
-2.90242e-06
2.39211e-05
-3.20183e-06
2.52598e-05
-3.53281e-06
2.66448e-05
-3.89741e-06
2.80705e-05
-4.2972e-06
2.95292e-05
-4.73229e-06
3.10118e-05
-5.20126e-06
3.25076e-05
-5.70035e-06
3.40054e-05
-6.22437e-06
3.54931e-05
-6.76532e-06
3.69568e-05
-7.3118e-06
3.83825e-05
-7.8532e-06
3.97569e-05
-8.37761e-06
4.10662e-05
-8.87227e-06
4.22978e-05
-9.32456e-06
4.34406e-05
-9.72255e-06
4.44856e-05
-1.00556e-05
4.54255e-05
-1.03153e-05
4.62563e-05
-1.04949e-05
4.69772e-05
-1.05908e-05
4.75894e-05
-1.0601e-05
4.80961e-05
-1.05289e-05
4.85059e-05
-1.03813e-05
4.88274e-05
-1.0164e-05
4.90713e-05
-9.88229e-06
4.92477e-05
-9.54634e-06
4.93682e-05
-9.16273e-06
4.94429e-05
-8.7433e-06
4.9482e-05
-8.29372e-06
4.9494e-05
-7.82617e-06
4.94865e-05
-7.34397e-06
4.94654e-05
-6.85906e-06
4.94358e-05
-6.37178e-06
4.94013e-05
-5.89404e-06
4.93648e-05
-5.42313e-06
4.93284e-05
-4.97121e-06
4.92935e-05
-4.53235e-06
4.9261e-05
-4.11932e-06
4.92313e-05
-3.723e-06
4.92049e-05
-3.35726e-06
4.91817e-05
-3.00986e-06
4.9162e-05
-2.69619e-06
4.91452e-05
-2.40084e-06
4.91317e-05
-2.14111e-06
4.91204e-05
-1.89846e-06
4.91119e-05
-1.69267e-06
4.91049e-05
-1.50204e-06
4.91e-05
-1.34926e-06
4.90957e-05
-1.2094e-06
4.90928e-05
-1.10855e-06
4.90896e-05
-1.01845e-06
4.90873e-05
-9.69296e-07
-9.27832e-07
-9.07321e-07
3.47067e-06
-7.60404e-07
2.25296e-06
-2.70506e-07
1.78122e-06
4.46145e-07
1.33342e-06
1.32331e-06
9.29369e-07
2.29454e-06
6.0462e-07
3.31362e-06
3.45298e-07
4.35363e-06
1.30398e-07
5.39818e-06
-5.1743e-08
6.43552e-06
-2.05949e-07
7.46588e-06
-3.47168e-07
8.48673e-06
-4.7447e-07
9.49576e-06
-5.89199e-07
1.04919e-05
-6.9399e-07
1.14752e-05
-7.91154e-07
1.24459e-05
-8.82268e-07
1.34055e-05
-9.68804e-07
1.43527e-05
-1.05255e-06
1.529e-05
-1.13378e-06
1.62191e-05
-1.21395e-06
1.71415e-05
-1.29484e-06
1.80592e-05
-1.37779e-06
1.89745e-05
-1.46405e-06
1.98897e-05
-1.55499e-06
2.08073e-05
-1.65199e-06
2.17301e-05
-1.75648e-06
2.26611e-05
-1.86975e-06
2.36027e-05
-1.99323e-06
2.45578e-05
-2.12829e-06
2.55289e-05
-2.27606e-06
2.65186e-05
-2.43773e-06
2.75292e-05
-2.61454e-06
2.8563e-05
-2.80777e-06
2.9622e-05
-3.01872e-06
3.07078e-05
-3.24878e-06
3.18214e-05
-3.49953e-06
3.29626e-05
-3.7727e-06
3.41303e-05
-4.07014e-06
3.53224e-05
-4.39391e-06
3.65351e-05
-4.74549e-06
3.7762e-05
-5.12428e-06
3.89952e-05
-5.53044e-06
4.02253e-05
-5.96236e-06
4.1441e-05
-6.41703e-06
4.26302e-05
-6.8895e-06
4.37791e-05
-7.37327e-06
4.48735e-05
-7.85974e-06
4.59007e-05
-8.33901e-06
4.68478e-05
-8.80033e-06
4.77033e-05
-9.23304e-06
4.84571e-05
-9.62611e-06
4.91022e-05
-9.96965e-06
4.96341e-05
-1.02545e-05
5.00519e-05
-1.04734e-05
5.03573e-05
-1.06207e-05
5.05557e-05
-1.06933e-05
5.06551e-05
-1.06902e-05
5.0667e-05
-1.06129e-05
5.06036e-05
-1.04655e-05
5.04785e-05
-1.02562e-05
5.03051e-05
-9.99065e-06
5.00973e-05
-9.67446e-06
4.98665e-05
-9.31547e-06
4.96236e-05
-8.91985e-06
4.93767e-05
-8.49646e-06
4.91335e-05
-8.05045e-06
4.88981e-05
-7.59081e-06
4.86746e-05
-7.12045e-06
4.84639e-05
-6.64841e-06
4.82675e-05
-6.1754e-06
4.80849e-05
-5.71139e-06
4.79163e-05
-5.25451e-06
4.77606e-05
-4.81551e-06
4.76174e-05
-4.38923e-06
4.74857e-05
-3.98758e-06
4.73647e-05
-3.60203e-06
4.72537e-05
-3.24623e-06
4.71518e-05
-2.90798e-06
4.70588e-05
-2.60315e-06
4.69734e-05
-2.31548e-06
4.68959e-05
-2.06355e-06
4.68244e-05
-1.827e-06
4.67597e-05
-1.62791e-06
4.66993e-05
-1.44165e-06
4.66443e-05
-1.29433e-06
4.65917e-05
-1.15679e-06
4.6543e-05
-1.05981e-06
4.64941e-05
-9.69545e-07
4.6447e-05
-9.2219e-07
-8.78768e-07
3.67287e-06
-2.02193e-07
6.40991e-06
-4.84089e-07
8.83289e-06
-6.41758e-07
1.09687e-05
-8.02361e-07
1.28602e-05
-9.62117e-07
1.45713e-05
-1.10654e-06
1.61467e-05
-1.23009e-06
1.76028e-05
-1.32566e-06
1.8968e-05
-1.41694e-06
2.02616e-05
-1.49956e-06
2.14886e-05
-1.5742e-06
2.2657e-05
-1.64285e-06
2.37743e-05
-1.70657e-06
2.48466e-05
-1.76623e-06
2.58781e-05
-1.82272e-06
2.6873e-05
-1.87709e-06
2.78345e-05
-1.93029e-06
2.87654e-05
-1.98347e-06
2.96693e-05
-2.0377e-06
3.05495e-05
-2.09411e-06
3.14086e-05
-2.15402e-06
3.22497e-05
-2.21884e-06
3.30756e-05
-2.28991e-06
3.38891e-05
-2.36853e-06
3.46931e-05
-2.45598e-06
3.54902e-05
-2.55355e-06
3.62828e-05
-2.66244e-06
3.70735e-05
-2.78389e-06
3.78646e-05
-2.9194e-06
3.86577e-05
-3.06916e-06
3.94543e-05
-3.23433e-06
4.02556e-05
-3.41587e-06
4.10625e-05
-3.61463e-06
4.18752e-05
-3.83143e-06
4.26935e-05
-4.0671e-06
4.35165e-05
-4.32246e-06
4.43421e-05
-4.59832e-06
4.51674e-05
-4.8954e-06
4.59876e-05
-5.21414e-06
4.67965e-05
-5.55438e-06
4.75873e-05
-5.9151e-06
4.83515e-05
-6.29461e-06
4.90793e-05
-6.69022e-06
4.97603e-05
-7.09803e-06
5.03836e-05
-7.51276e-06
5.09382e-05
-7.92785e-06
5.14141e-05
-8.33563e-06
5.18028e-05
-8.7277e-06
5.20975e-05
-9.09509e-06
5.22937e-05
-9.4292e-06
5.23896e-05
-9.72199e-06
5.23869e-05
-9.967e-06
5.22907e-05
-1.01583e-05
5.21091e-05
-1.02917e-05
5.18526e-05
-1.03642e-05
5.15339e-05
-1.03745e-05
5.11662e-05
-1.03226e-05
5.07647e-05
-1.02114e-05
5.03432e-05
-1.0044e-05
4.99127e-05
-9.82572e-06
4.94832e-05
-9.56109e-06
4.90631e-05
-9.25436e-06
4.86572e-05
-8.90958e-06
4.8269e-05
-8.53171e-06
4.78993e-05
-8.12676e-06
4.75491e-05
-7.70024e-06
4.72167e-05
-7.25838e-06
4.69014e-05
-6.80516e-06
4.66002e-05
-6.34717e-06
4.63124e-05
-5.88764e-06
4.60355e-05
-5.43451e-06
4.57701e-05
-4.9891e-06
4.55143e-05
-4.55967e-06
4.52694e-05
-4.14431e-06
4.50339e-05
-3.75214e-06
4.48097e-05
-3.37779e-06
4.45955e-05
-3.03203e-06
4.43929e-05
-2.70544e-06
4.42009e-05
-2.41116e-06
4.40205e-05
-2.13505e-06
4.38506e-05
-1.89365e-06
4.36915e-05
-1.66783e-06
4.35422e-05
-1.47864e-06
4.34019e-05
-1.30134e-06
4.327e-05
-1.1625e-06
4.31443e-05
-1.03108e-06
4.30248e-05
-9.40316e-07
4.29075e-05
-8.52205e-07
4.27932e-05
-8.07886e-07
-7.64824e-07
3.86455e-05
-2.27075e-09
3.86226e-05
-4.61229e-07
3.87729e-05
-7.92038e-07
3.90112e-05
-1.04067e-06
3.92994e-05
-1.25029e-06
3.96315e-05
-1.43867e-06
4.00089e-05
-1.60747e-06
4.04336e-05
-1.75038e-06
4.08853e-05
-1.86856e-06
4.13528e-05
-1.96706e-06
4.183e-05
-2.05148e-06
4.23116e-05
-2.12441e-06
4.27931e-05
-2.18812e-06
4.32715e-05
-2.24455e-06
4.37441e-05
-2.29536e-06
4.42092e-05
-2.34221e-06
4.46656e-05
-2.38667e-06
4.51125e-05
-2.43036e-06
4.55497e-05
-2.47488e-06
4.59773e-05
-2.52178e-06
4.63959e-05
-2.57258e-06
4.68059e-05
-2.62885e-06
4.72081e-05
-2.69211e-06
4.76034e-05
-2.76377e-06
4.79925e-05
-2.84516e-06
4.83765e-05
-2.93751e-06
4.8756e-05
-3.04198e-06
4.91317e-05
-3.15959e-06
4.95036e-05
-3.29127e-06
4.98721e-05
-3.43765e-06
5.02372e-05
-3.59941e-06
5.05984e-05
-3.77712e-06
5.09551e-05
-3.97133e-06
5.13061e-05
-4.18242e-06
5.16498e-05
-4.41077e-06
5.19839e-05
-4.65659e-06
5.23056e-05
-4.92003e-06
5.26111e-05
-5.20092e-06
5.28959e-05
-5.49886e-06
5.31544e-05
-5.81289e-06
5.33808e-05
-6.14154e-06
5.35688e-05
-6.4826e-06
5.37118e-05
-6.83317e-06
5.38031e-05
-7.18938e-06
5.38369e-05
-7.54653e-06
5.38081e-05
-7.89907e-06
5.37134e-05
-8.24094e-06
5.35513e-05
-8.56556e-06
5.33224e-05
-8.86627e-06
5.30294e-05
-9.13616e-06
5.26775e-05
-9.37005e-06
5.22746e-05
-9.56413e-06
5.18302e-05
-9.71389e-06
5.13547e-05
-9.81625e-06
5.08592e-05
-9.8687e-06
5.03539e-05
-9.86919e-06
4.98473e-05
-9.81602e-06
4.93455e-05
-9.70949e-06
4.88523e-05
-9.55084e-06
4.83697e-05
-9.34309e-06
4.78975e-05
-9.08884e-06
4.74342e-05
-8.79108e-06
4.69768e-05
-8.45222e-06
4.65222e-05
-8.07711e-06
4.60672e-05
-7.67173e-06
4.56104e-05
-7.24344e-06
4.51502e-05
-6.79815e-06
4.46869e-05
-6.34195e-06
4.42204e-05
-5.88065e-06
4.37533e-05
-5.42054e-06
4.32868e-05
-4.96793e-06
4.28251e-05
-4.52748e-06
4.23699e-05
-4.10443e-06
4.19263e-05
-3.70072e-06
4.14951e-05
-3.32098e-06
4.10817e-05
-2.96438e-06
4.06856e-05
-2.63587e-06
4.03115e-05
-2.33131e-06
3.99569e-05
-2.05663e-06
3.96259e-05
-1.80399e-06
3.93145e-05
-1.58227e-06
3.9026e-05
-1.37938e-06
3.87557e-05
-1.20827e-06
3.85057e-05
-1.05139e-06
3.82706e-05
-9.27377e-07
3.80516e-05
-8.12092e-07
3.7843e-05
-7.31661e-07
3.76448e-05
-6.54078e-07
3.74518e-05
-6.14825e-07
-5.74019e-07
5.30022e-05
7.4387e-08
5.29142e-05
-3.73241e-07
5.28896e-05
-7.67493e-07
5.29177e-05
-1.06878e-06
5.2968e-05
-1.30059e-06
5.30215e-05
-1.49214e-06
5.30744e-05
-1.6603e-06
5.31336e-05
-1.80959e-06
5.32041e-05
-1.93914e-06
5.32861e-05
-2.04903e-06
5.33759e-05
-2.14125e-06
5.34702e-05
-2.2187e-06
5.35664e-05
-2.28434e-06
5.36627e-05
-2.3408e-06
5.37576e-05
-2.39029e-06
5.38501e-05
-2.43476e-06
5.39395e-05
-2.47603e-06
5.4025e-05
-2.51589e-06
5.41063e-05
-2.55611e-06
5.41829e-05
-2.59842e-06
5.42548e-05
-2.64449e-06
5.43219e-05
-2.69596e-06
5.43842e-05
-2.75438e-06
5.44416e-05
-2.82122e-06
5.44943e-05
-2.89781e-06
5.45421e-05
-2.98533e-06
5.4585e-05
-3.08486e-06
5.46227e-05
-3.19729e-06
5.46548e-05
-3.3234e-06
5.4681e-05
-3.46383e-06
5.47007e-05
-3.61911e-06
5.47132e-05
-3.7896e-06
5.47175e-05
-3.97566e-06
5.47125e-05
-4.17744e-06
5.46969e-05
-4.39511e-06
5.46688e-05
-4.62855e-06
5.46264e-05
-4.87765e-06
5.45674e-05
-5.1419e-06
5.44892e-05
-5.42065e-06
5.4389e-05
-5.71265e-06
5.42636e-05
-6.01619e-06
5.41103e-05
-6.32927e-06
5.39265e-05
-6.64938e-06
5.37101e-05
-6.97296e-06
5.34596e-05
-7.29605e-06
5.31746e-05
-7.61403e-06
5.28555e-05
-7.92185e-06
5.25039e-05
-8.21403e-06
5.21226e-05
-8.48494e-06
5.17154e-05
-8.7289e-06
5.12861e-05
-8.94082e-06
5.08381e-05
-9.1161e-06
5.03747e-05
-9.25044e-06
4.98983e-05
-9.33992e-06
4.9411e-05
-9.38134e-06
4.89122e-05
-9.37046e-06
4.83997e-05
-9.30344e-06
4.78694e-05
-9.17919e-06
4.73175e-05
-8.99893e-06
4.67395e-05
-8.7651e-06
4.61307e-05
-8.48005e-06
4.5488e-05
-8.14843e-06
4.4811e-05
-7.77523e-06
4.41001e-05
-7.36617e-06
4.33575e-05
-6.92911e-06
4.25871e-05
-6.47306e-06
4.17942e-05
-6.00523e-06
4.09855e-05
-5.53328e-06
4.0169e-05
-5.0641e-06
3.93535e-05
-4.60513e-06
3.8547e-05
-4.16133e-06
3.77574e-05
-3.73788e-06
3.69908e-05
-3.33786e-06
3.62547e-05
-2.9646e-06
3.55528e-05
-2.61916e-06
3.48912e-05
-2.30271e-06
3.42705e-05
-2.01521e-06
3.36953e-05
-1.75614e-06
3.31625e-05
-1.52377e-06
3.2675e-05
-1.31651e-06
3.22271e-05
-1.13439e-06
3.18217e-05
-9.73923e-07
3.14502e-05
-8.36791e-07
3.11157e-05
-7.16926e-07
3.08076e-05
-6.1923e-07
3.05293e-05
-5.33822e-07
3.02685e-05
-4.70835e-07
3.00294e-05
-4.14972e-07
2.97981e-05
-3.83592e-07
-3.52571e-07
5.43327e-05
-2.48132e-07
5.45128e-05
-5.53373e-07
5.46163e-05
-8.70972e-07
5.47034e-05
-1.15582e-06
5.47898e-05
-1.38707e-06
5.48695e-05
-1.57176e-06
5.49349e-05
-1.72571e-06
5.4985e-05
-1.85971e-06
5.50241e-05
-1.97823e-06
5.5057e-05
-2.08192e-06
5.50863e-05
-2.17063e-06
5.51129e-05
-2.24524e-06
5.51362e-05
-2.30765e-06
5.51556e-05
-2.36026e-06
5.51707e-05
-2.40535e-06
5.5181e-05
-2.44509e-06
5.51864e-05
-2.48137e-06
5.51865e-05
-2.51604e-06
5.51813e-05
-2.55084e-06
5.51704e-05
-2.58758e-06
5.51539e-05
-2.62791e-06
5.51314e-05
-2.67355e-06
5.51031e-05
-2.72602e-06
5.50687e-05
-2.78683e-06
5.50282e-05
-2.85729e-06
5.49815e-05
-2.93861e-06
5.49284e-05
-3.03179e-06
5.48688e-05
-3.13772e-06
5.48025e-05
-3.25712e-06
5.47293e-05
-3.39059e-06
5.46488e-05
-3.53861e-06
5.45607e-05
-3.7015e-06
5.44645e-05
-3.87951e-06
5.43598e-05
-4.07271e-06
5.42459e-05
-4.28117e-06
5.4122e-05
-4.50463e-06
5.39871e-05
-4.74285e-06
5.38404e-05
-4.99513e-06
5.36805e-05
-5.26076e-06
5.35061e-05
-5.53828e-06
5.33161e-05
-5.82612e-06
5.31087e-05
-6.1219e-06
5.28823e-05
-6.42299e-06
5.26351e-05
-6.72577e-06
5.23654e-05
-7.0264e-06
5.20715e-05
-7.32008e-06
5.17513e-05
-7.60162e-06
5.14026e-05
-7.86538e-06
5.10233e-05
-8.10567e-06
5.06113e-05
-8.31683e-06
5.01635e-05
-8.49311e-06
4.96766e-05
-8.62917e-06
4.91462e-05
-8.72007e-06
4.85675e-05
-8.76113e-06
4.79343e-05
-8.74822e-06
4.72408e-05
-8.67691e-06
4.64819e-05
-8.5446e-06
4.56553e-05
-8.35259e-06
4.47607e-05
-8.10431e-06
4.37972e-05
-7.80162e-06
4.27636e-05
-7.44638e-06
4.16626e-05
-7.04748e-06
4.05037e-05
-6.61627e-06
3.92982e-05
-6.16075e-06
3.80584e-05
-5.68927e-06
3.67955e-05
-5.21014e-06
3.55214e-05
-4.73121e-06
3.425e-05
-4.26184e-06
3.29971e-05
-3.81115e-06
3.17775e-05
-3.38558e-06
3.0604e-05
-2.98787e-06
2.94869e-05
-2.62073e-06
2.84345e-05
-2.28548e-06
2.74535e-05
-1.98358e-06
2.65482e-05
-1.7139e-06
2.57213e-05
-1.47583e-06
2.49724e-05
-1.26631e-06
2.43002e-05
-1.08394e-06
2.37013e-05
-9.24854e-07
2.31729e-05
-7.88064e-07
2.27083e-05
-6.69832e-07
2.23043e-05
-5.69863e-07
2.19519e-05
-4.84377e-07
2.16484e-05
-4.1346e-07
2.13829e-05
-3.53731e-07
2.11543e-05
-3.05207e-07
2.09496e-05
-2.66168e-07
2.07696e-05
-2.34918e-07
2.06001e-05
-2.14116e-07
-1.96642e-07
5.39241e-05
-5.77446e-07
5.41768e-05
-8.06073e-07
5.43573e-05
-1.05152e-06
5.44897e-05
-1.28827e-06
5.45983e-05
-1.49566e-06
5.46946e-05
-1.66799e-06
5.47793e-05
-1.81045e-06
5.48508e-05
-1.93125e-06
5.49091e-05
-2.03647e-06
5.4956e-05
-2.12884e-06
5.49943e-05
-2.20891e-06
5.50259e-05
-2.27685e-06
5.50517e-05
-2.33347e-06
5.50718e-05
-2.38034e-06
5.50858e-05
-2.41939e-06
5.50935e-05
-2.45274e-06
5.50945e-05
-2.48235e-06
5.50886e-05
-2.51015e-06
5.50757e-05
-2.53793e-06
5.50556e-05
-2.56751e-06
5.50282e-05
-2.60057e-06
5.49936e-05
-2.63888e-06
5.49515e-05
-2.68397e-06
5.49021e-05
-2.73739e-06
5.48452e-05
-2.80042e-06
5.4781e-05
-2.87435e-06
5.47093e-05
-2.96011e-06
5.46301e-05
-3.05858e-06
5.45434e-05
-3.17036e-06
5.44488e-05
-3.29606e-06
5.43462e-05
-3.43598e-06
5.42352e-05
-3.59044e-06
5.41151e-05
-3.75948e-06
5.39856e-05
-3.94313e-06
5.38455e-05
-4.14117e-06
5.36942e-05
-4.35324e-06
5.35301e-05
-4.5788e-06
5.33519e-05
-4.81691e-06
5.31577e-05
-5.06652e-06
5.29453e-05
-5.3259e-06
5.27123e-05
-5.59312e-06
5.24556e-05
-5.86519e-06
5.21715e-05
-6.13889e-06
5.18556e-05
-6.40994e-06
5.15033e-05
-6.67406e-06
5.11087e-05
-6.92548e-06
5.06656e-05
-7.15851e-06
5.01668e-05
-7.36661e-06
4.96053e-05
-7.54417e-06
4.8974e-05
-7.68554e-06
4.82672e-05
-7.78627e-06
4.748e-05
-7.84201e-06
4.66075e-05
-7.84756e-06
4.56438e-05
-7.79739e-06
4.4582e-05
-7.68641e-06
4.34153e-05
-7.51021e-06
4.21423e-05
-7.27161e-06
4.07707e-05
-6.98102e-06
3.93116e-05
-6.64522e-06
3.77726e-05
-6.26258e-06
3.616e-05
-5.83374e-06
3.44818e-05
-5.36928e-06
3.27566e-05
-4.8911e-06
3.10115e-05
-4.41565e-06
2.92698e-05
-3.94755e-06
2.75505e-05
-3.49088e-06
2.5873e-05
-3.05368e-06
2.4258e-05
-2.64685e-06
2.27245e-05
-2.27762e-06
2.12884e-05
-1.94947e-06
1.99636e-05
-1.66311e-06
1.87603e-05
-1.41738e-06
1.76837e-05
-1.20894e-06
1.67343e-05
-1.03418e-06
1.59087e-05
-8.88318e-07
1.51998e-05
-7.66931e-07
1.45984e-05
-6.64924e-07
1.40936e-05
-5.79099e-07
1.36745e-05
-5.05733e-07
1.33298e-05
-4.43377e-07
1.30493e-05
-3.89306e-07
1.28229e-05
-3.43497e-07
1.26418e-05
-3.03335e-07
1.24981e-05
-2.69741e-07
1.2384e-05
-2.3965e-07
1.22936e-05
-2.14787e-07
1.22193e-05
-1.91854e-07
1.21571e-05
-1.72667e-07
1.2099e-05
-1.56005e-07
-1.39264e-07
5.35768e-05
-8.89234e-07
5.38434e-05
-1.07271e-06
5.40563e-05
-1.26438e-06
5.42219e-05
-1.45392e-06
5.43563e-05
-1.63002e-06
5.44722e-05
-1.78394e-06
5.45753e-05
-1.9135e-06
5.46665e-05
-2.02251e-06
5.47458e-05
-2.11571e-06
5.48131e-05
-2.19621e-06
5.48697e-05
-2.26544e-06
5.49167e-05
-2.32389e-06
5.49552e-05
-2.37199e-06
5.49855e-05
-2.41064e-06
5.50074e-05
-2.4413e-06
5.50205e-05
-2.46582e-06
5.50243e-05
-2.48617e-06
5.50185e-05
-2.50436e-06
5.50029e-05
-2.52226e-06
5.49771e-05
-2.54173e-06
5.49411e-05
-2.56454e-06
5.48946e-05
-2.59246e-06
5.48377e-05
-2.62705e-06
5.47702e-05
-2.66988e-06
5.4692e-05
-2.72223e-06
5.46031e-05
-2.78541e-06
5.45032e-05
-2.86027e-06
5.43922e-05
-2.94756e-06
5.42696e-05
-3.04772e-06
5.41348e-05
-3.16124e-06
5.39869e-05
-3.28815e-06
5.38251e-05
-3.42864e-06
5.3648e-05
-3.58239e-06
5.34542e-05
-3.74929e-06
5.32417e-05
-3.92867e-06
5.30085e-05
-4.12e-06
5.27518e-05
-4.32214e-06
5.24688e-05
-4.53391e-06
5.21558e-05
-4.75349e-06
5.18087e-05
-4.97876e-06
5.14226e-05
-5.20705e-06
5.09923e-05
-5.43495e-06
5.05117e-05
-5.65826e-06
4.99741e-05
-5.87227e-06
4.93718e-05
-6.07182e-06
4.86966e-05
-6.25031e-06
4.79395e-05
-6.4014e-06
4.70908e-05
-6.51789e-06
4.61412e-05
-6.59455e-06
4.50812e-05
-6.62558e-06
4.39058e-05
-6.61084e-06
4.26137e-05
-6.54994e-06
4.12061e-05
-6.43991e-06
3.96832e-05
-6.2745e-06
3.80398e-05
-6.04304e-06
3.62719e-05
-5.74228e-06
3.43882e-05
-5.38789e-06
3.24081e-05
-5.00098e-06
3.03557e-05
-4.59277e-06
2.82553e-05
-4.16222e-06
2.61285e-05
-3.70694e-06
2.39979e-05
-3.23871e-06
2.18904e-05
-2.78352e-06
1.98407e-05
-2.36598e-06
1.78872e-05
-1.9941e-06
1.60643e-05
-1.66797e-06
1.43968e-05
-1.38619e-06
1.29092e-05
-1.15922e-06
1.16126e-05
-9.81037e-07
1.05037e-05
-8.4051e-07
9.57059e-06
-7.30035e-07
8.79845e-06
-6.45245e-07
8.16782e-06
-5.78307e-07
7.65702e-06
-5.2337e-07
7.24492e-06
-4.7622e-07
6.91239e-06
-4.34401e-07
6.64375e-06
-3.96287e-07
6.42625e-06
-3.61601e-07
6.25054e-06
-3.30019e-07
6.10913e-06
-3.01966e-07
5.99694e-06
-2.77113e-07
5.90934e-06
-2.55895e-07
5.84332e-06
-2.37318e-07
5.795e-06
-2.21421e-07
5.76176e-06
-2.06413e-07
5.73931e-06
-1.92339e-07
5.72462e-06
-1.77159e-07
5.71314e-06
-1.61185e-07
5.70053e-06
-1.43401e-07
-1.24235e-07
5.34308e-05
-1.19189e-06
5.36979e-05
-1.33986e-06
5.3925e-05
-1.4914e-06
5.41132e-05
-1.64218e-06
5.42696e-05
-1.78637e-06
5.44032e-05
-1.91753e-06
5.45208e-05
-2.03117e-06
5.46252e-05
-2.12688e-06
5.47166e-05
-2.20709e-06
5.47947e-05
-2.2743e-06
5.48594e-05
-2.33018e-06
5.49111e-05
-2.37554e-06
5.49499e-05
-2.41083e-06
5.4976e-05
-2.43669e-06
5.49888e-05
-2.45417e-06
5.49879e-05
-2.46489e-06
5.49725e-05
-2.47075e-06
5.4942e-05
-2.47384e-06
5.48959e-05
-2.47618e-06
5.48339e-05
-2.47977e-06
5.47558e-05
-2.48639e-06
5.46611e-05
-2.49782e-06
5.45497e-05
-2.51561e-06
5.44212e-05
-2.54133e-06
5.42752e-05
-2.57624e-06
5.41113e-05
-2.6215e-06
5.39288e-05
-2.67781e-06
5.3727e-05
-2.74576e-06
5.35048e-05
-2.82549e-06
5.32607e-05
-2.91718e-06
5.2993e-05
-3.02049e-06
5.26997e-05
-3.13528e-06
5.23781e-05
-3.26079e-06
5.20253e-05
-3.39654e-06
5.1638e-05
-3.54134e-06
5.12123e-05
-3.69436e-06
5.0744e-05
-3.85379e-06
5.02282e-05
-4.01816e-06
4.96595e-05
-4.18476e-06
4.90318e-05
-4.35103e-06
4.83378e-05
-4.51302e-06
4.75701e-05
-4.66726e-06
4.67214e-05
-4.80959e-06
4.57845e-05
-4.93542e-06
4.47507e-05
-5.03793e-06
4.36112e-05
-5.11084e-06
4.23573e-05
-5.14747e-06
4.09814e-05
-5.14208e-06
3.9476e-05
-5.08911e-06
3.78351e-05
-4.9847e-06
3.6057e-05
-4.83275e-06
3.41465e-05
-4.6394e-06
3.21148e-05
-4.40818e-06
2.99832e-05
-4.14292e-06
2.77541e-05
-3.814e-06
2.54436e-05
-3.43177e-06
2.30785e-05
-3.02273e-06
2.06931e-05
-2.61559e-06
1.83222e-05
-2.2219e-06
1.60084e-05
-1.84843e-06
1.38238e-05
-1.52233e-06
1.18157e-05
-1.23062e-06
1.00184e-05
-9.86233e-07
8.45733e-06
-8.04885e-07
7.15667e-06
-6.93438e-07
6.10431e-06
-6.15604e-07
5.27875e-06
-5.60631e-07
4.62702e-06
-5.07491e-07
4.09616e-06
-4.50177e-07
3.65146e-06
-3.95804e-07
3.27362e-06
-3.52198e-07
2.94875e-06
-3.2038e-07
2.67e-06
-2.9955e-07
2.43319e-06
-2.86563e-07
2.23286e-06
-2.75886e-07
2.06361e-06
-2.65157e-07
1.92084e-06
-2.5352e-07
1.80098e-06
-2.4174e-07
1.70061e-06
-2.29645e-07
1.61712e-06
-2.18475e-07
1.54906e-06
-2.09058e-07
1.49495e-06
-2.0178e-07
1.45352e-06
-1.9589e-07
1.42258e-06
-1.90481e-07
1.40006e-06
-1.83891e-07
1.383e-06
-1.75281e-07
1.36916e-06
-1.63318e-07
1.3555e-06
-1.47532e-07
1.34025e-06
-1.28144e-07
-1.10394e-07
5.34566e-05
-1.48265e-06
5.37137e-05
-1.59698e-06
5.39352e-05
-1.7129e-06
5.41221e-05
-1.82901e-06
5.42771e-05
-1.94137e-06
5.44041e-05
-2.04456e-06
5.45075e-05
-2.13456e-06
5.45902e-05
-2.20959e-06
5.4653e-05
-2.26993e-06
5.46956e-05
-2.31689e-06
5.47172e-05
-2.35175e-06
5.47171e-05
-2.37541e-06
5.46947e-05
-2.3885e-06
5.46497e-05
-2.39166e-06
5.45814e-05
-2.3859e-06
5.44893e-05
-2.37274e-06
5.43725e-05
-2.354e-06
5.42305e-05
-2.33182e-06
5.40628e-05
-2.30852e-06
5.38695e-05
-2.28639e-06
5.36502e-05
-2.26716e-06
5.34048e-05
-2.25238e-06
5.31328e-05
-2.24357e-06
5.28336e-05
-2.24218e-06
5.25067e-05
-2.24931e-06
5.2151e-05
-2.26587e-06
5.17655e-05
-2.29226e-06
5.13485e-05
-2.32875e-06
5.08981e-05
-2.37507e-06
5.04118e-05
-2.43096e-06
4.9887e-05
-2.49561e-06
4.93201e-05
-2.56838e-06
4.87073e-05
-2.64803e-06
4.80444e-05
-2.73363e-06
4.73266e-05
-2.8235e-06
4.65486e-05
-2.91644e-06
4.57051e-05
-3.01025e-06
4.47903e-05
-3.10335e-06
4.37982e-05
-3.1927e-06
4.2723e-05
-3.27578e-06
4.15571e-05
-3.34711e-06
4.02906e-05
-3.4008e-06
3.89206e-05
-3.43957e-06
3.74421e-05
-3.45694e-06
3.58494e-05
-3.44527e-06
3.41373e-05
-3.39868e-06
3.23048e-05
-3.31498e-06
3.03528e-05
-3.1901e-06
2.8283e-05
-3.01929e-06
2.61095e-05
-2.81119e-06
2.3847e-05
-2.57029e-06
2.15035e-05
-2.29585e-06
1.91152e-05
-2.01995e-06
1.67139e-05
-1.74154e-06
1.43568e-05
-1.4569e-06
1.21007e-05
-1.17568e-06
9.99838e-06
-9.20443e-07
8.10406e-06
-7.21273e-07
6.48914e-06
-6.06975e-07
5.20042e-06
-5.59716e-07
4.19374e-06
-5.1564e-07
3.40826e-06
-4.45139e-07
2.77649e-06
-3.54461e-07
2.24711e-06
-2.75513e-07
1.78342e-06
-2.29748e-07
1.3847e-06
-2.16881e-07
1.04246e-06
-2.18388e-07
7.47388e-07
-2.12421e-07
4.92935e-07
-1.95724e-07
2.72604e-07
-1.75473e-07
7.99519e-08
-1.59546e-07
-8.87695e-08
-1.51659e-07
-2.38001e-07
-1.50319e-07
-3.72487e-07
-1.52077e-07
-4.93992e-07
-1.54381e-07
-6.03878e-07
-1.55272e-07
-7.0324e-07
-1.54157e-07
-7.93316e-07
-1.51664e-07
-8.74232e-07
-1.48728e-07
-9.46285e-07
-1.46422e-07
-1.00993e-06
-1.45413e-07
-1.06603e-06
-1.45675e-07
-1.11568e-06
-1.46247e-07
-1.16036e-06
-1.45796e-07
-1.20131e-06
-1.42947e-07
-1.23956e-06
-1.37032e-07
-1.27537e-06
-1.27502e-07
-1.30866e-06
-1.14243e-07
-1.33813e-06
-9.86712e-08
-8.71142e-08
5.3393e-05
-1.69399e-06
5.35598e-05
-1.76375e-06
5.36815e-05
-1.83459e-06
5.37579e-05
-1.90542e-06
5.37903e-05
-1.97377e-06
5.37791e-05
-2.03337e-06
5.37262e-05
-2.08165e-06
5.36338e-05
-2.1172e-06
5.35039e-05
-2.13996e-06
5.33371e-05
-2.15011e-06
5.31336e-05
-2.14825e-06
5.28933e-05
-2.13516e-06
5.26165e-05
-2.11169e-06
5.23036e-05
-2.07871e-06
5.1955e-05
-2.03731e-06
5.15714e-05
-1.98918e-06
5.11535e-05
-1.93608e-06
5.07017e-05
-1.88002e-06
5.02165e-05
-1.8233e-06
4.96988e-05
-1.76875e-06
4.91493e-05
-1.71767e-06
4.85682e-05
-1.67126e-06
4.79555e-05
-1.63081e-06
4.73106e-05
-1.59736e-06
4.6633e-05
-1.57164e-06
4.59212e-05
-1.55409e-06
4.51736e-05
-1.54471e-06
4.43881e-05
-1.54325e-06
4.35621e-05
-1.54905e-06
4.26925e-05
-1.56132e-06
4.17758e-05
-1.57891e-06
4.08081e-05
-1.60071e-06
3.97853e-05
-1.62525e-06
3.87029e-05
-1.65121e-06
3.75563e-05
-1.67689e-06
3.63407e-05
-1.70089e-06
3.50518e-05
-1.72128e-06
3.36851e-05
-1.73673e-06
3.22375e-05
-1.74502e-06
3.07065e-05
-1.74484e-06
2.90918e-05
-1.73237e-06
2.739e-05
-1.69898e-06
2.56042e-05
-1.65385e-06
2.37386e-05
-1.59132e-06
2.18002e-05
-1.50689e-06
1.97995e-05
-1.39792e-06
1.77473e-05
-1.26285e-06
1.56636e-05
-1.10635e-06
1.35794e-05
-9.35126e-07
1.15311e-05
-7.62852e-07
9.56929e-06
-6.08502e-07
7.77128e-06
-4.97842e-07
6.19658e-06
-4.45243e-07
4.89115e-06
-4.3611e-07
3.83658e-06
-4.02327e-07
2.98758e-06
-3.26684e-07
2.29181e-06
-2.2467e-07
1.71111e-06
-1.40567e-07
1.21339e-06
-1.0926e-07
7.80184e-07
-1.2651e-07
4.13876e-07
-1.49332e-07
1.07096e-07
-1.38358e-07
-1.49121e-07
-9.82436e-08
-3.65425e-07
-5.92086e-08
-5.52464e-07
-4.27094e-08
-7.21359e-07
-4.7985e-08
-8.7966e-07
-6.0088e-08
-1.02402e-06
-6.80618e-08
-1.15124e-06
-6.84984e-08
-1.26194e-06
-6.47759e-08
-1.36014e-06
-6.13445e-08
-1.45118e-06
-6.06239e-08
-1.53838e-06
-6.31166e-08
-1.62317e-06
-6.7288e-08
-1.70605e-06
-7.15e-08
-1.78673e-06
-7.45907e-08
-1.86462e-06
-7.62642e-08
-1.93934e-06
-7.69435e-08
-2.01073e-06
-7.73441e-08
-2.07892e-06
-7.82275e-08
-2.14436e-06
-7.99797e-08
-2.20764e-06
-8.23962e-08
-2.26922e-06
-8.46608e-08
-2.32925e-06
-8.57653e-08
-2.3873e-06
-8.49033e-08
-2.44248e-06
-8.18462e-08
-2.49328e-06
-7.67009e-08
-2.53766e-06
-6.98632e-08
-2.57404e-06
-6.22915e-08
-5.67915e-08
5.10545e-05
-1.46395e-06
5.07579e-05
-1.46716e-06
5.03954e-05
-1.47213e-06
4.99671e-05
-1.47711e-06
4.94733e-05
-1.47993e-06
4.8918e-05
-1.47807e-06
4.83052e-05
-1.46885e-06
4.76387e-05
-1.45074e-06
4.69246e-05
-1.42581e-06
4.61673e-05
-1.39285e-06
4.53711e-05
-1.35201e-06
4.45398e-05
-1.30391e-06
4.36774e-05
-1.24931e-06
4.27878e-05
-1.18912e-06
4.18749e-05
-1.12437e-06
4.09421e-05
-1.05634e-06
3.99925e-05
-9.86485e-07
3.90289e-05
-9.1646e-07
3.80536e-05
-8.47997e-07
3.70676e-05
-7.82726e-07
3.60718e-05
-7.21919e-07
3.50671e-05
-6.66485e-07
3.40533e-05
-6.17089e-07
3.30301e-05
-5.74151e-07
3.19963e-05
-5.37823e-07
3.09502e-05
-5.07958e-07
2.98896e-05
-4.84123e-07
2.8812e-05
-4.65628e-07
2.77145e-05
-4.51592e-07
2.65942e-05
-4.40992e-07
2.5448e-05
-4.32731e-07
2.4273e-05
-4.25676e-07
2.30664e-05
-4.18704e-07
2.1826e-05
-4.10761e-07
2.055e-05
-4.00886e-07
1.92374e-05
-3.88345e-07
1.78888e-05
-3.72622e-07
1.65058e-05
-3.53721e-07
1.50928e-05
-3.32028e-07
1.36569e-05
-3.08949e-07
1.22108e-05
-2.86231e-07
1.07791e-05
-2.67272e-07
9.38014e-06
-2.5494e-07
8.03846e-06
-2.49639e-07
6.78121e-06
-2.49635e-07
5.63383e-06
-2.5054e-07
4.61664e-06
-2.45657e-07
3.72538e-06
-2.15084e-07
2.95352e-06
-1.63271e-07
2.28794e-06
-9.72711e-08
1.71608e-06
-3.66425e-08
1.22238e-06
-4.13636e-09
7.90647e-07
-1.35123e-08
4.02575e-07
-4.80375e-08
7.22513e-08
-7.20036e-08
-1.93526e-07
-6.09065e-08
-3.95361e-07
-2.28353e-08
-5.5009e-07
1.41622e-08
-6.83015e-07
2.36647e-08
-8.16303e-07
6.77797e-09
-9.5326e-07
-1.2374e-08
-1.07369e-06
-1.79252e-08
-1.16244e-06
-9.49912e-09
-1.22279e-06
1.14444e-09
-1.26971e-06
4.20459e-09
-1.3181e-06
4.13129e-10
-1.37183e-06
-6.35692e-09
-1.42861e-06
-1.12867e-08
-1.48406e-06
-1.30492e-08
-1.53598e-06
-1.28535e-08
-1.58483e-06
-1.24945e-08
-1.63241e-06
-1.30471e-08
-1.68085e-06
-1.46746e-08
-1.73126e-06
-1.68743e-08
-1.78369e-06
-1.90757e-08
-1.83744e-06
-2.08401e-08
-1.89169e-06
-2.20139e-08
-1.9459e-06
-2.27297e-08
-1.99997e-06
-2.32725e-08
-2.05423e-06
-2.39697e-08
-2.1092e-06
-2.50153e-08
-2.16523e-06
-2.63637e-08
-2.22218e-06
-2.77141e-08
-2.27928e-06
-2.8665e-08
-2.33529e-06
-2.88924e-08
-2.3888e-06
-2.83367e-08
-2.43824e-06
-2.72588e-08
-2.4819e-06
-2.62031e-08
-2.51873e-06
-2.54623e-08
-2.48552e-08
3.49817e-05
3.35145e-05
3.20424e-05
3.05653e-05
2.90854e-05
2.76073e-05
2.61384e-05
2.46877e-05
2.32619e-05
2.18691e-05
2.0517e-05
1.92131e-05
1.79638e-05
1.67747e-05
1.56503e-05
1.4594e-05
1.36075e-05
1.2691e-05
1.1843e-05
1.10603e-05
1.03384e-05
9.67192e-06
9.05483e-06
8.48068e-06
7.94286e-06
7.4349e-06
6.95077e-06
6.48515e-06
6.03355e-06
5.59256e-06
5.15983e-06
4.73415e-06
4.31545e-06
3.90469e-06
3.5038e-06
3.11546e-06
2.74284e-06
2.38912e-06
2.05709e-06
1.74814e-06
1.46191e-06
1.19464e-06
9.39696e-07
6.90057e-07
4.40422e-07
1.89882e-07
-5.57758e-08
-2.7086e-07
-4.34131e-07
-5.31402e-07
-5.68044e-07
-5.72181e-07
-5.85693e-07
-6.33731e-07
-7.05734e-07
-7.66641e-07
-7.89476e-07
-7.75314e-07
-7.51649e-07
-7.44871e-07
-7.57245e-07
-7.75171e-07
-7.8467e-07
-7.83525e-07
-7.79321e-07
-7.78908e-07
-7.85264e-07
-7.96551e-07
-8.096e-07
-8.22454e-07
-8.34948e-07
-8.47995e-07
-8.6267e-07
-8.79544e-07
-8.9862e-07
-9.1946e-07
-9.41474e-07
-9.64204e-07
-9.87476e-07
-1.01145e-06
-1.03646e-06
-1.06282e-06
-1.09054e-06
-1.1192e-06
-1.1481e-06
-1.17643e-06
-1.20369e-06
-1.2299e-06
-1.25536e-06
)
;

boundaryField
{
    fixedWalls
    {
        type            calculated;
        value           uniform 0;
    }
    inflowWall
    {
        type            calculated;
        value           nonuniform List<scalar> 10(-5e-05 -5e-05 -5e-05 -5e-05 -5e-05 -5e-05 -5e-05 -5e-05 -5e-05 -5e-05);
    }
    outflowWall
    {
        type            calculated;
        value           nonuniform List<scalar> 
20
(
1.13814e-05
2.59246e-05
3.5339e-05
4.23869e-05
4.74626e-05
5.02186e-05
5.05903e-05
4.90807e-05
4.63979e-05
4.26792e-05
3.7261e-05
2.95767e-05
2.04442e-05
1.20416e-05
5.6855e-06
1.3264e-06
-1.36141e-06
-2.60436e-06
-2.55066e-06
-1.28021e-06
)
;
    }
    frontAndBack
    {
        type            empty;
        value           nonuniform List<scalar> 0();
    }
}


// ************************************************************************* //
