/*--------------------------------*- C++ -*----------------------------------*\
| =========                 |                                                 |
| \\      /  F ield         | OpenFOAM: The Open Source CFD Toolbox           |
|  \\    /   O peration     | Version:  2306                                  |
|   \\  /    A nd           | Website:  www.openfoam.com                      |
|    \\/     M anipulation  |                                                 |
\*---------------------------------------------------------------------------*/
FoamFile
{
    version     2.0;
    format      ascii;
    arch        "LSB;label=32;scalar=64";
    class       volVectorField;
    location    "3.04";
    object      U;
}
// * * * * * * * * * * * * * * * * * * * * * * * * * * * * * * * * * * * * * //

dimensions      [0 1 -1 0 0 0 0];

internalField   nonuniform List<vector> 
1900
(
(0.984293 0.00727917 0)
(0.961747 0.0216959 0)
(0.952374 0.0181526 0)
(0.918715 0.0253105 0)
(0.903514 0.0153997 0)
(0.863144 0.0257499 0)
(0.85247 0.0115284 0)
(0.812176 0.0267096 0)
(0.81007 0.00443242 0)
(0.770979 0.0258865 0)
(1.00257 0.0115551 0)
(1.00445 0.0258523 0)
(1.01946 0.028941 0)
(1.02199 0.030423 0)
(1.03494 0.0279531 0)
(1.03404 0.0283477 0)
(1.04419 0.0256794 0)
(1.04296 0.0249418 0)
(1.05145 0.0204442 0)
(1.0526 0.0158762 0)
(1.00048 0.00387887 0)
(1.00419 0.0111395 0)
(1.01256 0.0139656 0)
(1.02115 0.0157408 0)
(1.03157 0.0146393 0)
(1.04059 0.0143209 0)
(1.05005 0.0122312 0)
(1.05849 0.0107324 0)
(1.06699 0.00702839 0)
(1.07486 0.00277314 0)
(1.00007 0.00207037 0)
(1.00313 0.00582278 0)
(1.00889 0.00801848 0)
(1.0165 0.0089785 0)
(1.02529 0.0084731 0)
(1.03434 0.00733978 0)
(1.04328 0.00551692 0)
(1.05185 0.00329965 0)
(1.06003 0.000404278 0)
(1.06771 -0.00320232 0)
(1.00003 0.000417507 0)
(1.00261 0.00114989 0)
(1.00738 0.00139531 0)
(1.01402 0.0010923 0)
(1.02192 0.000166358 0)
(1.03036 -0.00123374 0)
(1.03879 -0.00307224 0)
(1.04692 -0.00533166 0)
(1.05458 -0.0080589 0)
(1.06171 -0.0113228 0)
(1.00003 -0.00106736 0)
(1.00255 -0.00304816 0)
(1.00719 -0.00478658 0)
(1.01365 -0.00624532 0)
(1.02132 -0.00757058 0)
(1.02947 -0.00896571 0)
(1.03756 -0.0106177 0)
(1.04528 -0.0126405 0)
(1.05253 -0.0150753 0)
(1.05927 -0.0178935 0)
(1.00003 -0.00271645 0)
(1.00303 -0.00745034 0)
(1.00835 -0.0110907 0)
(1.01544 -0.0135442 0)
(1.02344 -0.0151898 0)
(1.03159 -0.0165783 0)
(1.03944 -0.0181165 0)
(1.04681 -0.0199836 0)
(1.0537 -0.0221741 0)
(1.06015 -0.0245991 0)
(1.00004 -0.00477394 0)
(1.00441 -0.0122477 0)
(1.01136 -0.0169424 0)
(1.01978 -0.0193863 0)
(1.02836 -0.020729 0)
(1.03634 -0.0219205 0)
(1.04352 -0.0234101 0)
(1.04996 -0.0252263 0)
(1.05579 -0.0272287 0)
(1.06104 -0.0292855 0)
(1.00006 -0.0121216 0)
(1.00721 -0.0259609 0)
(1.01557 -0.0314452 0)
(1.02285 -0.0326023 0)
(1.02789 -0.0326962 0)
(1.03066 -0.0330844 0)
(1.03163 -0.0338792 0)
(1.03128 -0.0348191 0)
(1.02981 -0.0356886 0)
(1.02723 -0.03643 0)
(0.980776 -0.00916437 0)
(0.964581 -0.0188243 0)
(0.945444 -0.0220512 0)
(0.920762 -0.0221936 0)
(0.891951 -0.0217511 0)
(0.861608 -0.0215946 0)
(0.831327 -0.0216327 0)
(0.801586 -0.0216306 0)
(0.77231 -0.0214644 0)
(0.743254 -0.0211502 0)
(0.00019005 -8.47266e-05 0)
(0.000282049 3.56073e-06 0)
(-2.77798e-05 4.94708e-05 0)
(-0.000537537 7.10812e-05 0)
(-0.00118575 7.93835e-05 0)
(-0.00192936 8.8801e-05 0)
(-0.00275961 0.000104691 0)
(-0.0036804 0.000124914 0)
(-0.00469213 0.000146225 0)
(-0.00578977 0.000166676 0)
(-0.00696586 0.000185707 0)
(-0.0082128 0.000203393 0)
(-0.00952365 0.000219846 0)
(-0.0108921 0.000235035 0)
(-0.0123123 0.000248866 0)
(-0.0137792 0.000261272 0)
(-0.0152884 0.000272268 0)
(-0.0168364 0.000281969 0)
(-0.018421 0.000290518 0)
(-0.020041 0.000297981 0)
(-0.021696 0.000304307 0)
(-0.0233869 0.000309192 0)
(-0.0251149 0.000311928 0)
(-0.0268815 0.000311243 0)
(-0.028688 0.000305133 0)
(-0.0305352 0.000290672 0)
(-0.0324231 0.000263874 0)
(-0.0343519 0.000219835 0)
(-0.036323 0.00015351 0)
(-0.0383435 6.14497e-05 0)
(-0.0404322 -5.53507e-05 0)
(-0.04263 -0.000187739 0)
(-0.0450101 -0.000313974 0)
(-0.0476901 -0.000395969 0)
(-0.0508422 -0.000377723 0)
(-0.054699 -0.000186483 0)
(-0.0595477 0.000258988 0)
(-0.0657061 0.00102953 0)
(-0.0734774 0.00215517 0)
(-0.0830856 0.00359417 0)
(-0.0946036 0.00522255 0)
(-0.107892 0.00685189 0)
(-0.122573 0.00827314 0)
(-0.138066 0.00930858 0)
(-0.153668 0.00983893 0)
(-0.168652 0.00982047 0)
(-0.182338 0.00931575 0)
(-0.194111 0.00848068 0)
(-0.203413 0.0073991 0)
(-0.209906 0.00615487 0)
(-0.213343 0.0047672 0)
(-0.213617 0.00322717 0)
(-0.210733 0.00155329 0)
(-0.204762 -0.000133238 0)
(-0.195768 -0.00178238 0)
(-0.183933 -0.00334307 0)
(-0.169549 -0.00474746 0)
(-0.152875 -0.00600659 0)
(-0.134215 -0.00707608 0)
(-0.113912 -0.00793803 0)
(-0.0923173 -0.00858702 0)
(-0.0697939 -0.00900834 0)
(-0.0467375 -0.00920928 0)
(-0.0234636 -0.00923007 0)
(-0.000329807 -0.00908481 0)
(0.0224428 -0.00877915 0)
(0.044495 -0.00832697 0)
(0.0657257 -0.00775711 0)
(0.0857872 -0.00711102 0)
(0.104679 -0.00642105 0)
(0.1221 -0.00569721 0)
(0.138169 -0.00496281 0)
(0.152619 -0.00422376 0)
(0.165681 -0.00350668 0)
(0.177099 -0.00281115 0)
(0.187213 -0.00216451 0)
(0.195749 -0.00155767 0)
(0.203158 -0.00101942 0)
(0.209116 -0.000530708 0)
(0.214196 -0.000124182 0)
(0.217978 0.0002324 0)
(0.221184 0.000496407 0)
(0.223248 0.000720908 0)
(0.225076 0.000843567 0)
(0.225898 0.000946047 0)
(0.226849 0.000938986 0)
(0.226896 0.000947693 0)
(0.227438 0.000807873 0)
(0.227186 0.000780265 0)
(0.22767 0.000496584 0)
(3.48415e-05 -0.000459952 0)
(-0.000585843 0.000212966 0)
(-0.00209257 0.000765743 0)
(-0.00399543 0.00113514 0)
(-0.00624207 0.00136931 0)
(-0.00875653 0.00154905 0)
(-0.0115096 0.00172143 0)
(-0.0144889 0.00189315 0)
(-0.0176771 0.00205757 0)
(-0.0210525 0.00220925 0)
(-0.0245925 0.00234667 0)
(-0.0282758 0.00247038 0)
(-0.0320838 0.0025815 0)
(-0.0360005 0.00268121 0)
(-0.0400124 0.0027708 0)
(-0.0441088 0.00285181 0)
(-0.0482824 0.00292602 0)
(-0.0525291 0.00299549 0)
(-0.0568485 0.00306236 0)
(-0.061244 0.00312869 0)
(-0.0657224 0.00319669 0)
(-0.0702946 0.00326834 0)
(-0.0749752 0.00334529 0)
(-0.0797831 0.00342894 0)
(-0.0847424 0.00352077 0)
(-0.0898828 0.00362283 0)
(-0.0952416 0.00373852 0)
(-0.100864 0.00387423 0)
(-0.106806 0.00404206 0)
(-0.113135 0.00426319 0)
(-0.11993 0.00457085 0)
(-0.127284 0.00501089 0)
(-0.135297 0.00564255 0)
(-0.144066 0.00653364 0)
(-0.153668 0.00775007 0)
(-0.164143 0.00933959 0)
(-0.175465 0.0113077 0)
(-0.187526 0.0135925 0)
(-0.200125 0.0160482 0)
(-0.212964 0.0184529 0)
(-0.225662 0.0205482 0)
(-0.237777 0.0220664 0)
(-0.248828 0.0227799 0)
(-0.258338 0.0225485 0)
(-0.265861 0.0213208 0)
(-0.270973 0.0191406 0)
(-0.273306 0.0161414 0)
(-0.272639 0.01249 0)
(-0.268798 0.00827989 0)
(-0.261838 0.00368958 0)
(-0.251693 -0.00113989 0)
(-0.238512 -0.00602702 0)
(-0.222229 -0.0108743 0)
(-0.203054 -0.0155419 0)
(-0.181107 -0.0199588 0)
(-0.156622 -0.0240121 0)
(-0.129961 -0.027482 0)
(-0.101373 -0.0305477 0)
(-0.0711854 -0.0330955 0)
(-0.039757 -0.0351274 0)
(-0.00743625 -0.0366212 0)
(0.0255474 -0.0375576 0)
(0.0586926 -0.0379885 0)
(0.0917749 -0.0379161 0)
(0.124298 -0.0374009 0)
(0.156344 -0.036466 0)
(0.18725 -0.035168 0)
(0.217305 -0.0335497 0)
(0.245728 -0.0316773 0)
(0.273057 -0.0296158 0)
(0.298437 -0.027415 0)
(0.322644 -0.0251369 0)
(0.344686 -0.0228111 0)
(0.365606 -0.0205014 0)
(0.384227 -0.0182165 0)
(0.401908 -0.0160235 0)
(0.417205 -0.0139064 0)
(0.431862 -0.0119395 0)
(0.444055 -0.0100787 0)
(0.456026 -0.00841174 0)
(0.46541 -0.00686255 0)
(0.475128 -0.00553951 0)
(0.482038 -0.00432949 0)
(0.490006 -0.00337221 0)
(0.49478 -0.00250523 0)
(0.501562 -0.00191825 0)
(0.504518 -0.00137964 0)
(0.510736 -0.00114743 0)
(0.512119 -0.000904939 0)
(0.518452 -0.000999708 0)
(-0.000146494 0.00050998 0)
(-0.00188317 0.00236982 0)
(-0.00528228 0.00353786 0)
(-0.00913983 0.00428008 0)
(-0.0134141 0.00482404 0)
(-0.0179986 0.00530531 0)
(-0.0228601 0.00576806 0)
(-0.0279788 0.00621144 0)
(-0.0333146 0.00661976 0)
(-0.0388246 0.00698413 0)
(-0.0444698 0.00730367 0)
(-0.0502163 0.00758129 0)
(-0.0560352 0.00782177 0)
(-0.0619036 0.00803049 0)
(-0.0678035 0.00821325 0)
(-0.0737223 0.00837622 0)
(-0.0796523 0.00852598 0)
(-0.0855899 0.0086697 0)
(-0.0915361 0.00881534 0)
(-0.0974944 0.00897099 0)
(-0.103471 0.00914401 0)
(-0.109476 0.00934144 0)
(-0.115518 0.00957007 0)
(-0.121609 0.00983682 0)
(-0.127759 0.0101493 0)
(-0.133977 0.0105164 0)
(-0.140274 0.0109484 0)
(-0.146652 0.0114579 0)
(-0.153115 0.0120601 0)
(-0.159655 0.0127728 0)
(-0.166264 0.013617 0)
(-0.17292 0.0146179 0)
(-0.179585 0.0158014 0)
(-0.186203 0.0171874 0)
(-0.192682 0.0187789 0)
(-0.1989 0.0205516 0)
(-0.204692 0.0224389 0)
(-0.209857 0.0243218 0)
(-0.214154 0.0260274 0)
(-0.217302 0.0273385 0)
(-0.219028 0.0280105 0)
(-0.219074 0.027806 0)
(-0.217201 0.02652 0)
(-0.213233 0.0240628 0)
(-0.20704 0.0204416 0)
(-0.198501 0.0157407 0)
(-0.187569 0.0100719 0)
(-0.174373 0.00358752 0)
(-0.158757 -0.00354786 0)
(-0.140972 -0.0111466 0)
(-0.120776 -0.0189583 0)
(-0.0984232 -0.0267314 0)
(-0.0739464 -0.0342625 0)
(-0.0476244 -0.0414087 0)
(-0.01953 -0.048109 0)
(0.0101656 -0.0541099 0)
(0.0414736 -0.0593886 0)
(0.0737737 -0.063854 0)
(0.106907 -0.0674993 0)
(0.14061 -0.0702822 0)
(0.174544 -0.0722261 0)
(0.208574 -0.0732609 0)
(0.242215 -0.0735344 0)
(0.27556 -0.0730175 0)
(0.307873 -0.0718168 0)
(0.339578 -0.0699479 0)
(0.36973 -0.0675408 0)
(0.399089 -0.0646374 0)
(0.426469 -0.0613671 0)
(0.453014 -0.0577758 0)
(0.477269 -0.0539897 0)
(0.500797 -0.0500533 0)
(0.521794 -0.0460769 0)
(0.542309 -0.0420916 0)
(0.560085 -0.0381895 0)
(0.577754 -0.0343854 0)
(0.592469 -0.0307562 0)
(0.607583 -0.0272985 0)
(0.619467 -0.0240796 0)
(0.632401 -0.0210768 0)
(0.641716 -0.0183549 0)
(0.652901 -0.0158709 0)
(0.659914 -0.0136947 0)
(0.669821 -0.0117604 0)
(0.674777 -0.0101516 0)
(0.683916 -0.00877329 0)
(0.687031 -0.00773284 0)
(0.695946 -0.00689827 0)
(0.697389 -0.00640561 0)
(0.706664 -0.00607632 0)
(-0.000877785 0.00121148 0)
(-0.00460875 0.005026 0)
(-0.010333 0.00744319 0)
(-0.016229 0.00902755 0)
(-0.022468 0.0101641 0)
(-0.0290015 0.0110641 0)
(-0.0357542 0.0118263 0)
(-0.0426383 0.0124855 0)
(-0.0495698 0.0130411 0)
(-0.056481 0.0134958 0)
(-0.0633211 0.0138604 0)
(-0.0700498 0.0141482 0)
(-0.0766351 0.0143714 0)
(-0.0830541 0.0145419 0)
(-0.0892909 0.0146713 0)
(-0.0953342 0.0147709 0)
(-0.101177 0.0148513 0)
(-0.106813 0.014923 0)
(-0.11224 0.0149965 0)
(-0.117456 0.0150814 0)
(-0.12246 0.0151851 0)
(-0.127247 0.0153138 0)
(-0.131811 0.0154716 0)
(-0.136144 0.0156616 0)
(-0.140229 0.0158863 0)
(-0.144049 0.0161488 0)
(-0.147579 0.016452 0)
(-0.150789 0.0168001 0)
(-0.153641 0.0171991 0)
(-0.156091 0.0176572 0)
(-0.158081 0.0181842 0)
(-0.159538 0.0187934 0)
(-0.160383 0.019498 0)
(-0.160521 0.020307 0)
(-0.159837 0.0212021 0)
(-0.1582 0.0221337 0)
(-0.155458 0.0230086 0)
(-0.151443 0.0236875 0)
(-0.145977 0.0239935 0)
(-0.138898 0.0237284 0)
(-0.130107 0.0226878 0)
(-0.119545 0.0206852 0)
(-0.107137 0.0174777 0)
(-0.092879 0.0130487 0)
(-0.0768507 0.00741005 0)
(-0.0590996 0.000682171 0)
(-0.0396256 -0.00701163 0)
(-0.0186408 -0.0155075 0)
(0.00411871 -0.0245677 0)
(0.0283219 -0.0338692 0)
(0.0540886 -0.0432261 0)
(0.0812405 -0.0524756 0)
(0.109877 -0.0614803 0)
(0.13967 -0.0700025 0)
(0.170802 -0.0780342 0)
(0.202698 -0.0851162 0)
(0.235504 -0.091353 0)
(0.268845 -0.0965856 0)
(0.302541 -0.100799 0)
(0.336288 -0.103856 0)
(0.369797 -0.105814 0)
(0.402944 -0.106606 0)
(0.435274 -0.106367 0)
(0.466915 -0.105079 0)
(0.497214 -0.102915 0)
(0.526621 -0.0998818 0)
(0.554256 -0.0961877 0)
(0.580944 -0.0918544 0)
(0.60552 -0.0871031 0)
(0.629242 -0.0819489 0)
(0.650595 -0.076614 0)
(0.671326 -0.0710919 0)
(0.68948 -0.0655953 0)
(0.707365 -0.0600844 0)
(0.722475 -0.0547611 0)
(0.737781 -0.0495484 0)
(0.750084 -0.0446425 0)
(0.763155 -0.0399279 0)
(0.772928 -0.0356023 0)
(0.784153 -0.0315119 0)
(0.791683 -0.0278647 0)
(0.801474 -0.0244688 0)
(0.807035 -0.0215504 0)
(0.815813 -0.0188797 0)
(0.819655 -0.0167081 0)
(0.82785 -0.0147675 0)
(0.830192 -0.0133395 0)
(0.838242 -0.0121187 0)
(0.839276 -0.0114167 0)
(0.847631 -0.010897 0)
(-0.00119828 0.00678988 0)
(-0.00659421 0.0135016 0)
(-0.0150146 0.01608 0)
(-0.023369 0.0171991 0)
(-0.0318077 0.0179763 0)
(-0.040081 0.0187253 0)
(-0.0480511 0.019425 0)
(-0.0556681 0.0199886 0)
(-0.0628936 0.0203788 0)
(-0.0696872 0.0206129 0)
(-0.0760223 0.0207171 0)
(-0.0818852 0.0207166 0)
(-0.0872714 0.0206326 0)
(-0.0921823 0.0204842 0)
(-0.0966233 0.0202879 0)
(-0.100602 0.0200584 0)
(-0.104125 0.0198081 0)
(-0.107201 0.0195476 0)
(-0.109833 0.0192865 0)
(-0.112026 0.0190326 0)
(-0.113781 0.0187911 0)
(-0.115095 0.0185648 0)
(-0.115961 0.0183539 0)
(-0.116367 0.0181559 0)
(-0.116294 0.0179674 0)
(-0.11572 0.0177856 0)
(-0.114614 0.0176065 0)
(-0.112939 0.0174245 0)
(-0.110653 0.0172363 0)
(-0.107701 0.0170417 0)
(-0.10402 0.0168426 0)
(-0.0995288 0.0166388 0)
(-0.094129 0.0164294 0)
(-0.0877393 0.0162317 0)
(-0.080242 0.0160096 0)
(-0.0715269 0.0157064 0)
(-0.0614751 0.0152345 0)
(-0.0499725 0.0144727 0)
(-0.036901 0.0132609 0)
(-0.0221567 0.0114022 0)
(-0.00571953 0.00869613 0)
(0.0122611 0.00496405 0)
(0.0317537 0.00012522 0)
(0.0527761 -0.00585111 0)
(0.0751875 -0.0129626 0)
(0.0988932 -0.0211357 0)
(0.123965 -0.0302337 0)
(0.150148 -0.039994 0)
(0.177594 -0.0502874 0)
(0.206053 -0.0608512 0)
(0.235642 -0.0714972 0)
(0.2661 -0.0819848 0)
(0.297561 -0.0921334 0)
(0.329656 -0.101699 0)
(0.362466 -0.110516 0)
(0.395532 -0.118337 0)
(0.428866 -0.125071 0)
(0.462026 -0.13055 0)
(0.494956 -0.134751 0)
(0.527235 -0.137553 0)
(0.55876 -0.139021 0)
(0.589261 -0.139104 0)
(0.618567 -0.137952 0)
(0.646618 -0.135562 0)
(0.673136 -0.132147 0)
(0.698323 -0.127731 0)
(0.721739 -0.122572 0)
(0.743895 -0.116698 0)
(0.76412 -0.11039 0)
(0.783282 -0.103654 0)
(0.800403 -0.0967738 0)
(0.816762 -0.0897167 0)
(0.830991 -0.0827592 0)
(0.844836 -0.0758201 0)
(0.856446 -0.0691688 0)
(0.868113 -0.0626722 0)
(0.8774 -0.0565985 0)
(0.887248 -0.0507629 0)
(0.894506 -0.045441 0)
(0.90289 -0.0403983 0)
(0.908395 -0.0359272 0)
(0.915663 -0.0317448 0)
(0.919662 -0.0281697 0)
(0.926148 -0.0248713 0)
(0.928862 -0.0222026 0)
(0.93489 -0.0197861 0)
(0.93651 -0.0180155 0)
(0.942403 -0.0164671 0)
(0.943097 -0.0155814 0)
(0.949176 -0.0148919 0)
(-0.0036195 0.00646402 0)
(-0.0133124 0.0167633 0)
(-0.0242819 0.021499 0)
(-0.0334047 0.0242076 0)
(-0.0417637 0.0258386 0)
(-0.0495388 0.0267364 0)
(-0.0566654 0.0270923 0)
(-0.0629926 0.0270798 0)
(-0.0684077 0.0268277 0)
(-0.0728979 0.0264032 0)
(-0.0765092 0.0258525 0)
(-0.0792923 0.0252079 0)
(-0.0812988 0.0244964 0)
(-0.0825777 0.02374 0)
(-0.0831739 0.0229563 0)
(-0.0831273 0.0221589 0)
(-0.082472 0.0213582 0)
(-0.0812341 0.0205599 0)
(-0.0794357 0.0197711 0)
(-0.0770936 0.0189965 0)
(-0.0742182 0.0182359 0)
(-0.0708147 0.0174868 0)
(-0.0668814 0.0167438 0)
(-0.0624095 0.0159986 0)
(-0.05738 0.0152411 0)
(-0.0517775 0.0144664 0)
(-0.0455748 0.0136684 0)
(-0.038735 0.0128325 0)
(-0.0312161 0.0119466 0)
(-0.0229677 0.0110014 0)
(-0.0139299 0.00998879 0)
(-0.00403133 0.00889759 0)
(0.00686865 0.00770733 0)
(0.0188081 0.00638624 0)
(0.0318803 0.00490124 0)
(0.0462 0.00321626 0)
(0.0618693 0.00125623 0)
(0.0789724 -0.00108236 0)
(0.0975831 -0.0039333 0)
(0.11775 -0.00743562 0)
(0.139441 -0.0117168 0)
(0.162617 -0.0170005 0)
(0.187251 -0.0233044 0)
(0.213206 -0.0306625 0)
(0.240421 -0.0390423 0)
(0.268701 -0.0483551 0)
(0.298072 -0.0584955 0)
(0.32829 -0.0692733 0)
(0.359402 -0.080503 0)
(0.39112 -0.09194 0)
(0.423499 -0.103368 0)
(0.456167 -0.114518 0)
(0.489189 -0.125177 0)
(0.522097 -0.135076 0)
(0.554938 -0.144029 0)
(0.587178 -0.151794 0)
(0.618866 -0.158244 0)
(0.649462 -0.16321 0)
(0.679058 -0.166666 0)
(0.707169 -0.168521 0)
(0.733933 -0.16885 0)
(0.758985 -0.167636 0)
(0.782496 -0.165049 0)
(0.804252 -0.161125 0)
(0.8244 -0.156107 0)
(0.842897 -0.150056 0)
(0.85981 -0.143261 0)
(0.875286 -0.135777 0)
(0.889243 -0.127907 0)
(0.902046 -0.119672 0)
(0.913406 -0.111372 0)
(0.923933 -0.102974 0)
(0.933068 -0.0947708 0)
(0.941712 -0.0866692 0)
(0.948971 -0.0789552 0)
(0.956089 -0.0714743 0)
(0.961778 -0.0645139 0)
(0.967689 -0.0578611 0)
(0.972068 -0.0518144 0)
(0.977048 -0.0461058 0)
(0.980333 -0.0410552 0)
(0.984626 -0.0363413 0)
(0.986995 -0.0323159 0)
(0.990815 -0.0286055 0)
(0.992417 -0.0256027 0)
(0.995962 -0.0228823 0)
(0.996919 -0.0208862 0)
(1.00038 -0.0191373 0)
(1.00079 -0.0181349 0)
(1.00434 -0.0173505 0)
(-0.00177636 0.0283962 0)
(-0.00957857 0.0400261 0)
(-0.024242 0.0400583 0)
(-0.0358541 0.037762 0)
(-0.0451254 0.0360043 0)
(-0.0517802 0.0345916 0)
(-0.0560988 0.0331868 0)
(-0.0584595 0.0317087 0)
(-0.0592142 0.0301719 0)
(-0.0586339 0.0285992 0)
(-0.0569021 0.0270142 0)
(-0.0541613 0.0254325 0)
(-0.0505304 0.0238696 0)
(-0.0461088 0.0223365 0)
(-0.0409799 0.0208391 0)
(-0.0352118 0.0193796 0)
(-0.0288635 0.0179585 0)
(-0.0219672 0.0165659 0)
(-0.0145616 0.0152065 0)
(-0.00667162 0.0138815 0)
(0.00169233 0.0125831 0)
(0.0105236 0.0113021 0)
(0.0198258 0.0100276 0)
(0.0296074 0.00874619 0)
(0.039911 0.0074372 0)
(0.0507422 0.00607352 0)
(0.0621176 0.00463408 0)
(0.074091 0.00311108 0)
(0.0867076 0.00149267 0)
(0.100017 -0.00024072 0)
(0.114083 -0.00210905 0)
(0.128959 -0.00413975 0)
(0.144742 -0.00634308 0)
(0.161478 -0.00875876 0)
(0.179263 -0.0114356 0)
(0.198208 -0.0144255 0)
(0.218399 -0.0177941 0)
(0.239892 -0.0216268 0)
(0.26274 -0.0260232 0)
(0.286964 -0.0310967 0)
(0.31256 -0.0369389 0)
(0.339465 -0.0436326 0)
(0.367629 -0.0512379 0)
(0.396883 -0.0597711 0)
(0.427146 -0.0691967 0)
(0.458181 -0.0794224 0)
(0.489911 -0.0903215 0)
(0.522045 -0.101708 0)
(0.554499 -0.113372 0)
(0.586905 -0.12507 0)
(0.619195 -0.136562 0)
(0.650926 -0.147576 0)
(0.682064 -0.157874 0)
(0.712109 -0.167198 0)
(0.741084 -0.175349 0)
(0.768467 -0.182112 0)
(0.794382 -0.187361 0)
(0.818327 -0.190959 0)
(0.840562 -0.192889 0)
(0.86065 -0.193104 0)
(0.878984 -0.1917 0)
(0.895212 -0.188711 0)
(0.909821 -0.184331 0)
(0.922533 -0.178647 0)
(0.933865 -0.171921 0)
(0.943604 -0.164256 0)
(0.952234 -0.155949 0)
(0.959605 -0.147077 0)
(0.966115 -0.137941 0)
(0.971686 -0.128568 0)
(0.976592 -0.119248 0)
(0.980843 -0.109946 0)
(0.984556 -0.100942 0)
(0.987861 -0.0921365 0)
(0.990688 -0.0838045 0)
(0.99332 -0.0757807 0)
(0.995482 -0.0683467 0)
(0.997642 -0.0612761 0)
(0.999292 -0.054868 0)
(1.00112 -0.0488381 0)
(1.00237 -0.0435134 0)
(1.00398 -0.0385533 0)
(1.0049 -0.034323 0)
(1.00637 -0.0304254 0)
(1.00701 -0.0272749 0)
(1.00841 -0.0244165 0)
(1.00882 -0.0223241 0)
(1.0102 -0.020482 0)
(1.0104 -0.0194336 0)
(1.01181 -0.0185985 0)
(-0.0198229 0.00793271 0)
(-0.0384032 0.0316314 0)
(-0.0418497 0.0391024 0)
(-0.044117 0.0399899 0)
(-0.0431201 0.0383713 0)
(-0.0397242 0.0356273 0)
(-0.0343782 0.0325652 0)
(-0.0274041 0.0295092 0)
(-0.0190686 0.026576 0)
(-0.00964216 0.0238184 0)
(0.000689529 0.0212186 0)
(0.0117615 0.0187547 0)
(0.023434 0.0164167 0)
(0.035598 0.0141967 0)
(0.048169 0.0120861 0)
(0.0610892 0.0100747 0)
(0.0742819 0.00815578 0)
(0.0877779 0.00631944 0)
(0.101525 0.0045394 0)
(0.115495 0.00279274 0)
(0.129706 0.00106879 0)
(0.144162 -0.000642721 0)
(0.158886 -0.00235921 0)
(0.173895 -0.0041028 0)
(0.189229 -0.00589804 0)
(0.204915 -0.00777008 0)
(0.220986 -0.00974818 0)
(0.237509 -0.0118583 0)
(0.254537 -0.0141226 0)
(0.272119 -0.0165655 0)
(0.290312 -0.0192122 0)
(0.309174 -0.0220911 0)
(0.328771 -0.0252311 0)
(0.349164 -0.0286594 0)
(0.370419 -0.0324091 0)
(0.392599 -0.0365342 0)
(0.415756 -0.041094 0)
(0.439927 -0.0461591 0)
(0.465128 -0.0517982 0)
(0.491348 -0.0580884 0)
(0.518548 -0.0650869 0)
(0.546634 -0.0728425 0)
(0.575499 -0.0813704 0)
(0.604958 -0.0906532 0)
(0.634848 -0.100623 0)
(0.664904 -0.111173 0)
(0.694936 -0.12215 0)
(0.724616 -0.133374 0)
(0.753732 -0.144631 0)
(0.781904 -0.155687 0)
(0.808957 -0.166294 0)
(0.834486 -0.176197 0)
(0.858402 -0.185155 0)
(0.880306 -0.192936 0)
(0.900252 -0.199354 0)
(0.917879 -0.204237 0)
(0.93342 -0.207492 0)
(0.946562 -0.209039 0)
(0.957733 -0.208895 0)
(0.96666 -0.207074 0)
(0.973945 -0.203699 0)
(0.979324 -0.198856 0)
(0.983516 -0.192755 0)
(0.986221 -0.185525 0)
(0.98821 -0.177429 0)
(0.989117 -0.16859 0)
(0.989715 -0.159288 0)
(0.989563 -0.149603 0)
(0.989403 -0.139807 0)
(0.988732 -0.129917 0)
(0.988242 -0.120196 0)
(0.987392 -0.110595 0)
(0.986826 -0.101372 0)
(0.985987 -0.0924132 0)
(0.985472 -0.0839786 0)
(0.984735 -0.075891 0)
(0.984327 -0.0684233 0)
(0.983724 -0.061338 0)
(0.983437 -0.054932 0)
(0.982967 -0.0489102 0)
(0.982793 -0.0436034 0)
(0.982443 -0.0386589 0)
(0.982367 -0.0344507 0)
(0.982111 -0.0305683 0)
(0.982109 -0.0274383 0)
(0.981916 -0.0245904 0)
(0.981958 -0.0225139 0)
(0.981789 -0.0206759 0)
(0.981841 -0.019638 0)
(0.98165 -0.0187997 0)
(-0.0192141 0.108278 0)
(-0.0185061 0.0727998 0)
(-0.0117637 0.0579955 0)
(0.000790652 0.0460961 0)
(0.0172872 0.0362714 0)
(0.0360264 0.0286968 0)
(0.0560373 0.0227254 0)
(0.0766552 0.0177884 0)
(0.0975539 0.0135064 0)
(0.118343 0.00970143 0)
(0.139041 0.00630756 0)
(0.159577 0.00327988 0)
(0.179884 0.000551545 0)
(0.199939 -0.0019453 0)
(0.219729 -0.00426243 0)
(0.239274 -0.00643548 0)
(0.258554 -0.00849265 0)
(0.277626 -0.0104574 0)
(0.296481 -0.012355 0)
(0.315132 -0.014215 0)
(0.333631 -0.0160643 0)
(0.352019 -0.0179265 0)
(0.370337 -0.0198265 0)
(0.38863 -0.0217912 0)
(0.406946 -0.023849 0)
(0.425338 -0.0260266 0)
(0.443861 -0.0283475 0)
(0.462571 -0.0308417 0)
(0.481525 -0.0335391 0)
(0.500778 -0.0364671 0)
(0.520378 -0.0396505 0)
(0.540374 -0.0431151 0)
(0.560809 -0.0468864 0)
(0.581727 -0.0509925 0)
(0.603156 -0.0554641 0)
(0.625126 -0.060339 0)
(0.647641 -0.065657 0)
(0.6707 -0.0714622 0)
(0.694266 -0.077795 0)
(0.718289 -0.084695 0)
(0.742672 -0.0921893 0)
(0.767285 -0.100294 0)
(0.791959 -0.108992 0)
(0.81649 -0.11824 0)
(0.840644 -0.127951 0)
(0.864157 -0.138003 0)
(0.886762 -0.148236 0)
(0.908157 -0.158468 0)
(0.928084 -0.168485 0)
(0.946258 -0.178064 0)
(0.962499 -0.186968 0)
(0.97657 -0.194973 0)
(0.988423 -0.201866 0)
(0.997902 -0.207465 0)
(1.00514 -0.211623 0)
(1.01006 -0.214238 0)
(1.01299 -0.215258 0)
(1.0139 -0.214675 0)
(1.01331 -0.212544 0)
(1.01118 -0.20894 0)
(1.00815 -0.203998 0)
(1.00408 -0.197846 0)
(0.999718 -0.190684 0)
(0.994731 -0.182656 0)
(0.989931 -0.173987 0)
(0.984792 -0.164797 0)
(0.980171 -0.155312 0)
(0.975344 -0.145602 0)
(0.971227 -0.135884 0)
(0.966916 -0.126165 0)
(0.963408 -0.116662 0)
(0.95964 -0.107319 0)
(0.956718 -0.0983671 0)
(0.953442 -0.089685 0)
(0.951046 -0.0815235 0)
(0.948192 -0.0736949 0)
(0.946263 -0.0664775 0)
(0.943762 -0.0596166 0)
(0.942247 -0.0534274 0)
(0.940035 -0.0475878 0)
(0.938891 -0.0424596 0)
(0.936906 -0.0376534 0)
(0.936096 -0.0335871 0)
(0.934271 -0.0298016 0)
(0.933752 -0.0267794 0)
(0.932008 -0.0239887 0)
(0.93173 -0.0219856 0)
(0.929974 -0.0201639 0)
(0.929874 -0.0191636 0)
(0.927996 -0.0182999 0)
(0.0701953 0.00709171 0)
(0.0903995 0.0064567 0)
(0.154301 0.00588705 0)
(0.199562 0.00259125 0)
(0.23876 -0.00183822 0)
(0.274506 -0.00610871 0)
(0.307573 -0.00983285 0)
(0.337883 -0.0130287 0)
(0.366136 -0.0158029 0)
(0.392643 -0.0182368 0)
(0.417759 -0.0204095 0)
(0.441683 -0.0223776 0)
(0.464533 -0.0241823 0)
(0.486419 -0.0258579 0)
(0.507436 -0.027431 0)
(0.527679 -0.0289274 0)
(0.54722 -0.0303677 0)
(0.566131 -0.0317802 0)
(0.584471 -0.0331865 0)
(0.602297 -0.0346078 0)
(0.619672 -0.0360699 0)
(0.636657 -0.0376004 0)
(0.653311 -0.039226 0)
(0.669691 -0.0409729 0)
(0.685853 -0.0428665 0)
(0.70185 -0.0449319 0)
(0.717738 -0.0471931 0)
(0.733561 -0.0496748 0)
(0.74937 -0.0524011 0)
(0.765205 -0.0553958 0)
(0.781097 -0.0586826 0)
(0.797073 -0.0622834 0)
(0.813151 -0.0662195 0)
(0.829343 -0.0705115 0)
(0.845645 -0.0751805 0)
(0.862046 -0.0802483 0)
(0.878515 -0.0857373 0)
(0.895007 -0.0916687 0)
(0.911445 -0.0980602 0)
(0.927739 -0.104923 0)
(0.943755 -0.112257 0)
(0.959341 -0.120046 0)
(0.974314 -0.12825 0)
(0.98848 -0.136804 0)
(1.00162 -0.145608 0)
(1.01351 -0.154535 0)
(1.02395 -0.163428 0)
(1.03272 -0.17211 0)
(1.03967 -0.180382 0)
(1.04467 -0.188048 0)
(1.04765 -0.194908 0)
(1.04861 -0.20079 0)
(1.04762 -0.205537 0)
(1.04479 -0.209034 0)
(1.04033 -0.211192 0)
(1.03445 -0.211974 0)
(1.02749 -0.21137 0)
(1.01964 -0.209418 0)
(1.01131 -0.206179 0)
(1.00261 -0.201756 0)
(0.993977 -0.196269 0)
(0.985313 -0.189854 0)
(0.977091 -0.182656 0)
(0.968983 -0.174806 0)
(0.961525 -0.166453 0)
(0.954148 -0.157702 0)
(0.947509 -0.148702 0)
(0.940811 -0.139519 0)
(0.934901 -0.130308 0)
(0.928748 -0.121091 0)
(0.923437 -0.112037 0)
(0.917694 -0.10312 0)
(0.912888 -0.0945306 0)
(0.907475 -0.0861855 0)
(0.903156 -0.0783076 0)
(0.898056 -0.0707424 0)
(0.894253 -0.0637535 0)
(0.889468 -0.0571044 0)
(0.886226 -0.051109 0)
(0.881746 -0.0454401 0)
(0.879097 -0.0404777 0)
(0.874881 -0.0358013 0)
(0.872837 -0.0318746 0)
(0.868806 -0.0281769 0)
(0.867355 -0.0252681 0)
(0.863386 -0.0225175 0)
(0.862492 -0.0205969 0)
(0.85842 -0.0187578 0)
(0.858025 -0.0178014 0)
(0.853647 -0.0168506 0)
(0.774377 -0.00946548 0)
(0.776177 -0.0210647 0)
(0.777259 -0.0274362 0)
(0.77921 -0.031282 0)
(0.78317 -0.0340813 0)
(0.788914 -0.0364444 0)
(0.796169 -0.0385014 0)
(0.804298 -0.040227 0)
(0.81309 -0.0416336 0)
(0.82232 -0.0427672 0)
(0.831806 -0.043705 0)
(0.841419 -0.0445187 0)
(0.851064 -0.0452546 0)
(0.860671 -0.0459398 0)
(0.870183 -0.0465922 0)
(0.879563 -0.0472289 0)
(0.88878 -0.047868 0)
(0.897816 -0.0485309 0)
(0.90666 -0.0492393 0)
(0.915309 -0.0500165 0)
(0.923769 -0.050888 0)
(0.932051 -0.0518806 0)
(0.940169 -0.0530208 0)
(0.948138 -0.0543343 0)
(0.955979 -0.0558452 0)
(0.963706 -0.0575765 0)
(0.971337 -0.05955 0)
(0.978885 -0.0617856 0)
(0.986361 -0.0643024 0)
(0.99377 -0.067118 0)
(1.00111 -0.0702495 0)
(1.00838 -0.0737115 0)
(1.01556 -0.0775179 0)
(1.02264 -0.0816801 0)
(1.02958 -0.0862095 0)
(1.03636 -0.0911157 0)
(1.04291 -0.0964073 0)
(1.04918 -0.10209 0)
(1.05508 -0.108164 0)
(1.06053 -0.11462 0)
(1.0654 -0.121438 0)
(1.06958 -0.128578 0)
(1.07293 -0.135983 0)
(1.07533 -0.143574 0)
(1.07664 -0.151252 0)
(1.07676 -0.158897 0)
(1.07559 -0.166371 0)
(1.07309 -0.173523 0)
(1.06922 -0.180199 0)
(1.06403 -0.186246 0)
(1.0576 -0.191522 0)
(1.05004 -0.195902 0)
(1.04153 -0.199278 0)
(1.03228 -0.201576 0)
(1.0225 -0.202745 0)
(1.0124 -0.202774 0)
(1.00219 -0.201663 0)
(0.99201 -0.19945 0)
(0.982004 -0.196177 0)
(0.972184 -0.191925 0)
(0.962627 -0.186767 0)
(0.953212 -0.180797 0)
(0.944029 -0.174098 0)
(0.934836 -0.166772 0)
(0.925813 -0.158912 0)
(0.916598 -0.150617 0)
(0.907543 -0.141987 0)
(0.898157 -0.133117 0)
(0.889029 -0.124121 0)
(0.879486 -0.115089 0)
(0.870396 -0.106149 0)
(0.860835 -0.0973588 0)
(0.852002 -0.0888489 0)
(0.842636 -0.0806264 0)
(0.834333 -0.0728365 0)
(0.825382 -0.0654243 0)
(0.817868 -0.0585629 0)
(0.809496 -0.0521158 0)
(0.802973 -0.0462971 0)
(0.795245 -0.0408699 0)
(0.789832 -0.0361156 0)
(0.782696 -0.0316905 0)
(0.778433 -0.0279747 0)
(0.771731 -0.0245024 0)
(0.768614 -0.0217782 0)
(0.762105 -0.0191949 0)
(0.760104 -0.0174096 0)
(0.753462 -0.0156539 0)
(0.752532 -0.0147676 0)
(0.745354 -0.0137961 0)
(1.05756 0.00785346 0)
(1.06075 -0.000688387 0)
(1.06157 -0.0080027 0)
(1.06095 -0.0138218 0)
(1.0602 -0.0186252 0)
(1.06003 -0.0228241 0)
(1.06058 -0.0265945 0)
(1.06171 -0.0299505 0)
(1.06318 -0.0328902 0)
(1.06486 -0.0354384 0)
(1.06665 -0.03764 0)
(1.0685 -0.0395501 0)
(1.07039 -0.0412211 0)
(1.0723 -0.0426995 0)
(1.0742 -0.0440246 0)
(1.07607 -0.045233 0)
(1.07789 -0.0463584 0)
(1.07965 -0.0474354 0)
(1.08132 -0.0484975 0)
(1.08291 -0.0495794 0)
(1.08439 -0.0507148 0)
(1.08579 -0.0519377 0)
(1.08708 -0.0532809 0)
(1.08828 -0.0547755 0)
(1.08938 -0.0564506 0)
(1.09039 -0.0583324 0)
(1.09129 -0.0604457 0)
(1.0921 -0.0628113 0)
(1.0928 -0.0654489 0)
(1.09339 -0.0683736 0)
(1.09385 -0.0715988 0)
(1.09418 -0.0751335 0)
(1.09435 -0.0789874 0)
(1.09435 -0.0831657 0)
(1.09414 -0.0876745 0)
(1.0937 -0.0925155 0)
(1.093 -0.0976899 0)
(1.09198 -0.103192 0)
(1.09061 -0.109013 0)
(1.08883 -0.115134 0)
(1.08658 -0.121522 0)
(1.08381 -0.128134 0)
(1.08046 -0.134909 0)
(1.07648 -0.141771 0)
(1.07185 -0.14863 0)
(1.06653 -0.155383 0)
(1.06052 -0.161917 0)
(1.05385 -0.168115 0)
(1.04655 -0.173858 0)
(1.03868 -0.179033 0)
(1.03032 -0.183533 0)
(1.02154 -0.187257 0)
(1.01242 -0.19012 0)
(1.00302 -0.192048 0)
(0.993364 -0.192983 0)
(0.983475 -0.192888 0)
(0.973326 -0.191747 0)
(0.962871 -0.189569 0)
(0.952025 -0.186382 0)
(0.940702 -0.182227 0)
(0.928814 -0.17714 0)
(0.916285 -0.17117 0)
(0.903082 -0.164379 0)
(0.889164 -0.156871 0)
(0.874612 -0.148752 0)
(0.859414 -0.140153 0)
(0.843783 -0.131184 0)
(0.827689 -0.121979 0)
(0.811486 -0.112663 0)
(0.795057 -0.103393 0)
(0.77892 -0.0942917 0)
(0.762793 -0.0854836 0)
(0.747383 -0.0770459 0)
(0.732141 -0.0690491 0)
(0.718012 -0.0615394 0)
(0.704072 -0.0545452 0)
(0.691612 -0.0481042 0)
(0.679208 -0.0421985 0)
(0.668642 -0.0368737 0)
(0.657821 -0.0320576 0)
(0.649222 -0.0278273 0)
(0.639821 -0.0240362 0)
(0.633125 -0.0208215 0)
(0.624818 -0.0179431 0)
(0.619918 -0.0156388 0)
(0.612261 -0.0135527 0)
(0.609059 -0.0120644 0)
(0.601481 -0.0106739 0)
(0.599925 -0.00994019 0)
(0.591724 -0.00918713 0)
(1.08208 -0.00372186 0)
(1.08809 -0.0114334 0)
(1.0924 -0.0189177 0)
(1.09505 -0.0251834 0)
(1.09655 -0.0300874 0)
(1.09751 -0.0339534 0)
(1.09832 -0.0371392 0)
(1.09915 -0.0398714 0)
(1.09998 -0.0422441 0)
(1.10076 -0.0442834 0)
(1.10146 -0.0460036 0)
(1.10206 -0.0474327 0)
(1.10256 -0.048612 0)
(1.10297 -0.0495904 0)
(1.10329 -0.0504156 0)
(1.10353 -0.0511331 0)
(1.10368 -0.0517832 0)
(1.10374 -0.0524048 0)
(1.10369 -0.0530335 0)
(1.10354 -0.0537054 0)
(1.10327 -0.0544541 0)
(1.10289 -0.0553135 0)
(1.10238 -0.0563146 0)
(1.10176 -0.0574879 0)
(1.10101 -0.0588603 0)
(1.10014 -0.060457 0)
(1.09914 -0.0622992 0)
(1.09802 -0.0644057 0)
(1.09676 -0.0667919 0)
(1.09536 -0.0694695 0)
(1.09383 -0.0724482 0)
(1.09214 -0.0757338 0)
(1.0903 -0.0793325 0)
(1.08829 -0.0832457 0)
(1.0861 -0.0874762 0)
(1.08372 -0.0920204 0)
(1.08113 -0.0968755 0)
(1.07832 -0.10203 0)
(1.07525 -0.10747 0)
(1.07191 -0.113169 0)
(1.06827 -0.119097 0)
(1.0643 -0.125205 0)
(1.05997 -0.131434 0)
(1.05526 -0.137711 0)
(1.05012 -0.143951 0)
(1.04451 -0.150059 0)
(1.03841 -0.155932 0)
(1.03177 -0.161465 0)
(1.02454 -0.166551 0)
(1.01668 -0.17109 0)
(1.00812 -0.174986 0)
(0.998798 -0.178148 0)
(0.988635 -0.18049 0)
(0.977544 -0.181918 0)
(0.965422 -0.182344 0)
(0.95216 -0.181686 0)
(0.937651 -0.1799 0)
(0.921801 -0.176988 0)
(0.904549 -0.172994 0)
(0.885873 -0.167967 0)
(0.865812 -0.161947 0)
(0.844434 -0.154981 0)
(0.821837 -0.147147 0)
(0.798161 -0.138597 0)
(0.773624 -0.129515 0)
(0.748476 -0.120093 0)
(0.723023 -0.110483 0)
(0.697526 -0.100836 0)
(0.672293 -0.0912979 0)
(0.647523 -0.0820326 0)
(0.623565 -0.0731736 0)
(0.600557 -0.0648512 0)
(0.578867 -0.0571292 0)
(0.558448 -0.0500587 0)
(0.53967 -0.0436215 0)
(0.522249 -0.0378214 0)
(0.506635 -0.0326068 0)
(0.492271 -0.0279743 0)
(0.479782 -0.0238639 0)
(0.468277 -0.0202809 0)
(0.458681 -0.0171591 0)
(0.44964 -0.0144963 0)
(0.442574 -0.0122251 0)
(0.435459 -0.0103252 0)
(0.430525 -0.00875723 0)
(0.424697 -0.00746659 0)
(0.421553 -0.00648179 0)
(0.416266 -0.00568394 0)
(0.414705 -0.00520649 0)
(0.409063 -0.00484803 0)
(1.07469 -0.00761336 0)
(1.08075 -0.0127111 0)
(1.08567 -0.0180229 0)
(1.08937 -0.0229993 0)
(1.092 -0.0272885 0)
(1.09387 -0.0308471 0)
(1.0953 -0.0338144 0)
(1.09652 -0.0363539 0)
(1.09762 -0.0385744 0)
(1.09862 -0.0405253 0)
(1.0995 -0.0422218 0)
(1.10024 -0.0436751 0)
(1.10083 -0.0449049 0)
(1.10129 -0.045944 0)
(1.10162 -0.0468309 0)
(1.10183 -0.0476075 0)
(1.1019 -0.0483132 0)
(1.10186 -0.0489869 0)
(1.10167 -0.0496642 0)
(1.10135 -0.0503808 0)
(1.10088 -0.0511695 0)
(1.10027 -0.0520639 0)
(1.0995 -0.0530938 0)
(1.09859 -0.0542893 0)
(1.09753 -0.055676 0)
(1.09632 -0.0572791 0)
(1.09496 -0.0591182 0)
(1.09345 -0.0612121 0)
(1.09179 -0.0635738 0)
(1.08998 -0.0662153 0)
(1.08801 -0.069144 0)
(1.08587 -0.0723657 0)
(1.08356 -0.0758839 0)
(1.08107 -0.0796991 0)
(1.07837 -0.0838109 0)
(1.07547 -0.088213 0)
(1.07231 -0.0928989 0)
(1.0689 -0.0978518 0)
(1.06518 -0.103054 0)
(1.06113 -0.108473 0)
(1.05669 -0.114074 0)
(1.05181 -0.119804 0)
(1.04642 -0.125606 0)
(1.04044 -0.131401 0)
(1.03379 -0.137108 0)
(1.02636 -0.142625 0)
(1.01803 -0.147845 0)
(1.00868 -0.152652 0)
(0.99815 -0.156935 0)
(0.986307 -0.160584 0)
(0.973 -0.163501 0)
(0.958101 -0.165601 0)
(0.94148 -0.166798 0)
(0.923057 -0.166995 0)
(0.902727 -0.166084 0)
(0.880432 -0.163958 0)
(0.856104 -0.16057 0)
(0.829736 -0.155953 0)
(0.801365 -0.150213 0)
(0.771165 -0.143456 0)
(0.73941 -0.135782 0)
(0.706412 -0.127281 0)
(0.672453 -0.118077 0)
(0.637784 -0.108364 0)
(0.602788 -0.098422 0)
(0.567942 -0.0885195 0)
(0.533799 -0.0788572 0)
(0.50081 -0.0696026 0)
(0.46933 -0.060888 0)
(0.43963 -0.0528056 0)
(0.412004 -0.0454092 0)
(0.386658 -0.0387602 0)
(0.363818 -0.0328927 0)
(0.343523 -0.0278169 0)
(0.325818 -0.023487 0)
(0.310493 -0.0198458 0)
(0.297486 -0.0167945 0)
(0.286438 -0.0142609 0)
(0.277317 -0.0121411 0)
(0.269661 -0.0103837 0)
(0.263552 -0.00889878 0)
(0.258417 -0.00767295 0)
(0.254519 -0.00662237 0)
(0.251137 -0.0057693 0)
(0.248791 -0.00502353 0)
(0.246525 -0.00443644 0)
(0.245215 -0.00392258 0)
(0.24348 -0.00352268 0)
(0.242853 -0.00323199 0)
(0.240992 -0.00297495 0)
(1.06824 -0.0150729 0)
(1.07406 -0.0191948 0)
(1.07908 -0.0234641 0)
(1.0832 -0.0276047 0)
(1.08647 -0.0313744 0)
(1.08902 -0.0346472 0)
(1.09105 -0.0374268 0)
(1.09276 -0.0397883 0)
(1.09426 -0.0418151 0)
(1.09562 -0.0435654 0)
(1.09683 -0.0450707 0)
(1.09788 -0.0463477 0)
(1.09876 -0.0474119 0)
(1.09946 -0.0482867 0)
(1.09998 -0.0490031 0)
(1.10033 -0.0495985 0)
(1.10049 -0.0501118 0)
(1.10047 -0.0505835 0)
(1.10026 -0.0510517 0)
(1.09985 -0.0515545 0)
(1.09924 -0.0521266 0)
(1.09843 -0.0528026 0)
(1.0974 -0.0536123 0)
(1.09616 -0.054586 0)
(1.0947 -0.0557482 0)
(1.09304 -0.0571238 0)
(1.09115 -0.0587307 0)
(1.08904 -0.0605878 0)
(1.0867 -0.0627057 0)
(1.08413 -0.0650965 0)
(1.08131 -0.0677643 0)
(1.07822 -0.0707146 0)
(1.07483 -0.0739455 0)
(1.07114 -0.0774566 0)
(1.06708 -0.0812402 0)
(1.06264 -0.0852878 0)
(1.05775 -0.089584 0)
(1.05238 -0.0941074 0)
(1.04643 -0.0988302 0)
(1.03986 -0.103712 0)
(1.03255 -0.108707 0)
(1.02442 -0.113751 0)
(1.01534 -0.11878 0)
(1.00519 -0.123707 0)
(0.993827 -0.128441 0)
(0.981084 -0.132864 0)
(0.966804 -0.136861 0)
(0.950793 -0.140295 0)
(0.932889 -0.143051 0)
(0.912887 -0.145004 0)
(0.890658 -0.146065 0)
(0.866041 -0.14616 0)
(0.838989 -0.145231 0)
(0.809497 -0.143223 0)
(0.777599 -0.140052 0)
(0.743424 -0.135634 0)
(0.707043 -0.12996 0)
(0.66858 -0.123121 0)
(0.628188 -0.115261 0)
(0.586321 -0.106542 0)
(0.543614 -0.0972048 0)
(0.500807 -0.0874851 0)
(0.458508 -0.0776113 0)
(0.417062 -0.0678067 0)
(0.37691 -0.058339 0)
(0.3388 -0.049381 0)
(0.30368 -0.0412008 0)
(0.272073 -0.0340419 0)
(0.244214 -0.02803 0)
(0.220198 -0.0231813 0)
(0.199893 -0.0194125 0)
(0.182955 -0.0165342 0)
(0.169028 -0.0143209 0)
(0.157706 -0.0125964 0)
(0.148581 -0.0112166 0)
(0.141213 -0.0100807 0)
(0.13528 -0.00910853 0)
(0.130461 -0.00826046 0)
(0.126586 -0.00749788 0)
(0.12343 -0.00681495 0)
(0.120942 -0.00619232 0)
(0.118935 -0.00564118 0)
(0.117446 -0.00513924 0)
(0.116272 -0.00470131 0)
(0.115515 -0.00429296 0)
(0.114917 -0.00393453 0)
(0.114621 -0.00357742 0)
(0.114321 -0.00325577 0)
(0.114173 -0.00292876 0)
(0.113858 -0.00256982 0)
(1.06551 -0.0210175 0)
(1.07119 -0.0243428 0)
(1.07624 -0.0277473 0)
(1.0806 -0.0310869 0)
(1.08426 -0.0342149 0)
(1.08726 -0.0370184 0)
(1.08974 -0.0394498 0)
(1.09183 -0.0415216 0)
(1.09363 -0.0432773 0)
(1.0952 -0.0447621 0)
(1.09657 -0.0460095 0)
(1.09773 -0.0470404 0)
(1.09864 -0.0478706 0)
(1.09931 -0.0485184 0)
(1.09971 -0.0490083 0)
(1.09984 -0.049372 0)
(1.09968 -0.0496461 0)
(1.09922 -0.0498701 0)
(1.09846 -0.0500841 0)
(1.09739 -0.0503283 0)
(1.096 -0.0506402 0)
(1.09428 -0.0510551 0)
(1.09222 -0.0516031 0)
(1.08983 -0.0523128 0)
(1.08709 -0.0532069 0)
(1.084 -0.0543078 0)
(1.08054 -0.0556307 0)
(1.0767 -0.0571915 0)
(1.07246 -0.0589973 0)
(1.06781 -0.0610571 0)
(1.06269 -0.0633698 0)
(1.0571 -0.0659375 0)
(1.05095 -0.0687507 0)
(1.04423 -0.071805 0)
(1.03685 -0.0750822 0)
(1.02875 -0.07857 0)
(1.01983 -0.0822397 0)
(1.01003 -0.0860659 0)
(0.999205 -0.090004 0)
(0.987282 -0.0940075 0)
(0.974088 -0.0980089 0)
(0.959526 -0.101934 0)
(0.9434 -0.105698 0)
(0.92559 -0.109212 0)
(0.905891 -0.112372 0)
(0.884175 -0.115053 0)
(0.86025 -0.117139 0)
(0.833971 -0.118497 0)
(0.805198 -0.119035 0)
(0.773795 -0.118635 0)
(0.739748 -0.117267 0)
(0.702912 -0.114812 0)
(0.663496 -0.111255 0)
(0.621516 -0.106546 0)
(0.577472 -0.100695 0)
(0.531894 -0.0937974 0)
(0.485244 -0.0860025 0)
(0.437866 -0.0775045 0)
(0.390121 -0.0683872 0)
(0.342999 -0.0589043 0)
(0.297514 -0.0491789 0)
(0.255171 -0.0397467 0)
(0.217103 -0.03142 0)
(0.183575 -0.024832 0)
(0.15479 -0.0199221 0)
(0.13127 -0.0165158 0)
(0.112793 -0.014268 0)
(0.0983626 -0.0126129 0)
(0.0867838 -0.0112038 0)
(0.0771662 -0.0100303 0)
(0.068989 -0.00915517 0)
(0.0619773 -0.00854547 0)
(0.0559521 -0.00807541 0)
(0.0508114 -0.00764621 0)
(0.0464692 -0.0072152 0)
(0.0428035 -0.00676919 0)
(0.0397139 -0.00630992 0)
(0.0371069 -0.00585588 0)
(0.034927 -0.00542901 0)
(0.0330989 -0.00505124 0)
(0.0315971 -0.00472774 0)
(0.0303746 -0.00446571 0)
(0.0294302 -0.00425039 0)
(0.0287021 -0.00407119 0)
(0.0281848 -0.00389339 0)
(0.0277867 -0.00370139 0)
(0.0275013 -0.00345989 0)
(0.0272301 -0.00315696 0)
(0.0269577 -0.00277454 0)
(0.0266713 -0.00239675 0)
(1.06614 -0.0271686 0)
(1.07162 -0.029817 0)
(1.07652 -0.0324923 0)
(1.08076 -0.0351288 0)
(1.08432 -0.0376451 0)
(1.08723 -0.0399552 0)
(1.08954 -0.041995 0)
(1.09133 -0.0437384 0)
(1.09269 -0.0451932 0)
(1.09364 -0.046384 0)
(1.09422 -0.0473363 0)
(1.09441 -0.0480701 0)
(1.09418 -0.0486007 0)
(1.09352 -0.0489436 0)
(1.0924 -0.0491187 0)
(1.09081 -0.0491535 0)
(1.08873 -0.0490811 0)
(1.08616 -0.0489404 0)
(1.08307 -0.0487719 0)
(1.07948 -0.0486186 0)
(1.07536 -0.048521 0)
(1.07072 -0.0485172 0)
(1.06555 -0.0486391 0)
(1.05985 -0.0489153 0)
(1.0536 -0.0493669 0)
(1.04678 -0.0500123 0)
(1.03937 -0.0508619 0)
(1.03136 -0.0519251 0)
(1.02269 -0.0532018 0)
(1.01333 -0.0546936 0)
(1.00323 -0.056391 0)
(0.992334 -0.0582887 0)
(0.980552 -0.0603684 0)
(0.967829 -0.0626182 0)
(0.954045 -0.0650105 0)
(0.939133 -0.0675267 0)
(0.922949 -0.0701272 0)
(0.905417 -0.0727837 0)
(0.886368 -0.0754393 0)
(0.865729 -0.0780481 0)
(0.843309 -0.0805252 0)
(0.81904 -0.0827957 0)
(0.792719 -0.0847439 0)
(0.76426 -0.0862758 0)
(0.733497 -0.0872522 0)
(0.70044 -0.0875726 0)
(0.664952 -0.0871045 0)
(0.62711 -0.0857921 0)
(0.586863 -0.0835826 0)
(0.544478 -0.0805216 0)
(0.499996 -0.0765783 0)
(0.453887 -0.0717178 0)
(0.406508 -0.065837 0)
(0.358229 -0.0587157 0)
(0.310224 -0.0503835 0)
(0.263789 -0.0414502 0)
(0.22009 -0.0328335 0)
(0.17993 -0.0254532 0)
(0.144218 -0.0198266 0)
(0.114955 -0.0160369 0)
(0.0924422 -0.013331 0)
(0.0752088 -0.0111079 0)
(0.0614922 -0.00926684 0)
(0.0500042 -0.00794142 0)
(0.0399896 -0.00729599 0)
(0.0313119 -0.00725242 0)
(0.0239167 -0.00721439 0)
(0.0176197 -0.00681245 0)
(0.0122055 -0.00608184 0)
(0.00751462 -0.0052732 0)
(0.00340717 -0.00461715 0)
(-0.000186172 -0.00421777 0)
(-0.00335192 -0.00403886 0)
(-0.00618344 -0.00398883 0)
(-0.00873632 -0.00398452 0)
(-0.0110428 -0.00396587 0)
(-0.013128 -0.00390608 0)
(-0.0150177 -0.00381056 0)
(-0.0167207 -0.00370353 0)
(-0.018246 -0.00361063 0)
(-0.0195979 -0.00354665 0)
(-0.020793 -0.00351463 0)
(-0.0218462 -0.00349545 0)
(-0.0227891 -0.0034618 0)
(-0.0236417 -0.00338043 0)
(-0.0244341 -0.00323352 0)
(-0.0251678 -0.00300316 0)
(-0.0258636 -0.00268424 0)
(-0.0265262 -0.0023067 0)
(-0.0270508 -0.00201489 0)
(1.06566 -0.0313374 0)
(1.06954 -0.0333794 0)
(1.07257 -0.0354107 0)
(1.07469 -0.0374053 0)
(1.07587 -0.0393096 0)
(1.07611 -0.0410573 0)
(1.07547 -0.0425892 0)
(1.07398 -0.0438642 0)
(1.07169 -0.0448692 0)
(1.06865 -0.0456102 0)
(1.06489 -0.0461024 0)
(1.06041 -0.046362 0)
(1.05522 -0.046405 0)
(1.04932 -0.0462472 0)
(1.04271 -0.0459082 0)
(1.0354 -0.0454128 0)
(1.0274 -0.0447922 0)
(1.01871 -0.0440836 0)
(1.00936 -0.0433279 0)
(0.999353 -0.0425681 0)
(0.988694 -0.0418462 0)
(0.977397 -0.0412052 0)
(0.965464 -0.0406826 0)
(0.952895 -0.0403107 0)
(0.939675 -0.040111 0)
(0.925789 -0.040098 0)
(0.911201 -0.0402744 0)
(0.89588 -0.0406389 0)
(0.879772 -0.0411796 0)
(0.862829 -0.0418848 0)
(0.844976 -0.0427329 0)
(0.826155 -0.0437063 0)
(0.806266 -0.0447763 0)
(0.785248 -0.0459216 0)
(0.76298 -0.0471068 0)
(0.739405 -0.0483075 0)
(0.714383 -0.0494802 0)
(0.687881 -0.0505968 0)
(0.659744 -0.0516015 0)
(0.62999 -0.0524578 0)
(0.59846 -0.0530859 0)
(0.565279 -0.0534231 0)
(0.530392 -0.0533459 0)
(0.493806 -0.0526782 0)
(0.455651 -0.0512465 0)
(0.416133 -0.0489029 0)
(0.375547 -0.0455808 0)
(0.334192 -0.0413024 0)
(0.292475 -0.0362597 0)
(0.251083 -0.030828 0)
(0.210567 -0.0253602 0)
(0.17251 -0.0205124 0)
(0.138087 -0.0164903 0)
(0.108998 -0.0131862 0)
(0.0858544 -0.010458 0)
(0.067485 -0.00800683 0)
(0.0524435 -0.00593326 0)
(0.0398413 -0.00466172 0)
(0.028899 -0.00461403 0)
(0.0194516 -0.00549804 0)
(0.0115013 -0.0061494 0)
(0.00487797 -0.00558849 0)
(-0.000632185 -0.00406397 0)
(-0.00527205 -0.00257625 0)
(-0.00926448 -0.00182661 0)
(-0.0128329 -0.00171688 0)
(-0.0161169 -0.00189784 0)
(-0.0191406 -0.00204694 0)
(-0.0218353 -0.00204432 0)
(-0.0241882 -0.00195676 0)
(-0.0262584 -0.00188288 0)
(-0.0281386 -0.00186975 0)
(-0.0299149 -0.00193089 0)
(-0.0316344 -0.00203132 0)
(-0.0333126 -0.00212495 0)
(-0.0349496 -0.0021863 0)
(-0.0365356 -0.00221188 0)
(-0.0380609 -0.00221465 0)
(-0.0395191 -0.00221156 0)
(-0.0409111 -0.0022217 0)
(-0.0422433 -0.00225466 0)
(-0.0435284 -0.00230451 0)
(-0.0447776 -0.00234925 0)
(-0.0459984 -0.00236275 0)
(-0.0471853 -0.00232403 0)
(-0.0483218 -0.00222651 0)
(-0.0493794 -0.00206876 0)
(-0.050349 -0.00185624 0)
(-0.0512251 -0.00162017 0)
(-0.0518404 -0.0014553 0)
(1.02345 -0.0370866 0)
(1.01836 -0.0377199 0)
(1.0119 -0.0383556 0)
(1.00407 -0.0389819 0)
(0.994871 -0.0395553 0)
(0.984379 -0.0400264 0)
(0.972655 -0.0403472 0)
(0.959816 -0.0404834 0)
(0.945951 -0.04041 0)
(0.931164 -0.0401161 0)
(0.915558 -0.0396041 0)
(0.899226 -0.0388845 0)
(0.88225 -0.0379728 0)
(0.864707 -0.0368864 0)
(0.846671 -0.0356459 0)
(0.828209 -0.034275 0)
(0.80939 -0.0328033 0)
(0.790268 -0.0312648 0)
(0.770894 -0.0296979 0)
(0.751299 -0.0281412 0)
(0.731504 -0.0266326 0)
(0.711519 -0.0252085 0)
(0.69135 -0.0239012 0)
(0.670989 -0.022736 0)
(0.650425 -0.0217303 0)
(0.629628 -0.0208919 0)
(0.608564 -0.02022 0)
(0.587185 -0.0197049 0)
(0.565438 -0.0193308 0)
(0.543266 -0.0190759 0)
(0.520609 -0.0189145 0)
(0.497407 -0.0188178 0)
(0.473603 -0.0187547 0)
(0.449147 -0.0186928 0)
(0.423995 -0.0185982 0)
(0.398128 -0.0184391 0)
(0.371522 -0.0181819 0)
(0.344222 -0.017802 0)
(0.316238 -0.0172719 0)
(0.287748 -0.0165885 0)
(0.258801 -0.015736 0)
(0.2299 -0.0147563 0)
(0.201381 -0.0136399 0)
(0.173709 -0.0123383 0)
(0.1475 -0.0108586 0)
(0.123277 -0.00919988 0)
(0.101605 -0.00731686 0)
(0.0826865 -0.00539011 0)
(0.0663032 -0.00347469 0)
(0.0521234 -0.00174742 0)
(0.0398392 -0.000637958 0)
(0.0292201 -0.000561679 0)
(0.0198307 -0.00167008 0)
(0.0115284 -0.00338467 0)
(0.00436273 -0.00443342 0)
(-0.00155638 -0.00390632 0)
(-0.00613584 -0.0021982 0)
(-0.00954816 -0.000482973 0)
(-0.0123584 0.000273499 0)
(-0.0150471 0.000114602 0)
(-0.0178168 -0.000271432 0)
(-0.0204221 -0.000375444 0)
(-0.0224737 -0.000176288 0)
(-0.0239048 3.31128e-05 0)
(-0.0249339 4.05163e-05 0)
(-0.0258778 -0.000148813 0)
(-0.0269096 -0.00039906 0)
(-0.0280286 -0.000554638 0)
(-0.0291535 -0.000587091 0)
(-0.0302194 -0.00055294 0)
(-0.0312155 -0.000521723 0)
(-0.0321706 -0.000531458 0)
(-0.0331271 -0.00058292 0)
(-0.0341166 -0.000654241 0)
(-0.0351483 -0.000724701 0)
(-0.0362138 -0.00078001 0)
(-0.0372963 -0.000815856 0)
(-0.038381 -0.000837437 0)
(-0.0394616 -0.000854616 0)
(-0.0405413 -0.000877998 0)
(-0.0416303 -0.000913175 0)
(-0.0427397 -0.000957534 0)
(-0.0438726 -0.00100018 0)
(-0.04502 -0.00102745 0)
(-0.0461595 -0.00102897 0)
(-0.0472589 -0.00100317 0)
(-0.0482853 -0.000956408 0)
(-0.0492339 -0.000900134 0)
(-0.0501165 -0.000842388 0)
(-0.0507634 -0.000795809 0)
(0.714198 -0.0207641 0)
(0.685024 -0.0203697 0)
(0.655687 -0.0199929 0)
(0.626207 -0.0196293 0)
(0.596621 -0.0192545 0)
(0.567018 -0.0188387 0)
(0.537496 -0.0183508 0)
(0.508237 -0.0177713 0)
(0.479392 -0.0170756 0)
(0.451131 -0.0162485 0)
(0.423615 -0.0152884 0)
(0.397001 -0.0142068 0)
(0.371426 -0.0130234 0)
(0.347012 -0.0117626 0)
(0.323862 -0.010452 0)
(0.302054 -0.00912255 0)
(0.281638 -0.00780856 0)
(0.262634 -0.00654609 0)
(0.245025 -0.00536973 0)
(0.22876 -0.00431012 0)
(0.213756 -0.00338645 0)
(0.199914 -0.00260328 0)
(0.187118 -0.00195442 0)
(0.175242 -0.001428 0)
(0.164153 -0.0010094 0)
(0.153722 -0.000682599 0)
(0.143822 -0.000430152 0)
(0.134341 -0.000233571 0)
(0.12518 -7.34773e-05 0)
(0.116261 6.95415e-05 0)
(0.107526 0.000214371 0)
(0.0989405 0.000378368 0)
(0.0904924 0.000576513 0)
(0.082191 0.000820234 0)
(0.0740663 0.00111569 0)
(0.0661657 0.00146221 0)
(0.0585483 0.00184879 0)
(0.0512802 0.00225235 0)
(0.0444198 0.00263156 0)
(0.0380151 0.0029273 0)
(0.0320657 0.00305525 0)
(0.0265409 0.00292015 0)
(0.0213119 0.00240695 0)
(0.0162503 0.00146892 0)
(0.011257 0.000212059 0)
(0.00623907 -0.00107551 0)
(0.00120484 -0.00205169 0)
(-0.00349729 -0.00256853 0)
(-0.0073231 -0.00240915 0)
(-0.00990273 -0.00164079 0)
(-0.0111382 -0.000556568 0)
(-0.0114134 0.000458252 0)
(-0.0115127 0.00106176 0)
(-0.0121402 0.00121181 0)
(-0.0134533 0.00118132 0)
(-0.0148649 0.00112735 0)
(-0.0156911 0.00109953 0)
(-0.0156963 0.000941525 0)
(-0.0152415 0.000611934 0)
(-0.0149201 0.000190569 0)
(-0.0150144 -0.00015274 0)
(-0.0153599 -0.000252724 0)
(-0.0156392 -0.000144796 0)
(-0.0157019 2.93514e-05 0)
(-0.015624 0.000145848 0)
(-0.0155669 0.000162734 0)
(-0.0156295 0.00012076 0)
(-0.0158147 6.71585e-05 0)
(-0.0160638 2.81456e-05 0)
(-0.0163231 6.8669e-06 0)
(-0.0165736 -4.50736e-06 0)
(-0.0168253 -1.47517e-05 0)
(-0.0171002 -2.97919e-05 0)
(-0.0174156 -4.95132e-05 0)
(-0.0177767 -7.04939e-05 0)
(-0.0181781 -8.86612e-05 0)
(-0.0186084 -0.000101816 0)
(-0.0190565 -0.000110178 0)
(-0.0195159 -0.000115698 0)
(-0.0199867 -0.000121303 0)
(-0.0204749 -0.000129445 0)
(-0.0209882 -0.000140906 0)
(-0.0215302 -0.000154199 0)
(-0.022097 -0.000166371 0)
(-0.0226765 -0.000174369 0)
(-0.0232509 -0.000177332 0)
(-0.0238038 -0.000179275 0)
(-0.0243404 -0.000189272 0)
(-0.0249024 -0.000208653 0)
(-0.0254286 -0.000220862 0)
)
;

boundaryField
{
    fixedWalls
    {
        type            noSlip;
    }
    inflowWall
    {
        type            fixedValue;
        value           uniform (1 0 0);
    }
    outflowWall
    {
        type            zeroGradient;
    }
    frontAndBack
    {
        type            empty;
    }
}


// ************************************************************************* //
