/*--------------------------------*- C++ -*----------------------------------*\
| =========                 |                                                 |
| \\      /  F ield         | OpenFOAM: The Open Source CFD Toolbox           |
|  \\    /   O peration     | Version:  2306                                  |
|   \\  /    A nd           | Website:  www.openfoam.com                      |
|    \\/     M anipulation  |                                                 |
\*---------------------------------------------------------------------------*/
FoamFile
{
    version     2.0;
    format      ascii;
    arch        "LSB;label=32;scalar=64";
    class       surfaceScalarField;
    location    "5.5";
    object      phi;
}
// * * * * * * * * * * * * * * * * * * * * * * * * * * * * * * * * * * * * * //

dimensions      [0 3 -1 0 0 0 0];

oriented        oriented;

internalField   nonuniform List<scalar> 
3680
(
4.93468e-05
6.5315e-07
4.7974e-05
1.37281e-06
4.66974e-05
1.27668e-06
4.52601e-05
1.43726e-06
4.41215e-05
1.13862e-06
4.27173e-05
1.40421e-06
4.17321e-05
9.85135e-07
4.04297e-05
1.30243e-06
3.97952e-05
6.34468e-07
9.8941e-07
3.88058e-05
5.03392e-05
3.13916e-07
5.08677e-05
8.44377e-07
5.11319e-05
1.01246e-06
5.14646e-05
1.10453e-06
5.15919e-05
1.01135e-06
5.19743e-05
1.02186e-06
5.20589e-05
9.0051e-07
5.2509e-05
8.52312e-07
5.25026e-05
6.40889e-07
4.35674e-07
5.30563e-05
5.01633e-05
1.50644e-07
5.05553e-05
4.52384e-07
5.09757e-05
5.92039e-07
5.14191e-05
6.6111e-07
5.1816e-05
6.14459e-07
5.22667e-05
5.7111e-07
5.26936e-05
4.73659e-07
5.31624e-05
3.83505e-07
5.35789e-05
2.24347e-07
1.73856e-08
5.39972e-05
5.00932e-05
5.74283e-08
5.03763e-05
1.693e-07
5.07339e-05
2.34453e-07
5.11458e-05
2.49199e-07
5.15492e-05
2.1101e-07
5.19715e-05
1.48827e-07
5.23824e-05
6.27642e-08
5.28106e-05
-4.4636e-08
5.32205e-05
-1.85589e-07
-3.54238e-07
5.35921e-05
5.00738e-05
-1.63597e-08
5.02912e-05
-4.81297e-08
5.0611e-05
-8.53354e-08
5.09886e-05
-1.28365e-07
5.138e-05
-1.80445e-07
5.1774e-05
-2.45098e-07
5.21646e-05
-3.27897e-07
5.25509e-05
-4.30958e-07
5.29206e-05
-5.55266e-07
-7.00342e-07
5.32667e-05
5.00732e-05
-8.95276e-08
5.02829e-05
-2.57883e-07
5.05978e-05
-4.00165e-07
5.09652e-05
-4.95848e-07
5.13443e-05
-5.59539e-07
5.17215e-05
-6.22299e-07
5.20914e-05
-6.97733e-07
5.24525e-05
-7.92089e-07
5.28022e-05
-9.04975e-07
-1.0321e-06
5.3134e-05
5.00942e-05
-1.83733e-07
5.03556e-05
-5.19272e-07
5.06983e-05
-7.42846e-07
5.10683e-05
-8.65841e-07
5.14407e-05
-9.31987e-07
5.18046e-05
-9.86181e-07
5.21614e-05
-1.05458e-06
5.25129e-05
-1.14358e-06
5.2854e-05
-1.24601e-06
-1.35372e-06
5.31756e-05
5.01665e-05
-3.50219e-07
5.05181e-05
-8.70853e-07
5.09209e-05
-1.14567e-06
5.12998e-05
-1.24471e-06
5.16487e-05
-1.28093e-06
5.19863e-05
-1.32373e-06
5.23203e-05
-1.38865e-06
5.2642e-05
-1.46524e-06
5.29375e-05
-1.54148e-06
-1.61187e-06
5.31956e-05
5.03676e-05
-7.17848e-07
5.08005e-05
-1.3037e-06
5.10993e-05
-1.44448e-06
5.12769e-05
-1.42236e-06
5.14057e-05
-1.40971e-06
5.15047e-05
-1.42272e-06
5.15565e-05
-1.44046e-06
5.15445e-05
-1.45324e-06
5.14604e-05
-1.4574e-06
-1.45629e-06
5.13048e-05
4.92822e-05
4.79785e-05
4.6534e-05
4.51116e-05
4.37019e-05
4.22792e-05
4.08387e-05
3.93855e-05
3.79281e-05
3.64718e-05
1.43522e-08
-1.43522e-08
1.07464e-08
3.60578e-09
-7.9745e-09
1.87209e-08
-3.64626e-08
2.84881e-08
-7.1928e-08
3.54654e-08
-1.13069e-07
4.11411e-08
-1.59481e-07
4.64121e-08
-2.10907e-07
5.14258e-08
-2.67054e-07
5.61474e-08
-3.2759e-07
6.05358e-08
-3.92152e-07
6.45617e-08
-4.60364e-07
6.82122e-08
-5.31851e-07
7.14872e-08
-6.06246e-07
7.43949e-08
-6.83196e-07
7.69497e-08
-7.62367e-07
7.91712e-08
-8.4345e-07
8.10825e-08
-9.26157e-07
8.27073e-08
-1.01023e-06
8.40713e-08
-1.09544e-06
8.52102e-08
-1.18161e-06
8.61684e-08
-1.2686e-06
8.69968e-08
-1.35635e-06
8.77512e-08
-1.44485e-06
8.84904e-08
-1.53412e-06
8.92764e-08
-1.6243e-06
9.01789e-08
-1.71558e-06
9.12767e-08
-1.80823e-06
9.26514e-08
-1.90261e-06
9.43802e-08
-1.99915e-06
9.65377e-08
-2.09834e-06
9.91893e-08
-2.20073e-06
1.02392e-07
-2.30693e-06
1.062e-07
-2.41762e-06
1.10692e-07
-2.53362e-06
1.15996e-07
-2.65592e-06
1.22303e-07
-2.7858e-06
1.29885e-07
-2.92492e-06
1.39117e-07
-3.07541e-06
1.50495e-07
-3.24006e-06
1.6464e-07
-3.42234e-06
1.82282e-07
-3.62652e-06
2.04178e-07
-3.85744e-06
2.30927e-07
-4.12014e-06
2.62693e-07
-4.41903e-06
2.98897e-07
-4.75704e-06
3.38004e-07
-5.13446e-06
3.77427e-07
-5.54826e-06
4.13798e-07
-5.9915e-06
4.43238e-07
-6.45299e-06
4.61493e-07
-6.91775e-06
4.64758e-07
-7.36836e-06
4.50609e-07
-7.78622e-06
4.17858e-07
-8.1523e-06
3.66086e-07
-8.44923e-06
2.96925e-07
-8.66403e-06
2.14799e-07
-8.78354e-06
1.19514e-07
-8.79414e-06
1.05956e-08
-8.69736e-06
-9.67709e-08
-8.49033e-06
-2.07037e-07
-8.17228e-06
-3.18052e-07
-7.74732e-06
-4.24959e-07
-7.22091e-06
-5.26403e-07
-6.60275e-06
-6.18161e-07
-5.90153e-06
-7.01226e-07
-5.12824e-06
-7.73286e-07
-4.29527e-06
-8.32967e-07
-3.4134e-06
-8.81878e-07
-2.49783e-06
-9.15567e-07
-1.55843e-06
-9.39397e-07
-6.09835e-07
-9.48596e-07
3.40984e-07
-9.50819e-07
1.28021e-06
-9.39222e-07
2.20443e-06
-9.24221e-07
3.09986e-06
-8.95435e-07
3.9676e-06
-8.67743e-07
4.79456e-06
-8.26956e-07
5.58669e-06
-7.9213e-07
6.33133e-06
-7.44637e-07
7.03954e-06
-7.08217e-07
7.69845e-06
-6.5891e-07
8.32439e-06
-6.25936e-07
8.90355e-06
-5.79154e-07
9.45761e-06
-5.54064e-07
9.97139e-06
-5.13777e-07
1.0472e-05
-5.00571e-07
1.09422e-05
-4.70225e-07
1.14166e-05
-4.7437e-07
1.18745e-05
-4.57929e-07
-4.99079e-07
-1.10315e-08
-3.32071e-09
-6.49621e-08
5.75365e-08
-1.48933e-07
1.02692e-07
-2.54849e-07
1.34404e-07
-3.77837e-07
1.58454e-07
-5.1552e-07
1.78824e-07
-6.66234e-07
1.97126e-07
-8.28497e-07
2.13689e-07
-1.0009e-06
2.28553e-07
-1.1821e-06
2.4173e-07
-1.37078e-06
2.53248e-07
-1.56573e-06
2.63156e-07
-1.76578e-06
2.71536e-07
-1.96988e-06
2.78496e-07
-2.17709e-06
2.84159e-07
-2.38658e-06
2.88663e-07
-2.59765e-06
2.92152e-07
-2.80971e-06
2.94773e-07
-3.02232e-06
2.96674e-07
-3.23513e-06
2.98026e-07
-3.44798e-06
2.99016e-07
-3.66083e-06
2.99843e-07
-3.87379e-06
3.00712e-07
-4.08713e-06
3.01828e-07
-4.30125e-06
3.03397e-07
-4.5167e-06
3.05634e-07
-4.7342e-06
3.08771e-07
-4.95458e-06
3.13034e-07
-5.17882e-06
3.18625e-07
-5.40801e-06
3.25727e-07
-5.64331e-06
3.3449e-07
-5.88595e-06
3.45029e-07
-6.13718e-06
3.57427e-07
-6.39826e-06
3.71774e-07
-6.67046e-06
3.88194e-07
-6.955e-06
4.06848e-07
-7.25302e-06
4.27905e-07
-7.56545e-06
4.51541e-07
-7.89288e-06
4.77931e-07
-8.23545e-06
5.07211e-07
-8.59259e-06
5.39423e-07
-8.96285e-06
5.74436e-07
-9.34364e-06
6.11711e-07
-9.73087e-06
6.49931e-07
-1.01187e-05
6.8668e-07
-1.04992e-05
7.18538e-07
-1.08627e-05
7.40928e-07
-1.11977e-05
7.48815e-07
-1.1492e-05
7.37543e-07
-1.17327e-05
7.0217e-07
-1.19063e-05
6.38369e-07
-1.20001e-05
5.4437e-07
-1.20027e-05
4.20445e-07
-1.19048e-05
2.68248e-07
-1.16943e-05
8.63618e-08
-1.13691e-05
-1.10401e-07
-1.09303e-05
-3.19193e-07
-1.03794e-05
-5.40357e-07
-9.70889e-06
-7.67274e-07
-8.92446e-06
-9.9147e-07
-8.03114e-06
-1.21136e-06
-7.03706e-06
-1.41905e-06
-5.94945e-06
-1.614e-06
-4.78075e-06
-1.78687e-06
-3.54009e-06
-1.94189e-06
-2.24117e-06
-2.0722e-06
-8.95136e-07
-2.179e-06
4.82913e-07
-2.25993e-06
1.8829e-06
-2.31555e-06
3.29336e-06
-2.34986e-06
4.70316e-06
-2.3584e-06
6.10314e-06
-2.3508e-06
7.48195e-06
-2.31803e-06
8.83403e-06
-2.2763e-06
1.01498e-05
-2.2112e-06
1.14269e-05
-2.14489e-06
1.26576e-05
-2.05762e-06
1.38429e-05
-1.97743e-06
1.49766e-05
-1.87838e-06
1.60632e-05
-1.79476e-06
1.70978e-05
-1.69355e-06
1.80881e-05
-1.61617e-06
1.90302e-05
-1.52124e-06
1.9935e-05
-1.45886e-06
2.07987e-05
-1.37756e-06
2.16368e-05
-1.3386e-06
2.24442e-05
-1.27764e-06
2.32419e-05
-1.27206e-06
2.40221e-05
-1.23816e-06
-1.26957e-06
-5.03628e-08
4.70421e-08
-1.87407e-07
1.94581e-07
-3.70524e-07
2.85809e-07
-5.80812e-07
3.44692e-07
-8.09345e-07
3.86987e-07
-1.05364e-06
4.23121e-07
-1.31205e-06
4.55538e-07
-1.582e-06
4.83634e-07
-1.86083e-06
5.07382e-07
-2.14607e-06
5.26975e-07
-2.4355e-06
5.42672e-07
-2.72713e-06
5.54787e-07
-3.01928e-06
5.63689e-07
-3.31055e-06
5.69762e-07
-3.59978e-06
5.73391e-07
-3.88607e-06
5.74958e-07
-4.16875e-06
5.74826e-07
-4.44732e-06
5.73347e-07
-4.72145e-06
5.70806e-07
-4.99098e-06
5.67552e-07
-5.2559e-06
5.63936e-07
-5.51635e-06
5.60295e-07
-5.77258e-06
5.56945e-07
-6.02494e-06
5.54183e-07
-6.27381e-06
5.52272e-07
-6.51965e-06
5.51466e-07
-6.7629e-06
5.52022e-07
-7.00404e-06
5.54175e-07
-7.24348e-06
5.58068e-07
-7.48155e-06
5.63798e-07
-7.71844e-06
5.71384e-07
-7.95417e-06
5.80759e-07
-8.18852e-06
5.91773e-07
-8.42097e-06
6.04226e-07
-8.65072e-06
6.1794e-07
-8.87662e-06
6.32747e-07
-9.09714e-06
6.48425e-07
-9.31022e-06
6.64624e-07
-9.51323e-06
6.80942e-07
-9.70288e-06
6.96859e-07
-9.87511e-06
7.11658e-07
-1.00252e-05
7.24492e-07
-1.01475e-05
7.34011e-07
-1.02357e-05
7.38189e-07
-1.02829e-05
7.33828e-07
-1.02815e-05
7.17211e-07
-1.02239e-05
6.83284e-07
-1.01015e-05
6.26439e-07
-9.90743e-06
5.43448e-07
-9.63611e-06
4.30847e-07
-9.28213e-06
2.84393e-07
-8.83972e-06
1.0196e-07
-8.30726e-06
-1.1202e-07
-7.68638e-06
-3.52628e-07
-6.97711e-06
-6.22915e-07
-6.17511e-06
-9.12396e-07
-5.27816e-06
-1.21615e-06
-4.29415e-06
-1.52437e-06
-3.2264e-06
-1.83501e-06
-2.08101e-06
-2.13687e-06
-8.62478e-07
-2.42989e-06
4.19707e-07
-2.70123e-06
1.75672e-06
-2.95102e-06
3.14094e-06
-3.17109e-06
4.56453e-06
-3.36547e-06
6.01495e-06
-3.52263e-06
7.48547e-06
-3.64952e-06
8.96434e-06
-3.73879e-06
1.04443e-05
-3.79547e-06
1.19134e-05
-3.819e-06
1.33652e-05
-3.81019e-06
1.47898e-05
-3.77543e-06
1.61826e-05
-3.71082e-06
1.75357e-05
-3.62939e-06
1.88466e-05
-3.52214e-06
2.01101e-05
-3.40836e-06
2.13256e-05
-3.27309e-06
2.24903e-05
-3.14214e-06
2.36054e-05
-2.99347e-06
2.46706e-05
-2.85993e-06
2.56882e-05
-2.71115e-06
2.66602e-05
-2.58821e-06
2.75898e-05
-2.45084e-06
2.84814e-05
-2.35042e-06
2.93381e-05
-2.23435e-06
3.01669e-05
-2.16739e-06
3.09709e-05
-2.0816e-06
3.17574e-05
-2.05862e-06
3.25294e-05
-2.01011e-06
-2.04597e-06
-1.38635e-07
1.85677e-07
-3.93322e-07
4.49268e-07
-6.87535e-07
5.80022e-07
-9.99046e-07
6.56202e-07
-1.3256e-06
7.13537e-07
-1.66431e-06
7.61839e-07
-2.01015e-06
8.01372e-07
-2.35833e-06
8.31819e-07
-2.70482e-06
8.53872e-07
-3.04656e-06
8.68715e-07
-3.38107e-06
8.77177e-07
-3.70644e-06
8.80157e-07
-4.02132e-06
8.7857e-07
-4.32477e-06
8.73218e-07
-4.6162e-06
8.64817e-07
-4.89526e-06
8.54013e-07
-5.1618e-06
8.4137e-07
-5.41582e-06
8.27371e-07
-5.65745e-06
8.12434e-07
-5.88688e-06
7.96979e-07
-6.10434e-06
7.81397e-07
-6.31008e-06
7.66039e-07
-6.50435e-06
7.51211e-07
-6.68734e-06
7.37176e-07
-6.85919e-06
7.2412e-07
-7.0199e-06
7.12181e-07
-7.16939e-06
7.01503e-07
-7.30746e-06
6.9225e-07
-7.43377e-06
6.84374e-07
-7.54775e-06
6.7778e-07
-7.64865e-06
6.7228e-07
-7.73546e-06
6.67571e-07
-7.80692e-06
6.63237e-07
-7.86146e-06
6.5876e-07
-7.89715e-06
6.53634e-07
-7.91187e-06
6.47462e-07
-7.9031e-06
6.39656e-07
-7.86792e-06
6.29448e-07
-7.80298e-06
6.16003e-07
-7.70449e-06
5.98368e-07
-7.56816e-06
5.75325e-07
-7.38907e-06
5.45408e-07
-7.16194e-06
5.06875e-07
-6.88217e-06
4.58419e-07
-6.54454e-06
3.96198e-07
-6.14423e-06
3.16906e-07
-5.67743e-06
2.16485e-07
-5.13898e-06
8.79873e-08
-4.52699e-06
-6.85431e-08
-3.84292e-06
-2.53227e-07
-3.08475e-06
-4.7377e-07
-2.25514e-06
-7.27653e-07
-1.35231e-06
-1.01485e-06
-3.76682e-07
-1.32826e-06
6.68458e-07
-1.66806e-06
1.77769e-06
-2.02163e-06
2.94962e-06
-2.38807e-06
4.17939e-06
-2.75414e-06
5.46454e-06
-3.12016e-06
6.79796e-06
-3.47029e-06
8.17571e-06
-3.80765e-06
9.58901e-06
-4.11453e-06
1.10346e-05
-4.3966e-06
1.25009e-05
-4.63736e-06
1.39818e-05
-4.84642e-06
1.54673e-05
-5.00809e-06
1.69505e-05
-5.13273e-06
1.8421e-05
-5.20933e-06
1.98734e-05
-5.24785e-06
2.12969e-05
-5.24248e-06
2.26884e-05
-5.20167e-06
2.40379e-05
-5.12502e-06
2.53452e-05
-5.01803e-06
2.66016e-05
-4.88583e-06
2.78093e-05
-4.72984e-06
2.89617e-05
-4.5608e-06
3.00632e-05
-4.37452e-06
3.11088e-05
-4.1878e-06
3.21048e-05
-3.98943e-06
3.30478e-05
-3.803e-06
3.39455e-05
-3.60881e-06
3.47958e-05
-3.43853e-06
3.56074e-05
-3.26245e-06
3.63791e-05
-3.12207e-06
3.71206e-05
-2.97582e-06
3.78305e-05
-2.87735e-06
3.852e-05
-2.77108e-06
3.91871e-05
-2.72575e-06
3.9847e-05
-2.66996e-06
-2.6934e-06
-1.95741e-07
3.81419e-07
-5.66792e-07
8.20318e-07
-9.8525e-07
9.9848e-07
-1.41284e-06
1.08379e-06
-1.83329e-06
1.13398e-06
-2.23788e-06
1.16643e-06
-2.6229e-06
1.18639e-06
-2.98726e-06
1.19618e-06
-3.32923e-06
1.19584e-06
-3.64738e-06
1.18686e-06
-3.9411e-06
1.1709e-06
-4.21035e-06
1.14941e-06
-4.45547e-06
1.12368e-06
-4.67706e-06
1.09481e-06
-4.87592e-06
1.06367e-06
-5.05292e-06
1.03101e-06
-5.20897e-06
9.97421e-07
-5.34494e-06
9.63347e-07
-5.46162e-06
9.29113e-07
-5.55972e-06
8.95074e-07
-5.63985e-06
8.6153e-07
-5.70252e-06
8.28708e-07
-5.74808e-06
7.96771e-07
-5.77674e-06
7.65833e-07
-5.78852e-06
7.35909e-07
-5.78326e-06
7.06912e-07
-5.76049e-06
6.7874e-07
-5.71977e-06
6.51522e-07
-5.66035e-06
6.24954e-07
-5.58128e-06
5.98713e-07
-5.48141e-06
5.72413e-07
-5.35938e-06
5.45536e-07
-5.21358e-06
5.17442e-07
-5.04218e-06
4.87358e-07
-4.84294e-06
4.54401e-07
-4.61363e-06
4.18145e-07
-4.35181e-06
3.77837e-07
-4.05469e-06
3.32328e-07
-3.71914e-06
2.80455e-07
-3.34176e-06
2.20985e-07
-2.91872e-06
1.52286e-07
-2.44575e-06
7.24413e-08
-1.91808e-06
-2.07941e-08
-1.33528e-06
-1.24384e-07
-6.92327e-07
-2.46753e-07
1.30508e-08
-3.88472e-07
7.85289e-07
-5.55752e-07
1.62167e-06
-7.48396e-07
2.52348e-06
-9.70349e-07
3.492e-06
-1.22175e-06
4.52451e-06
-1.50628e-06
5.6173e-06
-1.82044e-06
6.76763e-06
-2.16518e-06
7.9713e-06
-2.53193e-06
9.22468e-06
-2.92143e-06
1.05234e-05
-3.32039e-06
1.18647e-05
-3.72934e-06
1.32426e-05
-4.13205e-06
1.46532e-05
-4.53074e-06
1.60894e-05
-4.9065e-06
1.75456e-05
-5.26382e-06
1.90138e-05
-5.58275e-06
2.04877e-05
-5.87054e-06
2.19584e-05
-6.10806e-06
2.34184e-05
-6.30641e-06
2.48589e-05
-6.44853e-06
2.62738e-05
-6.54763e-06
2.76542e-05
-6.58976e-06
2.89965e-05
-6.59013e-06
3.02922e-05
-6.53818e-06
3.15404e-05
-6.44995e-06
3.27338e-05
-6.31833e-06
3.38744e-05
-6.15867e-06
3.49558e-05
-5.96726e-06
3.59833e-05
-5.75731e-06
3.6951e-05
-5.52853e-06
3.7867e-05
-5.29045e-06
3.87256e-05
-5.04648e-06
3.95373e-05
-4.80109e-06
4.02963e-05
-4.56204e-06
4.1015e-05
-4.32752e-06
4.16872e-05
-4.11065e-06
4.23269e-05
-3.90218e-06
4.29268e-05
-3.72195e-06
4.35029e-05
-3.55196e-06
4.40461e-05
-3.42057e-06
4.45746e-05
-3.29957e-06
4.5077e-05
-3.22815e-06
4.55733e-05
-3.16627e-06
-3.17198e-06
-4.2199e-07
8.03409e-07
-9.62152e-07
1.36048e-06
-1.45504e-06
1.49137e-06
-1.88874e-06
1.51749e-06
-2.28468e-06
1.52993e-06
-2.64805e-06
1.5298e-06
-2.97431e-06
1.51265e-06
-3.25754e-06
1.47941e-06
-3.49437e-06
1.43267e-06
-3.68704e-06
1.37954e-06
-3.83865e-06
1.32251e-06
-3.95226e-06
1.26302e-06
-4.0309e-06
1.20232e-06
-4.07742e-06
1.14133e-06
-4.09442e-06
1.08068e-06
-4.08427e-06
1.02086e-06
-4.04908e-06
9.62228e-07
-3.99069e-06
9.04957e-07
-3.91059e-06
8.49016e-07
-3.81005e-06
7.94533e-07
-3.69009e-06
7.41569e-07
-3.55148e-06
6.90102e-07
-3.39473e-06
6.40019e-07
-3.2201e-06
5.91198e-07
-3.02757e-06
5.43379e-07
-2.81686e-06
4.96203e-07
-2.58723e-06
4.49109e-07
-2.3382e-06
4.02501e-07
-2.06871e-06
3.5546e-07
-1.77751e-06
3.07512e-07
-1.46323e-06
2.5813e-07
-1.12428e-06
2.06586e-07
-7.58851e-07
1.52016e-07
-3.64826e-07
9.33322e-08
6.06506e-08
2.89253e-08
5.18884e-07
-4.00889e-08
1.01182e-06
-1.15095e-07
1.54264e-06
-1.98501e-07
2.11423e-06
-2.91127e-07
2.72945e-06
-3.94241e-07
3.39122e-06
-5.09485e-07
4.10187e-06
-6.3821e-07
4.86324e-06
-7.82162e-07
5.68135e-06
-9.42495e-07
6.55734e-06
-1.12275e-06
7.49294e-06
-1.32407e-06
8.48781e-06
-1.55062e-06
9.54209e-06
-1.80268e-06
1.06548e-05
-2.08309e-06
1.18237e-05
-2.39066e-06
1.30455e-05
-2.72799e-06
1.43155e-05
-3.09046e-06
1.56293e-05
-3.47905e-06
1.69818e-05
-3.88439e-06
1.83671e-05
-4.30669e-06
1.97793e-05
-4.73259e-06
2.12121e-05
-5.1622e-06
2.26591e-05
-5.57898e-06
2.41125e-05
-5.9842e-06
2.55652e-05
-6.35914e-06
2.70086e-05
-6.70731e-06
2.84352e-05
-7.00931e-06
2.98367e-05
-7.27203e-06
3.12054e-05
-7.47677e-06
3.25341e-05
-7.63511e-06
3.38161e-05
-7.73047e-06
3.50468e-05
-7.7784e-06
3.62211e-05
-7.76404e-06
3.73374e-05
-7.7064e-06
3.83916e-05
-7.5924e-06
3.93852e-05
-7.44359e-06
4.03153e-05
-7.2484e-06
4.11862e-05
-7.02958e-06
4.19956e-05
-6.77662e-06
4.27504e-05
-6.51209e-06
4.34481e-05
-6.22624e-06
4.40979e-05
-5.94023e-06
4.46964e-05
-5.64505e-06
4.52548e-05
-5.35947e-06
4.57683e-05
-5.07557e-06
4.62498e-05
-4.80898e-06
4.66927e-05
-4.55354e-06
4.71115e-05
-4.32103e-06
4.74976e-05
-4.10798e-06
4.78673e-05
-3.92165e-06
4.82091e-05
-3.7624e-06
4.85416e-05
-3.63209e-06
4.88499e-05
-3.53642e-06
4.91545e-05
-3.47087e-06
-3.45442e-06
-2.66691e-07
1.0701e-06
-8.61513e-07
1.9553e-06
-1.48049e-06
2.11035e-06
-1.99834e-06
2.03533e-06
-2.38794e-06
1.91952e-06
-2.65226e-06
1.79413e-06
-2.80922e-06
1.6696e-06
-2.87921e-06
1.5494e-06
-2.87965e-06
1.43311e-06
-2.82169e-06
1.32158e-06
-2.71373e-06
1.21455e-06
-2.5625e-06
1.11179e-06
-2.3738e-06
1.01362e-06
-2.15261e-06
9.20136e-07
-1.90313e-06
8.31197e-07
-1.62888e-06
7.46618e-07
-1.33284e-06
6.66181e-07
-1.01742e-06
5.89543e-07
-6.84414e-07
5.16006e-07
-3.35391e-07
4.4551e-07
2.84962e-08
3.77681e-07
4.06517e-07
3.12081e-07
7.9821e-07
2.48326e-07
1.20345e-06
1.85957e-07
1.62253e-06
1.24298e-07
2.05631e-06
6.24272e-08
2.50677e-06
-1.35508e-09
2.97248e-06
-6.32096e-08
3.45603e-06
-1.28083e-07
3.95904e-06
-1.955e-07
4.48323e-06
-2.66059e-07
5.03053e-06
-3.40712e-07
5.60293e-06
-4.20391e-07
6.20243e-06
-5.06167e-07
6.83027e-06
-5.98909e-07
7.48965e-06
-6.99477e-07
8.18353e-06
-8.08966e-07
8.91392e-06
-9.28892e-07
9.68318e-06
-1.0604e-06
1.04938e-05
-1.20484e-06
1.13479e-05
-1.36355e-06
1.22476e-05
-1.53797e-06
1.31951e-05
-1.72966e-06
1.41925e-05
-1.93987e-06
1.52403e-05
-2.17054e-06
1.63392e-05
-2.42299e-06
1.74879e-05
-2.69932e-06
1.8685e-05
-2.99974e-06
1.99275e-05
-3.32561e-06
2.1212e-05
-3.67517e-06
2.2533e-05
-4.04904e-06
2.38852e-05
-4.4426e-06
2.5261e-05
-4.85493e-06
2.6654e-05
-5.27733e-06
2.8055e-05
-5.70767e-06
2.94566e-05
-6.1342e-06
3.08491e-05
-6.55475e-06
3.22249e-05
-6.9548e-06
3.35741e-05
-7.33333e-06
3.4889e-05
-7.6741e-06
3.61605e-05
-7.97877e-06
3.73821e-05
-8.23094e-06
3.85465e-05
-8.43636e-06
3.96486e-05
-8.57892e-06
4.06836e-05
-8.67012e-06
4.16489e-05
-8.69578e-06
4.25436e-05
-8.67305e-06
4.33675e-05
-8.58798e-06
4.41227e-05
-8.46157e-06
4.48104e-05
-8.28009e-06
4.54351e-05
-8.06831e-06
4.59989e-05
-7.81216e-06
4.65082e-05
-7.5389e-06
4.69649e-05
-7.23334e-06
4.73769e-05
-6.92407e-06
4.77449e-05
-6.59431e-06
4.80779e-05
-6.27314e-06
4.83748e-05
-5.94205e-06
4.86454e-05
-5.63e-06
4.88867e-05
-5.31694e-06
4.91091e-05
-5.03137e-06
4.93077e-05
-4.75206e-06
4.94935e-05
-4.50683e-06
4.96592e-05
-4.27375e-06
4.98173e-05
-4.07977e-06
4.99578e-05
-3.90286e-06
5.00946e-05
-3.76885e-06
5.02144e-05
-3.65628e-06
5.03326e-05
-3.58903e-06
-3.55084e-06
-1.49288e-06
2.56298e-06
-1.94303e-06
2.40545e-06
-2.10792e-06
2.27525e-06
-2.12436e-06
2.05177e-06
-2.01226e-06
1.80742e-06
-1.79558e-06
1.57745e-06
-1.49359e-06
1.36761e-06
-1.12083e-06
1.17663e-06
-6.89894e-07
1.00218e-06
-2.13247e-07
8.44931e-07
2.99895e-07
7.01407e-07
8.41617e-07
5.70072e-07
1.40518e-06
4.50063e-07
1.98545e-06
3.39861e-07
2.57851e-06
2.38143e-07
3.18112e-06
1.44004e-07
3.79033e-06
5.69659e-08
4.4045e-06
-2.4624e-08
5.02413e-06
-1.03621e-07
5.64713e-06
-1.77491e-07
6.27298e-06
-2.48168e-07
6.90176e-06
-3.167e-07
7.53389e-06
-3.83802e-07
8.16971e-06
-4.49866e-07
8.80988e-06
-5.15874e-07
9.45611e-06
-5.83799e-07
1.01084e-05
-6.53655e-07
1.07709e-05
-7.25737e-07
1.14443e-05
-8.01496e-07
1.21307e-05
-8.81864e-07
1.28322e-05
-9.67537e-07
1.3551e-05
-1.05952e-06
1.42892e-05
-1.15864e-06
1.50491e-05
-1.26602e-06
1.58327e-05
-1.38252e-06
1.66425e-05
-1.50929e-06
1.74807e-05
-1.6471e-06
1.83491e-05
-1.79732e-06
1.92496e-05
-1.96086e-06
2.01838e-05
-2.13911e-06
2.11532e-05
-2.3329e-06
2.21588e-05
-2.54362e-06
2.32012e-05
-2.77209e-06
2.42809e-05
-3.01956e-06
2.5397e-05
-3.28662e-06
2.65482e-05
-3.57421e-06
2.77316e-05
-3.88264e-06
2.89438e-05
-4.21196e-06
3.01797e-05
-4.56151e-06
3.14341e-05
-4.92959e-06
3.26993e-05
-5.31423e-06
3.39684e-05
-5.71165e-06
3.5232e-05
-6.11854e-06
3.64816e-05
-6.527e-06
3.77066e-05
-6.9326e-06
3.88986e-05
-7.32626e-06
4.0047e-05
-7.70309e-06
4.11444e-05
-8.05221e-06
4.21812e-05
-8.37011e-06
4.31522e-05
-8.64508e-06
4.40501e-05
-8.87676e-06
4.48727e-05
-9.05353e-06
4.5616e-05
-9.17964e-06
4.62809e-05
-9.24383e-06
4.68666e-05
-9.25578e-06
4.7376e-05
-9.20524e-06
4.78131e-05
-9.11011e-06
4.81834e-05
-8.95834e-06
4.84926e-05
-8.77074e-06
4.87467e-05
-8.53418e-06
4.89528e-05
-8.27438e-06
4.91163e-05
-7.97565e-06
4.92449e-05
-7.66754e-06
4.93425e-05
-7.3309e-06
4.94167e-05
-6.99834e-06
4.94692e-05
-6.6468e-06
4.95076e-05
-6.31149e-06
4.95308e-05
-5.9653e-06
4.95466e-05
-5.64579e-06
4.95516e-05
-5.32192e-06
4.95537e-05
-5.03347e-06
4.95473e-05
-4.74566e-06
4.95409e-05
-4.50043e-06
4.95267e-05
-4.25955e-06
4.9514e-05
-4.06707e-06
4.94928e-05
-3.88169e-06
4.94735e-05
-3.74949e-06
4.94438e-05
-3.62661e-06
4.94157e-05
-3.56095e-06
-3.50254e-06
-8.94415e-07
3.4574e-06
-7.4158e-07
2.25261e-06
-2.53262e-07
1.78693e-06
4.55875e-07
1.34264e-06
1.32061e-06
9.42693e-07
2.27485e-06
6.23206e-07
3.27223e-06
3.70232e-07
4.28526e-06
1.63601e-07
5.30056e-06
-1.31263e-08
6.30224e-06
-1.56746e-07
7.29327e-06
-2.89621e-07
8.27035e-06
-4.07011e-07
9.22953e-06
-5.09115e-07
1.017e-05
-6.00575e-07
1.10914e-05
-6.8328e-07
1.19939e-05
-7.58477e-07
1.28782e-05
-8.27329e-07
1.37448e-05
-8.91257e-07
1.45929e-05
-9.51684e-07
1.54245e-05
-1.00909e-06
1.62408e-05
-1.06455e-06
1.70434e-05
-1.11927e-06
1.78339e-05
-1.17425e-06
1.8614e-05
-1.22997e-06
1.93861e-05
-1.28805e-06
2.01521e-05
-1.34978e-06
2.09143e-05
-1.41581e-06
2.16754e-05
-1.48689e-06
2.24377e-05
-1.5638e-06
2.32035e-05
-1.64761e-06
2.39751e-05
-1.73915e-06
2.47549e-05
-1.83936e-06
2.55452e-05
-1.94887e-06
2.63478e-05
-2.06866e-06
2.71647e-05
-2.19943e-06
2.79976e-05
-2.34221e-06
2.88481e-05
-2.49758e-06
2.97174e-05
-2.66658e-06
3.06063e-05
-2.84978e-06
3.15154e-05
-3.04824e-06
3.24449e-05
-3.26232e-06
3.33942e-05
-3.49296e-06
3.43624e-05
-3.74032e-06
3.53484e-05
-4.00549e-06
3.63494e-05
-4.28764e-06
3.73622e-05
-4.58702e-06
3.83823e-05
-4.90275e-06
3.94047e-05
-5.23431e-06
4.04227e-05
-5.57952e-06
4.14296e-05
-5.93654e-06
4.24171e-05
-6.30173e-06
4.33771e-05
-6.67164e-06
4.42996e-05
-7.04098e-06
4.51769e-05
-7.40433e-06
4.59996e-05
-7.75534e-06
4.6761e-05
-8.08767e-06
4.74529e-05
-8.39496e-06
4.80711e-05
-8.67044e-06
4.86101e-05
-8.9091e-06
4.90695e-05
-9.10447e-06
4.94471e-05
-9.25433e-06
4.97464e-05
-9.3529e-06
4.99688e-05
-9.40194e-06
5.01211e-05
-9.39623e-06
5.02078e-05
-9.34246e-06
5.02382e-05
-9.2356e-06
5.02178e-05
-9.08971e-06
5.01569e-05
-8.8974e-06
5.00616e-05
-8.67545e-06
4.9941e-05
-8.41357e-06
4.98007e-05
-8.1341e-06
4.96474e-05
-7.82238e-06
4.9486e-05
-7.50611e-06
4.93201e-05
-7.16502e-06
4.9154e-05
-6.83225e-06
4.89883e-05
-6.48105e-06
4.8827e-05
-6.15025e-06
4.86678e-05
-5.80605e-06
4.85154e-05
-5.4934e-06
4.83645e-05
-5.17106e-06
4.82214e-05
-4.89036e-06
4.80781e-05
-4.60231e-06
4.79425e-05
-4.36484e-06
4.78039e-05
-4.12098e-06
4.76724e-05
-3.93558e-06
4.75343e-05
-3.74363e-06
4.74018e-05
-3.61697e-06
4.72581e-05
-3.48285e-06
4.71173e-05
-3.42018e-06
-3.34517e-06
3.64868e-06
-1.91285e-07
6.3686e-06
-4.67307e-07
8.77371e-06
-6.18181e-07
1.08881e-05
-7.71795e-07
1.27549e-05
-9.24013e-07
1.4438e-05
-1.05996e-06
1.59823e-05
-1.17409e-06
1.74052e-05
-1.25922e-06
1.87309e-05
-1.33888e-06
1.99834e-05
-1.40921e-06
2.11643e-05
-1.47058e-06
2.22819e-05
-1.52455e-06
2.33446e-05
-1.57189e-06
2.43577e-05
-1.61362e-06
2.53251e-05
-1.65074e-06
2.62507e-05
-1.68406e-06
2.71379e-05
-1.71445e-06
2.79894e-05
-1.74279e-06
2.88078e-05
-1.77014e-06
2.95962e-05
-1.79748e-06
3.03574e-05
-1.82573e-06
3.1094e-05
-1.8559e-06
3.18088e-05
-1.88897e-06
3.25047e-05
-1.92593e-06
3.31845e-05
-1.96785e-06
3.38505e-05
-2.01576e-06
3.45052e-05
-2.07053e-06
3.51512e-05
-2.1329e-06
3.57909e-05
-2.20351e-06
3.64265e-05
-2.28317e-06
3.706e-05
-2.37264e-06
3.76935e-05
-2.47286e-06
3.83285e-05
-2.5839e-06
3.89664e-05
-2.70658e-06
3.96084e-05
-2.84144e-06
4.02553e-05
-2.98909e-06
4.09077e-05
-3.14994e-06
4.15656e-05
-3.32454e-06
4.2229e-05
-3.51316e-06
4.28971e-05
-3.71628e-06
4.35687e-05
-3.93397e-06
4.42422e-05
-4.1665e-06
4.49155e-05
-4.41361e-06
4.55853e-05
-4.67527e-06
4.62482e-05
-4.95055e-06
4.69e-05
-5.23885e-06
4.75359e-05
-5.53858e-06
4.81501e-05
-5.84851e-06
4.87365e-05
-6.16599e-06
4.92888e-05
-6.48879e-06
4.98e-05
-6.81298e-06
5.02636e-05
-7.13526e-06
5.06731e-05
-7.45044e-06
5.10232e-05
-7.75439e-06
5.13089e-05
-8.04108e-06
5.15274e-05
-8.30615e-06
5.16761e-05
-8.54365e-06
5.17554e-05
-8.74981e-06
5.17661e-05
-8.9198e-06
5.17128e-05
-9.05114e-06
5.15991e-05
-9.1406e-06
5.1433e-05
-9.18682e-06
5.12199e-05
-9.1889e-06
5.097e-05
-9.14628e-06
5.06891e-05
-9.06154e-06
5.03885e-05
-8.935e-06
5.00715e-05
-8.77276e-06
4.97478e-05
-8.57364e-06
4.94192e-05
-8.34688e-06
4.90938e-05
-8.08814e-06
4.87709e-05
-7.8112e-06
4.84561e-05
-7.50762e-06
4.81471e-05
-7.19707e-06
4.78475e-05
-6.86542e-06
4.75544e-05
-6.53915e-06
4.72697e-05
-6.19641e-06
4.69911e-05
-5.87161e-06
4.67186e-05
-5.53355e-06
4.64513e-05
-5.22614e-06
4.61873e-05
-4.90707e-06
4.59282e-05
-4.63124e-06
4.56692e-05
-4.34324e-06
4.5415e-05
-4.11066e-06
4.5157e-05
-3.86303e-06
4.49041e-05
-3.68265e-06
4.46425e-05
-3.48201e-06
4.43855e-05
-3.36003e-06
4.41129e-05
-3.21024e-06
4.38425e-05
-3.1497e-06
-3.05742e-06
3.85958e-05
1.87098e-08
3.85607e-05
-4.32222e-07
3.86956e-05
-7.53049e-07
3.89161e-05
-9.92286e-07
3.91843e-05
-1.19217e-06
3.94942e-05
-1.36991e-06
3.98471e-05
-1.52701e-06
4.02443e-05
-1.65643e-06
4.06654e-05
-1.75995e-06
4.11009e-05
-1.84472e-06
4.15435e-05
-1.91317e-06
4.19878e-05
-1.96878e-06
4.24296e-05
-2.01375e-06
4.28658e-05
-2.04981e-06
4.32937e-05
-2.07864e-06
4.37114e-05
-2.10179e-06
4.41177e-05
-2.12075e-06
4.45119e-05
-2.13693e-06
4.48935e-05
-2.15179e-06
4.52628e-05
-2.16673e-06
4.56201e-05
-2.18304e-06
4.59661e-05
-2.20197e-06
4.63019e-05
-2.22473e-06
4.66285e-05
-2.25249e-06
4.69469e-05
-2.28629e-06
4.72583e-05
-2.32712e-06
4.75636e-05
-2.3759e-06
4.78641e-05
-2.43338e-06
4.81608e-05
-2.50023e-06
4.84548e-05
-2.57709e-06
4.87467e-05
-2.66453e-06
4.90369e-05
-2.76308e-06
4.9326e-05
-2.87308e-06
4.96144e-05
-2.99492e-06
4.99019e-05
-3.12895e-06
5.01883e-05
-3.27547e-06
5.0473e-05
-3.43471e-06
5.07553e-05
-3.60682e-06
5.10341e-05
-3.79189e-06
5.13077e-05
-3.98993e-06
5.15745e-05
-4.20078e-06
5.18323e-05
-4.42423e-06
5.20784e-05
-4.65978e-06
5.231e-05
-4.90682e-06
5.25238e-05
-5.16439e-06
5.27163e-05
-5.43137e-06
5.28839e-05
-5.70616e-06
5.30224e-05
-5.98701e-06
5.3128e-05
-6.27157e-06
5.31966e-05
-6.55743e-06
5.3225e-05
-6.84137e-06
5.321e-05
-7.12023e-06
5.31495e-05
-7.38997e-06
5.30422e-05
-7.64703e-06
5.2888e-05
-7.88691e-06
5.2688e-05
-8.10612e-06
5.24445e-05
-8.30014e-06
5.21607e-05
-8.46607e-06
5.18413e-05
-8.60039e-06
5.14919e-05
-8.70173e-06
5.1118e-05
-8.76669e-06
5.0726e-05
-8.79487e-06
5.03208e-05
-8.7837e-06
4.99085e-05
-8.73394e-06
4.94915e-05
-8.64458e-06
4.90745e-05
-8.51798e-06
4.86567e-05
-8.3549e-06
4.82413e-05
-8.15826e-06
4.78251e-05
-7.93068e-06
4.74115e-05
-7.67453e-06
4.69951e-05
-7.39488e-06
4.65799e-05
-7.09239e-06
4.61591e-05
-6.77631e-06
4.57382e-05
-6.44444e-06
4.531e-05
-6.11101e-06
4.48816e-05
-5.768e-06
4.44459e-05
-5.43591e-06
4.40108e-05
-5.09849e-06
4.35696e-05
-4.78492e-06
4.31302e-05
-4.46769e-06
4.26865e-05
-4.18751e-06
4.22451e-05
-3.90185e-06
4.18013e-05
-3.66685e-06
4.13587e-05
-3.42045e-06
4.09154e-05
-3.23933e-06
4.04697e-05
-3.03625e-06
4.00243e-05
-2.91465e-06
3.95691e-05
-2.75511e-06
3.91146e-05
-2.69516e-06
-2.58203e-06
5.29784e-05
9.66092e-08
5.28818e-05
-3.35641e-07
5.28509e-05
-7.2211e-07
5.28726e-05
-1.014e-06
5.29157e-05
-1.23522e-06
5.29608e-05
-1.41511e-06
5.30045e-05
-1.57063e-06
5.30543e-05
-1.70628e-06
5.31156e-05
-1.82128e-06
5.31866e-05
-1.91571e-06
5.32648e-05
-1.9913e-06
5.33468e-05
-2.05079e-06
5.34301e-05
-2.09703e-06
5.35128e-05
-2.13257e-06
5.35937e-05
-2.15953e-06
5.36717e-05
-2.1798e-06
5.37461e-05
-2.1951e-06
5.38163e-05
-2.2071e-06
5.38819e-05
-2.21739e-06
5.39427e-05
-2.22755e-06
5.39987e-05
-2.23908e-06
5.40501e-05
-2.25336e-06
5.40971e-05
-2.27172e-06
5.414e-05
-2.29536e-06
5.41791e-05
-2.32538e-06
5.42147e-05
-2.36274e-06
5.42471e-05
-2.40832e-06
5.42766e-05
-2.46287e-06
5.43034e-05
-2.52703e-06
5.43276e-05
-2.60134e-06
5.43493e-05
-2.68624e-06
5.43684e-05
-2.78212e-06
5.43846e-05
-2.8893e-06
5.43977e-05
-3.00801e-06
5.44072e-05
-3.13846e-06
5.44125e-05
-3.28078e-06
5.44129e-05
-3.43506e-06
5.44073e-05
-3.60129e-06
5.43949e-05
-3.77942e-06
5.43742e-05
-3.96928e-06
5.43441e-05
-4.17062e-06
5.43028e-05
-4.38301e-06
5.4249e-05
-4.60592e-06
5.41807e-05
-4.83858e-06
5.40964e-05
-5.08007e-06
5.39942e-05
-5.32914e-06
5.38724e-05
-5.58435e-06
5.37293e-05
-5.84388e-06
5.35633e-05
-6.10562e-06
5.33732e-05
-6.36734e-06
5.31583e-05
-6.62646e-06
5.2918e-05
-6.87987e-06
5.26523e-05
-7.12433e-06
5.23617e-05
-7.3564e-06
5.20473e-05
-7.57252e-06
5.17103e-05
-7.76915e-06
5.13528e-05
-7.94263e-06
5.09764e-05
-8.08969e-06
5.05832e-05
-8.20711e-06
5.01739e-05
-8.29246e-06
4.975e-05
-8.3428e-06
4.93116e-05
-8.3565e-06
4.88588e-05
-8.33081e-06
4.83901e-05
-8.26528e-06
4.79041e-05
-8.15862e-06
4.73991e-05
-8.01294e-06
4.68728e-05
-7.82861e-06
4.6324e-05
-7.60946e-06
4.57498e-05
-7.35649e-06
4.51515e-05
-7.07621e-06
4.45275e-05
-6.77086e-06
4.38816e-05
-6.44656e-06
4.32123e-05
-6.10697e-06
4.25265e-05
-5.75861e-06
4.18219e-05
-5.40646e-06
4.11089e-05
-5.05494e-06
4.03836e-05
-4.71067e-06
3.96592e-05
-4.37406e-06
3.89291e-05
-4.05486e-06
3.82084e-05
-3.74701e-06
3.74869e-05
-3.46597e-06
3.6781e-05
-3.19598e-06
3.60767e-05
-2.96253e-06
3.53913e-05
-2.73507e-06
3.47076e-05
-2.55563e-06
3.40423e-05
-2.37094e-06
3.33773e-05
-2.24959e-06
3.27254e-05
-2.10328e-06
3.20732e-05
-2.0429e-06
-1.92418e-06
5.43166e-05
-2.22779e-07
5.45e-05
-5.19016e-07
5.46046e-05
-8.26764e-07
5.46921e-05
-1.10147e-06
5.47792e-05
-1.32235e-06
5.48601e-05
-1.49597e-06
5.49273e-05
-1.63781e-06
5.49796e-05
-1.75861e-06
5.50211e-05
-1.86282e-06
5.50565e-05
-1.95109e-06
5.50885e-05
-2.02327e-06
5.51178e-05
-2.08012e-06
5.51442e-05
-2.12343e-06
5.51671e-05
-2.15546e-06
5.5186e-05
-2.17845e-06
5.52007e-05
-2.19444e-06
5.52108e-05
-2.20528e-06
5.52164e-05
-2.21269e-06
5.52173e-05
-2.2183e-06
5.52135e-05
-2.22371e-06
5.52049e-05
-2.23047e-06
5.51915e-05
-2.24002e-06
5.51735e-05
-2.25372e-06
5.5151e-05
-2.2728e-06
5.5124e-05
-2.29838e-06
5.50926e-05
-2.3314e-06
5.5057e-05
-2.37272e-06
5.50172e-05
-2.42305e-06
5.49732e-05
-2.48302e-06
5.4925e-05
-2.55311e-06
5.48724e-05
-2.6337e-06
5.48154e-05
-2.72512e-06
5.47537e-05
-2.82761e-06
5.46871e-05
-2.94134e-06
5.46151e-05
-3.06645e-06
5.45373e-05
-3.203e-06
5.44532e-05
-3.35099e-06
5.43623e-05
-3.51037e-06
5.42639e-05
-3.68102e-06
5.41573e-05
-3.86269e-06
5.40417e-05
-4.05507e-06
5.39164e-05
-4.2577e-06
5.37805e-05
-4.46998e-06
5.36331e-05
-4.69114e-06
5.34732e-05
-4.92018e-06
5.32998e-05
-5.15582e-06
5.3112e-05
-5.39655e-06
5.29087e-05
-5.64051e-06
5.26887e-05
-5.88561e-06
5.24508e-05
-6.12948e-06
5.21937e-05
-6.36941e-06
5.19161e-05
-6.60222e-06
5.16163e-05
-6.82449e-06
5.12925e-05
-7.0326e-06
5.09429e-05
-7.22294e-06
5.05655e-05
-7.39181e-06
5.01585e-05
-7.53559e-06
4.97194e-05
-7.65063e-06
4.92459e-05
-7.73363e-06
4.8735e-05
-7.78152e-06
4.81837e-05
-7.79151e-06
4.75885e-05
-7.76125e-06
4.69465e-05
-7.68884e-06
4.62548e-05
-7.57356e-06
4.55123e-05
-7.41612e-06
4.47183e-05
-7.21896e-06
4.38743e-05
-6.98461e-06
4.29811e-05
-6.71625e-06
4.20412e-05
-6.41656e-06
4.10581e-05
-6.09311e-06
4.00381e-05
-5.75087e-06
3.89881e-05
-5.39657e-06
3.79156e-05
-5.03445e-06
3.68289e-05
-4.67195e-06
3.57346e-05
-4.3122e-06
3.46426e-05
-3.96287e-06
3.35578e-05
-3.62586e-06
3.24914e-05
-3.30768e-06
3.14448e-05
-3.00831e-06
3.043e-05
-2.73215e-06
2.94423e-05
-2.47826e-06
2.84951e-05
-2.24878e-06
2.75765e-05
-2.04395e-06
2.6703e-05
-1.86161e-06
2.58538e-05
-1.70638e-06
2.50505e-05
-1.56769e-06
2.42624e-05
-1.46146e-06
2.35188e-05
-1.3597e-06
2.27795e-05
-1.3036e-06
-1.22476e-06
5.39201e-05
-5.50728e-07
5.41741e-05
-7.73037e-07
5.43572e-05
-1.00983e-06
5.44926e-05
-1.23686e-06
5.46043e-05
-1.43412e-06
5.47041e-05
-1.59577e-06
5.4793e-05
-1.72667e-06
5.48692e-05
-1.83483e-06
5.49326e-05
-1.92624e-06
5.49851e-05
-2.0036e-06
5.50293e-05
-2.06748e-06
5.50672e-05
-2.118e-06
5.50997e-05
-2.15591e-06
5.51269e-05
-2.18266e-06
5.51486e-05
-2.20014e-06
5.51645e-05
-2.21032e-06
5.51744e-05
-2.21515e-06
5.51781e-05
-2.21642e-06
5.51756e-05
-2.21585e-06
5.5167e-05
-2.2151e-06
5.51523e-05
-2.21573e-06
5.51315e-05
-2.21923e-06
5.51048e-05
-2.22699e-06
5.50723e-05
-2.24028e-06
5.50341e-05
-2.26019e-06
5.49904e-05
-2.28768e-06
5.49412e-05
-2.32357e-06
5.48867e-05
-2.36856e-06
5.48269e-05
-2.42324e-06
5.47619e-05
-2.48803e-06
5.46914e-05
-2.56324e-06
5.46154e-05
-2.64911e-06
5.45336e-05
-2.7458e-06
5.44456e-05
-2.85341e-06
5.43512e-05
-2.97198e-06
5.42497e-05
-3.1015e-06
5.41406e-05
-3.24189e-06
5.40232e-05
-3.39299e-06
5.38967e-05
-3.55458e-06
5.37604e-05
-3.72633e-06
5.36131e-05
-3.90779e-06
5.34538e-05
-4.09839e-06
5.32812e-05
-4.29736e-06
5.30938e-05
-4.50378e-06
5.28901e-05
-4.71646e-06
5.26682e-05
-4.93392e-06
5.2426e-05
-5.15437e-06
5.21612e-05
-5.37572e-06
5.18712e-05
-5.59557e-06
5.15529e-05
-5.81118e-06
5.12028e-05
-6.01936e-06
5.08172e-05
-6.21654e-06
5.03916e-05
-6.39892e-06
4.99216e-05
-6.56258e-06
4.94023e-05
-6.70369e-06
4.88292e-05
-6.81865e-06
4.81977e-05
-6.90415e-06
4.75042e-05
-6.95709e-06
4.67453e-05
-6.9747e-06
4.5918e-05
-6.95427e-06
4.50196e-05
-6.8931e-06
4.40473e-05
-6.78898e-06
4.29992e-05
-6.64077e-06
4.18753e-05
-6.44961e-06
4.06788e-05
-6.21957e-06
3.94155e-05
-5.95573e-06
3.8093e-05
-5.6621e-06
3.67186e-05
-5.3418e-06
3.5301e-05
-4.99904e-06
3.38493e-05
-4.64136e-06
3.23756e-05
-4.27716e-06
3.08934e-05
-3.91436e-06
2.94175e-05
-3.55856e-06
2.79605e-05
-3.21497e-06
2.65353e-05
-2.88702e-06
2.51524e-05
-2.58e-06
2.38227e-05
-2.29612e-06
2.25541e-05
-2.03912e-06
2.13536e-05
-1.80778e-06
2.02261e-05
-1.60461e-06
1.91734e-05
-1.42554e-06
1.81976e-05
-1.27302e-06
1.7294e-05
-1.14031e-06
1.64635e-05
-1.03112e-06
1.56936e-05
-9.36478e-07
1.49886e-05
-8.62732e-07
1.43263e-05
-7.9918e-07
1.37218e-05
-7.55166e-07
1.31389e-05
-7.20693e-07
-6.99743e-07
5.35797e-05
-8.63761e-07
5.38478e-05
-1.04107e-06
5.40633e-05
-1.22534e-06
5.42327e-05
-1.40631e-06
5.43715e-05
-1.57285e-06
5.44921e-05
-1.71644e-06
5.46004e-05
-1.8349e-06
5.46973e-05
-1.9318e-06
5.47828e-05
-2.01171e-06
5.48569e-05
-2.07768e-06
5.49206e-05
-2.13115e-06
5.49752e-05
-2.1726e-06
5.50217e-05
-2.20245e-06
5.50606e-05
-2.22153e-06
5.50917e-05
-2.23126e-06
5.51147e-05
-2.23337e-06
5.51294e-05
-2.22979e-06
5.51354e-05
-2.22241e-06
5.51326e-05
-2.21309e-06
5.51211e-05
-2.20359e-06
5.5101e-05
-2.19558e-06
5.50723e-05
-2.19059e-06
5.50353e-05
-2.19003e-06
5.49902e-05
-2.19516e-06
5.49371e-05
-2.20705e-06
5.4876e-05
-2.22662e-06
5.48071e-05
-2.25466e-06
5.47304e-05
-2.29187e-06
5.4646e-05
-2.3388e-06
5.45537e-05
-2.39573e-06
5.44532e-05
-2.4628e-06
5.43443e-05
-2.54013e-06
5.42262e-05
-2.62776e-06
5.40984e-05
-2.72562e-06
5.39601e-05
-2.83364e-06
5.38102e-05
-2.95161e-06
5.36476e-05
-3.07932e-06
5.34711e-05
-3.21643e-06
5.32791e-05
-3.36255e-06
5.30699e-05
-3.51713e-06
5.28416e-05
-3.67954e-06
5.25921e-05
-3.84892e-06
5.23191e-05
-4.02428e-06
5.20196e-05
-4.20434e-06
5.16908e-05
-4.38764e-06
5.13293e-05
-4.57239e-06
5.09314e-05
-4.75648e-06
5.04931e-05
-4.93748e-06
5.00103e-05
-5.11271e-06
4.9478e-05
-5.2789e-06
4.88911e-05
-5.43243e-06
4.82439e-05
-5.56937e-06
4.75308e-05
-5.68582e-06
4.67461e-05
-5.77785e-06
4.58841e-05
-5.84172e-06
4.49396e-05
-5.8741e-06
4.39079e-05
-5.87246e-06
4.27868e-05
-5.83605e-06
4.1576e-05
-5.76386e-06
4.02761e-05
-5.65437e-06
3.8889e-05
-5.50597e-06
3.74159e-05
-5.31589e-06
3.58588e-05
-5.08374e-06
3.42241e-05
-4.81487e-06
3.25225e-05
-4.51796e-06
3.0769e-05
-4.20227e-06
2.89789e-05
-3.87198e-06
2.71695e-05
-3.53237e-06
2.53593e-05
-3.18885e-06
2.35654e-05
-2.84747e-06
2.18056e-05
-2.51737e-06
2.00997e-05
-2.20845e-06
1.84674e-05
-1.92624e-06
1.69258e-05
-1.67344e-06
1.54906e-05
-1.45178e-06
1.41722e-05
-1.26158e-06
1.29773e-05
-1.1012e-06
1.19064e-05
-9.68284e-07
1.09566e-05
-8.5797e-07
1.01192e-05
-7.67172e-07
9.38494e-06
-6.91312e-07
8.74081e-06
-6.28883e-07
8.17553e-06
-5.75029e-07
7.675e-06
-5.30595e-07
7.22865e-06
-4.90128e-07
6.82479e-06
-4.58865e-07
6.45512e-06
-4.29516e-07
6.115e-06
-4.15047e-07
5.79499e-06
-4.00684e-07
-4.06654e-07
5.34388e-05
-1.16863e-06
5.37087e-05
-1.31092e-06
5.39392e-05
-1.45582e-06
5.41318e-05
-1.59892e-06
5.42933e-05
-1.73436e-06
5.44327e-05
-1.85583e-06
5.45567e-05
-1.95891e-06
5.46679e-05
-2.04307e-06
5.47668e-05
-2.11056e-06
5.48529e-05
-2.16383e-06
5.49263e-05
-2.20455e-06
5.49873e-05
-2.23355e-06
5.50362e-05
-2.25134e-06
5.50732e-05
-2.25856e-06
5.50982e-05
-2.25625e-06
5.51108e-05
-2.24594e-06
5.51104e-05
-2.22942e-06
5.50968e-05
-2.20875e-06
5.50696e-05
-2.18595e-06
5.50289e-05
-2.1629e-06
5.49749e-05
-2.14151e-06
5.49077e-05
-2.12346e-06
5.48279e-05
-2.11016e-06
5.47354e-05
-2.10271e-06
5.46303e-05
-2.10198e-06
5.45126e-05
-2.10891e-06
5.43823e-05
-2.12433e-06
5.42393e-05
-2.14885e-06
5.40833e-05
-2.18281e-06
5.39139e-05
-2.22632e-06
5.37304e-05
-2.27934e-06
5.35321e-05
-2.34176e-06
5.33177e-05
-2.41338e-06
5.3086e-05
-2.49392e-06
5.28354e-05
-2.58304e-06
5.25641e-05
-2.68033e-06
5.22701e-05
-2.78531e-06
5.1951e-05
-2.8974e-06
5.16045e-05
-3.01596e-06
5.12275e-05
-3.14018e-06
5.08171e-05
-3.26914e-06
5.03699e-05
-3.40172e-06
4.98822e-05
-3.53662e-06
4.93501e-05
-3.67218e-06
4.87691e-05
-3.80662e-06
4.81344e-05
-3.93775e-06
4.74413e-05
-4.06337e-06
4.66851e-05
-4.18124e-06
4.58608e-05
-4.28842e-06
4.49631e-05
-4.38122e-06
4.39866e-05
-4.45591e-06
4.29258e-05
-4.50862e-06
4.1776e-05
-4.53601e-06
4.05331e-05
-4.53488e-06
3.91941e-05
-4.50273e-06
3.77569e-05
-4.43693e-06
3.6219e-05
-4.33453e-06
3.45837e-05
-4.20078e-06
3.28575e-05
-4.03761e-06
3.10477e-05
-3.84466e-06
2.91673e-05
-3.62548e-06
2.72274e-05
-3.37603e-06
2.52403e-05
-3.09665e-06
2.32245e-05
-2.79912e-06
2.12022e-05
-2.4956e-06
1.91985e-05
-2.19859e-06
1.72395e-05
-1.91294e-06
1.53513e-05
-1.64423e-06
1.3571e-05
-1.40853e-06
1.19238e-05
-1.20023e-06
1.04276e-05
-1.02116e-06
9.09357e-06
-8.74454e-07
7.93091e-06
-7.63579e-07
6.92974e-06
-6.7227e-07
6.0793e-06
-6.01335e-07
5.36168e-06
-5.43957e-07
4.75462e-06
-4.9413e-07
4.23534e-06
-4.49012e-07
3.78517e-06
-4.07793e-07
3.38931e-06
-3.71315e-07
3.03759e-06
-3.39597e-07
2.72155e-06
-3.12842e-07
2.43558e-06
-2.89054e-07
2.17428e-06
-2.69298e-07
1.9354e-06
-2.51247e-07
1.71382e-06
-2.37279e-07
1.51084e-06
-2.26545e-07
1.32157e-06
-2.25777e-07
1.14918e-06
-2.28294e-07
-2.56995e-07
5.34695e-05
-1.46256e-06
5.37305e-05
-1.57191e-06
5.39566e-05
-1.68193e-06
5.41488e-05
-1.79114e-06
5.43101e-05
-1.89562e-06
5.44445e-05
-1.99018e-06
5.45561e-05
-2.07056e-06
5.4648e-05
-2.13495e-06
5.4721e-05
-2.18359e-06
5.47749e-05
-2.21774e-06
5.4809e-05
-2.23864e-06
5.48228e-05
-2.24736e-06
5.48161e-05
-2.24465e-06
5.47888e-05
-2.23125e-06
5.47408e-05
-2.2082e-06
5.46717e-05
-2.17693e-06
5.45815e-05
-2.13916e-06
5.44699e-05
-2.09719e-06
5.43371e-05
-2.05313e-06
5.41832e-05
-2.00905e-06
5.40087e-05
-1.96697e-06
5.38142e-05
-1.92897e-06
5.36008e-05
-1.89677e-06
5.33686e-05
-1.87052e-06
5.31174e-05
-1.85075e-06
5.28471e-05
-1.8386e-06
5.25576e-05
-1.83483e-06
5.22486e-05
-1.8398e-06
5.19193e-05
-1.85355e-06
5.15689e-05
-1.87596e-06
5.11963e-05
-1.90668e-06
5.07998e-05
-1.94531e-06
5.03778e-05
-1.99134e-06
4.99281e-05
-2.04422e-06
4.94484e-05
-2.10331e-06
4.8936e-05
-2.16794e-06
4.8388e-05
-2.23733e-06
4.78013e-05
-2.31068e-06
4.71724e-05
-2.38705e-06
4.64977e-05
-2.46547e-06
4.57733e-05
-2.54477e-06
4.49953e-05
-2.62375e-06
4.41596e-05
-2.70092e-06
4.3262e-05
-2.77462e-06
4.22981e-05
-2.84267e-06
4.12628e-05
-2.90248e-06
4.01518e-05
-2.95229e-06
3.89621e-05
-2.99161e-06
3.76905e-05
-3.01683e-06
3.63338e-05
-3.02452e-06
3.48896e-05
-3.01172e-06
3.33567e-05
-2.97573e-06
3.17351e-05
-2.9144e-06
3.00266e-05
-2.82634e-06
2.8236e-05
-2.71215e-06
2.63707e-05
-2.57158e-06
2.44405e-05
-2.40438e-06
2.24567e-05
-2.21695e-06
2.04372e-05
-2.01809e-06
1.84054e-05
-1.81289e-06
1.6384e-05
-1.60405e-06
1.4404e-05
-1.39608e-06
1.25024e-05
-1.195e-06
1.07118e-05
-1.00854e-06
9.06074e-06
-8.44563e-07
7.57424e-06
-7.12089e-07
6.2839e-06
-6.22601e-07
5.19411e-06
-5.54441e-07
4.286e-06
-5.00412e-07
3.53229e-06
-4.46528e-07
2.89945e-06
-3.88325e-07
2.35533e-06
-3.30327e-07
1.87286e-06
-2.81114e-07
1.4444e-06
-2.43815e-07
1.06577e-06
-2.227e-07
7.32275e-07
-2.10463e-07
4.38622e-07
-2.00477e-07
1.79203e-07
-1.89593e-07
-5.12882e-08
-1.77302e-07
-2.57807e-07
-1.64796e-07
-4.44183e-07
-1.53221e-07
-6.13706e-07
-1.4332e-07
-7.68961e-07
-1.33799e-07
-9.13074e-07
-1.25185e-07
-1.04683e-06
-1.17487e-07
-1.1714e-06
-1.12714e-07
-1.28556e-06
-1.12388e-07
-1.39153e-06
-1.19801e-07
-1.48437e-06
-1.3546e-07
-1.648e-07
5.34114e-05
-1.67833e-06
5.35836e-05
-1.74414e-06
5.3712e-05
-1.81033e-06
5.37964e-05
-1.87557e-06
5.38378e-05
-1.93702e-06
5.38377e-05
-1.99005e-06
5.37976e-05
-2.03043e-06
5.37201e-05
-2.05743e-06
5.36073e-05
-2.07085e-06
5.34604e-05
-2.07083e-06
5.32796e-05
-2.05781e-06
5.30653e-05
-2.03307e-06
5.28183e-05
-1.9976e-06
5.25394e-05
-1.95242e-06
5.223e-05
-1.89875e-06
5.18912e-05
-1.83816e-06
5.15245e-05
-1.77248e-06
5.11312e-05
-1.70388e-06
5.07125e-05
-1.63445e-06
5.02698e-05
-1.56631e-06
4.98042e-05
-1.50133e-06
4.93167e-05
-1.44154e-06
4.88098e-05
-1.38984e-06
4.82829e-05
-1.34363e-06
4.77364e-05
-1.30423e-06
4.71702e-05
-1.27245e-06
4.6584e-05
-1.24859e-06
4.59768e-05
-1.23265e-06
4.53476e-05
-1.22435e-06
4.46949e-05
-1.22322e-06
4.40168e-05
-1.22862e-06
4.33114e-05
-1.23986e-06
4.25762e-05
-1.25617e-06
4.18087e-05
-1.27675e-06
4.10062e-05
-1.30077e-06
4.01656e-05
-1.32739e-06
3.9284e-05
-1.35568e-06
3.83581e-05
-1.38475e-06
3.73846e-05
-1.41361e-06
3.63604e-05
-1.44129e-06
3.52824e-05
-1.4667e-06
3.41475e-05
-1.48887e-06
3.29532e-05
-1.50659e-06
3.16974e-05
-1.51889e-06
3.03788e-05
-1.52402e-06
2.89945e-05
-1.51817e-06
2.75465e-05
-1.50436e-06
2.60359e-05
-1.48103e-06
2.44649e-05
-1.44575e-06
2.28374e-05
-1.39707e-06
2.11597e-05
-1.334e-06
1.94406e-05
-1.25663e-06
1.76914e-05
-1.16518e-06
1.59254e-05
-1.06038e-06
1.41601e-05
-9.46808e-07
1.24179e-05
-8.29358e-07
1.07284e-05
-7.14944e-07
9.12355e-06
-6.12074e-07
7.63404e-06
-5.28584e-07
6.291e-06
-4.69854e-07
5.12098e-06
-4.34025e-07
4.1192e-06
-3.94299e-07
3.27126e-06
-3.47069e-07
2.55178e-06
-2.89056e-07
1.934e-06
-2.26782e-07
1.39562e-06
-1.73708e-07
9.11928e-07
-1.38909e-07
4.86854e-07
-1.29367e-07
1.17455e-07
-1.31014e-07
-2.01175e-07
-1.27898e-07
-4.76702e-07
-1.12797e-07
-7.16291e-07
-9.0738e-08
-9.26441e-07
-7.09641e-08
-1.1115e-06
-5.87556e-08
-1.27864e-06
-5.5563e-08
-1.43195e-06
-5.71547e-08
-1.57224e-06
-6.01841e-08
-1.70004e-06
-6.17916e-08
-1.81617e-06
-6.11746e-08
-1.92203e-06
-5.89386e-08
-2.01929e-06
-5.59534e-08
-2.10978e-06
-5.28314e-08
-2.19406e-06
-4.95187e-08
-2.27301e-06
-4.6237e-08
-2.34698e-06
-4.35199e-08
-2.4167e-06
-4.29858e-08
-2.48244e-06
-4.66528e-08
-2.54497e-06
-5.72722e-08
-2.60489e-06
-7.55354e-08
-9.57918e-08
5.10816e-05
-1.45507e-06
5.07935e-05
-1.456e-06
5.04414e-05
-1.45829e-06
5.00259e-05
-1.46007e-06
4.95482e-05
-1.45926e-06
4.90116e-05
-1.45348e-06
4.84206e-05
-1.43948e-06
4.77803e-05
-1.4171e-06
4.70966e-05
-1.38717e-06
4.63746e-05
-1.34882e-06
4.56192e-05
-1.30241e-06
4.48348e-05
-1.2487e-06
4.40259e-05
-1.18866e-06
4.31968e-05
-1.1233e-06
4.23518e-05
-1.05377e-06
4.1495e-05
-9.81391e-07
4.06302e-05
-9.07668e-07
3.97606e-05
-8.3427e-07
3.8889e-05
-7.62881e-07
3.80179e-05
-6.95128e-07
3.71489e-05
-6.32385e-07
3.62831e-05
-5.75746e-07
3.54191e-05
-5.25828e-07
3.45581e-05
-4.82648e-07
3.37001e-05
-4.46151e-07
3.28439e-05
-4.16259e-07
3.19881e-05
-3.92773e-07
3.11307e-05
-3.75292e-07
3.02696e-05
-3.63225e-07
2.94022e-05
-3.55848e-07
2.8526e-05
-3.52366e-07
2.76381e-05
-3.51981e-07
2.67358e-05
-3.53909e-07
2.58165e-05
-3.57398e-07
2.48774e-05
-3.61728e-07
2.39162e-05
-3.66218e-07
2.29308e-05
-3.70216e-07
2.19192e-05
-3.73131e-07
2.088e-05
-3.74408e-07
1.98123e-05
-3.73588e-07
1.87158e-05
-3.70271e-07
1.75912e-05
-3.64228e-07
1.64399e-05
-3.55309e-07
1.52647e-05
-3.43682e-07
1.40703e-05
-3.29602e-07
1.28661e-05
-3.14021e-07
1.16598e-05
-2.98033e-07
1.04613e-05
-2.82536e-07
9.28367e-06
-2.68098e-07
8.1416e-06
-2.54996e-07
7.0504e-06
-2.42803e-07
6.02428e-06
-2.30504e-07
5.07652e-06
-2.17426e-07
4.2156e-06
-1.99454e-07
3.43996e-06
-1.7117e-07
2.74733e-06
-1.36726e-07
2.13199e-06
-9.96079e-08
1.58643e-06
-6.65095e-08
1.10248e-06
-4.46408e-08
6.68965e-07
-3.63359e-08
2.77898e-07
-4.29576e-08
-6.36806e-08
-5.27205e-08
-3.56652e-07
-5.40975e-08
-6.03553e-07
-4.21553e-08
-8.08232e-07
-2.21027e-08
-9.78245e-07
-3.69572e-09
-1.12245e-06
5.29267e-09
-1.25453e-06
2.71648e-09
-1.38019e-06
-5.35465e-09
-1.49587e-06
-1.22144e-08
-1.59593e-06
-1.27439e-08
-1.67803e-06
-8.63174e-09
-1.74525e-06
-3.74667e-09
-1.80313e-06
-8.75608e-10
-1.85738e-06
-1.31124e-09
-1.91065e-06
-3.88238e-09
-1.96394e-06
-6.89398e-09
-2.01654e-06
-9.19398e-09
-2.06728e-06
-1.04355e-08
-2.11539e-06
-1.08311e-08
-2.16062e-06
-1.07216e-08
-2.20313e-06
-1.0317e-08
-2.24305e-06
-9.60422e-09
-2.28058e-06
-8.70866e-09
-2.31617e-06
-7.92246e-09
-2.35112e-06
-8.03743e-09
-2.38735e-06
-1.0426e-08
-2.42739e-06
-1.72317e-08
-2.47403e-06
-2.8891e-08
-3.9642e-08
3.50167e-05
3.35607e-05
3.21024e-05
3.06424e-05
2.91831e-05
2.77296e-05
2.62901e-05
2.4873e-05
2.34859e-05
2.2137e-05
2.08346e-05
1.95859e-05
1.83973e-05
1.7274e-05
1.62202e-05
1.52388e-05
1.43312e-05
1.34969e-05
1.2734e-05
1.20389e-05
1.14065e-05
1.08307e-05
1.03049e-05
9.82226e-06
9.37611e-06
8.95985e-06
8.56708e-06
8.19179e-06
7.82856e-06
7.47272e-06
7.12035e-06
6.76837e-06
6.41446e-06
6.05706e-06
5.69533e-06
5.32912e-06
4.9589e-06
4.58577e-06
4.21136e-06
3.83777e-06
3.4675e-06
3.10327e-06
2.74797e-06
2.40428e-06
2.07468e-06
1.76066e-06
1.46263e-06
1.18009e-06
9.11996e-07
6.57e-07
4.14196e-07
1.83692e-07
-3.37341e-08
-2.33188e-07
-4.04357e-07
-5.41084e-07
-6.40692e-07
-7.07201e-07
-7.51842e-07
-7.88178e-07
-8.31135e-07
-8.83856e-07
-9.37953e-07
-9.80109e-07
-1.00221e-06
-1.00591e-06
-1.00061e-06
-9.97898e-07
-1.00325e-06
-1.01547e-06
-1.02821e-06
-1.03684e-06
-1.04059e-06
-1.04147e-06
-1.04278e-06
-1.04666e-06
-1.05355e-06
-1.06275e-06
-1.07318e-06
-1.08401e-06
-1.09473e-06
-1.10505e-06
-1.11466e-06
-1.12336e-06
-1.13129e-06
-1.13932e-06
-1.14975e-06
-1.16698e-06
-1.19587e-06
)
;

boundaryField
{
    fixedWalls
    {
        type            calculated;
        value           uniform 0;
    }
    inflowWall
    {
        type            calculated;
        value           nonuniform List<scalar> 10(-5e-05 -5e-05 -5e-05 -5e-05 -5e-05 -5e-05 -5e-05 -5e-05 -5e-05 -5e-05);
    }
    outflowWall
    {
        type            calculated;
        value           nonuniform List<scalar> 
20
(
1.23736e-05
2.47926e-05
3.33058e-05
4.04944e-05
4.60519e-05
4.94369e-05
5.0429e-05
4.93674e-05
4.69599e-05
4.35547e-05
3.86392e-05
3.14153e-05
2.20801e-05
1.26139e-05
5.5019e-06
9.99524e-07
-1.57656e-06
-2.6739e-06
-2.53018e-06
-1.23552e-06
)
;
    }
    frontAndBack
    {
        type            empty;
        value           nonuniform List<scalar> 0();
    }
}


// ************************************************************************* //
