/*--------------------------------*- C++ -*----------------------------------*\
| =========                 |                                                 |
| \\      /  F ield         | OpenFOAM: The Open Source CFD Toolbox           |
|  \\    /   O peration     | Version:  2306                                  |
|   \\  /    A nd           | Website:  www.openfoam.com                      |
|    \\/     M anipulation  |                                                 |
\*---------------------------------------------------------------------------*/
FoamFile
{
    version     2.0;
    format      ascii;
    arch        "LSB;label=32;scalar=64";
    class       volVectorField;
    location    "5.5";
    object      U;
}
// * * * * * * * * * * * * * * * * * * * * * * * * * * * * * * * * * * * * * //

dimensions      [0 1 -1 0 0 0 0];

internalField   nonuniform List<vector> 
1900
(
(0.984277 0.00728934 0)
(0.961756 0.0216843 0)
(0.952329 0.0181765 0)
(0.918696 0.0253039 0)
(0.903412 0.0154427 0)
(0.863056 0.0257493 0)
(0.852249 0.0116023 0)
(0.811933 0.0267279 0)
(0.809615 0.00456955 0)
(0.770411 0.0259803 0)
(1.00256 0.0115595 0)
(1.00446 0.0258624 0)
(1.01943 0.0289665 0)
(1.02197 0.0304592 0)
(1.03487 0.0280097 0)
(1.03396 0.0284252 0)
(1.04404 0.0257933 0)
(1.04277 0.0251057 0)
(1.05116 0.0206841 0)
(1.05223 0.0162275 0)
(1.00048 0.00388739 0)
(1.00419 0.0111568 0)
(1.01255 0.0140023 0)
(1.02113 0.0157921 0)
(1.03154 0.01472 0)
(1.04053 0.0144297 0)
(1.04997 0.0123903 0)
(1.05838 0.0109492 0)
(1.06685 0.00733599 0)
(1.07468 0.003185 0)
(1.00007 0.00207794 0)
(1.00313 0.00584527 0)
(1.00888 0.00805908 0)
(1.01648 0.00904106 0)
(1.02527 0.00856416 0)
(1.03431 0.00746725 0)
(1.04323 0.00569071 0)
(1.05179 0.00353199 0)
(1.05997 0.000710412 0)
(1.06764 -0.00279957 0)
(1.00003 0.000425442 0)
(1.00261 0.00117509 0)
(1.00738 0.00143964 0)
(1.01402 0.00116114 0)
(1.02191 0.000264915 0)
(1.03035 -0.00109594 0)
(1.03879 -0.0028866 0)
(1.04691 -0.00508349 0)
(1.05459 -0.00773408 0)
(1.06173 -0.0108984 0)
(1.00003 -0.00105958 0)
(1.00255 -0.00302366 0)
(1.0072 -0.00474323 0)
(1.01366 -0.00617878 0)
(1.02133 -0.00747578 0)
(1.02949 -0.0088347 0)
(1.03759 -0.0104413 0)
(1.04533 -0.0124057 0)
(1.0526 -0.0147683 0)
(1.05937 -0.0174997 0)
(1.00003 -0.00270938 0)
(1.00303 -0.00742846 0)
(1.00836 -0.0110519 0)
(1.01546 -0.0134852 0)
(1.02347 -0.0151056 0)
(1.03164 -0.0164622 0)
(1.0395 -0.0179598 0)
(1.0469 -0.0197762 0)
(1.05383 -0.0219043 0)
(1.06032 -0.0242544 0)
(1.00004 -0.00476794 0)
(1.00441 -0.012229 0)
(1.01138 -0.0169096 0)
(1.0198 -0.0193366 0)
(1.0284 -0.0206583 0)
(1.03641 -0.0218232 0)
(1.04361 -0.0232798 0)
(1.05009 -0.0250547 0)
(1.05597 -0.0270065 0)
(1.06129 -0.0290017 0)
(1.00006 -0.0121177 0)
(1.00722 -0.0259485 0)
(1.01558 -0.0314234 0)
(1.02288 -0.0325688 0)
(1.02795 -0.0326485 0)
(1.03074 -0.0330186 0)
(1.03176 -0.0337913 0)
(1.03147 -0.0347031 0)
(1.03007 -0.0355385 0)
(1.02758 -0.0362378 0)
(0.980777 -0.00916321 0)
(0.964587 -0.0188205 0)
(0.945463 -0.0220441 0)
(0.920799 -0.0221822 0)
(0.892017 -0.0217344 0)
(0.861713 -0.0215711 0)
(0.831487 -0.0216004 0)
(0.801817 -0.0215868 0)
(0.772636 -0.0214062 0)
(0.743701 -0.0210741 0)
(0.000207254 -0.00010983 0)
(0.000344481 -2.05991e-05 0)
(8.06613e-05 2.78418e-05 0)
(-0.000405312 5.72238e-05 0)
(-0.00105463 7.5271e-05 0)
(-0.00182489 9.27261e-05 0)
(-0.00270264 0.000113116 0)
(-0.00368296 0.000135413 0)
(-0.00476065 0.000158417 0)
(-0.00592948 0.000181429 0)
(-0.00718245 0.00020403 0)
(-0.00851214 0.000225919 0)
(-0.00991099 0.000246855 0)
(-0.0113715 0.00026664 0)
(-0.0128866 0.000285124 0)
(-0.0144492 0.00030221 0)
(-0.016053 0.00031785 0)
(-0.017692 0.000332018 0)
(-0.0193607 0.000344684 0)
(-0.0210542 0.00035585 0)
(-0.0227684 0.000365554 0)
(-0.0245003 0.000373873 0)
(-0.0262477 0.000380909 0)
(-0.0280097 0.000386775 0)
(-0.0297867 0.000391595 0)
(-0.0315803 0.000395536 0)
(-0.0333935 0.000398833 0)
(-0.0352312 0.000401734 0)
(-0.0370996 0.000404443 0)
(-0.0390067 0.000407103 0)
(-0.0409616 0.000409728 0)
(-0.0429748 0.000412143 0)
(-0.045058 0.000414027 0)
(-0.0472239 0.000415144 0)
(-0.0494873 0.000415715 0)
(-0.0518661 0.000416845 0)
(-0.054383 0.000421044 0)
(-0.057067 0.000432941 0)
(-0.0599557 0.000460127 0)
(-0.0630978 0.000514046 0)
(-0.0665557 0.000610776 0)
(-0.0704069 0.000770956 0)
(-0.0747434 0.00101767 0)
(-0.0796659 0.00137196 0)
(-0.0852721 0.00184668 0)
(-0.0916399 0.00244013 0)
(-0.098807 0.00313068 0)
(-0.106751 0.0038759 0)
(-0.115376 0.00461451 0)
(-0.124501 0.0052704 0)
(-0.133856 0.00576657 0)
(-0.14311 0.00604229 0)
(-0.151886 0.00606257 0)
(-0.159798 0.00582557 0)
(-0.16648 0.00537047 0)
(-0.171621 0.00476978 0)
(-0.174941 0.00404268 0)
(-0.176206 0.00315479 0)
(-0.175304 0.00210141 0)
(-0.172226 0.000970637 0)
(-0.166908 -0.000204427 0)
(-0.159427 -0.00136446 0)
(-0.14985 -0.00248978 0)
(-0.138369 -0.00353074 0)
(-0.125123 -0.00447943 0)
(-0.110346 -0.00530361 0)
(-0.0942667 -0.00598468 0)
(-0.0770639 -0.0065546 0)
(-0.0591348 -0.00693373 0)
(-0.0404727 -0.00720995 0)
(-0.0217381 -0.00732022 0)
(-0.00253408 -0.00735702 0)
(0.0161139 -0.00724841 0)
(0.0350794 -0.00710111 0)
(0.0528832 -0.00680772 0)
(0.0709883 -0.00652727 0)
(0.08739 -0.00611186 0)
(0.104227 -0.00576342 0)
(0.118856 -0.0052892 0)
(0.134253 -0.00493685 0)
(0.146926 -0.0044625 0)
(0.160947 -0.00416438 0)
(0.171629 -0.00374003 0)
(0.184588 -0.00354496 0)
(0.193306 -0.00321129 0)
(0.205846 -0.00315637 0)
(0.212517 -0.00293884 0)
(0.22585 -0.00308717 0)
(0.229895 -0.0029838 0)
(0.246298 -0.00364507 0)
(6.10989e-05 -0.000516863 0)
(-0.000528737 0.00014565 0)
(-0.00202941 0.000718477 0)
(-0.00394854 0.00112312 0)
(-0.00625314 0.00140241 0)
(-0.00886978 0.00162445 0)
(-0.0117608 0.0018254 0)
(-0.0148979 0.00201328 0)
(-0.0182518 0.00218815 0)
(-0.0217947 0.00234907 0)
(-0.0255001 0.00249525 0)
(-0.0293424 0.00262644 0)
(-0.0332979 0.00274287 0)
(-0.0373443 0.00284509 0)
(-0.0414616 0.00293385 0)
(-0.0456322 0.00301007 0)
(-0.0498408 0.00307474 0)
(-0.0540744 0.00312886 0)
(-0.0583227 0.0031735 0)
(-0.0625777 0.00321014 0)
(-0.0668345 0.00324059 0)
(-0.0710908 0.00326691 0)
(-0.0753475 0.00329134 0)
(-0.0796085 0.00331625 0)
(-0.0838803 0.00334412 0)
(-0.0881727 0.00337771 0)
(-0.0924981 0.00342011 0)
(-0.0968723 0.00347454 0)
(-0.101313 0.00354408 0)
(-0.105842 0.00363178 0)
(-0.110482 0.00374049 0)
(-0.115255 0.00387287 0)
(-0.120188 0.00403169 0)
(-0.125306 0.00422058 0)
(-0.130634 0.00444471 0)
(-0.136197 0.00471109 0)
(-0.14202 0.00502857 0)
(-0.148124 0.00540796 0)
(-0.154526 0.00586201 0)
(-0.161233 0.0064046 0)
(-0.168242 0.0070491 0)
(-0.175535 0.00780512 0)
(-0.183073 0.00867284 0)
(-0.190791 0.00963618 0)
(-0.198589 0.0106563 0)
(-0.206329 0.0116696 0)
(-0.213835 0.0125887 0)
(-0.220894 0.0133145 0)
(-0.227272 0.0137468 0)
(-0.232711 0.013786 0)
(-0.236939 0.0133521 0)
(-0.239688 0.0124073 0)
(-0.240703 0.0109486 0)
(-0.239742 0.00898395 0)
(-0.236602 0.00653096 0)
(-0.231233 0.0036765 0)
(-0.223565 0.000523248 0)
(-0.213597 -0.00282368 0)
(-0.201246 -0.00629276 0)
(-0.186641 -0.00975279 0)
(-0.169747 -0.0131602 0)
(-0.150848 -0.0163875 0)
(-0.129916 -0.0194009 0)
(-0.107359 -0.0220721 0)
(-0.0831978 -0.0244557 0)
(-0.0577751 -0.0265034 0)
(-0.0314295 -0.0281902 0)
(-0.00399876 -0.0295269 0)
(0.0235196 -0.0304498 0)
(0.0521464 -0.0310705 0)
(0.0797073 -0.031275 0)
(0.108642 -0.0312613 0)
(0.135354 -0.0308393 0)
(0.163934 -0.0303155 0)
(0.189081 -0.0293955 0)
(0.216795 -0.0284997 0)
(0.239787 -0.0272353 0)
(0.26637 -0.0261297 0)
(0.286766 -0.0246794 0)
(0.312213 -0.0235248 0)
(0.329694 -0.0220355 0)
(0.354272 -0.020981 0)
(0.368608 -0.0195805 0)
(0.392859 -0.0187625 0)
(0.403862 -0.0175592 0)
(0.428606 -0.0171081 0)
(0.436098 -0.0161925 0)
(0.462417 -0.0162667 0)
(0.4662 -0.015736 0)
(0.495261 -0.0166218 0)
(-0.00016134 0.000428867 0)
(-0.00195315 0.00229969 0)
(-0.00544149 0.00352215 0)
(-0.00940609 0.00434176 0)
(-0.0138115 0.00498174 0)
(-0.0185557 0.00554821 0)
(-0.0235966 0.00606677 0)
(-0.0288944 0.00653753 0)
(-0.0343957 0.00695608 0)
(-0.0400486 0.00732088 0)
(-0.045806 0.00763197 0)
(-0.0516257 0.00789143 0)
(-0.0574712 0.00810282 0)
(-0.0633117 0.00827041 0)
(-0.0691215 0.00839886 0)
(-0.0748805 0.00849308 0)
(-0.0805728 0.0085581 0)
(-0.086187 0.00859913 0)
(-0.0917148 0.00862165 0)
(-0.0971513 0.00863112 0)
(-0.102495 0.00863314 0)
(-0.107747 0.00863345 0)
(-0.112912 0.00863783 0)
(-0.117996 0.008652 0)
(-0.123006 0.0086815 0)
(-0.12795 0.008732 0)
(-0.132838 0.00880939 0)
(-0.13768 0.00891928 0)
(-0.142483 0.00906636 0)
(-0.147257 0.00925458 0)
(-0.152007 0.00948681 0)
(-0.156735 0.0097646 0)
(-0.161438 0.0100883 0)
(-0.16611 0.0104576 0)
(-0.170738 0.010872 0)
(-0.175303 0.0113307 0)
(-0.179779 0.0118313 0)
(-0.18413 0.0123706 0)
(-0.18831 0.0129433 0)
(-0.19226 0.0135417 0)
(-0.195906 0.0141547 0)
(-0.19916 0.0147669 0)
(-0.20192 0.0153566 0)
(-0.20407 0.0158876 0)
(-0.205476 0.0162999 0)
(-0.205994 0.0165181 0)
(-0.205463 0.0164478 0)
(-0.203718 0.0159889 0)
(-0.200618 0.0150611 0)
(-0.196026 0.0135776 0)
(-0.189799 0.0114541 0)
(-0.181841 0.00866424 0)
(-0.172105 0.00520853 0)
(-0.160587 0.00116237 0)
(-0.147188 -0.00344453 0)
(-0.132022 -0.00852106 0)
(-0.114888 -0.0139689 0)
(-0.096061 -0.0195719 0)
(-0.0753711 -0.0252083 0)
(-0.0533046 -0.0306999 0)
(-0.0295048 -0.0360243 0)
(-0.00463923 -0.0409807 0)
(0.0217483 -0.045554 0)
(0.049022 -0.0495722 0)
(0.0771799 -0.0530967 0)
(0.1061 -0.0559938 0)
(0.135061 -0.05836 0)
(0.165036 -0.0600898 0)
(0.193931 -0.061229 0)
(0.224317 -0.0618405 0)
(0.252335 -0.0618622 0)
(0.282508 -0.0614848 0)
(0.308922 -0.0605386 0)
(0.338398 -0.0593539 0)
(0.362636 -0.0576559 0)
(0.391118 -0.0559005 0)
(0.412744 -0.0536962 0)
(0.440138 -0.0516271 0)
(0.458853 -0.0491649 0)
(0.485277 -0.0470323 0)
(0.5009 -0.0445409 0)
(0.526664 -0.0425741 0)
(0.539102 -0.0402524 0)
(0.564695 -0.0386575 0)
(0.573925 -0.0366766 0)
(0.599989 -0.0356483 0)
(0.60603 -0.0341679 0)
(0.63333 -0.0339147 0)
(0.636214 -0.0331079 0)
(0.665561 -0.0338542 0)
(-0.000921737 0.0012234 0)
(-0.00479978 0.00511423 0)
(-0.0107209 0.00759628 0)
(-0.0167916 0.00926296 0)
(-0.0231897 0.0105029 0)
(-0.0298647 0.0114879 0)
(-0.036731 0.0122909 0)
(-0.0436913 0.0129492 0)
(-0.0506553 0.0134774 0)
(-0.0575514 0.0138874 0)
(-0.0643245 0.0141918 0)
(-0.070931 0.0144024 0)
(-0.077339 0.014531 0)
(-0.0835259 0.0145891 0)
(-0.0894767 0.0145877 0)
(-0.0951823 0.0145376 0)
(-0.100638 0.0144484 0)
(-0.105843 0.0143294 0)
(-0.110799 0.0141893 0)
(-0.115508 0.0140363 0)
(-0.119975 0.0138783 0)
(-0.124205 0.0137228 0)
(-0.128203 0.0135764 0)
(-0.131975 0.0134455 0)
(-0.135523 0.0133349 0)
(-0.138848 0.0132492 0)
(-0.14195 0.0131928 0)
(-0.144826 0.0131694 0)
(-0.147472 0.0131805 0)
(-0.149879 0.0132261 0)
(-0.152032 0.0133042 0)
(-0.153916 0.0134109 0)
(-0.155507 0.01354 0)
(-0.156777 0.0136838 0)
(-0.15769 0.0138349 0)
(-0.158208 0.0139865 0)
(-0.158283 0.0141288 0)
(-0.157862 0.01425 0)
(-0.156883 0.0143362 0)
(-0.155275 0.0143709 0)
(-0.152953 0.0143338 0)
(-0.149823 0.0142017 0)
(-0.145789 0.0139498 0)
(-0.140762 0.0135447 0)
(-0.134628 0.012909 0)
(-0.127301 0.0119724 0)
(-0.118674 0.0106501 0)
(-0.108643 0.00879729 0)
(-0.0971657 0.00636937 0)
(-0.0842618 0.00331284 0)
(-0.0698202 -0.000418496 0)
(-0.0539519 -0.00482621 0)
(-0.0365406 -0.0099502 0)
(-0.0177934 -0.0156803 0)
(0.00259235 -0.0219473 0)
(0.024049 -0.0285033 0)
(0.0471324 -0.035301 0)
(0.0710215 -0.042133 0)
(0.0965118 -0.0489951 0)
(0.122523 -0.0556075 0)
(0.149982 -0.0620053 0)
(0.177749 -0.0678771 0)
(0.206581 -0.0732771 0)
(0.235619 -0.07795 0)
(0.265163 -0.0820501 0)
(0.294935 -0.0853038 0)
(0.324402 -0.0878718 0)
(0.354313 -0.0895848 0)
(0.382946 -0.0905807 0)
(0.412443 -0.0908153 0)
(0.439552 -0.0903665 0)
(0.468171 -0.0893107 0)
(0.493178 -0.0876434 0)
(0.520597 -0.0855678 0)
(0.543074 -0.0829789 0)
(0.56914 -0.080209 0)
(0.588801 -0.077027 0)
(0.613535 -0.0739035 0)
(0.630232 -0.0704532 0)
(0.653815 -0.0673011 0)
(0.667508 -0.0638782 0)
(0.690271 -0.0609893 0)
(0.700998 -0.0578488 0)
(0.723391 -0.0554784 0)
(0.73124 -0.0528375 0)
(0.753811 -0.0512148 0)
(0.758894 -0.0492683 0)
(0.782266 -0.0486148 0)
(0.784686 -0.0475515 0)
(0.809533 -0.0480855 0)
(-0.00127883 0.00692908 0)
(-0.00687106 0.0137857 0)
(-0.0155 0.0164204 0)
(-0.0240006 0.0175866 0)
(-0.0325131 0.0184267 0)
(-0.0407907 0.0192139 0)
(-0.0487046 0.0198993 0)
(-0.0562136 0.0204062 0)
(-0.0632873 0.0207157 0)
(-0.0698934 0.0208539 0)
(-0.0760138 0.0208495 0)
(-0.0816427 0.0207274 0)
(-0.0867836 0.0205099 0)
(-0.0914468 0.0202165 0)
(-0.0956466 0.019864 0)
(-0.0994004 0.0194671 0)
(-0.102726 0.0190382 0)
(-0.105642 0.0185873 0)
(-0.108164 0.0181228 0)
(-0.110308 0.017653 0)
(-0.112087 0.0171856 0)
(-0.113512 0.0167267 0)
(-0.114593 0.0162816 0)
(-0.115334 0.0158545 0)
(-0.115739 0.0154475 0)
(-0.115805 0.0150614 0)
(-0.115525 0.0146969 0)
(-0.114894 0.0143565 0)
(-0.113896 0.0140364 0)
(-0.112516 0.0137323 0)
(-0.110734 0.0134378 0)
(-0.108524 0.0131442 0)
(-0.105857 0.0128405 0)
(-0.102696 0.0125136 0)
(-0.0989992 0.0121521 0)
(-0.0947275 0.0117504 0)
(-0.0898324 0.0112947 0)
(-0.0842606 0.0107637 0)
(-0.0779536 0.0101368 0)
(-0.0708487 0.00939303 0)
(-0.0628675 0.00850527 0)
(-0.0539245 0.00743965 0)
(-0.0439237 0.00614331 0)
(-0.0328785 0.00457568 0)
(-0.0206281 0.00269471 0)
(-0.00714439 0.000452002 0)
(0.00762732 -0.00224862 0)
(0.023619 -0.00546447 0)
(0.0410258 -0.00928354 0)
(0.0596195 -0.0137422 0)
(0.0797216 -0.0188945 0)
(0.100856 -0.0246736 0)
(0.123498 -0.0310812 0)
(0.146868 -0.0379575 0)
(0.17178 -0.0453321 0)
(0.197106 -0.0529443 0)
(0.223946 -0.0607994 0)
(0.250881 -0.0685858 0)
(0.279253 -0.0763448 0)
(0.307419 -0.0837093 0)
(0.336833 -0.0907715 0)
(0.36576 -0.0971389 0)
(0.395615 -0.102955 0)
(0.424756 -0.107854 0)
(0.454378 -0.112041 0)
(0.483161 -0.115188 0)
(0.511854 -0.117537 0)
(0.53973 -0.118833 0)
(0.566853 -0.119334 0)
(0.593385 -0.118871 0)
(0.618415 -0.117689 0)
(0.643312 -0.115706 0)
(0.665873 -0.113131 0)
(0.689001 -0.109975 0)
(0.708863 -0.106379 0)
(0.730246 -0.102453 0)
(0.747315 -0.0982402 0)
(0.767111 -0.0939554 0)
(0.781397 -0.0895172 0)
(0.799881 -0.0852592 0)
(0.81147 -0.0809449 0)
(0.829003 -0.0770513 0)
(0.838022 -0.0731581 0)
(0.855032 -0.0699171 0)
(0.861622 -0.0666932 0)
(0.878585 -0.0643527 0)
(0.882872 -0.0620094 0)
(0.9003 -0.0607929 0)
(0.90237 -0.0595222 0)
(0.920799 -0.0596504 0)
(-0.00367356 0.00681302 0)
(-0.0134899 0.0172574 0)
(-0.0245421 0.0219878 0)
(-0.0336635 0.0246586 0)
(-0.0419337 0.0262583 0)
(-0.0495489 0.0271089 0)
(-0.0564686 0.0273888 0)
(-0.0625677 0.027284 0)
(-0.0677547 0.0269313 0)
(-0.072033 0.0264029 0)
(-0.07546 0.0257452 0)
(-0.0780966 0.0249915 0)
(-0.0800043 0.0241702 0)
(-0.081242 0.0233039 0)
(-0.0818644 0.0224104 0)
(-0.0819213 0.0215036 0)
(-0.0814582 0.0205946 0)
(-0.0805143 0.0196906 0)
(-0.0791216 0.0187955 0)
(-0.0773089 0.0179146 0)
(-0.0750988 0.0170519 0)
(-0.0725092 0.0162097 0)
(-0.069553 0.0153887 0)
(-0.0662386 0.0145888 0)
(-0.0625686 0.0138072 0)
(-0.0585385 0.0130396 0)
(-0.0541329 0.0122814 0)
(-0.0493536 0.0115397 0)
(-0.0441733 0.0108038 0)
(-0.0385727 0.0100644 0)
(-0.0325262 0.00931188 0)
(-0.0260043 0.00853503 0)
(-0.0189735 0.00772017 0)
(-0.0113926 0.00685015 0)
(-0.00319955 0.00590059 0)
(0.00562217 0.00484417 0)
(0.015114 0.00366593 0)
(0.0253351 0.00235646 0)
(0.0363453 0.000894019 0)
(0.0481889 -0.000747935 0)
(0.0609452 -0.00260201 0)
(0.0746332 -0.00469386 0)
(0.0893774 -0.00706712 0)
(0.105102 -0.00976931 0)
(0.122047 -0.0128657 0)
(0.140071 -0.0163662 0)
(0.159428 -0.0203938 0)
(0.179803 -0.0249322 0)
(0.201585 -0.0300484 0)
(0.224233 -0.0357225 0)
(0.248338 -0.0420258 0)
(0.273057 -0.0488737 0)
(0.299218 -0.056299 0)
(0.325651 -0.0641126 0)
(0.353463 -0.0723344 0)
(0.381173 -0.0806843 0)
(0.410152 -0.0891829 0)
(0.438625 -0.0974876 0)
(0.46821 -0.105645 0)
(0.496876 -0.113273 0)
(0.526441 -0.12046 0)
(0.554681 -0.126807 0)
(0.583554 -0.132467 0)
(0.610739 -0.137052 0)
(0.63826 -0.140789 0)
(0.663833 -0.143327 0)
(0.689434 -0.144961 0)
(0.712976 -0.145389 0)
(0.736245 -0.144963 0)
(0.757526 -0.143428 0)
(0.778224 -0.141172 0)
(0.797199 -0.137988 0)
(0.815245 -0.134272 0)
(0.832023 -0.129863 0)
(0.847462 -0.125136 0)
(0.862269 -0.119974 0)
(0.875233 -0.114706 0)
(0.888377 -0.109258 0)
(0.899046 -0.103886 0)
(0.91088 -0.0985708 0)
(0.91945 -0.0934748 0)
(0.930349 -0.0886497 0)
(0.937005 -0.0841435 0)
(0.947352 -0.0801021 0)
(0.952248 -0.0764389 0)
(0.962424 -0.0734232 0)
(0.965665 -0.070809 0)
(0.976046 -0.0690258 0)
(0.977667 -0.0676367 0)
(0.988618 -0.0672776 0)
(-0.00179928 0.0287931 0)
(-0.00958346 0.0405401 0)
(-0.0240803 0.0404812 0)
(-0.0354821 0.0380589 0)
(-0.0445153 0.0362046 0)
(-0.0509358 0.0347097 0)
(-0.0550463 0.0332262 0)
(-0.057247 0.0316799 0)
(-0.0579 0.0300817 0)
(-0.0572846 0.028457 0)
(-0.0555906 0.0268275 0)
(-0.0529671 0.0252076 0)
(-0.049541 0.023615 0)
(-0.0454196 0.0220612 0)
(-0.0406933 0.0205524 0)
(-0.0354392 0.0190923 0)
(-0.0297232 0.0176824 0)
(-0.0236007 0.0163191 0)
(-0.0171055 0.0149934 0)
(-0.0102779 0.0137085 0)
(-0.00314328 0.0124645 0)
(0.00427918 0.0112586 0)
(0.0119783 0.0100872 0)
(0.019947 0.00894679 0)
(0.0281872 0.00783077 0)
(0.0367058 0.00672746 0)
(0.0455632 0.00561868 0)
(0.0547053 0.0044824 0)
(0.0641917 0.00331929 0)
(0.0740506 0.00212685 0)
(0.0843128 0.000892618 0)
(0.0950154 -0.000401103 0)
(0.1062 -0.00177244 0)
(0.1179 -0.00324118 0)
(0.130171 -0.00482567 0)
(0.143034 -0.00655101 0)
(0.156549 -0.00844466 0)
(0.170765 -0.0105296 0)
(0.185757 -0.0128283 0)
(0.201524 -0.0153667 0)
(0.218178 -0.0181767 0)
(0.235669 -0.0212867 0)
(0.254169 -0.024733 0)
(0.273539 -0.0285308 0)
(0.294035 -0.0327349 0)
(0.31539 -0.0373741 0)
(0.337951 -0.0425079 0)
(0.361273 -0.0481394 0)
(0.385818 -0.0543161 0)
(0.410922 -0.0610009 0)
(0.437206 -0.068231 0)
(0.463752 -0.0759037 0)
(0.491364 -0.0840273 0)
(0.518848 -0.0924144 0)
(0.547221 -0.101051 0)
(0.575005 -0.109679 0)
(0.603468 -0.118284 0)
(0.630837 -0.126552 0)
(0.658668 -0.134496 0)
(0.684897 -0.141766 0)
(0.71138 -0.148426 0)
(0.735789 -0.154115 0)
(0.760287 -0.158969 0)
(0.782318 -0.162635 0)
(0.804337 -0.165336 0)
(0.823621 -0.166743 0)
(0.842877 -0.167174 0)
(0.859282 -0.166327 0)
(0.875722 -0.164608 0)
(0.889347 -0.161737 0)
(0.903108 -0.158185 0)
(0.914219 -0.153686 0)
(0.925563 -0.148751 0)
(0.934524 -0.143117 0)
(0.943771 -0.137308 0)
(0.950984 -0.131053 0)
(0.958462 -0.124872 0)
(0.964323 -0.118478 0)
(0.970326 -0.11237 0)
(0.975196 -0.106254 0)
(0.979969 -0.100595 0)
(0.984166 -0.095097 0)
(0.987892 -0.0901868 0)
(0.991686 -0.0855794 0)
(0.994487 -0.0816532 0)
(0.99811 -0.0781516 0)
(1.00004 -0.0753947 0)
(1.00369 -0.0731744 0)
(1.00472 -0.0717367 0)
(1.00856 -0.0709449 0)
(-0.0196006 0.00826466 0)
(-0.0378477 0.0318996 0)
(-0.0410653 0.0392211 0)
(-0.0431832 0.0400069 0)
(-0.0420923 0.0383428 0)
(-0.0386629 0.035584 0)
(-0.0333519 0.0325181 0)
(-0.0265044 0.0294764 0)
(-0.0183706 0.026557 0)
(-0.00924475 0.023829 0)
(0.000697684 0.0212686 0)
(0.0112863 0.0188534 0)
(0.0223672 0.0165802 0)
(0.033827 0.0144429 0)
(0.0455788 0.0124318 0)
(0.0575508 0.010538 0)
(0.0696811 0.0087547 0)
(0.0819108 0.00708068 0)
(0.0942663 0.00550768 0)
(0.106695 0.00401079 0)
(0.119184 0.00256647 0)
(0.13173 0.00115966 0)
(0.144338 -0.000220481 0)
(0.157013 -0.00158465 0)
(0.169766 -0.00294304 0)
(0.182613 -0.00430724 0)
(0.195614 -0.00568739 0)
(0.20875 -0.00710535 0)
(0.22209 -0.00857967 0)
(0.235677 -0.0101256 0)
(0.249545 -0.0117574 0)
(0.263736 -0.0134947 0)
(0.278293 -0.0153557 0)
(0.29326 -0.017363 0)
(0.308686 -0.0195354 0)
(0.324605 -0.0218925 0)
(0.341075 -0.0244501 0)
(0.358117 -0.0272378 0)
(0.375805 -0.0302781 0)
(0.394123 -0.0336004 0)
(0.41317 -0.0372257 0)
(0.432881 -0.0411828 0)
(0.453386 -0.0454939 0)
(0.474552 -0.0501856 0)
(0.496549 -0.0552832 0)
(0.519147 -0.0608072 0)
(0.542562 -0.0667784 0)
(0.566432 -0.0731964 0)
(0.591034 -0.0800656 0)
(0.615844 -0.0873479 0)
(0.641228 -0.0950256 0)
(0.666469 -0.10301 0)
(0.692066 -0.111255 0)
(0.717079 -0.119613 0)
(0.74218 -0.128019 0)
(0.766187 -0.136269 0)
(0.79002 -0.144295 0)
(0.81223 -0.151846 0)
(0.83406 -0.158883 0)
(0.853772 -0.165128 0)
(0.872998 -0.1706 0)
(0.889692 -0.175014 0)
(0.905933 -0.178476 0)
(0.919349 -0.180704 0)
(0.932489 -0.181912 0)
(0.942639 -0.181826 0)
(0.952821 -0.18077 0)
(0.959977 -0.178474 0)
(0.967568 -0.175366 0)
(0.972185 -0.17117 0)
(0.977675 -0.166405 0)
(0.980291 -0.160768 0)
(0.984194 -0.154842 0)
(0.985331 -0.148283 0)
(0.988115 -0.141717 0)
(0.988227 -0.134746 0)
(0.990265 -0.12802 0)
(0.989705 -0.121087 0)
(0.991271 -0.114615 0)
(0.990292 -0.108096 0)
(0.991564 -0.102212 0)
(0.990333 -0.0964079 0)
(0.99141 -0.0913771 0)
(0.990027 -0.086522 0)
(0.990945 -0.082549 0)
(0.98946 -0.0788245 0)
(0.990197 -0.0760669 0)
(0.98862 -0.0736145 0)
(0.989097 -0.0721945 0)
(0.987405 -0.071123 0)
(-0.0189708 0.107897 0)
(-0.0181955 0.072743 0)
(-0.0113694 0.0580367 0)
(0.00108721 0.0461448 0)
(0.0173809 0.0363359 0)
(0.035819 0.0288039 0)
(0.0554611 0.0228944 0)
(0.0755509 0.0180525 0)
(0.0959369 0.0138962 0)
(0.116048 0.0102434 0)
(0.136001 0.00702309 0)
(0.155718 0.00418712 0)
(0.175085 0.0016626 0)
(0.194081 -0.000615941 0)
(0.212704 -0.00269257 0)
(0.230943 -0.00459748 0)
(0.248812 -0.00635435 0)
(0.266298 -0.00798506 0)
(0.283449 -0.00950966 0)
(0.300251 -0.0109511 0)
(0.316726 -0.0123361 0)
(0.332905 -0.0136894 0)
(0.348827 -0.0150332 0)
(0.364525 -0.0163868 0)
(0.38003 -0.0177681 0)
(0.395399 -0.0191904 0)
(0.410674 -0.0206697 0)
(0.425899 -0.0222154 0)
(0.441117 -0.0238459 0)
(0.456386 -0.0255849 0)
(0.471744 -0.0274505 0)
(0.487249 -0.0294646 0)
(0.502934 -0.0316428 0)
(0.518853 -0.0340072 0)
(0.535035 -0.0365719 0)
(0.551525 -0.0393596 0)
(0.568349 -0.0423834 0)
(0.585536 -0.0456686 0)
(0.603111 -0.0492276 0)
(0.621082 -0.0530856 0)
(0.639467 -0.0572516 0)
(0.658245 -0.0617489 0)
(0.677429 -0.0665825 0)
(0.696959 -0.071773 0)
(0.716845 -0.0773203 0)
(0.736966 -0.0832401 0)
(0.757332 -0.0895221 0)
(0.777742 -0.0961649 0)
(0.798217 -0.103136 0)
(0.818456 -0.110404 0)
(0.838518 -0.117908 0)
(0.857981 -0.125579 0)
(0.876983 -0.133325 0)
(0.894963 -0.141039 0)
(0.912196 -0.148605 0)
(0.927968 -0.155878 0)
(0.942778 -0.162742 0)
(0.955724 -0.169023 0)
(0.967617 -0.174632 0)
(0.977322 -0.179388 0)
(0.986061 -0.183264 0)
(0.992398 -0.186081 0)
(0.998051 -0.1879 0)
(1.0012 -0.188551 0)
(1.00413 -0.188203 0)
(1.00452 -0.186684 0)
(1.0053 -0.184278 0)
(1.00355 -0.180784 0)
(1.00284 -0.176606 0)
(0.999586 -0.171498 0)
(0.998016 -0.165972 0)
(0.993829 -0.15971 0)
(0.991924 -0.153319 0)
(0.98724 -0.146384 0)
(0.985369 -0.139595 0)
(0.980473 -0.132432 0)
(0.978855 -0.125662 0)
(0.9739 -0.118655 0)
(0.972639 -0.112252 0)
(0.967673 -0.105719 0)
(0.966791 -0.0999675 0)
(0.961797 -0.0941615 0)
(0.961273 -0.0892883 0)
(0.956191 -0.0844125 0)
(0.955972 -0.0805945 0)
(0.950713 -0.0768058 0)
(0.950717 -0.0741771 0)
(0.945161 -0.0715931 0)
(0.945272 -0.07025 0)
(0.939274 -0.0689545 0)
(0.0698294 0.00704296 0)
(0.0897407 0.00653103 0)
(0.153348 0.00607707 0)
(0.198182 0.00290808 0)
(0.236926 -0.00137195 0)
(0.272132 -0.00546954 0)
(0.304635 -0.00899981 0)
(0.334258 -0.0119807 0)
(0.361811 -0.0145246 0)
(0.387507 -0.0167093 0)
(0.411744 -0.0186163 0)
(0.434716 -0.0202978 0)
(0.456517 -0.0217929 0)
(0.477256 -0.0231338 0)
(0.497039 -0.0243455 0)
(0.515949 -0.0254473 0)
(0.534059 -0.0264589 0)
(0.551427 -0.0274006 0)
(0.568116 -0.0282987 0)
(0.584177 -0.0291732 0)
(0.599662 -0.0300429 0)
(0.614628 -0.0309285 0)
(0.62913 -0.0318502 0)
(0.643224 -0.0328277 0)
(0.656961 -0.0338783 0)
(0.670403 -0.0350203 0)
(0.683597 -0.0362693 0)
(0.696597 -0.037641 0)
(0.709441 -0.0391498 0)
(0.722186 -0.0408137 0)
(0.734863 -0.0426471 0)
(0.747525 -0.0446672 0)
(0.760197 -0.0468875 0)
(0.772921 -0.0493259 0)
(0.78571 -0.0519947 0)
(0.798597 -0.0549111 0)
(0.811581 -0.0580846 0)
(0.824686 -0.0615314 0)
(0.837893 -0.0652581 0)
(0.851212 -0.0692797 0)
(0.864606 -0.0735983 0)
(0.878066 -0.0782262 0)
(0.891533 -0.083159 0)
(0.904977 -0.0884046 0)
(0.918314 -0.0939501 0)
(0.931481 -0.0997965 0)
(0.944377 -0.105917 0)
(0.956903 -0.112297 0)
(0.968945 -0.118888 0)
(0.980369 -0.125652 0)
(0.991063 -0.132512 0)
(1.00085 -0.139406 0)
(1.00967 -0.146226 0)
(1.0173 -0.152885 0)
(1.02376 -0.159253 0)
(1.0288 -0.165228 0)
(1.03259 -0.170677 0)
(1.0348 -0.175499 0)
(1.03584 -0.179584 0)
(1.03525 -0.182848 0)
(1.03375 -0.185226 0)
(1.03067 -0.186656 0)
(1.02711 -0.187139 0)
(1.02206 -0.18663 0)
(1.01709 -0.185212 0)
(1.0107 -0.182836 0)
(1.00503 -0.179682 0)
(0.997869 -0.175666 0)
(0.992091 -0.171074 0)
(0.984591 -0.165756 0)
(0.979114 -0.160107 0)
(0.971528 -0.153874 0)
(0.966598 -0.147569 0)
(0.959019 -0.140805 0)
(0.954734 -0.134224 0)
(0.947139 -0.127284 0)
(0.943512 -0.120774 0)
(0.935818 -0.113976 0)
(0.932826 -0.10784 0)
(0.924922 -0.101457 0)
(0.922537 -0.0959552 0)
(0.914305 -0.0902174 0)
(0.912506 -0.0855647 0)
(0.903819 -0.0806604 0)
(0.902586 -0.0770304 0)
(0.893298 -0.0731063 0)
(0.892596 -0.0706268 0)
(0.882525 -0.0677844 0)
(0.88228 -0.066532 0)
(0.871206 -0.0648257 0)
(0.773522 -0.00914244 0)
(0.775038 -0.0205376 0)
(0.775836 -0.0267287 0)
(0.777471 -0.0304027 0)
(0.781067 -0.0330314 0)
(0.7864 -0.0352119 0)
(0.793188 -0.0370718 0)
(0.800802 -0.0385765 0)
(0.809015 -0.0397455 0)
(0.817619 -0.0406138 0)
(0.826434 -0.0412586 0)
(0.835329 -0.0417509 0)
(0.844206 -0.0421342 0)
(0.852993 -0.0424342 0)
(0.861635 -0.0426691 0)
(0.870093 -0.0428546 0)
(0.878336 -0.043007 0)
(0.886343 -0.0431441 0)
(0.894104 -0.0432858 0)
(0.901615 -0.0434518 0)
(0.908882 -0.0436618 0)
(0.915915 -0.0439357 0)
(0.922729 -0.0442933 0)
(0.929347 -0.044754 0)
(0.935788 -0.0453366 0)
(0.942079 -0.0460597 0)
(0.94824 -0.0469403 0)
(0.954295 -0.0479935 0)
(0.960262 -0.0492325 0)
(0.966164 -0.0506697 0)
(0.972014 -0.0523166 0)
(0.977832 -0.0541843 0)
(0.983624 -0.0562833 0)
(0.989398 -0.0586238 0)
(0.995155 -0.0612147 0)
(1.00089 -0.0640645 0)
(1.00661 -0.0671796 0)
(1.01228 -0.0705661 0)
(1.01789 -0.0742275 0)
(1.02342 -0.0781676 0)
(1.02883 -0.0823855 0)
(1.03409 -0.086881 0)
(1.03913 -0.0916471 0)
(1.04393 -0.0966773 0)
(1.04839 -0.101955 0)
(1.05248 -0.107463 0)
(1.05609 -0.113169 0)
(1.05918 -0.119043 0)
(1.06164 -0.125035 0)
(1.06341 -0.131097 0)
(1.06441 -0.137157 0)
(1.06458 -0.143152 0)
(1.06385 -0.148987 0)
(1.06221 -0.154588 0)
(1.05962 -0.159845 0)
(1.0561 -0.164683 0)
(1.05168 -0.168994 0)
(1.04639 -0.172716 0)
(1.04037 -0.175751 0)
(1.03363 -0.178063 0)
(1.02642 -0.179577 0)
(1.01865 -0.18029 0)
(1.01073 -0.180162 0)
(1.00237 -0.179219 0)
(0.99421 -0.177463 0)
(0.985582 -0.174935 0)
(0.977502 -0.171689 0)
(0.968754 -0.167761 0)
(0.960899 -0.163259 0)
(0.951999 -0.15818 0)
(0.944399 -0.152708 0)
(0.935219 -0.146766 0)
(0.927864 -0.14064 0)
(0.918251 -0.134144 0)
(0.911152 -0.127694 0)
(0.900971 -0.120955 0)
(0.894195 -0.114512 0)
(0.883353 -0.107835 0)
(0.877035 -0.101719 0)
(0.86546 -0.0953827 0)
(0.859781 -0.0898783 0)
(0.847387 -0.0841133 0)
(0.84255 -0.0794563 0)
(0.829197 -0.0744406 0)
(0.825401 -0.0708175 0)
(0.810866 -0.0666761 0)
(0.808292 -0.0642191 0)
(0.792244 -0.0610173 0)
(0.791042 -0.059792 0)
(0.773043 -0.0575296 0)
(1.05709 0.00836193 0)
(1.06017 5.27671e-07 0)
(1.06087 -0.00713015 0)
(1.06011 -0.0127594 0)
(1.05921 -0.0173622 0)
(1.05889 -0.0213462 0)
(1.05928 -0.0248868 0)
(1.06022 -0.0279943 0)
(1.0615 -0.0306648 0)
(1.06297 -0.032917 0)
(1.06454 -0.0347945 0)
(1.06616 -0.0363509 0)
(1.0678 -0.0376383 0)
(1.06945 -0.0387019 0)
(1.07107 -0.039581 0)
(1.07265 -0.0403101 0)
(1.07418 -0.0409218 0)
(1.07563 -0.0414472 0)
(1.07699 -0.0419171 0)
(1.07826 -0.0423617 0)
(1.07943 -0.0428102 0)
(1.08051 -0.0432907 0)
(1.0815 -0.0438301 0)
(1.08239 -0.0444539 0)
(1.08321 -0.0451859 0)
(1.08396 -0.0460483 0)
(1.08463 -0.0470612 0)
(1.08525 -0.0482418 0)
(1.08581 -0.0496054 0)
(1.08632 -0.0511649 0)
(1.08678 -0.0529319 0)
(1.08719 -0.0549165 0)
(1.08754 -0.0571272 0)
(1.08783 -0.0595705 0)
(1.08806 -0.0622523 0)
(1.08821 -0.0651766 0)
(1.08827 -0.0683468 0)
(1.08822 -0.0717644 0)
(1.08804 -0.0754302 0)
(1.08772 -0.0793421 0)
(1.08722 -0.0834971 0)
(1.08651 -0.0878881 0)
(1.08556 -0.0925062 0)
(1.08435 -0.0973373 0)
(1.08283 -0.102364 0)
(1.08098 -0.107561 0)
(1.07875 -0.112899 0)
(1.07611 -0.118343 0)
(1.07303 -0.123848 0)
(1.06948 -0.129364 0)
(1.06545 -0.134833 0)
(1.06091 -0.14019 0)
(1.05587 -0.145363 0)
(1.05032 -0.150281 0)
(1.04428 -0.154866 0)
(1.03779 -0.159048 0)
(1.03085 -0.162751 0)
(1.02352 -0.165916 0)
(1.01581 -0.168471 0)
(1.00779 -0.170373 0)
(0.999445 -0.171559 0)
(0.990814 -0.172013 0)
(0.981891 -0.171688 0)
(0.972645 -0.170605 0)
(0.963109 -0.168738 0)
(0.953135 -0.166148 0)
(0.942876 -0.162832 0)
(0.931997 -0.158871 0)
(0.920905 -0.154273 0)
(0.90896 -0.14913 0)
(0.897005 -0.143477 0)
(0.88392 -0.137411 0)
(0.871222 -0.131016 0)
(0.857048 -0.124362 0)
(0.843882 -0.117593 0)
(0.828755 -0.110704 0)
(0.815515 -0.103935 0)
(0.7996 -0.0971596 0)
(0.786754 -0.0907557 0)
(0.770179 -0.0844019 0)
(0.758224 -0.0786763 0)
(0.740995 -0.0729702 0)
(0.730423 -0.0681586 0)
(0.712346 -0.0632339 0)
(0.703641 -0.059504 0)
(0.684272 -0.0554155 0)
(0.677955 -0.0528845 0)
(0.65656 -0.0496199 0)
(0.653252 -0.0483568 0)
(0.628766 -0.0458352 0)
(1.08185 -0.00317395 0)
(1.08781 -0.0107321 0)
(1.09212 -0.0180448 0)
(1.09479 -0.0241166 0)
(1.09632 -0.0288043 0)
(1.09731 -0.0324328 0)
(1.09816 -0.0353604 0)
(1.09902 -0.037814 0)
(1.09989 -0.0398865 0)
(1.10072 -0.0416053 0)
(1.10147 -0.0429842 0)
(1.10213 -0.0440486 0)
(1.10269 -0.0448376 0)
(1.10316 -0.0453977 0)
(1.10356 -0.0457751 0)
(1.10388 -0.0460128 0)
(1.10413 -0.0461497 0)
(1.10428 -0.0462216 0)
(1.10435 -0.0462618 0)
(1.10433 -0.0463021 0)
(1.10421 -0.0463727 0)
(1.10399 -0.0465021 0)
(1.10368 -0.046717 0)
(1.10328 -0.047042 0)
(1.10278 -0.0474996 0)
(1.1022 -0.0481098 0)
(1.10153 -0.0488904 0)
(1.10077 -0.0498567 0)
(1.09993 -0.0510215 0)
(1.09901 -0.0523955 0)
(1.098 -0.0539874 0)
(1.0969 -0.0558039 0)
(1.09571 -0.0578504 0)
(1.09443 -0.0601305 0)
(1.09304 -0.0626468 0)
(1.09155 -0.0654007 0)
(1.08993 -0.0683928 0)
(1.08818 -0.0716224 0)
(1.08629 -0.0750873 0)
(1.08424 -0.0787837 0)
(1.08203 -0.0827056 0)
(1.07962 -0.0868442 0)
(1.07702 -0.0911881 0)
(1.07419 -0.0957217 0)
(1.07112 -0.100426 0)
(1.0678 -0.105275 0)
(1.06419 -0.110241 0)
(1.06029 -0.115287 0)
(1.05607 -0.120371 0)
(1.0515 -0.125442 0)
(1.04656 -0.130447 0)
(1.04123 -0.13532 0)
(1.03548 -0.139998 0)
(1.02926 -0.14441 0)
(1.02256 -0.148487 0)
(1.01532 -0.15216 0)
(1.0075 -0.155363 0)
(0.999065 -0.158032 0)
(0.989952 -0.160108 0)
(0.980114 -0.161532 0)
(0.969487 -0.162248 0)
(0.958021 -0.162209 0)
(0.94564 -0.161372 0)
(0.932308 -0.159726 0)
(0.917957 -0.157265 0)
(0.902584 -0.154031 0)
(0.886169 -0.150051 0)
(0.868745 -0.145395 0)
(0.850377 -0.140089 0)
(0.831093 -0.134232 0)
(0.81108 -0.127862 0)
(0.790285 -0.121126 0)
(0.769122 -0.114087 0)
(0.747336 -0.10692 0)
(0.725692 -0.0996739 0)
(0.70351 -0.0925138 0)
(0.682109 -0.085474 0)
(0.660062 -0.0786934 0)
(0.6396 -0.0722119 0)
(0.618072 -0.066112 0)
(0.599196 -0.0604674 0)
(0.578336 -0.0552445 0)
(0.561618 -0.0506106 0)
(0.541216 -0.0463269 0)
(0.527204 -0.0427799 0)
(0.506591 -0.039385 0)
(0.495984 -0.0369674 0)
(0.473894 -0.0343417 0)
(0.467841 -0.0331121 0)
(0.442171 -0.0310713 0)
(1.07462 -0.00708322 0)
(1.0807 -0.012014 0)
(1.08564 -0.017135 0)
(1.08939 -0.0219104 0)
(1.09207 -0.0259915 0)
(1.09402 -0.0293305 0)
(1.09553 -0.0320617 0)
(1.09684 -0.0343454 0)
(1.09804 -0.0362892 0)
(1.09914 -0.0379416 0)
(1.10014 -0.0393171 0)
(1.101 -0.0404244 0)
(1.10173 -0.0412821 0)
(1.10233 -0.0419201 0)
(1.1028 -0.0423759 0)
(1.10317 -0.0426888 0)
(1.10342 -0.0428971 0)
(1.10355 -0.0430368 0)
(1.10357 -0.0431418 0)
(1.10346 -0.0432442 0)
(1.10323 -0.0433746 0)
(1.10288 -0.0435619 0)
(1.10241 -0.0438325 0)
(1.10182 -0.0442107 0)
(1.10111 -0.0447182 0)
(1.10029 -0.0453738 0)
(1.09936 -0.0461944 0)
(1.09832 -0.0471943 0)
(1.09718 -0.0483858 0)
(1.09593 -0.0497786 0)
(1.09457 -0.0513802 0)
(1.0931 -0.0531963 0)
(1.09152 -0.0552307 0)
(1.08982 -0.0574858 0)
(1.088 -0.059963 0)
(1.08604 -0.0626627 0)
(1.08394 -0.0655841 0)
(1.08168 -0.0687252 0)
(1.07924 -0.0720827 0)
(1.07662 -0.0756515 0)
(1.07379 -0.0794242 0)
(1.07073 -0.0833905 0)
(1.06742 -0.0875372 0)
(1.06383 -0.091847 0)
(1.05994 -0.0962986 0)
(1.05569 -0.100866 0)
(1.05107 -0.105516 0)
(1.04601 -0.110213 0)
(1.04048 -0.114911 0)
(1.03442 -0.119559 0)
(1.02775 -0.124096 0)
(1.02042 -0.128459 0)
(1.01233 -0.132577 0)
(1.00341 -0.136376 0)
(0.993557 -0.139784 0)
(0.982675 -0.142727 0)
(0.970671 -0.145138 0)
(0.957454 -0.146952 0)
(0.942946 -0.148112 0)
(0.927074 -0.148564 0)
(0.90979 -0.148252 0)
(0.891044 -0.147124 0)
(0.870817 -0.145139 0)
(0.849093 -0.14228 0)
(0.8259 -0.138574 0)
(0.801287 -0.134073 0)
(0.775371 -0.128857 0)
(0.7483 -0.123004 0)
(0.720283 -0.116601 0)
(0.691518 -0.109744 0)
(0.66224 -0.102532 0)
(0.632647 -0.0951004 0)
(0.603034 -0.0875824 0)
(0.573608 -0.0801431 0)
(0.544743 -0.0728885 0)
(0.516553 -0.0659574 0)
(0.489465 -0.0593866 0)
(0.463357 -0.0532842 0)
(0.438805 -0.0476229 0)
(0.415308 -0.0425091 0)
(0.393797 -0.0378663 0)
(0.3731 -0.0338154 0)
(0.354894 -0.0302216 0)
(0.336762 -0.0272123 0)
(0.321938 -0.0246041 0)
(0.305599 -0.0225183 0)
(0.294318 -0.0207964 0)
(0.278279 -0.0194629 0)
(0.271453 -0.0185899 0)
(0.252884 -0.0177826 0)
(1.06828 -0.014533 0)
(1.07414 -0.0185207 0)
(1.0792 -0.0226361 0)
(1.08338 -0.0266053 0)
(1.08672 -0.0301872 0)
(1.08936 -0.033255 0)
(1.09149 -0.0358099 0)
(1.09331 -0.0379247 0)
(1.09494 -0.0396809 0)
(1.09642 -0.0411363 0)
(1.09777 -0.0423217 0)
(1.09897 -0.0432533 0)
(1.10001 -0.0439459 0)
(1.10088 -0.0444217 0)
(1.10158 -0.0447106 0)
(1.10212 -0.0448483 0)
(1.10249 -0.0448724 0)
(1.10269 -0.0448205 0)
(1.10273 -0.044729 0)
(1.10259 -0.0446329 0)
(1.10228 -0.0445652 0)
(1.1018 -0.0445569 0)
(1.10115 -0.0446358 0)
(1.10032 -0.0448266 0)
(1.09934 -0.0451501 0)
(1.0982 -0.0456242 0)
(1.0969 -0.0462647 0)
(1.09544 -0.0470849 0)
(1.09382 -0.0480961 0)
(1.09205 -0.0493068 0)
(1.09012 -0.0507236 0)
(1.08803 -0.0523504 0)
(1.08576 -0.0541899 0)
(1.0833 -0.0562424 0)
(1.08064 -0.0585075 0)
(1.07776 -0.060983 0)
(1.07465 -0.0636661 0)
(1.07126 -0.0665519 0)
(1.06759 -0.0696348 0)
(1.06359 -0.0729064 0)
(1.05922 -0.0763564 0)
(1.05446 -0.0799709 0)
(1.04925 -0.083733 0)
(1.04355 -0.0876207 0)
(1.03728 -0.0916079 0)
(1.0304 -0.0956626 0)
(1.02283 -0.0997482 0)
(1.0145 -0.103821 0)
(1.00531 -0.107832 0)
(0.995182 -0.111722 0)
(0.984011 -0.115425 0)
(0.971696 -0.118868 0)
(0.95812 -0.121974 0)
(0.943173 -0.124665 0)
(0.926738 -0.126862 0)
(0.908711 -0.128493 0)
(0.888991 -0.129488 0)
(0.867505 -0.129793 0)
(0.844197 -0.129364 0)
(0.819058 -0.128167 0)
(0.792104 -0.12617 0)
(0.763398 -0.123345 0)
(0.733021 -0.119668 0)
(0.701097 -0.115156 0)
(0.667751 -0.109862 0)
(0.633188 -0.10388 0)
(0.597654 -0.097322 0)
(0.561513 -0.0903186 0)
(0.525146 -0.0830263 0)
(0.488972 -0.0756008 0)
(0.453377 -0.0681771 0)
(0.418705 -0.0608903 0)
(0.385287 -0.0538819 0)
(0.353465 -0.0472707 0)
(0.323622 -0.0411685 0)
(0.296002 -0.0356848 0)
(0.270857 -0.0308719 0)
(0.248176 -0.026757 0)
(0.228041 -0.0232951 0)
(0.210175 -0.0204536 0)
(0.194596 -0.0181176 0)
(0.180782 -0.0162443 0)
(0.168888 -0.0146843 0)
(0.158099 -0.0134565 0)
(0.148969 -0.0123876 0)
(0.140108 -0.0116085 0)
(0.133067 -0.010873 0)
(0.124944 -0.0104993 0)
(0.120203 -0.0101035 0)
(0.110589 -0.0101271 0)
(1.06565 -0.0205214 0)
(1.07138 -0.023728 0)
(1.0765 -0.0269941 0)
(1.08093 -0.0301746 0)
(1.08467 -0.033123 0)
(1.08779 -0.0357276 0)
(1.09038 -0.0379404 0)
(1.0926 -0.0397727 0)
(1.09455 -0.0412663 0)
(1.09628 -0.0424655 0)
(1.09782 -0.0434031 0)
(1.09915 -0.0440998 0)
(1.10027 -0.0445718 0)
(1.10115 -0.0448371 0)
(1.10178 -0.0449201 0)
(1.10216 -0.0448513 0)
(1.10228 -0.044666 0)
(1.10214 -0.0444012 0)
(1.10174 -0.0440949 0)
(1.10107 -0.0437836 0)
(1.10013 -0.0435027 0)
(1.09893 -0.0432851 0)
(1.09746 -0.0431605 0)
(1.09574 -0.0431535 0)
(1.09376 -0.0432838 0)
(1.09153 -0.043567 0)
(1.08904 -0.0440167 0)
(1.08631 -0.0446438 0)
(1.08332 -0.0454572 0)
(1.08006 -0.046463 0)
(1.07653 -0.0476655 0)
(1.07272 -0.0490663 0)
(1.06859 -0.050665 0)
(1.06413 -0.0524592 0)
(1.05932 -0.054445 0)
(1.05411 -0.0566165 0)
(1.04846 -0.058967 0)
(1.04235 -0.0614873 0)
(1.03571 -0.0641672 0)
(1.02849 -0.0669934 0)
(1.02064 -0.0699508 0)
(1.01209 -0.07302 0)
(1.00276 -0.0761786 0)
(0.992588 -0.0793979 0)
(0.981483 -0.082645 0)
(0.969356 -0.0858794 0)
(0.956112 -0.0890576 0)
(0.941651 -0.0921305 0)
(0.925872 -0.0950447 0)
(0.908668 -0.0977349 0)
(0.889939 -0.100132 0)
(0.869579 -0.102158 0)
(0.84749 -0.10374 0)
(0.823579 -0.104804 0)
(0.79777 -0.105284 0)
(0.77001 -0.10512 0)
(0.740275 -0.104262 0)
(0.708583 -0.102668 0)
(0.674962 -0.100306 0)
(0.639545 -0.0971649 0)
(0.602505 -0.0932462 0)
(0.5641 -0.0885675 0)
(0.524681 -0.0831952 0)
(0.484601 -0.0772369 0)
(0.444197 -0.0708013 0)
(0.403891 -0.0640233 0)
(0.364096 -0.0570403 0)
(0.325502 -0.0500407 0)
(0.288622 -0.0431897 0)
(0.25415 -0.0367291 0)
(0.222624 -0.0309185 0)
(0.194364 -0.0259716 0)
(0.169384 -0.0219096 0)
(0.147792 -0.0187071 0)
(0.129374 -0.0162487 0)
(0.113798 -0.014361 0)
(0.100672 -0.0128627 0)
(0.0895116 -0.0116344 0)
(0.0799134 -0.0106029 0)
(0.0715031 -0.00974181 0)
(0.0640817 -0.00900763 0)
(0.0574094 -0.00838536 0)
(0.0514443 -0.00782123 0)
(0.0459526 -0.00731939 0)
(0.0410296 -0.00682573 0)
(0.0363617 -0.00641797 0)
(0.0322625 -0.00604241 0)
(0.028134 -0.00589951 0)
(0.0250216 -0.00577444 0)
(0.0203365 -0.00618537 0)
(1.06637 -0.026734 0)
(1.07192 -0.0292766 0)
(1.0769 -0.0318275 0)
(1.08124 -0.0343201 0)
(1.08492 -0.0366715 0)
(1.08796 -0.0387969 0)
(1.09042 -0.0406323 0)
(1.09239 -0.0421515 0)
(1.09393 -0.0433613 0)
(1.09511 -0.0442855 0)
(1.09592 -0.0449491 0)
(1.09638 -0.045372 0)
(1.09645 -0.0455705 0)
(1.09612 -0.0455611 0)
(1.09538 -0.0453649 0)
(1.09423 -0.0450094 0)
(1.09264 -0.0445281 0)
(1.09063 -0.0439579 0)
(1.08819 -0.0433377 0)
(1.08534 -0.0427062 0)
(1.08206 -0.0421012 0)
(1.07838 -0.0415574 0)
(1.07431 -0.0411074 0)
(1.06984 -0.0407763 0)
(1.065 -0.0405841 0)
(1.05978 -0.0405461 0)
(1.05418 -0.0406732 0)
(1.0482 -0.0409729 0)
(1.04182 -0.041449 0)
(1.03502 -0.042103 0)
(1.02779 -0.0429336 0)
(1.0201 -0.0439375 0)
(1.01192 -0.0451096 0)
(1.00321 -0.0464431 0)
(0.993929 -0.0479295 0)
(0.984022 -0.0495589 0)
(0.973434 -0.0513195 0)
(0.962107 -0.0531978 0)
(0.949972 -0.0551784 0)
(0.936961 -0.0572434 0)
(0.922997 -0.0593728 0)
(0.908001 -0.0615426 0)
(0.891891 -0.0637266 0)
(0.874582 -0.0658914 0)
(0.855988 -0.0680016 0)
(0.836018 -0.0700107 0)
(0.814591 -0.0718733 0)
(0.791613 -0.0735353 0)
(0.767009 -0.0749346 0)
(0.740719 -0.076001 0)
(0.712696 -0.0766662 0)
(0.682908 -0.0768618 0)
(0.651349 -0.0765317 0)
(0.618034 -0.0756235 0)
(0.583027 -0.0741071 0)
(0.546419 -0.0719618 0)
(0.508401 -0.0691935 0)
(0.469225 -0.0658018 0)
(0.429125 -0.0617619 0)
(0.388479 -0.0570571 0)
(0.347745 -0.0517077 0)
(0.307517 -0.0457974 0)
(0.268515 -0.0396051 0)
(0.231436 -0.0335272 0)
(0.19691 -0.0279379 0)
(0.165486 -0.0231541 0)
(0.137523 -0.0192519 0)
(0.113708 -0.0162876 0)
(0.0938561 -0.0140226 0)
(0.0774774 -0.0121796 0)
(0.0638491 -0.0106393 0)
(0.0522603 -0.00934536 0)
(0.0420204 -0.00830099 0)
(0.0329388 -0.00759919 0)
(0.0248537 -0.00712258 0)
(0.0177342 -0.00671285 0)
(0.0114952 -0.00627835 0)
(0.00600303 -0.00579826 0)
(0.00114182 -0.00529475 0)
(-0.00320239 -0.00481491 0)
(-0.00710848 -0.00439177 0)
(-0.0106577 -0.00404366 0)
(-0.0138864 -0.00375354 0)
(-0.0168804 -0.00350629 0)
(-0.0196423 -0.00328336 0)
(-0.0222343 -0.00312859 0)
(-0.0245817 -0.00305879 0)
(-0.0267825 -0.0031657 0)
(-0.028771 -0.00341653 0)
(-0.0311478 -0.00405658 0)
(1.06599 -0.0309797 0)
(1.06996 -0.0329338 0)
(1.07311 -0.0348623 0)
(1.07537 -0.0367382 0)
(1.07672 -0.0385067 0)
(1.07717 -0.0401007 0)
(1.07675 -0.0414593 0)
(1.07554 -0.0425435 0)
(1.07357 -0.0433403 0)
(1.0709 -0.0438566 0)
(1.06756 -0.0441076 0)
(1.06357 -0.0441107 0)
(1.05894 -0.0438816 0)
(1.05368 -0.0434376 0)
(1.04781 -0.0427986 0)
(1.04134 -0.0419922 0)
(1.03429 -0.0410504 0)
(1.0267 -0.0400132 0)
(1.01858 -0.0389209 0)
(1.00998 -0.0378171 0)
(1.0009 -0.0367403 0)
(0.991392 -0.035728 0)
(0.981448 -0.0348092 0)
(0.971097 -0.0340128 0)
(0.960354 -0.033364 0)
(0.949223 -0.0328809 0)
(0.937696 -0.0325723 0)
(0.925763 -0.0324398 0)
(0.9134 -0.0324781 0)
(0.900583 -0.032679 0)
(0.887277 -0.0330309 0)
(0.873447 -0.0335217 0)
(0.859047 -0.0341375 0)
(0.844031 -0.034865 0)
(0.828342 -0.035689 0)
(0.811927 -0.0365954 0)
(0.794721 -0.037567 0)
(0.776667 -0.0385878 0)
(0.757692 -0.0396378 0)
(0.73774 -0.0406988 0)
(0.716738 -0.0417471 0)
(0.694635 -0.0427618 0)
(0.671359 -0.0437142 0)
(0.646877 -0.0445797 0)
(0.621126 -0.0453232 0)
(0.594105 -0.0459119 0)
(0.565798 -0.0462981 0)
(0.536197 -0.0464137 0)
(0.50534 -0.0461818 0)
(0.473302 -0.0455285 0)
(0.44019 -0.044388 0)
(0.406161 -0.042712 0)
(0.371403 -0.0404808 0)
(0.336186 -0.0377072 0)
(0.300821 -0.0344527 0)
(0.265655 -0.0308419 0)
(0.2312 -0.0270742 0)
(0.198066 -0.0233687 0)
(0.166916 -0.019917 0)
(0.138364 -0.0168185 0)
(0.113039 -0.014095 0)
(0.091406 -0.011831 0)
(0.0731564 -0.00992703 0)
(0.0577294 -0.00831013 0)
(0.0445312 -0.0069599 0)
(0.0330796 -0.00595275 0)
(0.022797 -0.00538419 0)
(0.0136642 -0.00524389 0)
(0.00572926 -0.00521699 0)
(-0.00110573 -0.00492752 0)
(-0.00700214 -0.00426474 0)
(-0.0120857 -0.00342026 0)
(-0.0165431 -0.00268886 0)
(-0.0204645 -0.00221365 0)
(-0.0239868 -0.00198902 0)
(-0.0271908 -0.0019444 0)
(-0.0301214 -0.00196876 0)
(-0.0327936 -0.00197743 0)
(-0.035221 -0.00194032 0)
(-0.0374301 -0.00186619 0)
(-0.0394532 -0.00177173 0)
(-0.0413266 -0.00167077 0)
(-0.0430679 -0.0015671 0)
(-0.0446986 -0.00146891 0)
(-0.0462239 -0.00138729 0)
(-0.0476547 -0.0013615 0)
(-0.0489779 -0.00143183 0)
(-0.050259 -0.00165619 0)
(-0.0516336 -0.00204124 0)
(-0.0530476 -0.0025495 0)
(1.02392 -0.0368445 0)
(1.01898 -0.0374177 0)
(1.01271 -0.0379838 0)
(1.0051 -0.0385288 0)
(0.99619 -0.0390106 0)
(0.986036 -0.0393764 0)
(0.974722 -0.0395791 0)
(0.962363 -0.0395835 0)
(0.949059 -0.0393654 0)
(0.934929 -0.0389162 0)
(0.920082 -0.0382401 0)
(0.904627 -0.0373501 0)
(0.888653 -0.0362629 0)
(0.87225 -0.0349984 0)
(0.855498 -0.0335785 0)
(0.83848 -0.0320308 0)
(0.821266 -0.0303868 0)
(0.803933 -0.0286843 0)
(0.786531 -0.0269626 0)
(0.76912 -0.025263 0)
(0.751725 -0.0236216 0)
(0.734386 -0.0220724 0)
(0.717095 -0.0206397 0)
(0.699855 -0.0193476 0)
(0.682666 -0.0182153 0)
(0.665519 -0.0172549 0)
(0.648394 -0.0164704 0)
(0.63126 -0.0158581 0)
(0.614075 -0.0154082 0)
(0.596792 -0.0151062 0)
(0.57936 -0.0149348 0)
(0.561725 -0.0148751 0)
(0.543831 -0.0149076 0)
(0.525625 -0.0150126 0)
(0.507052 -0.0151705 0)
(0.488062 -0.0153614 0)
(0.468607 -0.0155653 0)
(0.448648 -0.0157627 0)
(0.42815 -0.0159334 0)
(0.407092 -0.0160587 0)
(0.385455 -0.0161188 0)
(0.363252 -0.0160977 0)
(0.340487 -0.0159778 0)
(0.317224 -0.0157503 0)
(0.293497 -0.0154016 0)
(0.269479 -0.0149371 0)
(0.245318 -0.0143411 0)
(0.221189 -0.0135962 0)
(0.197327 -0.0126974 0)
(0.174014 -0.0116586 0)
(0.151566 -0.0104998 0)
(0.130309 -0.00925725 0)
(0.1105 -0.00794188 0)
(0.0924029 -0.00655393 0)
(0.0761107 -0.00522236 0)
(0.0615245 -0.00400599 0)
(0.0485208 -0.00298633 0)
(0.0369561 -0.00229048 0)
(0.0266889 -0.00203453 0)
(0.0174884 -0.00222479 0)
(0.00916469 -0.00269103 0)
(0.00186178 -0.00313774 0)
(-0.00447419 -0.00312283 0)
(-0.00985508 -0.0025278 0)
(-0.0143035 -0.00158673 0)
(-0.0179759 -0.000707101 0)
(-0.0210794 -0.000239842 0)
(-0.0238449 -0.000161685 0)
(-0.026435 -0.000309166 0)
(-0.0288612 -0.000465989 0)
(-0.0310137 -0.000473854 0)
(-0.0328117 -0.000365381 0)
(-0.0342818 -0.000240379 0)
(-0.0355114 -0.000172117 0)
(-0.0366219 -0.000195483 0)
(-0.0376939 -0.000282087 0)
(-0.0387617 -0.000373561 0)
(-0.0398234 -0.000434763 0)
(-0.0408573 -0.000459567 0)
(-0.0418444 -0.000459043 0)
(-0.0427758 -0.000445903 0)
(-0.043652 -0.000426418 0)
(-0.0444748 -0.000398864 0)
(-0.0452478 -0.00036754 0)
(-0.0459758 -0.000342665 0)
(-0.0466696 -0.000350253 0)
(-0.0473518 -0.000429784 0)
(-0.0481144 -0.00063465 0)
(-0.0491267 -0.000963971 0)
(-0.0502134 -0.0012758 0)
(0.714803 -0.0206663 0)
(0.685825 -0.0202453 0)
(0.656736 -0.0198372 0)
(0.627558 -0.019436 0)
(0.598348 -0.0190177 0)
(0.56919 -0.0185517 0)
(0.540208 -0.0180096 0)
(0.511575 -0.0173684 0)
(0.483454 -0.0166041 0)
(0.456019 -0.0157041 0)
(0.429441 -0.01467 0)
(0.403876 -0.0135166 0)
(0.379463 -0.0122678 0)
(0.35632 -0.0109522 0)
(0.334539 -0.00960118 0)
(0.314192 -0.00824787 0)
(0.295318 -0.00692685 0)
(0.277926 -0.00567239 0)
(0.261991 -0.00451627 0)
(0.247453 -0.00348432 0)
(0.23422 -0.00259576 0)
(0.222182 -0.00186053 0)
(0.211203 -0.00128203 0)
(0.201151 -0.000845046 0)
(0.191893 -0.000526917 0)
(0.183295 -0.000307473 0)
(0.175227 -0.000170774 0)
(0.167565 -0.000102937 0)
(0.160195 -9.00908e-05 0)
(0.153017 -0.000117991 0)
(0.145944 -0.000172548 0)
(0.138908 -0.000240528 0)
(0.131854 -0.000309823 0)
(0.124743 -0.000369566 0)
(0.117553 -0.000410088 0)
(0.110272 -0.000423047 0)
(0.102905 -0.000401559 0)
(0.0954667 -0.000340491 0)
(0.0879851 -0.000236772 0)
(0.0804979 -8.97901e-05 0)
(0.0730511 9.79921e-05 0)
(0.0656981 0.000320665 0)
(0.0584943 0.000567811 0)
(0.0514978 0.000824518 0)
(0.0447584 0.00106844 0)
(0.0383186 0.00126812 0)
(0.0321954 0.00136984 0)
(0.0263852 0.0013231 0)
(0.0208718 0.00110152 0)
(0.0156279 0.000709864 0)
(0.0106356 0.000190815 0)
(0.005897 -0.000366502 0)
(0.00140549 -0.000835199 0)
(-0.00279712 -0.00112588 0)
(-0.00653117 -0.00123451 0)
(-0.00960903 -0.00107625 0)
(-0.0119523 -0.00067843 0)
(-0.0135757 -0.000153912 0)
(-0.0146418 0.000343995 0)
(-0.0154183 0.000669184 0)
(-0.0162088 0.000796401 0)
(-0.0171829 0.000794628 0)
(-0.0182837 0.000715457 0)
(-0.0192612 0.000642646 0)
(-0.0198923 0.000583977 0)
(-0.0201229 0.000525068 0)
(-0.0200773 0.000430559 0)
(-0.0199794 0.000283458 0)
(-0.020006 0.000123281 0)
(-0.0201965 2.05527e-05 0)
(-0.0204587 2.93115e-06 0)
(-0.0206735 4.48183e-05 0)
(-0.0207901 0.000100549 0)
(-0.020826 0.000135667 0)
(-0.0208404 0.000137318 0)
(-0.0208892 0.000113878 0)
(-0.0209978 7.90108e-05 0)
(-0.0211614 4.55044e-05 0)
(-0.0213603 2.06104e-05 0)
(-0.0215745 5.46313e-06 0)
(-0.0217908 -2.08891e-06 0)
(-0.0220016 -4.53521e-06 0)
(-0.0222009 -2.53491e-06 0)
(-0.0223836 3.15745e-06 0)
(-0.0225479 1.06688e-05 0)
(-0.0227011 1.30905e-05 0)
(-0.0228686 -6.35855e-06 0)
(-0.0231292 -7.87828e-05 0)
(-0.0236522 -0.000213877 0)
(-0.0244454 -0.000335936 0)
)
;

boundaryField
{
    fixedWalls
    {
        type            noSlip;
    }
    inflowWall
    {
        type            fixedValue;
        value           uniform (1 0 0);
    }
    outflowWall
    {
        type            zeroGradient;
    }
    frontAndBack
    {
        type            empty;
    }
}


// ************************************************************************* //
