/*--------------------------------*- C++ -*----------------------------------*\
| =========                 |                                                 |
| \\      /  F ield         | OpenFOAM: The Open Source CFD Toolbox           |
|  \\    /   O peration     | Version:  2306                                  |
|   \\  /    A nd           | Website:  www.openfoam.com                      |
|    \\/     M anipulation  |                                                 |
\*---------------------------------------------------------------------------*/
FoamFile
{
    version     2.0;
    format      ascii;
    arch        "LSB;label=32;scalar=64";
    class       volVectorField;
    location    "3.64";
    object      U;
}
// * * * * * * * * * * * * * * * * * * * * * * * * * * * * * * * * * * * * * //

dimensions      [0 1 -1 0 0 0 0];

internalField   nonuniform List<vector> 
1900
(
(0.984288 0.0072835 0)
(0.961749 0.0216912 0)
(0.952356 0.0181629 0)
(0.918703 0.0253083 0)
(0.903471 0.0154185 0)
(0.863099 0.0257507 0)
(0.852374 0.0115605 0)
(0.812059 0.0267186 0)
(0.80987 0.00449116 0)
(0.770711 0.0259287 0)
(1.00257 0.0115572 0)
(1.00445 0.0258571 0)
(1.01945 0.0289528 0)
(1.02198 0.0304397 0)
(1.03491 0.0279793 0)
(1.034 0.0283834 0)
(1.04412 0.0257315 0)
(1.04287 0.0250155 0)
(1.05132 0.0205504 0)
(1.05243 0.016029 0)
(1.00048 0.00388262 0)
(1.00419 0.0111477 0)
(1.01256 0.0139823 0)
(1.02114 0.0157647 0)
(1.03156 0.0146762 0)
(1.04056 0.0143715 0)
(1.05001 0.0123048 0)
(1.05843 0.0108343 0)
(1.06692 0.00717314 0)
(1.07477 0.00296922 0)
(1.00007 0.0020737 0)
(1.00313 0.00583334 0)
(1.00888 0.00803693 0)
(1.01649 0.0090075 0)
(1.02528 0.00851476 0)
(1.03432 0.007399 0)
(1.04326 0.00559752 0)
(1.05182 0.00340941 0)
(1.06001 0.000549925 0)
(1.06768 -0.00300751 0)
(1.00003 0.000421283 0)
(1.00261 0.00116129 0)
(1.00738 0.00141594 0)
(1.01402 0.00112383 0)
(1.02192 0.00021218 0)
(1.03036 -0.00117036 0)
(1.03879 -0.00298628 0)
(1.04692 -0.00521832 0)
(1.05459 -0.00791095 0)
(1.06172 -0.0111326 0)
(1.00003 -0.00106376 0)
(1.00255 -0.0030369 0)
(1.00719 -0.00476657 0)
(1.01366 -0.00621466 0)
(1.02132 -0.00752688 0)
(1.02948 -0.00890551 0)
(1.03757 -0.0105369 0)
(1.0453 -0.0125333 0)
(1.05256 -0.0149354 0)
(1.05932 -0.017714 0)
(1.00003 -0.00271318 0)
(1.00303 -0.00744027 0)
(1.00836 -0.0110728 0)
(1.01545 -0.0135171 0)
(1.02345 -0.0151512 0)
(1.03161 -0.0165251 0)
(1.03947 -0.0180447 0)
(1.04685 -0.0198886 0)
(1.05376 -0.0220504 0)
(1.06023 -0.0244407 0)
(1.00004 -0.00477118 0)
(1.00441 -0.0122391 0)
(1.01137 -0.0169273 0)
(1.01979 -0.0193635 0)
(1.02838 -0.0206966 0)
(1.03637 -0.0218759 0)
(1.04356 -0.0233503 0)
(1.05002 -0.0251475 0)
(1.05587 -0.0271265 0)
(1.06116 -0.0291549 0)
(1.00006 -0.0121198 0)
(1.00721 -0.0259552 0)
(1.01557 -0.0314352 0)
(1.02286 -0.0325869 0)
(1.02792 -0.0326743 0)
(1.0307 -0.0330542 0)
(1.03169 -0.0338388 0)
(1.03137 -0.0347658 0)
(1.02993 -0.0356196 0)
(1.0274 -0.0363416 0)
(0.980777 -0.00916384 0)
(0.964584 -0.0188225 0)
(0.945453 -0.022048 0)
(0.920779 -0.0221883 0)
(0.891981 -0.0217434 0)
(0.861656 -0.0215838 0)
(0.8314 -0.0216179 0)
(0.801692 -0.0216105 0)
(0.77246 -0.0214376 0)
(0.743459 -0.0211152 0)
(0.000205057 -0.00010602 0)
(0.00033604 -1.69514e-05 0)
(6.76142e-05 2.97514e-05 0)
(-0.000415002 5.70018e-05 0)
(-0.00105338 7.30643e-05 0)
(-0.00180729 8.9253e-05 0)
(-0.00266485 0.000108814 0)
(-0.00362212 0.000130227 0)
(-0.00467411 0.000152037 0)
(-0.00581445 0.000173523 0)
(-0.00703619 0.000194345 0)
(-0.0083321 0.000214301 0)
(-0.009695 0.000233198 0)
(-0.0111179 0.000250849 0)
(-0.0125942 0.000267098 0)
(-0.0141176 0.000281832 0)
(-0.0156827 0.000294996 0)
(-0.0172844 0.000306598 0)
(-0.0189188 0.000316688 0)
(-0.0205828 0.000325354 0)
(-0.0222744 0.000332726 0)
(-0.0239934 0.000338932 0)
(-0.0257407 0.000344038 0)
(-0.0275185 0.000347995 0)
(-0.0293303 0.000350594 0)
(-0.0311807 0.000351385 0)
(-0.0330752 0.000349517 0)
(-0.03502 0.000343588 0)
(-0.0370214 0.000331608 0)
(-0.0390861 0.000311028 0)
(-0.0412221 0.000279141 0)
(-0.0434404 0.0002342 0)
(-0.0457594 0.000177329 0)
(-0.0482106 0.000114683 0)
(-0.0508459 5.97036e-05 0)
(-0.0537441 3.52898e-05 0)
(-0.0570185 7.54112e-05 0)
(-0.0608204 0.000224728 0)
(-0.0653378 0.000534961 0)
(-0.0707838 0.00105569 0)
(-0.0773731 0.00181885 0)
(-0.085285 0.00281997 0)
(-0.0946171 0.00400391 0)
(-0.105337 0.00526443 0)
(-0.117252 0.00646314 0)
(-0.130007 0.00745757 0)
(-0.143116 0.00812391 0)
(-0.156011 0.00838309 0)
(-0.168119 0.00822382 0)
(-0.178903 0.00770225 0)
(-0.187862 0.00692264 0)
(-0.194563 0.00596643 0)
(-0.198732 0.00489539 0)
(-0.20014 0.00364895 0)
(-0.198743 0.00219534 0)
(-0.194599 0.000703539 0)
(-0.187684 -0.000794449 0)
(-0.178151 -0.00222829 0)
(-0.166152 -0.00357508 0)
(-0.151938 -0.00479371 0)
(-0.135751 -0.00586306 0)
(-0.117902 -0.00675365 0)
(-0.0986667 -0.00747325 0)
(-0.0783562 -0.00801744 0)
(-0.0573419 -0.00831294 0)
(-0.0358964 -0.00846346 0)
(-0.0144004 -0.00845875 0)
(0.00703853 -0.00831608 0)
(0.027948 -0.00803644 0)
(0.048392 -0.0076458 0)
(0.067833 -0.0071489 0)
(0.0865304 -0.00658672 0)
(0.103876 -0.00596881 0)
(0.120319 -0.00534792 0)
(0.13518 -0.00470475 0)
(0.149128 -0.00409052 0)
(0.161369 -0.00347148 0)
(0.172824 -0.00291086 0)
(0.182514 -0.00235845 0)
(0.191671 -0.00189092 0)
(0.199035 -0.00143635 0)
(0.20624 -0.00108971 0)
(0.211602 -0.000751685 0)
(0.217323 -0.000543767 0)
(0.22105 -0.000329941 0)
(0.225866 -0.000274603 0)
(0.228296 -0.000181944 0)
(0.232926 -0.000304129 0)
(0.234195 -0.000298143 0)
(0.239672 -0.000688797 0)
(5.71859e-05 -0.000509914 0)
(-0.000537143 0.000152709 0)
(-0.00203305 0.000716021 0)
(-0.00393385 0.00110823 0)
(-0.00620606 0.00137616 0)
(-0.00877939 0.00158972 0)
(-0.0116201 0.0017847 0)
(-0.0147029 0.00196773 0)
(-0.0180006 0.00213803 0)
(-0.021487 0.00229466 0)
(-0.0251375 0.00243709 0)
(-0.0289287 0.00256529 0)
(-0.0328393 0.00267973 0)
(-0.0368499 0.00278115 0)
(-0.0409436 0.00287056 0)
(-0.0451061 0.00294916 0)
(-0.049326 0.00301831 0)
(-0.0535947 0.00307961 0)
(-0.0579071 0.00313485 0)
(-0.0622614 0.00318626 0)
(-0.0666594 0.00323648 0)
(-0.0711068 0.00328835 0)
(-0.075613 0.00334465 0)
(-0.080191 0.00340813 0)
(-0.0848573 0.00348152 0)
(-0.0896324 0.00356759 0)
(-0.0945403 0.00366894 0)
(-0.0996092 0.00378805 0)
(-0.104871 0.00392788 0)
(-0.110361 0.00409265 0)
(-0.116119 0.00428932 0)
(-0.12219 0.0045301 0)
(-0.128625 0.00483501 0)
(-0.135478 0.00523211 0)
(-0.142809 0.00575723 0)
(-0.150673 0.0064517 0)
(-0.159114 0.00735779 0)
(-0.168151 0.00850902 0)
(-0.177767 0.0099172 0)
(-0.187891 0.0115571 0)
(-0.198394 0.0133537 0)
(-0.209076 0.0151788 0)
(-0.21967 0.0168601 0)
(-0.229849 0.0181987 0)
(-0.239242 0.0190059 0)
(-0.247464 0.0191369 0)
(-0.25413 0.0185004 0)
(-0.258863 0.0170698 0)
(-0.261329 0.0148946 0)
(-0.261239 0.0120704 0)
(-0.258384 0.00867856 0)
(-0.252692 0.00483394 0)
(-0.244212 0.000680645 0)
(-0.232929 -0.00363116 0)
(-0.218814 -0.00801565 0)
(-0.201974 -0.0122906 0)
(-0.1825 -0.0164032 0)
(-0.160684 -0.0202185 0)
(-0.136628 -0.0236745 0)
(-0.110724 -0.0266903 0)
(-0.0831227 -0.0292847 0)
(-0.0542597 -0.0314166 0)
(-0.024374 -0.0331198 0)
(0.00628753 -0.0343038 0)
(0.0373394 -0.0350323 0)
(0.068641 -0.0352971 0)
(0.0994347 -0.0351535 0)
(0.130226 -0.0346227 0)
(0.15984 -0.0337448 0)
(0.189254 -0.0325669 0)
(0.216875 -0.0311193 0)
(0.244225 -0.0294806 0)
(0.269251 -0.0276626 0)
(0.29409 -0.0257698 0)
(0.31616 -0.0237833 0)
(0.338328 -0.0218209 0)
(0.357286 -0.0198275 0)
(0.376829 -0.0179415 0)
(0.39267 -0.0160686 0)
(0.409824 -0.0143744 0)
(0.422652 -0.012718 0)
(0.437821 -0.0113022 0)
(0.447802 -0.0099292 0)
(0.461537 -0.00885417 0)
(0.468853 -0.00780705 0)
(0.481846 -0.00711879 0)
(0.486648 -0.00642046 0)
(0.499733 -0.00615751 0)
(0.502098 -0.00581247 0)
(0.516205 -0.0060222 0)
(-0.000158665 0.000440738 0)
(-0.00194104 0.00230505 0)
(-0.00540807 0.00350288 0)
(-0.00933683 0.00429189 0)
(-0.0136954 0.00490509 0)
(-0.0183861 0.0054534 0)
(-0.0233718 0.0059609 0)
(-0.0286181 0.00642543 0)
(-0.0340753 0.00684138 0)
(-0.0396955 0.00720729 0)
(-0.0454352 0.00752377 0)
(-0.051256 0.0077932 0)
(-0.057125 0.00801961 0)
(-0.0630151 0.0082078 0)
(-0.0689044 0.00836304 0)
(-0.0747766 0.00849092 0)
(-0.0806198 0.00859734 0)
(-0.0864267 0.00868877 0)
(-0.0921936 0.00877244 0)
(-0.0979204 0.00885581 0)
(-0.10361 0.00894623 0)
(-0.10927 0.009051 0)
(-0.114908 0.0091771 0)
(-0.120534 0.00933119 0)
(-0.126159 0.00951976 0)
(-0.131792 0.00974927 0)
(-0.137443 0.0100257 0)
(-0.143121 0.0103542 0)
(-0.148829 0.0107396 0)
(-0.154569 0.0111872 0)
(-0.160336 0.0117022 0)
(-0.166117 0.0122912 0)
(-0.171894 0.0129633 0)
(-0.177638 0.0137313 0)
(-0.183312 0.0146088 0)
(-0.18886 0.0156043 0)
(-0.194206 0.0167192 0)
(-0.199248 0.017938 0)
(-0.203858 0.0192221 0)
(-0.207882 0.020503 0)
(-0.211133 0.0216794 0)
(-0.213402 0.0226143 0)
(-0.214471 0.0231331 0)
(-0.214115 0.0230445 0)
(-0.212119 0.022172 0)
(-0.208309 0.0204069 0)
(-0.20255 0.0177063 0)
(-0.1947 0.0140527 0)
(-0.184693 0.00949954 0)
(-0.172606 0.00417092 0)
(-0.158286 -0.00182634 0)
(-0.141908 -0.0083624 0)
(-0.123367 -0.0152641 0)
(-0.102736 -0.0222804 0)
(-0.0800982 -0.0291731 0)
(-0.0557575 -0.0357994 0)
(-0.0295964 -0.0420971 0)
(-0.0020601 -0.0478578 0)
(0.0270621 -0.0530416 0)
(0.0572129 -0.0575058 0)
(0.0883217 -0.0612823 0)
(0.119994 -0.0642442 0)
(0.152047 -0.0665498 0)
(0.184384 -0.0679868 0)
(0.21634 -0.0687465 0)
(0.248438 -0.0687694 0)
(0.279403 -0.0681797 0)
(0.310399 -0.0669519 0)
(0.339551 -0.0652165 0)
(0.368779 -0.0629897 0)
(0.395513 -0.0603967 0)
(0.422525 -0.0574778 0)
(0.446431 -0.0543388 0)
(0.471003 -0.051029 0)
(0.491875 -0.0476341 0)
(0.514004 -0.0442104 0)
(0.531793 -0.0408171 0)
(0.55165 -0.0375113 0)
(0.566419 -0.0343243 0)
(0.584317 -0.0313151 0)
(0.5962 -0.0284872 0)
(0.612567 -0.0259052 0)
(0.621733 -0.0235446 0)
(0.637087 -0.021482 0)
(0.643712 -0.0196623 0)
(0.658648 -0.018184 0)
(0.662893 -0.0169536 0)
(0.678075 -0.0161065 0)
(0.680069 -0.0154963 0)
(0.6962 -0.0153129 0)
(-0.000915189 0.00121802 0)
(-0.00476987 0.00508832 0)
(-0.0106538 0.00753489 0)
(-0.016683 0.00916283 0)
(-0.0230403 0.010373 0)
(-0.0296816 0.0113428 0)
(-0.0365265 0.0121432 0)
(-0.0434816 0.0128084 0)
(-0.0504594 0.0133513 0)
(-0.0573908 0.0137834 0)
(-0.0642227 0.0141174 0)
(-0.070913 0.0143657 0)
(-0.0774297 0.0145402 0)
(-0.0837507 0.0146526 0)
(-0.0898605 0.0147145 0)
(-0.0957494 0.0147368 0)
(-0.101412 0.01473 0)
(-0.106844 0.0147041 0)
(-0.112046 0.0146696 0)
(-0.11702 0.0146364 0)
(-0.121766 0.0146134 0)
(-0.126286 0.0146085 0)
(-0.130582 0.0146283 0)
(-0.134652 0.0146777 0)
(-0.138491 0.0147605 0)
(-0.142091 0.0148795 0)
(-0.145442 0.0150365 0)
(-0.148528 0.0152306 0)
(-0.151327 0.0154596 0)
(-0.153812 0.015721 0)
(-0.15595 0.0160117 0)
(-0.157697 0.0163288 0)
(-0.159 0.0166706 0)
(-0.159796 0.017041 0)
(-0.160018 0.0174467 0)
(-0.159578 0.0178828 0)
(-0.158385 0.0183363 0)
(-0.156325 0.0187747 0)
(-0.153272 0.0191412 0)
(-0.149084 0.0193526 0)
(-0.143608 0.0193037 0)
(-0.136726 0.0188747 0)
(-0.128326 0.0179071 0)
(-0.118324 0.0162231 0)
(-0.10662 0.0136347 0)
(-0.09317 0.0100697 0)
(-0.078096 0.00549408 0)
(-0.0613448 -2.57065e-05 0)
(-0.0429296 -0.00646259 0)
(-0.0230657 -0.0136989 0)
(-0.00147687 -0.0215712 0)
(0.0214899 -0.0297935 0)
(0.0459943 -0.0381717 0)
(0.0717024 -0.0465481 0)
(0.0988938 -0.0548177 0)
(0.127044 -0.0627325 0)
(0.156523 -0.0702498 0)
(0.186698 -0.0770741 0)
(0.217811 -0.0831767 0)
(0.249353 -0.0883902 0)
(0.281383 -0.0927658 0)
(0.313515 -0.0961016 0)
(0.345528 -0.0985121 0)
(0.377397 -0.099846 0)
(0.408495 -0.100281 0)
(0.439296 -0.0997261 0)
(0.468685 -0.0983918 0)
(0.497769 -0.0962164 0)
(0.524819 -0.0934272 0)
(0.551714 -0.0899909 0)
(0.575995 -0.0861425 0)
(0.600445 -0.0818612 0)
(0.621726 -0.0773713 0)
(0.643676 -0.0726512 0)
(0.661901 -0.0679062 0)
(0.68147 -0.0631082 0)
(0.696712 -0.0584373 0)
(0.714155 -0.0538552 0)
(0.726573 -0.0495141 0)
(0.742239 -0.0453687 0)
(0.75204 -0.0415432 0)
(0.766349 -0.0379918 0)
(0.773759 -0.0348096 0)
(0.787176 -0.0319599 0)
(0.792417 -0.0295052 0)
(0.805445 -0.0274311 0)
(0.808723 -0.0257593 0)
(0.821893 -0.0245153 0)
(0.823387 -0.0236656 0)
(0.837257 -0.0232958 0)
(-0.00126652 0.00690786 0)
(-0.00683014 0.0137303 0)
(-0.0154279 0.0163246 0)
(-0.0239065 0.0174563 0)
(-0.0324164 0.018279 0)
(-0.0407133 0.0190683 0)
(-0.0486673 0.0197717 0)
(-0.0562353 0.0203076 0)
(-0.0633851 0.0206544 0)
(-0.0700818 0.020837 0)
(-0.0763038 0.0208834 0)
(-0.0820422 0.0208186 0)
(-0.0872968 0.0206643 0)
(-0.0920737 0.0204397 0)
(-0.0963833 0.0201619 0)
(-0.100238 0.0198455 0)
(-0.103651 0.0195029 0)
(-0.106635 0.0191444 0)
(-0.109198 0.0187799 0)
(-0.111352 0.0184185 0)
(-0.113102 0.0180683 0)
(-0.114453 0.0177351 0)
(-0.115405 0.0174226 0)
(-0.115956 0.017132 0)
(-0.116095 0.0168625 0)
(-0.11581 0.0166118 0)
(-0.115085 0.016379 0)
(-0.113898 0.016156 0)
(-0.112221 0.0159338 0)
(-0.110021 0.0157023 0)
(-0.10726 0.0154509 0)
(-0.103889 0.0151693 0)
(-0.099848 0.0148482 0)
(-0.0950641 0.0144818 0)
(-0.0894829 0.0140851 0)
(-0.0830065 0.013634 0)
(-0.0755531 0.0131049 0)
(-0.0670233 0.012461 0)
(-0.0573121 0.0116468 0)
(-0.0463078 0.0105827 0)
(-0.0338702 0.00915125 0)
(-0.0199784 0.00721917 0)
(-0.0045673 0.00465921 0)
(0.0123297 0.00135072 0)
(0.0307013 -0.00280821 0)
(0.0505647 -0.00787888 0)
(0.0717987 -0.0139223 0)
(0.0943491 -0.0209006 0)
(0.11832 -0.0287372 0)
(0.143334 -0.0372216 0)
(0.169647 -0.0462725 0)
(0.196836 -0.0556502 0)
(0.225212 -0.0652124 0)
(0.254248 -0.0747112 0)
(0.284349 -0.0840214 0)
(0.314862 -0.0928667 0)
(0.346211 -0.101163 0)
(0.377653 -0.108624 0)
(0.409564 -0.11522 0)
(0.441201 -0.120711 0)
(0.472863 -0.125151 0)
(0.503898 -0.128336 0)
(0.534452 -0.130396 0)
(0.564108 -0.131185 0)
(0.592796 -0.130902 0)
(0.620454 -0.129448 0)
(0.646702 -0.127079 0)
(0.671958 -0.123727 0)
(0.695406 -0.119686 0)
(0.718058 -0.114903 0)
(0.738539 -0.109688 0)
(0.758578 -0.103989 0)
(0.776097 -0.0981129 0)
(0.793668 -0.0919919 0)
(0.80835 -0.0859167 0)
(0.823706 -0.0797977 0)
(0.835755 -0.073905 0)
(0.849219 -0.0681243 0)
(0.858875 -0.0627043 0)
(0.870809 -0.0575087 0)
(0.878321 -0.052767 0)
(0.889105 -0.0483271 0)
(0.894712 -0.044401 0)
(0.904738 -0.0408292 0)
(0.90866 -0.0378065 0)
(0.918323 -0.0351756 0)
(0.920752 -0.0331126 0)
(0.930457 -0.0314749 0)
(0.931554 -0.0304156 0)
(0.941711 -0.0298236 0)
(-0.00367005 0.00675488 0)
(-0.013479 0.0171708 0)
(-0.0245333 0.0218741 0)
(-0.0336778 0.0245347 0)
(-0.0419973 0.0261452 0)
(-0.0496827 0.0270231 0)
(-0.0566854 0.0273397 0)
(-0.0628717 0.0272759 0)
(-0.0681433 0.0269678 0)
(-0.0724974 0.0264863 0)
(-0.0759866 0.0258777 0)
(-0.0786669 0.0251744 0)
(-0.0805949 0.024404 0)
(-0.0818246 0.023589 0)
(-0.0824056 0.022747 0)
(-0.0823828 0.0218918 0)
(-0.0817961 0.0210339 0)
(-0.0806763 0.020179 0)
(-0.0790503 0.0193334 0)
(-0.0769388 0.0185031 0)
(-0.0743579 0.0176918 0)
(-0.0713178 0.0169007 0)
(-0.0678227 0.0161279 0)
(-0.0638706 0.0153693 0)
(-0.0594524 0.0146192 0)
(-0.0545459 0.0138691 0)
(-0.0491499 0.0131221 0)
(-0.0432277 0.0123642 0)
(-0.036754 0.0115802 0)
(-0.0296937 0.0107546 0)
(-0.0220085 0.00987251 0)
(-0.0136519 0.00891717 0)
(-0.00456919 0.00787067 0)
(0.00535976 0.00670468 0)
(0.0161099 0.00539146 0)
(0.0277946 0.00392079 0)
(0.0404974 0.00227993 0)
(0.0542968 0.000429836 0)
(0.0692932 -0.00168944 0)
(0.0855378 -0.00414571 0)
(0.103148 -0.00702607 0)
(0.122104 -0.0104288 0)
(0.142474 -0.0144676 0)
(0.164262 -0.019282 0)
(0.187469 -0.024906 0)
(0.211927 -0.0313865 0)
(0.237695 -0.0387107 0)
(0.26448 -0.0468404 0)
(0.292446 -0.0557279 0)
(0.321166 -0.065212 0)
(0.350879 -0.0751697 0)
(0.381054 -0.0853685 0)
(0.412015 -0.0956585 0)
(0.443104 -0.105769 0)
(0.474719 -0.115554 0)
(0.506078 -0.124728 0)
(0.53763 -0.133177 0)
(0.568491 -0.140625 0)
(0.599155 -0.147018 0)
(0.628693 -0.152122 0)
(0.657641 -0.155971 0)
(0.685111 -0.158391 0)
(0.711658 -0.159509 0)
(0.736516 -0.159211 0)
(0.760212 -0.157708 0)
(0.782178 -0.154932 0)
(0.80283 -0.151163 0)
(0.821866 -0.14636 0)
(0.839497 -0.14085 0)
(0.855756 -0.134596 0)
(0.87054 -0.127944 0)
(0.884298 -0.120838 0)
(0.896501 -0.113627 0)
(0.908104 -0.106221 0)
(0.918032 -0.0989567 0)
(0.927845 -0.0917033 0)
(0.935803 -0.0847866 0)
(0.944181 -0.0780326 0)
(0.950447 -0.0717571 0)
(0.957724 -0.0657468 0)
(0.962542 -0.0603129 0)
(0.969022 -0.0552076 0)
(0.972598 -0.0507433 0)
(0.978564 -0.0466431 0)
(0.981067 -0.0432259 0)
(0.986782 -0.0401917 0)
(0.988349 -0.0378698 0)
(0.994067 -0.0359441 0)
(0.994795 -0.0347568 0)
(1.00076 -0.0339851 0)
(-0.00179069 0.0287595 0)
(-0.00958885 0.0404792 0)
(-0.0241563 0.0404105 0)
(-0.0356356 0.0380013 0)
(-0.044756 0.036178 0)
(-0.0512575 0.034719 0)
(-0.0554336 0.0332689 0)
(-0.057676 0.0317503 0)
(-0.0583434 0.0301776 0)
(-0.0577103 0.0285746 0)
(-0.0559637 0.0269644 0)
(-0.0532486 0.0253609 0)
(-0.0496872 0.0237806 0)
(-0.0453826 0.0222345 0)
(-0.0404215 0.0207289 0)
(-0.0348751 0.0192658 0)
(-0.0288096 0.0178469 0)
(-0.0222603 0.0164614 0)
(-0.0152687 0.0151106 0)
(-0.00786273 0.0137969 0)
(-6.24529e-05 0.0125195 0)
(0.00812113 0.0112748 0)
(0.0166865 0.0100538 0)
(0.0256418 0.00884597 0)
(0.0349909 0.00764053 0)
(0.0448086 0.00641566 0)
(0.0550361 0.005145 0)
(0.0657446 0.00381913 0)
(0.0769677 0.00243344 0)
(0.088747 0.000970591 0)
(0.101122 -0.000593108 0)
(0.114154 -0.00228206 0)
(0.127869 -0.00412262 0)
(0.142368 -0.0061303 0)
(0.157649 -0.00833899 0)
(0.17381 -0.0107842 0)
(0.190947 -0.0134953 0)
(0.209108 -0.016509 0)
(0.228374 -0.0198761 0)
(0.248775 -0.0236572 0)
(0.270395 -0.0279221 0)
(0.293217 -0.0327369 0)
(0.317303 -0.0381651 0)
(0.342558 -0.0442866 0)
(0.369029 -0.0511526 0)
(0.396492 -0.0587773 0)
(0.424995 -0.0671497 0)
(0.454204 -0.0762056 0)
(0.484203 -0.0858679 0)
(0.514546 -0.0959814 0)
(0.545359 -0.106397 0)
(0.576078 -0.116893 0)
(0.606896 -0.127292 0)
(0.637133 -0.137336 0)
(0.667079 -0.146851 0)
(0.695942 -0.155572 0)
(0.724126 -0.163366 0)
(0.750756 -0.169988 0)
(0.776381 -0.175374 0)
(0.800071 -0.179326 0)
(0.822538 -0.181874 0)
(0.842847 -0.182886 0)
(0.861868 -0.182495 0)
(0.878695 -0.180634 0)
(0.894313 -0.177529 0)
(0.907862 -0.173156 0)
(0.920372 -0.167815 0)
(0.931049 -0.161497 0)
(0.94089 -0.154545 0)
(0.949193 -0.14694 0)
(0.956848 -0.13904 0)
(0.96328 -0.130788 0)
(0.969204 -0.122542 0)
(0.97422 -0.114194 0)
(0.978801 -0.106099 0)
(0.982778 -0.098092 0)
(0.986323 -0.0905237 0)
(0.989558 -0.0831754 0)
(0.992296 -0.0763995 0)
(0.995018 -0.0699247 0)
(0.997116 -0.0641145 0)
(0.999502 -0.0586477 0)
(1.00108 -0.0539088 0)
(1.00327 -0.0495288 0)
(1.00441 -0.0459219 0)
(1.00651 -0.0426731 0)
(1.00726 -0.0402354 0)
(1.00937 -0.0381481 0)
(1.00975 -0.0369111 0)
(1.01195 -0.0360166 0)
(-0.0196701 0.00819867 0)
(-0.037997 0.031902 0)
(-0.0412623 0.0392446 0)
(-0.0434258 0.0400431 0)
(-0.0423586 0.0383898 0)
(-0.0389218 0.0356348 0)
(-0.0335667 0.0325673 0)
(-0.0266287 0.0295143 0)
(-0.0183682 0.0265853 0)
(-0.00906372 0.0238394 0)
(0.0010997 0.0212578 0)
(0.0119597 0.0188146 0)
(0.0233695 0.016503 0)
(0.0352178 0.0143172 0)
(0.047415 0.0122495 0)
(0.059908 0.0102899 0)
(0.0726008 0.00843394 0)
(0.085524 0.0066756 0)
(0.0986323 0.00499406 0)
(0.111904 0.00336327 0)
(0.125332 0.00176434 0)
(0.138911 0.00018445 0)
(0.152657 -0.00138348 0)
(0.166607 -0.00295099 0)
(0.180754 -0.00453687 0)
(0.195178 -0.00616273 0)
(0.209856 -0.00785215 0)
(0.224863 -0.00963244 0)
(0.240249 -0.0115235 0)
(0.256065 -0.0135469 0)
(0.27235 -0.0157254 0)
(0.289162 -0.0180868 0)
(0.306545 -0.0206557 0)
(0.324561 -0.0234619 0)
(0.343256 -0.0265207 0)
(0.362684 -0.0298618 0)
(0.382901 -0.03352 0)
(0.403949 -0.0375374 0)
(0.425873 -0.0419532 0)
(0.448686 -0.0468165 0)
(0.472421 -0.0521722 0)
(0.497043 -0.0580728 0)
(0.522555 -0.0645558 0)
(0.548843 -0.07166 0)
(0.575876 -0.0793973 0)
(0.603443 -0.0877564 0)
(0.631483 -0.0966902 0)
(0.659687 -0.106119 0)
(0.687991 -0.115933 0)
(0.715997 -0.125985 0)
(0.743655 -0.136111 0)
(0.770477 -0.146112 0)
(0.796487 -0.155792 0)
(0.821118 -0.164921 0)
(0.844526 -0.17331 0)
(0.866081 -0.180733 0)
(0.886121 -0.187047 0)
(0.903966 -0.192063 0)
(0.920184 -0.195716 0)
(0.934045 -0.197877 0)
(0.946366 -0.198585 0)
(0.956355 -0.197773 0)
(0.965077 -0.195585 0)
(0.971658 -0.192006 0)
(0.977371 -0.187273 0)
(0.981231 -0.181403 0)
(0.984659 -0.174699 0)
(0.986539 -0.167176 0)
(0.98839 -0.159173 0)
(0.988963 -0.150671 0)
(0.98983 -0.14202 0)
(0.989628 -0.133145 0)
(0.989951 -0.124398 0)
(0.989348 -0.115644 0)
(0.989415 -0.107237 0)
(0.988646 -0.0989779 0)
(0.988629 -0.0912307 0)
(0.987827 -0.0837349 0)
(0.987816 -0.0768679 0)
(0.987047 -0.0703099 0)
(0.987082 -0.0644626 0)
(0.986369 -0.0589484 0)
(0.986459 -0.0542028 0)
(0.9858 -0.0497913 0)
(0.985934 -0.0461931 0)
(0.985309 -0.0429162 0)
(0.985462 -0.0404934 0)
(0.984838 -0.0383728 0)
(0.984964 -0.0371501 0)
(0.984293 -0.0362079 0)
(-0.0190707 0.108112 0)
(-0.0182551 0.0728117 0)
(-0.0114056 0.0580676 0)
(0.0011339 0.0461605 0)
(0.0175541 0.0363318 0)
(0.0361663 0.0287694 0)
(0.0560166 0.0228218 0)
(0.0763981 0.0179254 0)
(0.0970608 0.0136992 0)
(0.117548 0.00996273 0)
(0.137894 0.00664874 0)
(0.158052 0.00371307 0)
(0.177931 0.00108387 0)
(0.197507 -0.00130894 0)
(0.216758 -0.00351467 0)
(0.235716 -0.00556618 0)
(0.254346 -0.00748818 0)
(0.272705 -0.00930377 0)
(0.290791 -0.0110353 0)
(0.308609 -0.012712 0)
(0.326191 -0.01436 0)
(0.343575 -0.016003 0)
(0.360807 -0.0176597 0)
(0.377938 -0.0193516 0)
(0.395 -0.0210986 0)
(0.412052 -0.0229285 0)
(0.429134 -0.0248583 0)
(0.446308 -0.0269135 0)
(0.463625 -0.0291213 0)
(0.481144 -0.0315094 0)
(0.49891 -0.0341014 0)
(0.516975 -0.0369221 0)
(0.535379 -0.0399933 0)
(0.554169 -0.0433396 0)
(0.573375 -0.0469813 0)
(0.593034 -0.0509444 0)
(0.613163 -0.0552523 0)
(0.633782 -0.059935 0)
(0.65489 -0.0650167 0)
(0.676476 -0.0705281 0)
(0.698508 -0.0764911 0)
(0.720936 -0.0829333 0)
(0.743681 -0.0898672 0)
(0.76663 -0.0973041 0)
(0.789653 -0.105226 0)
(0.812567 -0.113602 0)
(0.8352 -0.122362 0)
(0.857301 -0.131416 0)
(0.878684 -0.140636 0)
(0.899044 -0.149881 0)
(0.918216 -0.158977 0)
(0.935875 -0.167743 0)
(0.951947 -0.175981 0)
(0.966103 -0.183497 0)
(0.978418 -0.190109 0)
(0.988569 -0.195649 0)
(0.996839 -0.199983 0)
(1.0029 -0.202998 0)
(1.00728 -0.204644 0)
(1.0096 -0.204871 0)
(1.01065 -0.203728 0)
(1.00994 -0.201227 0)
(1.00851 -0.197502 0)
(1.00566 -0.192599 0)
(1.00268 -0.186732 0)
(0.998583 -0.179957 0)
(0.994874 -0.172541 0)
(0.990247 -0.16451 0)
(0.986431 -0.156161 0)
(0.981773 -0.147464 0)
(0.978234 -0.138738 0)
(0.973819 -0.129882 0)
(0.970741 -0.121232 0)
(0.966672 -0.112615 0)
(0.964104 -0.104392 0)
(0.960382 -0.0963184 0)
(0.958304 -0.0887867 0)
(0.954884 -0.0814795 0)
(0.953258 -0.0748267 0)
(0.950077 -0.0684366 0)
(0.948859 -0.0627852 0)
(0.945849 -0.0574045 0)
(0.944996 -0.0528263 0)
(0.942079 -0.0485056 0)
(0.941545 -0.0450402 0)
(0.938631 -0.0418068 0)
(0.938359 -0.039478 0)
(0.935343 -0.0373499 0)
(0.935262 -0.0361774 0)
(0.93202 -0.0351718 0)
(0.0700634 0.00705001 0)
(0.0900951 0.00648404 0)
(0.153899 0.00597406 0)
(0.198979 0.00273703 0)
(0.237977 -0.00162308 0)
(0.27348 -0.00581219 0)
(0.306291 -0.00944541 0)
(0.336288 -0.0125407 0)
(0.364217 -0.0152083 0)
(0.39036 -0.0175274 0)
(0.415069 -0.0195775 0)
(0.438562 -0.0214134 0)
(0.460938 -0.0230751 0)
(0.482305 -0.0245969 0)
(0.502761 -0.0260049 0)
(0.522403 -0.0273232 0)
(0.541299 -0.0285712 0)
(0.559518 -0.0297756 0)
(0.577121 -0.0309595 0)
(0.59416 -0.0321428 0)
(0.610693 -0.0333474 0)
(0.626784 -0.0345949 0)
(0.64249 -0.0359092 0)
(0.657872 -0.0373146 0)
(0.672981 -0.0388331 0)
(0.687875 -0.0404868 0)
(0.702603 -0.0422964 0)
(0.717221 -0.0442838 0)
(0.731771 -0.0464705 0)
(0.746306 -0.0488786 0)
(0.760862 -0.0515286 0)
(0.775475 -0.0544419 0)
(0.790167 -0.0576374 0)
(0.804964 -0.0611342 0)
(0.819871 -0.0649481 0)
(0.834899 -0.0690957 0)
(0.850033 -0.0735909 0)
(0.865263 -0.0784493 0)
(0.88055 -0.0836828 0)
(0.895853 -0.0893041 0)
(0.911099 -0.0953185 0)
(0.926212 -0.101731 0)
(0.941069 -0.108532 0)
(0.955555 -0.115708 0)
(0.969509 -0.123221 0)
(0.982779 -0.13102 0)
(0.995173 -0.139024 0)
(1.00652 -0.147135 0)
(1.01662 -0.155226 0)
(1.02532 -0.16316 0)
(1.03246 -0.17077 0)
(1.03791 -0.177899 0)
(1.04163 -0.184372 0)
(1.04356 -0.190042 0)
(1.04377 -0.194762 0)
(1.04226 -0.198427 0)
(1.03928 -0.20094 0)
(1.03486 -0.202256 0)
(1.02941 -0.202345 0)
(1.0229 -0.201221 0)
(1.01591 -0.198923 0)
(1.00825 -0.195512 0)
(1.00064 -0.191092 0)
(0.992625 -0.18575 0)
(0.98511 -0.179637 0)
(0.97728 -0.172833 0)
(0.970286 -0.165521 0)
(0.962901 -0.157743 0)
(0.956601 -0.149706 0)
(0.949701 -0.141402 0)
(0.9441 -0.133069 0)
(0.937611 -0.124632 0)
(0.932642 -0.116371 0)
(0.926455 -0.108134 0)
(0.922051 -0.100253 0)
(0.916071 -0.0924921 0)
(0.9122 -0.085243 0)
(0.906364 -0.0781756 0)
(0.903036 -0.0717539 0)
(0.897304 -0.0655398 0)
(0.894548 -0.0600818 0)
(0.88887 -0.0548206 0)
(0.886713 -0.0504057 0)
(0.881006 -0.0461461 0)
(0.879454 -0.0428138 0)
(0.873595 -0.0395757 0)
(0.872631 -0.0373464 0)
(0.866447 -0.0351362 0)
(0.866024 -0.0340197 0)
(0.859302 -0.0328363 0)
(0.773996 -0.00932373 0)
(0.775659 -0.0208168 0)
(0.776605 -0.0270989 0)
(0.778407 -0.0308637 0)
(0.782202 -0.0335842 0)
(0.787757 -0.035864 0)
(0.794801 -0.0378308 0)
(0.802693 -0.0394557 0)
(0.811221 -0.0407532 0)
(0.820166 -0.0417656 0)
(0.829348 -0.0425695 0)
(0.838637 -0.0432381 0)
(0.847937 -0.0438168 0)
(0.857175 -0.0443308 0)
(0.866299 -0.0447981 0)
(0.875268 -0.0452352 0)
(0.884053 -0.0456597 0)
(0.892636 -0.0460915 0)
(0.901004 -0.0465516 0)
(0.909158 -0.0470606 0)
(0.9171 -0.0476408 0)
(0.924845 -0.0483159 0)
(0.932407 -0.0491108 0)
(0.939806 -0.0500496 0)
(0.947062 -0.0511546 0)
(0.954196 -0.0524466 0)
(0.961226 -0.0539447 0)
(0.968173 -0.0556676 0)
(0.975052 -0.057632 0)
(0.981878 -0.0598547 0)
(0.988659 -0.0623506 0)
(0.995397 -0.0651347 0)
(1.00209 -0.0682193 0)
(1.00873 -0.0716157 0)
(1.01531 -0.0753327 0)
(1.0218 -0.0793783 0)
(1.02818 -0.0837578 0)
(1.0344 -0.0884761 0)
(1.04042 -0.0935348 0)
(1.04618 -0.0989333 0)
(1.0516 -0.104665 0)
(1.05661 -0.110718 0)
(1.06111 -0.117068 0)
(1.065 -0.123681 0)
(1.06818 -0.130505 0)
(1.07053 -0.137478 0)
(1.07194 -0.144519 0)
(1.07233 -0.151533 0)
(1.07161 -0.158406 0)
(1.06973 -0.165019 0)
(1.06665 -0.171239 0)
(1.06241 -0.176943 0)
(1.05703 -0.182 0)
(1.05062 -0.186306 0)
(1.04328 -0.189754 0)
(1.03519 -0.192275 0)
(1.02649 -0.193802 0)
(1.01738 -0.194316 0)
(1.00803 -0.193798 0)
(0.998552 -0.192275 0)
(0.989145 -0.189766 0)
(0.979759 -0.186338 0)
(0.970616 -0.182045 0)
(0.961467 -0.176973 0)
(0.952634 -0.171195 0)
(0.94364 -0.164799 0)
(0.935016 -0.157877 0)
(0.926004 -0.150509 0)
(0.917463 -0.142809 0)
(0.908278 -0.134834 0)
(0.89977 -0.126728 0)
(0.890361 -0.118517 0)
(0.881957 -0.110385 0)
(0.872373 -0.102304 0)
(0.86424 -0.0945017 0)
(0.854591 -0.0868673 0)
(0.846953 -0.0796836 0)
(0.837358 -0.0727393 0)
(0.830449 -0.0663947 0)
(0.820988 -0.0603129 0)
(0.815018 -0.054956 0)
(0.805693 -0.0498325 0)
(0.800817 -0.0455385 0)
(0.791517 -0.0413993 0)
(0.787835 -0.0381898 0)
(0.778328 -0.0350205 0)
(0.775893 -0.0328935 0)
(0.765838 -0.0306621 0)
(0.764688 -0.0296053 0)
(0.753645 -0.028271 0)
(1.05735 0.00807536 0)
(1.06048 -0.000381539 0)
(1.06125 -0.00760586 0)
(1.06056 -0.0133327 0)
(1.05974 -0.018041 0)
(1.0595 -0.02214 0)
(1.05998 -0.0258046 0)
(1.06103 -0.0290466 0)
(1.06242 -0.0318632 0)
(1.064 -0.0342766 0)
(1.0657 -0.0363315 0)
(1.06745 -0.0380824 0)
(1.06923 -0.039582 0)
(1.07102 -0.0408757 0)
(1.0728 -0.0420031 0)
(1.07455 -0.0429995 0)
(1.07625 -0.0438987 0)
(1.07787 -0.0447334 0)
(1.07942 -0.0455362 0)
(1.08088 -0.0463392 0)
(1.08224 -0.0471744 0)
(1.08351 -0.0480733 0)
(1.08469 -0.0490667 0)
(1.08578 -0.050184 0)
(1.08678 -0.0514518 0)
(1.0877 -0.0528953 0)
(1.08855 -0.0545362 0)
(1.08932 -0.0563951 0)
(1.09001 -0.0584894 0)
(1.09062 -0.0608357 0)
(1.09114 -0.0634465 0)
(1.09158 -0.0663331 0)
(1.0919 -0.069503 0)
(1.09211 -0.0729632 0)
(1.09218 -0.0767175 0)
(1.09209 -0.0807694 0)
(1.09182 -0.0851186 0)
(1.09133 -0.0897644 0)
(1.09059 -0.0947016 0)
(1.08957 -0.0999225 0)
(1.08821 -0.105413 0)
(1.08649 -0.111153 0)
(1.08434 -0.117112 0)
(1.08172 -0.123251 0)
(1.0786 -0.12952 0)
(1.07491 -0.135856 0)
(1.07065 -0.142185 0)
(1.06577 -0.148423 0)
(1.06028 -0.154475 0)
(1.05419 -0.160244 0)
(1.04752 -0.165629 0)
(1.0403 -0.170531 0)
(1.03259 -0.174856 0)
(1.02446 -0.178516 0)
(1.01595 -0.181428 0)
(1.00712 -0.183526 0)
(0.998004 -0.184747 0)
(0.988627 -0.185054 0)
(0.978973 -0.184415 0)
(0.969031 -0.182837 0)
(0.958742 -0.180326 0)
(0.948049 -0.176927 0)
(0.936892 -0.172671 0)
(0.925187 -0.167613 0)
(0.912942 -0.161791 0)
(0.900043 -0.155294 0)
(0.886639 -0.148192 0)
(0.872564 -0.140613 0)
(0.858169 -0.132646 0)
(0.843154 -0.124418 0)
(0.828144 -0.116028 0)
(0.812585 -0.107603 0)
(0.797471 -0.0992571 0)
(0.781841 -0.091097 0)
(0.767191 -0.0832307 0)
(0.751946 -0.0757042 0)
(0.738284 -0.0686223 0)
(0.723755 -0.0619571 0)
(0.711494 -0.0558388 0)
(0.697843 -0.0501522 0)
(0.687283 -0.0450861 0)
(0.674482 -0.0404131 0)
(0.665819 -0.0364239 0)
(0.65364 -0.0327425 0)
(0.646986 -0.0298134 0)
(0.634977 -0.0270573 0)
(0.630423 -0.0251444 0)
(0.617928 -0.0232238 0)
(0.61563 -0.0222827 0)
(0.601781 -0.0211103 0)
(1.08197 -0.00346226 0)
(1.08796 -0.0111038 0)
(1.09227 -0.0185096 0)
(1.09493 -0.0246854 0)
(1.09644 -0.0294893 0)
(1.09742 -0.0332456 0)
(1.09825 -0.036313 0)
(1.09909 -0.0389179 0)
(1.09995 -0.0411547 0)
(1.10076 -0.0430494 0)
(1.10148 -0.0446165 0)
(1.10211 -0.0458824 0)
(1.10264 -0.0468881 0)
(1.10308 -0.047681 0)
(1.10345 -0.0483087 0)
(1.10373 -0.0488152 0)
(1.10392 -0.0492407 0)
(1.10403 -0.0496224 0)
(1.10404 -0.0499954 0)
(1.10395 -0.0503934 0)
(1.10376 -0.050849 0)
(1.10346 -0.0513933 0)
(1.10305 -0.052056 0)
(1.10253 -0.0528651 0)
(1.10191 -0.0538459 0)
(1.10117 -0.0550214 0)
(1.10034 -0.0564118 0)
(1.09939 -0.058035 0)
(1.09834 -0.0599054 0)
(1.09717 -0.0620358 0)
(1.09588 -0.064435 0)
(1.09448 -0.0671107 0)
(1.09294 -0.0700669 0)
(1.09127 -0.0733076 0)
(1.08944 -0.0768331 0)
(1.08746 -0.0806441 0)
(1.08531 -0.0847369 0)
(1.08296 -0.0891079 0)
(1.08042 -0.0937475 0)
(1.07765 -0.0986453 0)
(1.07463 -0.103782 0)
(1.07136 -0.109137 0)
(1.06779 -0.114676 0)
(1.06392 -0.120362 0)
(1.0597 -0.126143 0)
(1.05512 -0.131959 0)
(1.05014 -0.137737 0)
(1.04473 -0.143401 0)
(1.03886 -0.148862 0)
(1.03249 -0.154031 0)
(1.02558 -0.158815 0)
(1.01808 -0.163126 0)
(1.00994 -0.166877 0)
(1.00111 -0.169989 0)
(0.991511 -0.172382 0)
(0.981082 -0.173981 0)
(0.969743 -0.174708 0)
(0.957406 -0.174494 0)
(0.943983 -0.173286 0)
(0.929397 -0.171067 0)
(0.913583 -0.167855 0)
(0.896516 -0.163699 0)
(0.878199 -0.158646 0)
(0.85869 -0.152747 0)
(0.838064 -0.146056 0)
(0.81642 -0.138666 0)
(0.793913 -0.130701 0)
(0.770714 -0.122332 0)
(0.747083 -0.113704 0)
(0.7232 -0.104971 0)
(0.699399 -0.0962446 0)
(0.675763 -0.0876693 0)
(0.652711 -0.0793439 0)
(0.630171 -0.071407 0)
(0.608724 -0.0639228 0)
(0.588015 -0.0569905 0)
(0.568848 -0.0506134 0)
(0.55041 -0.0448357 0)
(0.533901 -0.0396138 0)
(0.517842 -0.0349604 0)
(0.504119 -0.0308237 0)
(0.490258 -0.0271985 0)
(0.47928 -0.0240545 0)
(0.467183 -0.0213542 0)
(0.458841 -0.0191112 0)
(0.447826 -0.0172179 0)
(0.442049 -0.0157817 0)
(0.431157 -0.0145696 0)
(0.42808 -0.0138677 0)
(0.415992 -0.013234 0)
(1.07466 -0.00735855 0)
(1.08072 -0.0123815 0)
(1.08565 -0.0176086 0)
(1.08937 -0.0224946 0)
(1.09203 -0.0266888 0)
(1.09394 -0.0301463 0)
(1.09541 -0.0330054 0)
(1.09667 -0.0354282 0)
(1.09782 -0.0375235 0)
(1.09887 -0.0393399 0)
(1.0998 -0.0408925 0)
(1.1006 -0.042191 0)
(1.10126 -0.0432552 0)
(1.10178 -0.0441164 0)
(1.10218 -0.0448131 0)
(1.10246 -0.0453859 0)
(1.10261 -0.0458742 0)
(1.10265 -0.0463152 0)
(1.10256 -0.0467444 0)
(1.10233 -0.0471955 0)
(1.10197 -0.0477011 0)
(1.10148 -0.0482917 0)
(1.10085 -0.0489965 0)
(1.10008 -0.0498423 0)
(1.09918 -0.0508537 0)
(1.09814 -0.0520531 0)
(1.09698 -0.05346 0)
(1.09568 -0.0550911 0)
(1.09425 -0.0569601 0)
(1.09269 -0.0590781 0)
(1.09099 -0.0614528 0)
(1.08915 -0.0640903 0)
(1.08716 -0.0669937 0)
(1.08501 -0.0701653 0)
(1.0827 -0.0736041 0)
(1.0802 -0.077309 0)
(1.07751 -0.0812747 0)
(1.0746 -0.085495 0)
(1.07145 -0.089958 0)
(1.06803 -0.0946496 0)
(1.06432 -0.099548 0)
(1.06027 -0.104627 0)
(1.05584 -0.109852 0)
(1.05099 -0.11518 0)
(1.04565 -0.120556 0)
(1.03976 -0.125923 0)
(1.03324 -0.131203 0)
(1.026 -0.136317 0)
(1.01794 -0.141171 0)
(1.00896 -0.145671 0)
(0.99892 -0.149716 0)
(0.987708 -0.153215 0)
(0.975191 -0.156075 0)
(0.961257 -0.158217 0)
(0.945794 -0.159569 0)
(0.928717 -0.160054 0)
(0.909951 -0.15959 0)
(0.889434 -0.158094 0)
(0.867124 -0.1555 0)
(0.842998 -0.151803 0)
(0.817082 -0.147058 0)
(0.78946 -0.141364 0)
(0.760322 -0.134812 0)
(0.729916 -0.127501 0)
(0.69852 -0.119528 0)
(0.666382 -0.111016 0)
(0.633779 -0.102138 0)
(0.601031 -0.0931198 0)
(0.568557 -0.0841738 0)
(0.536758 -0.0754795 0)
(0.506033 -0.0671645 0)
(0.476645 -0.0593376 0)
(0.448882 -0.0520611 0)
(0.422892 -0.0453925 0)
(0.398936 -0.0393592 0)
(0.377022 -0.0340074 0)
(0.357373 -0.0293217 0)
(0.339756 -0.0253045 0)
(0.32438 -0.0218754 0)
(0.310721 -0.0190114 0)
(0.299124 -0.0165973 0)
(0.288721 -0.014626 0)
(0.280225 -0.0129655 0)
(0.272238 -0.0116477 0)
(0.26619 -0.0105305 0)
(0.259727 -0.0096929 0)
(0.255641 -0.00898219 0)
(0.249705 -0.00850922 0)
(0.247457 -0.00814249 0)
(0.240719 -0.00797368 0)
(1.06826 -0.014831 0)
(1.07409 -0.0188905 0)
(1.07913 -0.0230874 0)
(1.08328 -0.0271476 0)
(1.08659 -0.0308296 0)
(1.08918 -0.0340073 0)
(1.09126 -0.0366834 0)
(1.09302 -0.038932 0)
(1.09458 -0.0408358 0)
(1.09599 -0.0424528 0)
(1.09727 -0.0438142 0)
(1.09839 -0.0449362 0)
(1.09934 -0.0458345 0)
(1.10012 -0.0465317 0)
(1.10072 -0.0470588 0)
(1.10115 -0.0474524 0)
(1.10141 -0.0477513 0)
(1.10149 -0.0479943 0)
(1.10139 -0.0482195 0)
(1.10111 -0.0484633 0)
(1.10063 -0.0487605 0)
(1.09996 -0.0491435 0)
(1.0991 -0.0496415 0)
(1.09805 -0.0502814 0)
(1.09681 -0.0510869 0)
(1.09537 -0.0520796 0)
(1.09375 -0.0532778 0)
(1.09193 -0.0546975 0)
(1.08992 -0.056351 0)
(1.0877 -0.0582482 0)
(1.08528 -0.0603954 0)
(1.08264 -0.0627967 0)
(1.07975 -0.0654532 0)
(1.07661 -0.0683644 0)
(1.07319 -0.0715267 0)
(1.06945 -0.0749351 0)
(1.06537 -0.078581 0)
(1.0609 -0.0824532 0)
(1.056 -0.0865357 0)
(1.05061 -0.0908078 0)
(1.04468 -0.0952417 0)
(1.03812 -0.0998032 0)
(1.03088 -0.104449 0)
(1.02283 -0.109128 0)
(1.01391 -0.11378 0)
(1.00397 -0.118338 0)
(0.992919 -0.122717 0)
(0.980603 -0.126828 0)
(0.966883 -0.130562 0)
(0.951609 -0.13382 0)
(0.934623 -0.136489 0)
(0.915783 -0.138475 0)
(0.894938 -0.139681 0)
(0.871991 -0.140043 0)
(0.846845 -0.139502 0)
(0.819504 -0.138014 0)
(0.789976 -0.135532 0)
(0.75835 -0.131989 0)
(0.724734 -0.127349 0)
(0.689235 -0.121649 0)
(0.652009 -0.11499 0)
(0.613294 -0.107506 0)
(0.573537 -0.0993551 0)
(0.533286 -0.0907531 0)
(0.493127 -0.0819017 0)
(0.453569 -0.0729863 0)
(0.414986 -0.0641957 0)
(0.377779 -0.055742 0)
(0.342548 -0.0477892 0)
(0.309889 -0.0405183 0)
(0.280285 -0.0341079 0)
(0.253914 -0.0286483 0)
(0.230863 -0.0241441 0)
(0.211018 -0.0205343 0)
(0.194155 -0.0176883 0)
(0.179939 -0.0154533 0)
(0.168083 -0.0136781 0)
(0.158197 -0.012259 0)
(0.150021 -0.011093 0)
(0.14316 -0.01013 0)
(0.137479 -0.00930126 0)
(0.132605 -0.00860273 0)
(0.128584 -0.00797684 0)
(0.124988 -0.00745722 0)
(0.122092 -0.00697491 0)
(0.119261 -0.00660228 0)
(0.117155 -0.0062268 0)
(0.114584 -0.00597671 0)
(0.113169 -0.00568371 0)
(0.109925 -0.00549072 0)
(1.06557 -0.0207907 0)
(1.07128 -0.0240602 0)
(1.07636 -0.0273995 0)
(1.08075 -0.0306646 0)
(1.08445 -0.0337094 0)
(1.0875 -0.0364214 0)
(1.09004 -0.0387528 0)
(1.09219 -0.0407156 0)
(1.09405 -0.0423526 0)
(1.0957 -0.0437086 0)
(1.09715 -0.0448168 0)
(1.09838 -0.045698 0)
(1.09939 -0.0463682 0)
(1.10016 -0.0468457 0)
(1.10066 -0.0471552 0)
(1.1009 -0.047328 0)
(1.10087 -0.0474002 0)
(1.10055 -0.0474106 0)
(1.09995 -0.047398 0)
(1.09906 -0.0474017 0)
(1.09787 -0.0474587 0)
(1.09638 -0.0476038 0)
(1.09459 -0.0478667 0)
(1.0925 -0.0482731 0)
(1.09011 -0.0488449 0)
(1.0874 -0.0496014 0)
(1.08438 -0.0505582 0)
(1.08104 -0.0517287 0)
(1.07737 -0.0531222 0)
(1.07335 -0.0547458 0)
(1.06895 -0.0566023 0)
(1.06416 -0.0586924 0)
(1.05894 -0.0610126 0)
(1.05325 -0.063558 0)
(1.04704 -0.0663195 0)
(1.04026 -0.0692865 0)
(1.03285 -0.0724437 0)
(1.02473 -0.0757735 0)
(1.01584 -0.0792522 0)
(1.00608 -0.0828513 0)
(0.995357 -0.0865343 0)
(0.983572 -0.0902555 0)
(0.97061 -0.0939606 0)
(0.956341 -0.0975846 0)
(0.940641 -0.101059 0)
(0.923363 -0.10431 0)
(0.904377 -0.107246 0)
(0.883537 -0.109769 0)
(0.860711 -0.11177 0)
(0.835758 -0.113153 0)
(0.808564 -0.113821 0)
(0.779034 -0.113697 0)
(0.747113 -0.112707 0)
(0.712791 -0.110806 0)
(0.676064 -0.107919 0)
(0.637127 -0.104061 0)
(0.596123 -0.0991903 0)
(0.553569 -0.0933629 0)
(0.509869 -0.0866868 0)
(0.465449 -0.0793097 0)
(0.420655 -0.0713814 0)
(0.376001 -0.0630373 0)
(0.332329 -0.054502 0)
(0.290492 -0.0459631 0)
(0.251617 -0.0378414 0)
(0.216562 -0.0306807 0)
(0.185574 -0.0248706 0)
(0.158763 -0.020387 0)
(0.136383 -0.0171025 0)
(0.118139 -0.0147768 0)
(0.103455 -0.0130733 0)
(0.0915011 -0.0117081 0)
(0.0815621 -0.010579 0)
(0.0731085 -0.00967251 0)
(0.0658178 -0.00896247 0)
(0.0594877 -0.00840078 0)
(0.0539757 -0.00791847 0)
(0.0491921 -0.00747951 0)
(0.0450739 -0.00706417 0)
(0.0415128 -0.00667241 0)
(0.0384528 -0.00629731 0)
(0.0357916 -0.00595491 0)
(0.0335082 -0.0056405 0)
(0.0314799 -0.00537139 0)
(0.0297297 -0.00511964 0)
(0.0280961 -0.00490347 0)
(0.0266763 -0.00466373 0)
(0.0252005 -0.00443211 0)
(0.0239499 -0.00409705 0)
(0.0220927 -0.00390725 0)
(1.06624 -0.0269686 0)
(1.07176 -0.0295679 0)
(1.07669 -0.0321854 0)
(1.08098 -0.0347552 0)
(1.0846 -0.0371956 0)
(1.08756 -0.039421 0)
(1.08994 -0.0413675 0)
(1.09182 -0.0430088 0)
(1.09326 -0.0443525 0)
(1.09432 -0.0454227 0)
(1.095 -0.0462451 0)
(1.09531 -0.0468395 0)
(1.09522 -0.0472215 0)
(1.09471 -0.0474072 0)
(1.09377 -0.0474176 0)
(1.09237 -0.0472798 0)
(1.09052 -0.0470277 0)
(1.08819 -0.046699 0)
(1.0854 -0.0463341 0)
(1.08214 -0.0459737 0)
(1.0784 -0.0456575 0)
(1.07419 -0.0454235 0)
(1.06952 -0.0453037 0)
(1.06437 -0.0453247 0)
(1.05876 -0.0455079 0)
(1.05267 -0.04587 0)
(1.04608 -0.0464224 0)
(1.03898 -0.0471732 0)
(1.03134 -0.0481255 0)
(1.02315 -0.0492801 0)
(1.01434 -0.0506328 0)
(1.0049 -0.0521782 0)
(0.99475 -0.0539058 0)
(0.983842 -0.055805 0)
(0.972102 -0.0578589 0)
(0.959456 -0.0600514 0)
(0.945813 -0.0623589 0)
(0.931088 -0.0647589 0)
(0.915175 -0.0672192 0)
(0.897979 -0.0697078 0)
(0.879381 -0.0721798 0)
(0.859283 -0.0745876 0)
(0.837554 -0.0768668 0)
(0.8141 -0.0789467 0)
(0.788787 -0.0807469 0)
(0.761505 -0.0821776 0)
(0.732178 -0.0831386 0)
(0.700749 -0.0835303 0)
(0.667181 -0.083263 0)
(0.631467 -0.082264 0)
(0.593626 -0.0804866 0)
(0.553811 -0.0779358 0)
(0.512157 -0.0746079 0)
(0.468998 -0.0705025 0)
(0.424635 -0.0655564 0)
(0.379468 -0.0596981 0)
(0.334117 -0.0528202 0)
(0.289633 -0.0451848 0)
(0.247026 -0.0373848 0)
(0.207232 -0.0301074 0)
(0.170921 -0.0239637 0)
(0.13888 -0.0192124 0)
(0.112378 -0.0158776 0)
(0.0913529 -0.0134212 0)
(0.074785 -0.0114184 0)
(0.0613793 -0.00975074 0)
(0.0500306 -0.00844171 0)
(0.0400563 -0.00760376 0)
(0.031299 -0.00726534 0)
(0.0237036 -0.00707579 0)
(0.017189 -0.00675009 0)
(0.0115595 -0.00622872 0)
(0.0066559 -0.00560465 0)
(0.0023402 -0.00501717 0)
(-0.00148489 -0.00456864 0)
(-0.00487476 -0.00428708 0)
(-0.00790997 -0.00413539 0)
(-0.0106542 -0.00406606 0)
(-0.0131446 -0.00403485 0)
(-0.0154132 -0.00401061 0)
(-0.0174812 -0.00397427 0)
(-0.0193775 -0.00392561 0)
(-0.021113 -0.00386292 0)
(-0.022719 -0.00378907 0)
(-0.0242033 -0.00369079 0)
(-0.0256067 -0.00356529 0)
(-0.0269161 -0.00338211 0)
(-0.028188 -0.00314666 0)
(-0.0294203 -0.00287923 0)
(-0.0306563 -0.00279635 0)
(1.06581 -0.0311727 0)
(1.06974 -0.0331742 0)
(1.07282 -0.035158 0)
(1.075 -0.0370978 0)
(1.07626 -0.0389395 0)
(1.0766 -0.0406164 0)
(1.07606 -0.0420689 0)
(1.07469 -0.0432566 0)
(1.07256 -0.0441668 0)
(1.06968 -0.0448056 0)
(1.06611 -0.0451888 0)
(1.06186 -0.0453331 0)
(1.05693 -0.0452551 0)
(1.05132 -0.044971 0)
(1.04505 -0.0445008 0)
(1.03811 -0.0438698 0)
(1.03055 -0.0431105 0)
(1.02235 -0.0422606 0)
(1.01356 -0.041362 0)
(1.00419 -0.0404564 0)
(0.994247 -0.0395854 0)
(0.983748 -0.0387862 0)
(0.972709 -0.0380967 0)
(0.961137 -0.037549 0)
(0.949033 -0.0371677 0)
(0.936382 -0.0369674 0)
(0.923169 -0.0369544 0)
(0.909363 -0.037127 0)
(0.894932 -0.0374783 0)
(0.879831 -0.0379963 0)
(0.86401 -0.0386665 0)
(0.847412 -0.0394719 0)
(0.829973 -0.0403936 0)
(0.811621 -0.0414111 0)
(0.792282 -0.0425015 0)
(0.771876 -0.0436414 0)
(0.75032 -0.0448033 0)
(0.727535 -0.0459607 0)
(0.703435 -0.0470795 0)
(0.677951 -0.0481302 0)
(0.651 -0.0490685 0)
(0.62255 -0.0498592 0)
(0.592529 -0.0504385 0)
(0.561001 -0.0507551 0)
(0.527923 -0.0506997 0)
(0.493324 -0.0501414 0)
(0.457338 -0.0489536 0)
(0.420122 -0.0470303 0)
(0.381923 -0.0443251 0)
(0.34304 -0.0408184 0)
(0.303769 -0.0366198 0)
(0.264677 -0.0319718 0)
(0.226261 -0.0271607 0)
(0.189544 -0.0225932 0)
(0.155561 -0.0186131 0)
(0.125278 -0.0151774 0)
(0.0998955 -0.0123653 0)
(0.0792624 -0.0100116 0)
(0.0624389 -0.0079635 0)
(0.0484036 -0.0062639 0)
(0.0364562 -0.00517789 0)
(0.0258683 -0.0049425 0)
(0.0166273 -0.00538673 0)
(0.00878488 -0.00572224 0)
(0.00217211 -0.00526825 0)
(-0.00341824 -0.00411067 0)
(-0.00818976 -0.00287641 0)
(-0.0123267 -0.00210457 0)
(-0.0159865 -0.00183757 0)
(-0.0193105 -0.00188589 0)
(-0.0223715 -0.00202315 0)
(-0.0251561 -0.00209512 0)
(-0.027655 -0.00208008 0)
(-0.0298983 -0.00202736 0)
(-0.0319419 -0.00198442 0)
(-0.0338471 -0.00197791 0)
(-0.0356588 -0.00201573 0)
(-0.0374031 -0.00208239 0)
(-0.0390953 -0.00215569 0)
(-0.0407415 -0.00222161 0)
(-0.0423414 -0.00227297 0)
(-0.0438943 -0.00230824 0)
(-0.0453976 -0.00232416 0)
(-0.046852 -0.00232044 0)
(-0.0482536 -0.00229024 0)
(-0.0495963 -0.00222808 0)
(-0.0508572 -0.00212374 0)
(-0.0520449 -0.00199094 0)
(-0.0531887 -0.00187281 0)
(-0.0541137 -0.00185474 0)
(1.02367 -0.0369752 0)
(1.01865 -0.0375808 0)
(1.01227 -0.0381844 0)
(1.00454 -0.0387732 0)
(0.995478 -0.0393041 0)
(0.985141 -0.0397266 0)
(0.973606 -0.039993 0)
(0.960988 -0.0400688 0)
(0.947381 -0.0399295 0)
(0.932895 -0.0395651 0)
(0.917637 -0.0389791 0)
(0.901704 -0.0381834 0)
(0.885185 -0.0371944 0)
(0.868161 -0.0360306 0)
(0.85071 -0.0347129 0)
(0.832903 -0.0332669 0)
(0.814812 -0.0317231 0)
(0.796497 -0.0301171 0)
(0.778014 -0.0284884 0)
(0.759402 -0.0268761 0)
(0.740691 -0.0253182 0)
(0.721886 -0.0238473 0)
(0.702994 -0.0224947 0)
(0.684018 -0.0212865 0)
(0.664948 -0.0202414 0)
(0.645765 -0.0193692 0)
(0.626437 -0.0186713 0)
(0.606922 -0.0181405 0)
(0.587171 -0.0177637 0)
(0.56713 -0.0175225 0)
(0.54674 -0.0173954 0)
(0.525941 -0.0173584 0)
(0.504677 -0.0173863 0)
(0.482888 -0.0174518 0)
(0.460527 -0.017528 0)
(0.437546 -0.017586 0)
(0.413917 -0.0175988 0)
(0.389616 -0.0175381 0)
(0.364649 -0.0173796 0)
(0.339035 -0.0170998 0)
(0.312831 -0.0166829 0)
(0.286138 -0.0161196 0)
(0.259095 -0.0154065 0)
(0.23206 -0.0145651 0)
(0.205285 -0.0135649 0)
(0.179137 -0.0123888 0)
(0.154098 -0.0110358 0)
(0.130623 -0.00956601 0)
(0.10912 -0.00793098 0)
(0.0899671 -0.00621565 0)
(0.073076 -0.00455956 0)
(0.0582888 -0.00300872 0)
(0.0453497 -0.00177633 0)
(0.0340479 -0.00115257 0)
(0.0241531 -0.00136157 0)
(0.0152054 -0.00231871 0)
(0.0073709 -0.00349156 0)
(0.000633689 -0.00391863 0)
(-0.00495789 -0.00320113 0)
(-0.00937669 -0.00176394 0)
(-0.012849 -0.000446256 0)
(-0.0157491 0.000106572 0)
(-0.0184439 9.47458e-06 0)
(-0.0211121 -0.000302538 0)
(-0.0236148 -0.00044244 0)
(-0.0256878 -0.000326173 0)
(-0.0272547 -0.000133984 0)
(-0.0284401 -4.85069e-05 0)
(-0.0294727 -0.000117956 0)
(-0.0305123 -0.000293045 0)
(-0.0316117 -0.000454355 0)
(-0.0327452 -0.000539993 0)
(-0.0338626 -0.000558312 0)
(-0.0349343 -0.000548896 0)
(-0.0359611 -0.000547261 0)
(-0.036964 -0.000568852 0)
(-0.0379694 -0.000610644 0)
(-0.0389968 -0.000665546 0)
(-0.0400554 -0.000724324 0)
(-0.041145 -0.000779843 0)
(-0.0422598 -0.000828143 0)
(-0.0433924 -0.000868235 0)
(-0.0445344 -0.000899481 0)
(-0.0456774 -0.000921786 0)
(-0.0468101 -0.000932657 0)
(-0.0479137 -0.000930431 0)
(-0.0489634 -0.000918268 0)
(-0.0499672 -0.000915432 0)
(-0.0509691 -0.000938113 0)
(-0.0517807 -0.000968235 0)
(0.714476 -0.0207191 0)
(0.685392 -0.0203124 0)
(0.656169 -0.0199211 0)
(0.626829 -0.0195401 0)
(0.597416 -0.0191451 0)
(0.568018 -0.0187061 0)
(0.538745 -0.0181932 0)
(0.509773 -0.0175855 0)
(0.481261 -0.016859 0)
(0.453378 -0.0159993 0)
(0.42629 -0.0150067 0)
(0.400154 -0.013894 0)
(0.375108 -0.012682 0)
(0.351272 -0.0113974 0)
(0.328742 -0.0100699 0)
(0.307593 -0.00873173 0)
(0.287868 -0.00741742 0)
(0.269583 -0.00616204 0)
(0.252716 -0.00499909 0)
(0.237209 -0.00395726 0)
(0.222976 -0.00305789 0)
(0.209905 -0.00231057 0)
(0.197874 -0.00170689 0)
(0.186757 -0.00123096 0)
(0.176419 -0.000866321 0)
(0.166727 -0.000597423 0)
(0.15755 -0.000408679 0)
(0.148767 -0.000283637 0)
(0.140271 -0.000205062 0)
(0.131971 -0.000155575 0)
(0.123794 -0.000118253 0)
(0.115687 -7.71547e-05 0)
(0.107618 -1.7647e-05 0)
(0.0995717 7.30171e-05 0)
(0.0915536 0.000205207 0)
(0.0835865 0.000385933 0)
(0.0757089 0.000617974 0)
(0.0679726 0.000898404 0)
(0.0604387 0.00121707 0)
(0.0531718 0.00155483 0)
(0.0462338 0.00188091 0)
(0.0396733 0.00215206 0)
(0.0335126 0.00230681 0)
(0.0277385 0.00226935 0)
(0.0222818 0.00194997 0)
(0.0170593 0.00131709 0)
(0.012013 0.000430082 0)
(0.00711436 -0.000541404 0)
(0.00228573 -0.0013394 0)
(-0.00228654 -0.0018663 0)
(-0.00627523 -0.00198008 0)
(-0.00932077 -0.00159214 0)
(-0.0112955 -0.000841684 0)
(-0.012283 1.64124e-05 0)
(-0.0127135 0.000698974 0)
(-0.0131605 0.00100096 0)
(-0.0140256 0.0010519 0)
(-0.0152998 0.0009788 0)
(-0.0164992 0.000915318 0)
(-0.0171735 0.000859396 0)
(-0.0172169 0.000737926 0)
(-0.0169088 0.000513935 0)
(-0.0166779 0.00021316 0)
(-0.0167518 -4.5696e-05 0)
(-0.0170484 -0.000141426 0)
(-0.0173371 -8.24241e-05 0)
(-0.0174695 4.13436e-05 0)
(-0.0174589 0.000137575 0)
(-0.0174136 0.000164484 0)
(-0.0174325 0.000139167 0)
(-0.0175551 9.15133e-05 0)
(-0.0177598 4.71841e-05 0)
(-0.0180059 1.73059e-05 0)
(-0.0182638 9.20049e-07 0)
(-0.0185249 -8.14609e-06 0)
(-0.0187953 -1.64161e-05 0)
(-0.0190866 -2.74233e-05 0)
(-0.0194081 -4.15202e-05 0)
(-0.019765 -5.71664e-05 0)
(-0.0201574 -7.27099e-05 0)
(-0.0205821 -8.71134e-05 0)
(-0.0210346 -0.000100123 0)
(-0.0215103 -0.000111849 0)
(-0.0220046 -0.000122666 0)
(-0.0225124 -0.000132306 0)
(-0.0230254 -0.000140801 0)
(-0.0235346 -0.000152177 0)
(-0.024055 -0.00017913 0)
(-0.0246547 -0.000226508 0)
(-0.0252817 -0.000263685 0)
)
;

boundaryField
{
    fixedWalls
    {
        type            noSlip;
    }
    inflowWall
    {
        type            fixedValue;
        value           uniform (1 0 0);
    }
    outflowWall
    {
        type            zeroGradient;
    }
    frontAndBack
    {
        type            empty;
    }
}


// ************************************************************************* //
