/*--------------------------------*- C++ -*----------------------------------*\
| =========                 |                                                 |
| \\      /  F ield         | OpenFOAM: The Open Source CFD Toolbox           |
|  \\    /   O peration     | Version:  2306                                  |
|   \\  /    A nd           | Website:  www.openfoam.com                      |
|    \\/     M anipulation  |                                                 |
\*---------------------------------------------------------------------------*/
FoamFile
{
    version     2.0;
    format      ascii;
    arch        "LSB;label=32;scalar=64";
    class       surfaceScalarField;
    location    "4.46";
    object      phi;
}
// * * * * * * * * * * * * * * * * * * * * * * * * * * * * * * * * * * * * * //

dimensions      [0 3 -1 0 0 0 0];

oriented        oriented;

internalField   nonuniform List<scalar> 
3680
(
4.93469e-05
6.53066e-07
4.79741e-05
1.37282e-06
4.66977e-05
1.2764e-06
4.52606e-05
1.4371e-06
4.41225e-05
1.13809e-06
4.27187e-05
1.40382e-06
4.17346e-05
9.84143e-07
4.04331e-05
1.30147e-06
3.9801e-05
6.32108e-07
9.86839e-07
3.88141e-05
5.03392e-05
3.1385e-07
5.08678e-05
8.44242e-07
5.11321e-05
1.01213e-06
5.14651e-05
1.10407e-06
5.15926e-05
1.01062e-06
5.19755e-05
1.02086e-06
5.20606e-05
8.99026e-07
5.25119e-05
8.50219e-07
5.2506e-05
6.38016e-07
4.31862e-07
5.3061e-05
5.01633e-05
1.50566e-07
5.05553e-05
4.52178e-07
5.09759e-05
5.91625e-07
5.14194e-05
6.6051e-07
5.18165e-05
6.13559e-07
5.22674e-05
5.69908e-07
5.26945e-05
4.71988e-07
5.31634e-05
3.81277e-07
5.35802e-05
2.21179e-07
1.19852e-08
5.40001e-05
5.00932e-05
5.73471e-08
5.03763e-05
1.69048e-07
5.0734e-05
2.3399e-07
5.1146e-05
2.48503e-07
5.15495e-05
2.10031e-07
5.19719e-05
1.47485e-07
5.23829e-05
6.09986e-08
5.28115e-05
-4.72943e-08
5.32217e-05
-1.89011e-07
-3.58734e-07
5.35924e-05
5.00738e-05
-1.6443e-08
5.02912e-05
-4.83968e-08
5.0611e-05
-8.57994e-08
5.09886e-05
-1.29077e-07
5.13801e-05
-1.81443e-07
5.1774e-05
-2.46479e-07
5.21648e-05
-3.29763e-07
5.2551e-05
-4.33483e-07
5.29205e-05
-5.58528e-07
-7.04511e-07
5.32663e-05
5.00732e-05
-8.96056e-08
5.02829e-05
-2.58133e-07
5.05977e-05
-4.00604e-07
5.09651e-05
-4.96519e-07
5.13442e-05
-5.60489e-07
5.17213e-05
-6.23595e-07
5.2091e-05
-6.99473e-07
5.24519e-05
-7.94383e-07
5.28013e-05
-9.07954e-07
-1.03591e-06
5.31327e-05
5.00942e-05
-1.83799e-07
5.03555e-05
-5.19486e-07
5.06982e-05
-7.43226e-07
5.10681e-05
-8.66417e-07
5.14404e-05
-9.32804e-07
5.18041e-05
-9.87297e-07
5.21607e-05
-1.05607e-06
5.25119e-05
-1.14555e-06
5.28525e-05
-1.24858e-06
-1.357e-06
5.31736e-05
5.01665e-05
-3.50269e-07
5.0518e-05
-8.71012e-07
5.09207e-05
-1.14595e-06
5.12995e-05
-1.24515e-06
5.16482e-05
-1.28155e-06
5.19855e-05
-1.32458e-06
5.23192e-05
-1.3898e-06
5.26404e-05
-1.46677e-06
5.29353e-05
-1.54346e-06
-1.61443e-06
5.31927e-05
5.03676e-05
-7.17877e-07
5.08004e-05
-1.30379e-06
5.10991e-05
-1.44463e-06
5.12765e-05
-1.4226e-06
5.1405e-05
-1.41006e-06
5.15036e-05
-1.4232e-06
5.1555e-05
-1.44111e-06
5.15423e-05
-1.4541e-06
5.14573e-05
-1.45852e-06
-1.45773e-06
5.13006e-05
4.92821e-05
4.79783e-05
4.65337e-05
4.51111e-05
4.3701e-05
4.22778e-05
4.08367e-05
3.93826e-05
3.79241e-05
3.64664e-05
1.44099e-08
-1.44099e-08
1.09919e-08
3.41799e-09
-7.50474e-09
1.84967e-08
-3.57084e-08
2.82036e-08
-7.08626e-08
3.51542e-08
-1.11662e-07
4.07991e-08
-1.57696e-07
4.60348e-08
-2.08705e-07
5.10083e-08
-2.64392e-07
5.56869e-08
-3.24425e-07
6.00333e-08
-3.88446e-07
6.40213e-08
-4.56086e-07
6.76397e-08
-5.26976e-07
7.08904e-08
-6.00759e-07
7.3783e-08
-6.77093e-07
7.63336e-08
-7.55656e-07
7.85631e-08
-8.36152e-07
8.04961e-08
-9.18312e-07
8.21601e-08
-1.0019e-06
8.3586e-08
-1.08671e-06
8.48164e-08
-1.17262e-06
8.59048e-08
-1.25953e-06
8.69124e-08
-1.34744e-06
8.79048e-08
-1.43639e-06
8.89511e-08
-1.52651e-06
9.01247e-08
-1.61802e-06
9.15043e-08
-1.71119e-06
9.31696e-08
-1.80638e-06
9.5194e-08
-1.90402e-06
9.764e-08
-2.00458e-06
1.0056e-07
-2.10858e-06
1.03996e-07
-2.21657e-06
1.07994e-07
-2.32921e-06
1.1264e-07
-2.44733e-06
1.18121e-07
-2.57211e-06
1.24778e-07
-2.70523e-06
1.33118e-07
-2.84907e-06
1.43841e-07
-3.00694e-06
1.57868e-07
-3.18323e-06
1.76289e-07
-3.3835e-06
2.00277e-07
-3.61439e-06
2.30885e-07
-3.88308e-06
2.68694e-07
-4.19642e-06
3.13338e-07
-4.55956e-06
3.63138e-07
-4.97444e-06
4.14887e-07
-5.43846e-06
4.64018e-07
-5.94366e-06
5.05201e-07
-6.47671e-06
5.33051e-07
-7.0194e-06
5.42682e-07
-7.55018e-06
5.30786e-07
-8.04669e-06
4.96507e-07
-8.48719e-06
4.40496e-07
-8.85141e-06
3.64223e-07
-9.12081e-06
2.69403e-07
-9.28334e-06
1.62532e-07
-9.32609e-06
4.27519e-08
-9.24648e-06
-7.96154e-08
-9.04459e-06
-2.01893e-07
-8.72019e-06
-3.24392e-07
-8.27772e-06
-4.42472e-07
-7.72326e-06
-5.5446e-07
-7.06913e-06
-6.54129e-07
-6.32457e-06
-7.44564e-07
-5.50259e-06
-8.21977e-07
-4.61646e-06
-8.8613e-07
-3.67974e-06
-9.36722e-07
-2.70723e-06
-9.72507e-07
-1.71286e-06
-9.94375e-07
-7.10448e-07
-1.00241e-06
2.89525e-07
-9.99973e-07
1.27468e-06
-9.85158e-07
2.23726e-06
-9.62577e-07
3.16613e-06
-9.28865e-07
4.05737e-06
-8.91244e-07
4.9018e-06
-8.44428e-07
5.69979e-06
-7.97996e-07
6.44398e-06
-7.44187e-07
7.13851e-06
-6.94526e-07
7.77713e-06
-6.38623e-07
8.36803e-06
-5.90898e-07
8.90575e-06
-5.37724e-07
9.40218e-06
-4.96425e-07
9.8517e-06
-4.49522e-07
1.02701e-05
-4.18418e-07
1.06501e-05
-3.7995e-07
1.10114e-05
-3.61324e-07
1.13454e-05
-3.33971e-07
1.16772e-05
-3.31797e-07
1.19951e-05
-3.17943e-07
-3.44983e-07
-1.07769e-08
-3.63303e-09
-6.42779e-08
5.69189e-08
-1.4765e-07
1.01869e-07
-2.52899e-07
1.33452e-07
-3.75158e-07
1.57413e-07
-5.12069e-07
1.77711e-07
-6.61985e-07
1.9595e-07
-8.23438e-07
2.12461e-07
-9.9504e-07
2.27289e-07
-1.17546e-06
2.40458e-07
-1.36345e-06
2.52004e-07
-1.5578e-06
2.61987e-07
-1.7574e-06
2.70495e-07
-1.96126e-06
2.77641e-07
-2.16848e-06
2.83555e-07
-2.3783e-06
2.88383e-07
-2.59008e-06
2.92277e-07
-2.80332e-06
2.95399e-07
-3.01765e-06
2.97918e-07
-3.23286e-06
3.00029e-07
-3.44891e-06
3.01948e-07
-3.6659e-06
3.03906e-07
-3.88413e-06
3.06138e-07
-4.10406e-06
3.0888e-07
-4.32631e-06
3.12372e-07
-4.55167e-06
3.16859e-07
-4.78108e-06
3.22587e-07
-5.01567e-06
3.29777e-07
-5.25665e-06
3.38623e-07
-5.50538e-06
3.49287e-07
-5.76329e-06
3.61906e-07
-6.03189e-06
3.76595e-07
-6.31274e-06
3.93494e-07
-6.60746e-06
4.12842e-07
-6.91773e-06
4.35048e-07
-7.24522e-06
4.60609e-07
-7.59141e-06
4.90032e-07
-7.95741e-06
5.23867e-07
-8.34365e-06
5.62525e-07
-8.74951e-06
6.06137e-07
-9.17296e-06
6.54335e-07
-9.61019e-06
7.05928e-07
-1.00552e-05
7.58331e-07
-1.04993e-05
8.07298e-07
-1.09316e-05
8.47126e-07
-1.13386e-05
8.71027e-07
-1.17055e-05
8.72123e-07
-1.20171e-05
8.44594e-07
-1.22579e-05
7.83569e-07
-1.24133e-05
6.86093e-07
-1.24693e-05
5.52537e-07
-1.24156e-05
3.86821e-07
-1.22408e-05
1.89385e-07
-1.19348e-05
-3.6595e-08
-1.15079e-05
-2.64374e-07
-1.0957e-05
-5.08109e-07
-1.02782e-05
-7.58456e-07
-9.47418e-06
-1.00587e-06
-8.55169e-06
-1.24689e-06
-7.51983e-06
-1.47433e-06
-6.3859e-06
-1.6884e-06
-5.16519e-06
-1.87483e-06
-3.8675e-06
-2.04225e-06
-2.50764e-06
-2.18184e-06
-1.09844e-06
-2.29534e-06
3.44159e-07
-2.37932e-06
1.80731e-06
-2.43566e-06
3.27897e-06
-2.46604e-06
4.74751e-06
-2.47094e-06
6.20079e-06
-2.45326e-06
7.62831e-06
-2.41268e-06
9.02125e-06
-2.35551e-06
1.03716e-05
-2.2792e-06
1.16735e-05
-2.19317e-06
1.29215e-05
-2.09241e-06
1.41126e-05
-1.98914e-06
1.52438e-05
-1.87534e-06
1.63151e-05
-1.76581e-06
1.73256e-05
-1.64913e-06
1.82778e-05
-1.54312e-06
1.91724e-05
-1.43236e-06
2.00141e-05
-1.33813e-06
2.08049e-05
-1.24026e-06
2.1551e-05
-1.16454e-06
2.22559e-05
-1.0849e-06
2.29282e-05
-1.03354e-06
2.3571e-05
-9.76837e-07
2.41955e-05
-9.56221e-07
2.48037e-05
-9.26237e-07
-9.36169e-07
-4.99889e-08
4.63559e-08
-1.86384e-07
1.93314e-07
-3.68758e-07
2.84242e-07
-5.78266e-07
3.4296e-07
-8.06039e-07
3.85186e-07
-1.04961e-06
4.21279e-07
-1.30738e-06
4.53726e-07
-1.57683e-06
4.81909e-07
-1.85536e-06
5.05813e-07
-2.14054e-06
5.25647e-07
-2.43022e-06
5.41682e-07
-2.72248e-06
5.54243e-07
-3.01569e-06
5.63703e-07
-3.3085e-06
5.70457e-07
-3.59985e-06
5.74899e-07
-3.88888e-06
5.77419e-07
-4.175e-06
5.78391e-07
-4.45778e-06
5.78187e-07
-4.73699e-06
5.77123e-07
-5.01253e-06
5.75571e-07
-5.28451e-06
5.73924e-07
-5.55315e-06
5.72551e-07
-5.81881e-06
5.718e-07
-6.08192e-06
5.71984e-07
-6.34294e-06
5.73391e-07
-6.60237e-06
5.76291e-07
-6.86071e-06
5.80927e-07
-7.11841e-06
5.87476e-07
-7.37581e-06
5.96025e-07
-7.63311e-06
6.06585e-07
-7.89029e-06
6.1909e-07
-8.1471e-06
6.33399e-07
-8.40292e-06
6.49318e-07
-8.65674e-06
6.66664e-07
-8.90727e-06
6.85579e-07
-9.15278e-06
7.06115e-07
-9.39083e-06
7.28084e-07
-9.61831e-06
7.5134e-07
-9.83123e-06
7.75449e-07
-1.00246e-05
7.9954e-07
-1.01925e-05
8.22198e-07
-1.0328e-05
8.41461e-07
-1.04232e-05
8.53492e-07
-1.04694e-05
8.53474e-07
-1.04576e-05
8.35382e-07
-1.0379e-05
7.92393e-07
-1.02246e-05
7.17699e-07
-9.98719e-06
6.07224e-07
-9.66168e-06
4.58052e-07
-9.24396e-06
2.68371e-07
-8.72561e-06
3.4186e-08
-8.11341e-06
-2.25375e-07
-7.40506e-06
-5.18965e-07
-6.6041e-06
-8.37558e-07
-5.69758e-06
-1.17089e-06
-4.69601e-06
-1.50968e-06
-3.60451e-06
-1.84996e-06
-2.42904e-06
-2.18134e-06
-1.17489e-06
-2.50104e-06
1.5037e-07
-2.79958e-06
1.53149e-06
-3.06952e-06
2.96562e-06
-3.30896e-06
4.44175e-06
-3.51838e-06
5.94697e-06
-3.68706e-06
7.47304e-06
-3.82141e-06
9.00717e-06
-3.91345e-06
1.05414e-05
-3.96989e-06
1.20622e-05
-3.98688e-06
1.3562e-05
-3.97073e-06
1.503e-05
-3.92119e-06
1.64603e-05
-3.84303e-06
1.78444e-05
-3.73965e-06
1.91793e-05
-3.61409e-06
2.04588e-05
-3.47264e-06
2.16823e-05
-3.31594e-06
2.2846e-05
-3.15284e-06
2.39517e-05
-2.98095e-06
2.49974e-05
-2.8116e-06
2.5987e-05
-2.6387e-06
2.69203e-05
-2.47637e-06
2.78022e-05
-2.31425e-06
2.8634e-05
-2.16994e-06
2.94217e-05
-2.02796e-06
3.01677e-05
-1.91063e-06
3.08789e-05
-1.79611e-06
3.15587e-05
-1.71333e-06
3.22142e-05
-1.6323e-06
3.28486e-05
-1.59066e-06
3.34693e-05
-1.54685e-06
-1.5555e-06
-1.3831e-07
1.84666e-07
-3.92455e-07
4.4746e-07
-6.86078e-07
5.77865e-07
-9.97071e-07
6.53953e-07
-1.32325e-06
7.11365e-07
-1.66184e-06
7.59868e-07
-2.00782e-06
7.99704e-07
-2.35646e-06
8.30555e-07
-2.70377e-06
8.53118e-07
-3.04671e-06
8.68587e-07
-3.38283e-06
8.77804e-07
-3.71024e-06
8.81654e-07
-4.02759e-06
8.81056e-07
-4.33395e-06
8.76818e-07
-4.62871e-06
8.69658e-07
-4.91152e-06
8.60223e-07
-5.1822e-06
8.49079e-07
-5.44073e-06
8.36716e-07
-5.68719e-06
8.23582e-07
-5.92174e-06
8.1012e-07
-6.14456e-06
7.96746e-07
-6.35585e-06
7.83835e-07
-6.55576e-06
7.71708e-07
-6.74438e-06
7.6061e-07
-6.92171e-06
7.5072e-07
-7.0876e-06
7.42178e-07
-7.24177e-06
7.35099e-07
-7.3838e-06
7.29505e-07
-7.51303e-06
7.25259e-07
-7.62857e-06
7.22127e-07
-7.72926e-06
7.19773e-07
-7.81362e-06
7.17758e-07
-7.87985e-06
7.15551e-07
-7.92576e-06
7.12576e-07
-7.94866e-06
7.08476e-07
-7.94572e-06
7.0318e-07
-7.91349e-06
6.95846e-07
-7.84796e-06
6.8581e-07
-7.74459e-06
6.72083e-07
-7.59831e-06
6.53263e-07
-7.40336e-06
6.27251e-07
-7.15314e-06
5.91236e-07
-6.84235e-06
5.42698e-07
-6.46574e-06
4.76867e-07
-6.01845e-06
3.88091e-07
-5.49681e-06
2.70754e-07
-4.8968e-06
1.17686e-07
-4.21777e-06
-7.17991e-08
-3.46214e-06
-2.97575e-07
-2.62962e-06
-5.6415e-07
-1.72479e-06
-8.70651e-07
-7.41747e-07
-1.20841e-06
3.15436e-07
-1.57615e-06
1.44045e-06
-1.96257e-06
2.63138e-06
-2.36182e-06
3.88457e-06
-2.76287e-06
5.19709e-06
-3.16248e-06
6.56269e-06
-3.54694e-06
7.97675e-06
-3.9151e-06
9.4297e-06
-4.25254e-06
1.09195e-05
-4.55933e-06
1.24331e-05
-4.82251e-06
1.39632e-05
-5.04848e-06
1.54994e-05
-5.22326e-06
1.70331e-05
-5.35513e-06
1.85535e-05
-5.43392e-06
2.00533e-05
-5.46959e-06
2.15216e-05
-5.45526e-06
2.2953e-05
-5.40212e-06
2.43383e-05
-5.30649e-06
2.56746e-05
-5.1793e-06
2.69546e-05
-5.01968e-06
2.81782e-05
-4.83762e-06
2.93401e-05
-4.63462e-06
3.04427e-05
-4.41854e-06
3.14828e-05
-4.19293e-06
3.24646e-05
-3.96269e-06
3.33864e-05
-3.73343e-06
3.4254e-05
-3.50629e-06
3.5067e-05
-3.28936e-06
3.58321e-05
-3.07937e-06
3.65498e-05
-2.88766e-06
3.72277e-05
-2.70581e-06
3.78665e-05
-2.5495e-06
3.84747e-05
-2.40424e-06
3.90528e-05
-2.29146e-06
3.96099e-05
-2.18942e-06
4.01465e-05
-2.12727e-06
4.06748e-05
-2.07509e-06
-2.0743e-06
-1.9549e-07
3.80156e-07
-5.66359e-07
8.18329e-07
-9.84752e-07
9.96257e-07
-1.41252e-06
1.08172e-06
-1.83346e-06
1.1323e-06
-2.23886e-06
1.16527e-06
-2.62497e-06
1.18582e-06
-2.9907e-06
1.19629e-06
-3.33429e-06
1.1967e-06
-3.65424e-06
1.18855e-06
-3.94992e-06
1.17348e-06
-4.22121e-06
1.15294e-06
-4.46839e-06
1.12823e-06
-4.69199e-06
1.10042e-06
-4.89274e-06
1.07041e-06
-5.07143e-06
1.03892e-06
-5.22889e-06
1.00653e-06
-5.36585e-06
9.73684e-07
-5.483e-06
9.40732e-07
-5.58093e-06
9.08046e-07
-5.66012e-06
8.75937e-07
-5.72093e-06
8.44641e-07
-5.76355e-06
8.1433e-07
-5.78801e-06
7.85067e-07
-5.7941e-06
7.56815e-07
-5.78141e-06
7.29484e-07
-5.74931e-06
7.03003e-07
-5.69706e-06
6.77249e-07
-5.62362e-06
6.51827e-07
-5.52776e-06
6.26261e-07
-5.40796e-06
5.99977e-07
-5.26248e-06
5.72276e-07
-5.08928e-06
5.42354e-07
-4.886e-06
5.09297e-07
-4.64958e-06
4.72048e-07
-4.37749e-06
4.31098e-07
-4.06639e-06
3.8474e-07
-3.71253e-06
3.31948e-07
-3.3118e-06
2.71356e-07
-2.85976e-06
2.01219e-07
-2.35165e-06
1.19142e-07
-1.78133e-06
2.09184e-08
-1.14842e-06
-9.0208e-08
-4.48962e-07
-2.22594e-07
3.20005e-07
-3.80876e-07
1.16008e-06
-5.69318e-07
2.06905e-06
-7.91285e-07
3.04559e-06
-1.04834e-06
4.09054e-06
-1.34252e-06
5.19926e-06
-1.67288e-06
6.36768e-06
-2.03907e-06
7.59236e-06
-2.43309e-06
8.86897e-06
-2.85276e-06
1.01934e-05
-3.28699e-06
1.15633e-05
-3.73168e-06
1.29734e-05
-4.17306e-06
1.44196e-05
-4.60866e-06
1.58953e-05
-5.02256e-06
1.73941e-05
-5.41391e-06
1.89077e-05
-5.76617e-06
2.04294e-05
-6.08102e-06
2.19497e-05
-6.34281e-06
2.34592e-05
-6.55802e-06
2.4949e-05
-6.71306e-06
2.6411e-05
-6.81712e-06
2.78365e-05
-6.8594e-06
2.92193e-05
-6.85242e-06
3.05522e-05
-6.78808e-06
3.18314e-05
-6.68132e-06
3.30512e-05
-6.52633e-06
3.4211e-05
-6.33915e-06
3.5307e-05
-6.11562e-06
3.63411e-05
-5.87176e-06
3.7311e-05
-5.60446e-06
3.82209e-05
-5.32852e-06
3.90695e-05
-5.04151e-06
3.98629e-05
-4.7561e-06
4.06001e-05
-4.47056e-06
4.12886e-05
-4.1948e-06
4.19273e-05
-3.92809e-06
4.25251e-05
-3.67717e-06
4.30804e-05
-3.4429e-06
4.3603e-05
-3.22841e-06
4.40904e-05
-3.03696e-06
4.45538e-05
-2.86757e-06
4.49893e-05
-2.72698e-06
4.54093e-05
-2.60949e-06
4.58088e-05
-2.52676e-06
4.62014e-05
-2.4677e-06
-2.45571e-06
-4.22324e-07
8.0248e-07
-9.62987e-07
1.35899e-06
-1.45652e-06
1.48979e-06
-1.89109e-06
1.5163e-06
-2.28819e-06
1.5294e-06
-2.6529e-06
1.52997e-06
-2.98056e-06
1.51349e-06
-3.26516e-06
1.48088e-06
-3.50322e-06
1.43476e-06
-3.6969e-06
1.38222e-06
-3.84921e-06
1.32579e-06
-3.96314e-06
1.26688e-06
-4.04163e-06
1.20672e-06
-4.08743e-06
1.14622e-06
-4.10307e-06
1.08605e-06
-4.09081e-06
1.02665e-06
-4.05266e-06
9.68383e-07
-3.99031e-06
9.11339e-07
-3.90514e-06
8.5556e-07
-3.79826e-06
8.01172e-07
-3.67056e-06
7.48236e-07
-3.52263e-06
6.96709e-07
-3.3548e-06
6.46501e-07
-3.16712e-06
5.97387e-07
-2.95933e-06
5.49021e-07
-2.73083e-06
5.0099e-07
-2.48085e-06
4.5302e-07
-2.2085e-06
4.04901e-07
-1.9125e-06
3.55821e-07
-1.59136e-06
3.05127e-07
-1.24346e-06
2.52073e-07
-8.66913e-07
1.95731e-07
-4.59562e-07
1.35003e-07
-1.86934e-08
6.84288e-08
4.59408e-07
-6.05312e-09
9.74385e-07
-8.38786e-08
1.53085e-06
-1.71726e-07
2.13228e-06
-2.69479e-07
2.78212e-06
-3.78485e-07
3.48394e-06
-5.00606e-07
4.24095e-06
-6.37862e-07
5.05421e-06
-7.92349e-07
5.93021e-06
-9.66204e-07
6.87048e-06
-1.16286e-06
7.87556e-06
-1.38596e-06
8.94467e-06
-1.63844e-06
1.00764e-05
-1.92297e-06
1.12681e-05
-2.24012e-06
1.25167e-05
-2.59107e-06
1.38171e-05
-2.97331e-06
1.51641e-05
-3.38603e-06
1.65526e-05
-3.82166e-06
1.79768e-05
-4.27691e-06
1.94305e-05
-4.74068e-06
2.09075e-05
-5.20867e-06
2.24012e-05
-5.66682e-06
2.39038e-05
-6.11124e-06
2.54075e-05
-6.52622e-06
2.69031e-05
-6.9095e-06
2.83821e-05
-7.24522e-06
2.98354e-05
-7.53426e-06
3.12545e-05
-7.76194e-06
3.26306e-05
-7.93415e-06
3.39568e-05
-8.03919e-06
3.52268e-05
-8.08722e-06
3.6436e-05
-8.06859e-06
3.75811e-05
-7.9975e-06
3.86593e-05
-7.86624e-06
3.96702e-05
-7.69221e-06
4.06128e-05
-7.46896e-06
4.14896e-05
-7.21592e-06
4.23009e-05
-6.92691e-06
4.30512e-05
-6.62209e-06
4.37416e-05
-6.29483e-06
4.4378e-05
-5.96496e-06
4.49614e-05
-5.62491e-06
4.54989e-05
-5.29356e-06
4.59906e-05
-4.96231e-06
4.64446e-05
-4.64875e-06
4.68599e-05
-4.34347e-06
4.72454e-05
-4.06263e-06
4.75988e-05
-3.79634e-06
4.79297e-05
-3.5593e-06
4.82344e-05
-3.34165e-06
4.85234e-05
-3.15655e-06
4.87912e-05
-2.99481e-06
4.90496e-05
-2.86789e-06
4.92909e-05
-2.76808e-06
4.95282e-05
-2.70501e-06
-2.67892e-06
-2.66934e-07
1.06941e-06
-8.62989e-07
1.95505e-06
-1.48345e-06
2.11025e-06
-2.00277e-06
2.03561e-06
-2.39366e-06
1.92029e-06
-2.65899e-06
1.7953e-06
-2.81655e-06
1.67105e-06
-2.88664e-06
1.55097e-06
-2.88666e-06
1.43479e-06
-2.82765e-06
1.32322e-06
-2.71799e-06
1.21613e-06
-2.5643e-06
1.11319e-06
-2.3723e-06
1.01471e-06
-2.14689e-06
9.20812e-07
-1.89219e-06
8.31347e-07
-1.61162e-06
7.46087e-07
-1.30808e-06
6.64842e-07
-9.83802e-07
5.87057e-07
-6.405e-07
5.12258e-07
-2.79603e-07
4.40275e-07
9.78856e-08
3.70747e-07
4.91363e-07
3.03231e-07
9.00562e-07
2.37302e-07
1.3257e-06
1.72253e-07
1.76741e-06
1.07308e-07
2.22691e-06
4.14853e-08
2.70519e-06
-2.52573e-08
3.20264e-06
-9.25484e-08
3.72146e-06
-1.62997e-07
4.26355e-06
-2.36961e-07
4.8309e-06
-3.15277e-07
5.42568e-06
-3.99055e-07
6.0501e-06
-4.89418e-07
6.70617e-06
-5.87639e-07
7.39465e-06
-6.94529e-07
8.12168e-06
-8.10909e-07
8.88853e-06
-9.38581e-07
9.6981e-06
-1.07905e-06
1.05532e-05
-1.23357e-06
1.14565e-05
-1.40393e-06
1.24104e-05
-1.59171e-06
1.34171e-05
-1.79913e-06
1.44788e-05
-2.02788e-06
1.55962e-05
-2.28021e-06
1.67686e-05
-2.55837e-06
1.79944e-05
-2.86422e-06
1.92705e-05
-3.1991e-06
2.05931e-05
-3.56271e-06
2.19567e-05
-3.95471e-06
2.33554e-05
-4.37195e-06
2.47813e-05
-4.81192e-06
2.62271e-05
-5.26745e-06
2.76835e-05
-5.73334e-06
2.91422e-05
-6.19941e-06
3.05931e-05
-6.65961e-06
3.20276e-05
-7.10132e-06
3.34352e-05
-7.51875e-06
3.4807e-05
-7.89804e-06
3.61329e-05
-8.23542e-06
3.74055e-05
-8.51781e-06
3.86164e-05
-8.74517e-06
3.976e-05
-8.9055e-06
4.08303e-05
-9.00452e-06
4.18248e-05
-9.03369e-06
4.27419e-05
-9.00431e-06
4.35822e-05
-8.90892e-06
4.43473e-05
-8.76252e-06
4.50396e-05
-8.55859e-06
4.56633e-05
-8.31587e-06
4.62222e-05
-8.02791e-06
4.67221e-05
-7.71583e-06
4.71673e-05
-7.37207e-06
4.75642e-05
-7.01901e-06
4.79166e-05
-6.64718e-06
4.82311e-05
-6.27947e-06
4.85102e-05
-5.90406e-06
4.87607e-05
-5.54399e-06
4.89834e-05
-5.18506e-06
4.9185e-05
-4.85037e-06
4.9365e-05
-4.52346e-06
4.953e-05
-4.22759e-06
4.96779e-05
-3.94423e-06
4.98156e-05
-3.697e-06
4.99395e-05
-3.46556e-06
5.00571e-05
-3.27411e-06
5.0163e-05
-3.10078e-06
5.02657e-05
-2.97055e-06
5.03579e-05
-2.86026e-06
5.04484e-05
-2.79552e-06
-2.75551e-06
-1.49492e-06
2.56434e-06
-1.94615e-06
2.40627e-06
-2.11183e-06
2.27594e-06
-2.12869e-06
2.05247e-06
-2.01644e-06
1.80804e-06
-1.79892e-06
1.57778e-06
-1.49538e-06
1.36751e-06
-1.12023e-06
1.17582e-06
-6.86154e-07
1.00071e-06
-2.05462e-07
8.42526e-07
3.12572e-07
6.98094e-07
8.60229e-07
5.65533e-07
1.43078e-06
4.44167e-07
2.01915e-06
3.32437e-07
2.6215e-06
2.28996e-07
3.23468e-06
1.32914e-07
3.85573e-06
4.37886e-08
4.48397e-06
-4.11813e-08
5.11891e-06
-1.22682e-07
5.75898e-06
-1.99799e-07
6.4039e-06
-2.74166e-07
7.05385e-06
-3.46723e-07
7.70886e-06
-4.17709e-07
8.36991e-06
-4.888e-07
9.03851e-06
-5.61289e-07
9.71561e-06
-6.35608e-07
1.04028e-05
-7.12448e-07
1.1103e-05
-7.92731e-07
1.18177e-05
-8.77714e-07
1.25492e-05
-9.68458e-07
1.32998e-05
-1.06589e-06
1.40719e-05
-1.17114e-06
1.48677e-05
-1.28525e-06
1.56895e-05
-1.40942e-06
1.65397e-05
-1.54473e-06
1.74211e-05
-1.69229e-06
1.83356e-05
-1.85312e-06
1.92854e-05
-2.0288e-06
2.02722e-05
-2.2204e-06
2.12978e-05
-2.42949e-06
2.23632e-05
-2.65715e-06
2.34692e-05
-2.90509e-06
2.46156e-05
-3.17433e-06
2.58016e-05
-3.46623e-06
2.70247e-05
-3.78144e-06
2.82813e-05
-4.12085e-06
2.95663e-05
-4.48409e-06
3.08738e-05
-4.87022e-06
3.2196e-05
-5.2769e-06
3.35249e-05
-5.7008e-06
3.48508e-05
-6.13789e-06
3.6164e-05
-6.58065e-06
3.7453e-05
-7.02232e-06
3.8708e-05
-7.45442e-06
3.99176e-05
-7.86921e-06
4.10728e-05
-8.25654e-06
4.21634e-05
-8.60927e-06
4.31824e-05
-8.91712e-06
4.41225e-05
-9.17547e-06
4.49799e-05
-9.37526e-06
4.57507e-05
-9.51597e-06
4.64355e-05
-9.59025e-06
4.70335e-05
-9.60253e-06
4.7548e-05
-9.54822e-06
4.79836e-05
-9.43991e-06
4.83471e-05
-9.27235e-06
4.86444e-05
-9.05985e-06
4.88833e-05
-8.79753e-06
4.90712e-05
-8.50375e-06
4.92154e-05
-8.17213e-06
4.93234e-05
-7.82384e-06
4.94012e-05
-7.44981e-06
4.94554e-05
-7.07327e-06
4.949e-05
-6.6818e-06
4.95109e-05
-6.30034e-06
4.95196e-05
-5.9128e-06
4.95214e-05
-5.54577e-06
4.95159e-05
-5.1795e-06
4.95078e-05
-4.84229e-06
4.9495e-05
-4.51072e-06
4.94824e-05
-4.21499e-06
4.94663e-05
-3.92812e-06
4.94518e-05
-3.68247e-06
4.94338e-05
-3.44759e-06
4.9418e-05
-3.25825e-06
4.93979e-05
-3.08069e-06
4.93797e-05
-2.95232e-06
4.93557e-05
-2.83632e-06
4.93333e-05
-2.7731e-06
-2.71928e-06
-8.95665e-07
3.46e-06
-7.42338e-07
2.25294e-06
-2.52702e-07
1.7863e-06
4.58567e-07
1.3412e-06
1.3263e-06
9.40313e-07
2.2844e-06
6.19682e-07
3.28653e-06
3.65377e-07
4.30532e-06
1.57031e-07
5.3268e-06
-2.07745e-08
6.33604e-06
-1.66715e-07
7.3348e-06
-3.00664e-07
8.32126e-06
-4.20925e-07
9.29091e-06
-5.25489e-07
1.0243e-05
-6.19646e-07
1.11774e-05
-7.0537e-07
1.20942e-05
-7.8393e-07
1.29945e-05
-8.56516e-07
1.38781e-05
-9.2473e-07
1.47451e-05
-9.89706e-07
1.55974e-05
-1.0521e-06
1.64363e-05
-1.11306e-06
1.72631e-05
-1.17358e-06
1.808e-05
-1.23457e-06
1.88891e-05
-1.29795e-06
1.96925e-05
-1.36463e-06
2.04923e-05
-1.43546e-06
2.12913e-05
-1.51139e-06
2.2092e-05
-1.59343e-06
2.28968e-05
-1.68256e-06
2.37083e-05
-1.77995e-06
2.4529e-05
-1.88653e-06
2.53611e-05
-2.00328e-06
2.62069e-05
-2.13102e-06
2.70683e-05
-2.27084e-06
2.79472e-05
-2.4236e-06
2.88452e-05
-2.59032e-06
2.97638e-05
-2.77169e-06
3.07038e-05
-2.96883e-06
3.16658e-05
-3.18246e-06
3.265e-05
-3.41361e-06
3.36556e-05
-3.66278e-06
3.46815e-05
-3.93099e-06
3.5726e-05
-4.21881e-06
3.67857e-05
-4.52598e-06
3.78564e-05
-4.85212e-06
3.89326e-05
-5.19704e-06
4.00075e-05
-5.55901e-06
4.10736e-05
-5.93625e-06
4.21218e-05
-6.32516e-06
4.31431e-05
-6.72206e-06
4.41264e-05
-7.12122e-06
4.50624e-05
-7.51668e-06
4.59411e-05
-7.90096e-06
4.67537e-05
-8.26706e-06
4.74916e-05
-8.60706e-06
4.81488e-05
-8.91376e-06
4.87196e-05
-9.18014e-06
4.92025e-05
-9.39996e-06
4.95956e-05
-9.5686e-06
4.99019e-05
-9.68154e-06
5.01237e-05
-9.73772e-06
5.0268e-05
-9.73458e-06
5.03408e-05
-9.67538e-06
5.03521e-05
-9.55951e-06
5.03092e-05
-9.39702e-06
5.02233e-05
-9.18642e-06
5.01021e-05
-8.93861e-06
4.99556e-05
-8.65105e-06
4.97904e-05
-8.33852e-06
4.96142e-05
-7.99594e-06
4.94318e-05
-7.64147e-06
4.92483e-05
-7.26627e-06
4.90668e-05
-6.89179e-06
4.88895e-05
-6.50455e-06
4.87187e-05
-6.12951e-06
4.8554e-05
-5.7481e-06
4.83975e-05
-5.38928e-06
4.8247e-05
-5.02897e-06
4.81051e-05
-4.70039e-06
4.79678e-05
-4.37343e-06
4.78388e-05
-4.08602e-06
4.77124e-05
-3.80173e-06
4.75937e-05
-3.56371e-06
4.7475e-05
-3.32887e-06
4.73629e-05
-3.14616e-06
4.72477e-05
-2.96554e-06
4.71376e-05
-2.8422e-06
4.70205e-05
-2.7192e-06
4.6906e-05
-2.65858e-06
-2.59405e-06
3.65395e-06
-1.93946e-07
6.37763e-06
-4.70738e-07
8.78683e-06
-6.22897e-07
1.0906e-05
-7.77951e-07
1.2778e-05
-9.31712e-07
1.44671e-05
-1.0694e-06
1.60179e-05
-1.18544e-06
1.74476e-05
-1.27266e-06
1.87816e-05
-1.35477e-06
2.00425e-05
-1.42765e-06
2.12336e-05
-1.49173e-06
2.23616e-05
-1.54888e-06
2.34358e-05
-1.5997e-06
2.44613e-05
-1.64521e-06
2.54424e-05
-1.68642e-06
2.63827e-05
-1.72425e-06
2.72857e-05
-1.75955e-06
2.81543e-05
-1.79329e-06
2.89911e-05
-1.82651e-06
2.97992e-05
-1.8602e-06
3.05814e-05
-1.8953e-06
3.13407e-05
-1.93287e-06
3.20802e-05
-1.97405e-06
3.28023e-05
-2.02006e-06
3.35097e-05
-2.07199e-06
3.4205e-05
-2.13078e-06
3.4891e-05
-2.19734e-06
3.55701e-05
-2.27253e-06
3.62447e-05
-2.35717e-06
3.69169e-05
-2.45221e-06
3.75891e-05
-2.55873e-06
3.82629e-05
-2.67703e-06
3.89397e-05
-2.8078e-06
3.96207e-05
-2.95184e-06
4.03068e-05
-3.10973e-06
4.09985e-05
-3.28206e-06
4.16961e-05
-3.46928e-06
4.23992e-05
-3.6719e-06
4.3107e-05
-3.89024e-06
4.3818e-05
-4.12466e-06
4.45305e-05
-4.37522e-06
4.52415e-05
-4.642e-06
4.59473e-05
-4.92458e-06
4.66436e-05
-5.22234e-06
4.73255e-05
-5.53404e-06
4.79869e-05
-5.85838e-06
4.86209e-05
-6.19308e-06
4.92204e-05
-6.53566e-06
4.97775e-05
-6.8823e-06
5.02845e-05
-7.22911e-06
5.0734e-05
-7.5707e-06
5.11193e-05
-7.90198e-06
5.14348e-05
-8.21645e-06
5.16764e-05
-8.5086e-06
5.18411e-05
-8.77183e-06
5.19287e-05
-9.00133e-06
5.19403e-05
-9.19172e-06
5.18801e-05
-9.33983e-06
5.17533e-05
-9.4418e-06
5.1568e-05
-9.49623e-06
5.13317e-05
-9.50143e-06
5.10547e-05
-9.45758e-06
5.07456e-05
-9.36629e-06
5.04159e-05
-9.22975e-06
5.0071e-05
-9.05217e-06
4.97204e-05
-8.8358e-06
4.93681e-05
-8.58627e-06
4.90212e-05
-8.30421e-06
4.86806e-05
-7.99788e-06
4.83508e-05
-7.66611e-06
4.80301e-05
-7.32077e-06
4.77215e-05
-6.95773e-06
4.74223e-05
-6.5926e-06
4.71343e-05
-6.21651e-06
4.68543e-05
-5.84954e-06
4.65834e-05
-5.47721e-06
4.63193e-05
-5.12515e-06
4.60622e-05
-4.77189e-06
4.58112e-05
-4.44942e-06
4.55655e-05
-4.1277e-06
4.53258e-05
-3.84627e-06
4.50892e-05
-3.56521e-06
4.48588e-05
-3.33326e-06
4.46289e-05
-3.09899e-06
4.44049e-05
-2.92219e-06
4.41777e-05
-2.73827e-06
4.39555e-05
-2.62002e-06
4.37242e-05
-2.48794e-06
4.34953e-05
-2.42964e-06
-2.35496e-06
3.8606e-05
1.4207e-08
3.85735e-05
-4.38248e-07
3.87116e-05
-7.61018e-07
3.89358e-05
-1.00213e-06
3.92081e-05
-1.20399e-06
3.95226e-05
-1.38393e-06
3.98806e-05
-1.54343e-06
4.02835e-05
-1.67555e-06
4.0711e-05
-1.78232e-06
4.11533e-05
-1.86989e-06
4.16033e-05
-1.94171e-06
4.20554e-05
-2.00098e-06
4.25056e-05
-2.04997e-06
4.29508e-05
-2.09041e-06
4.33884e-05
-2.12397e-06
4.38164e-05
-2.15226e-06
4.42336e-05
-2.17677e-06
4.46393e-05
-2.19899e-06
4.50332e-05
-2.22038e-06
4.54153e-05
-2.24236e-06
4.57863e-05
-2.26628e-06
4.61469e-05
-2.29345e-06
4.6498e-05
-2.32515e-06
4.68405e-05
-2.36261e-06
4.71755e-05
-2.40699e-06
4.75041e-05
-2.45933e-06
4.78273e-05
-2.52057e-06
4.81463e-05
-2.59151e-06
4.8462e-05
-2.67293e-06
4.87754e-05
-2.76555e-06
4.90867e-05
-2.87001e-06
4.93964e-05
-2.98678e-06
4.97049e-05
-3.11631e-06
5.00121e-05
-3.259e-06
5.03176e-05
-3.41523e-06
5.06208e-05
-3.58525e-06
5.09207e-05
-3.76925e-06
5.12161e-05
-3.96731e-06
5.15054e-05
-4.17945e-06
5.17862e-05
-4.40552e-06
5.20563e-05
-4.64525e-06
5.23124e-05
-4.89812e-06
5.25512e-05
-5.16338e-06
5.27688e-05
-5.43998e-06
5.29613e-05
-5.72649e-06
5.31239e-05
-6.02107e-06
5.32524e-05
-6.32149e-06
5.33418e-05
-6.62511e-06
5.33882e-05
-6.92869e-06
5.33876e-05
-7.22857e-06
5.33375e-05
-7.5205e-06
5.32356e-05
-7.80016e-06
5.30819e-05
-8.06272e-06
5.28771e-05
-8.30376e-06
5.26236e-05
-8.51841e-06
5.2325e-05
-8.70273e-06
5.19868e-05
-8.85353e-06
5.16153e-05
-8.96831e-06
5.12174e-05
-9.04386e-06
5.08002e-05
-9.07903e-06
5.03702e-05
-9.07146e-06
4.99338e-05
-9.0212e-06
4.9495e-05
-8.92747e-06
4.90577e-05
-8.79243e-06
4.86225e-05
-8.61695e-06
4.81912e-05
-8.40453e-06
4.77621e-05
-8.15718e-06
4.73365e-05
-7.8786e-06
4.69107e-05
-7.57203e-06
4.64858e-05
-7.24129e-06
4.60576e-05
-6.8925e-06
4.56287e-05
-6.52891e-06
4.5195e-05
-6.1589e-06
4.47611e-05
-5.78261e-06
4.43228e-05
-5.41119e-06
4.38862e-05
-5.04058e-06
4.3447e-05
-4.68603e-06
4.30125e-05
-4.33736e-06
4.25782e-05
-4.01509e-06
4.21512e-05
-3.70069e-06
4.1727e-05
-3.42208e-06
4.13117e-05
-3.14996e-06
4.09011e-05
-2.9226e-06
4.0499e-05
-2.69686e-06
4.01019e-05
-2.5251e-06
3.971e-05
-2.34641e-06
3.93223e-05
-2.23237e-06
3.89338e-05
-2.09935e-06
3.85475e-05
-2.04341e-06
-1.95709e-06
5.29832e-05
9.19521e-08
5.28884e-05
-3.43446e-07
5.28588e-05
-7.3144e-07
5.28819e-05
-1.0252e-06
5.29265e-05
-1.24858e-06
5.29734e-05
-1.43087e-06
5.3019e-05
-1.58901e-06
5.3071e-05
-1.72751e-06
5.31342e-05
-1.84558e-06
5.32076e-05
-1.94327e-06
5.32883e-05
-2.02239e-06
5.3373e-05
-2.0857e-06
5.34592e-05
-2.13612e-06
5.35449e-05
-2.17618e-06
5.3629e-05
-2.20804e-06
5.37103e-05
-2.23359e-06
5.37881e-05
-2.25459e-06
5.38619e-05
-2.27274e-06
5.39312e-05
-2.28967e-06
5.39958e-05
-2.30699e-06
5.40558e-05
-2.32623e-06
5.41112e-05
-2.34884e-06
5.41622e-05
-2.37619e-06
5.42091e-05
-2.40954e-06
5.42522e-05
-2.45004e-06
5.42916e-05
-2.49877e-06
5.43277e-05
-2.55662e-06
5.43606e-05
-2.6244e-06
5.43904e-05
-2.70278e-06
5.44172e-05
-2.79235e-06
5.44408e-05
-2.89361e-06
5.4461e-05
-3.00695e-06
5.44774e-05
-3.13273e-06
5.44896e-05
-3.27116e-06
5.44968e-05
-3.42245e-06
5.44982e-05
-3.58667e-06
5.44928e-05
-3.76387e-06
5.44795e-05
-3.95396e-06
5.44568e-05
-4.15677e-06
5.44233e-05
-4.37199e-06
5.43772e-05
-4.59919e-06
5.43168e-05
-4.83769e-06
5.42401e-05
-5.08668e-06
5.41451e-05
-5.34501e-06
5.40299e-05
-5.61127e-06
5.38924e-05
-5.8836e-06
5.37308e-05
-6.15984e-06
5.35434e-05
-6.43776e-06
5.33293e-05
-6.71458e-06
5.30876e-05
-6.98691e-06
5.28184e-05
-7.25125e-06
5.25219e-05
-7.50368e-06
5.21995e-05
-7.74027e-06
5.18526e-05
-7.95687e-06
5.14836e-05
-8.14942e-06
5.10949e-05
-8.314e-06
5.06885e-05
-8.4472e-06
5.02661e-05
-8.54588e-06
4.98292e-05
-8.60698e-06
4.93784e-05
-8.62823e-06
4.89138e-05
-8.60682e-06
4.84338e-05
-8.54119e-06
4.79366e-05
-8.43034e-06
4.74199e-05
-8.27571e-06
4.68815e-05
-8.07848e-06
4.63188e-05
-7.84183e-06
4.57295e-05
-7.56788e-06
4.51139e-05
-7.26302e-06
4.44719e-05
-6.93e-06
4.38058e-05
-6.57523e-06
4.31166e-05
-6.20331e-06
4.24095e-05
-5.82184e-06
4.16862e-05
-5.4355e-06
4.09543e-05
-5.0508e-06
4.02154e-05
-4.67228e-06
3.94793e-05
-4.30447e-06
3.87454e-05
-3.95213e-06
3.80246e-05
-3.61652e-06
3.73131e-05
-3.30364e-06
3.66228e-05
-3.01033e-06
3.59463e-05
-2.74561e-06
3.52961e-05
-2.49974e-06
3.46609e-05
-2.28742e-06
3.40537e-05
-2.08965e-06
3.34594e-05
-1.93084e-06
3.28907e-05
-1.77765e-06
3.23303e-05
-1.672e-06
3.17899e-05
-1.55895e-06
3.1253e-05
-1.50656e-06
-1.42328e-06
5.432e-05
-2.27898e-07
5.45026e-05
-5.26027e-07
5.4607e-05
-8.35843e-07
5.46944e-05
-1.11264e-06
5.47815e-05
-1.33565e-06
5.48621e-05
-1.51154e-06
5.4929e-05
-1.65589e-06
5.4981e-05
-1.77945e-06
5.50221e-05
-1.88667e-06
5.5057e-05
-1.97821e-06
5.50885e-05
-2.05391e-06
5.51174e-05
-2.11456e-06
5.51432e-05
-2.16198e-06
5.51655e-05
-2.19845e-06
5.51837e-05
-2.22626e-06
5.51976e-05
-2.24744e-06
5.52069e-05
-2.26388e-06
5.52114e-05
-2.27732e-06
5.52112e-05
-2.28943e-06
5.52061e-05
-2.30184e-06
5.5196e-05
-2.31613e-06
5.51809e-05
-2.3338e-06
5.5161e-05
-2.35626e-06
5.51362e-05
-2.38478e-06
5.51067e-05
-2.42054e-06
5.50725e-05
-2.46456e-06
5.50336e-05
-2.51774e-06
5.49901e-05
-2.58086e-06
5.49418e-05
-2.65456e-06
5.48888e-05
-2.73935e-06
5.48309e-05
-2.83567e-06
5.47678e-05
-2.94385e-06
5.46992e-05
-3.06416e-06
5.46248e-05
-3.19676e-06
5.45442e-05
-3.34177e-06
5.44567e-05
-3.4992e-06
5.43618e-05
-3.66901e-06
5.42589e-05
-3.85106e-06
5.41473e-05
-4.0451e-06
5.4026e-05
-4.25074e-06
5.38943e-05
-4.4675e-06
5.37513e-05
-4.69465e-06
5.35959e-05
-4.93131e-06
5.34272e-05
-5.17628e-06
5.3244e-05
-5.42806e-06
5.30451e-05
-5.68475e-06
5.28295e-05
-5.94422e-06
5.25958e-05
-6.20401e-06
5.23425e-05
-6.4613e-06
5.20682e-05
-6.71264e-06
5.17713e-05
-6.95432e-06
5.14498e-05
-7.18223e-06
5.11019e-05
-7.39235e-06
5.07255e-05
-7.58043e-06
5.03185e-05
-7.74244e-06
4.98786e-05
-7.8741e-06
4.9403e-05
-7.97162e-06
4.88885e-05
-8.03134e-06
4.83316e-05
-8.05012e-06
4.77284e-05
-8.02503e-06
4.70753e-05
-7.95368e-06
4.63688e-05
-7.8347e-06
4.56074e-05
-7.66895e-06
4.47907e-05
-7.45901e-06
4.39199e-05
-7.20768e-06
4.29956e-05
-6.91757e-06
4.20202e-05
-6.59247e-06
4.09982e-05
-6.24101e-06
3.99372e-05
-5.86899e-06
3.88453e-05
-5.48331e-06
3.77317e-05
-5.08973e-06
3.66053e-05
-4.69544e-06
3.5475e-05
-4.30522e-06
3.43508e-05
-3.92658e-06
3.32415e-05
-3.56298e-06
3.21573e-05
-3.22031e-06
3.11043e-05
-2.89916e-06
3.00913e-05
-2.60344e-06
2.91196e-05
-2.332e-06
2.81971e-05
-2.08786e-06
2.73203e-05
-1.86873e-06
2.64966e-05
-1.67609e-06
2.57165e-05
-1.50733e-06
2.49887e-05
-1.36182e-06
2.42967e-05
-1.23883e-06
2.36531e-05
-1.13405e-06
2.30336e-05
-1.05252e-06
2.24564e-05
-9.81711e-07
2.18892e-05
-9.39402e-07
-8.92675e-07
5.39208e-05
-5.56281e-07
5.41746e-05
-7.79833e-07
5.43571e-05
-1.01839e-06
5.44919e-05
-1.24744e-06
5.46031e-05
-1.44679e-06
5.47022e-05
-1.61065e-06
5.47903e-05
-1.74395e-06
5.48656e-05
-1.85475e-06
5.4928e-05
-1.94907e-06
5.49794e-05
-2.02961e-06
5.50224e-05
-2.09693e-06
5.5059e-05
-2.15118e-06
5.50901e-05
-2.19311e-06
5.51159e-05
-2.22421e-06
5.5136e-05
-2.24637e-06
5.51502e-05
-2.26161e-06
5.51582e-05
-2.27188e-06
5.51599e-05
-2.27902e-06
5.51552e-05
-2.28476e-06
5.51442e-05
-2.29079e-06
5.51267e-05
-2.29872e-06
5.5103e-05
-2.31007e-06
5.5073e-05
-2.32628e-06
5.50369e-05
-2.34867e-06
5.49948e-05
-2.37839e-06
5.49467e-05
-2.41646e-06
5.48927e-05
-2.46377e-06
5.48329e-05
-2.52108e-06
5.47673e-05
-2.58898e-06
5.46959e-05
-2.66793e-06
5.46185e-05
-2.75825e-06
5.45349e-05
-2.86021e-06
5.44447e-05
-2.97398e-06
5.43476e-05
-3.09966e-06
5.42431e-05
-3.23724e-06
5.41305e-05
-3.38666e-06
5.40093e-05
-3.54777e-06
5.38785e-05
-3.72032e-06
5.37374e-05
-3.90392e-06
5.35847e-05
-4.09809e-06
5.34193e-05
-4.30212e-06
5.32398e-05
-4.51515e-06
5.30446e-05
-4.73608e-06
5.28318e-05
-4.96348e-06
5.25993e-05
-5.19558e-06
5.23448e-05
-5.43021e-06
5.20654e-05
-5.66484e-06
5.1758e-05
-5.89662e-06
5.14189e-05
-6.12223e-06
5.10441e-05
-6.33776e-06
5.06287e-05
-6.539e-06
5.01679e-05
-6.72142e-06
4.96563e-05
-6.8807e-06
4.90884e-05
-7.0126e-06
4.84595e-05
-7.11346e-06
4.77649e-05
-7.17958e-06
4.70012e-05
-7.20784e-06
4.61647e-05
-7.1949e-06
4.52522e-05
-7.13759e-06
4.426e-05
-7.03283e-06
4.31852e-05
-6.87888e-06
4.20271e-05
-6.67657e-06
4.07894e-05
-6.43131e-06
3.94796e-05
-6.14915e-06
3.81056e-05
-5.83373e-06
3.66752e-05
-5.48721e-06
3.51976e-05
-5.11482e-06
3.36825e-05
-4.72588e-06
3.21447e-05
-4.33121e-06
3.0601e-05
-3.93962e-06
2.90681e-05
-3.55687e-06
2.75606e-05
-3.18787e-06
2.60926e-05
-2.8373e-06
2.46769e-05
-2.51083e-06
2.33257e-05
-2.21174e-06
2.20482e-05
-1.94283e-06
2.08526e-05
-1.70361e-06
1.97441e-05
-1.49484e-06
1.87255e-05
-1.31341e-06
1.77968e-05
-1.15922e-06
1.69553e-05
-1.02723e-06
1.61971e-05
-9.17881e-07
1.55143e-05
-8.24509e-07
1.49019e-05
-7.49384e-07
1.43475e-05
-6.84483e-07
1.38488e-05
-6.35299e-07
1.33883e-05
-5.92053e-07
1.29706e-05
-5.64007e-07
1.25711e-05
-5.39905e-07
-5.27821e-07
5.3579e-05
-8.69039e-07
5.38468e-05
-1.04761e-06
5.40618e-05
-1.23339e-06
5.42305e-05
-1.41611e-06
5.43683e-05
-1.58463e-06
5.4488e-05
-1.73037e-06
5.45952e-05
-1.85115e-06
5.46911e-05
-1.95058e-06
5.47753e-05
-2.03328e-06
5.4848e-05
-2.10232e-06
5.49102e-05
-2.15913e-06
5.49632e-05
-2.20422e-06
5.50081e-05
-2.23797e-06
5.50452e-05
-2.26127e-06
5.50743e-05
-2.27553e-06
5.50953e-05
-2.28254e-06
5.51076e-05
-2.28421e-06
5.5111e-05
-2.28246e-06
5.51054e-05
-2.27918e-06
5.50908e-05
-2.27618e-06
5.50672e-05
-2.27514e-06
5.50348e-05
-2.27762e-06
5.49936e-05
-2.28506e-06
5.49437e-05
-2.29877e-06
5.48852e-05
-2.31988e-06
5.48181e-05
-2.3494e-06
5.47425e-05
-2.38819e-06
5.46585e-05
-2.43702e-06
5.45659e-05
-2.49639e-06
5.44645e-05
-2.56654e-06
5.4354e-05
-2.6477e-06
5.42337e-05
-2.74e-06
5.41032e-05
-2.84342e-06
5.39614e-05
-2.9579e-06
5.38074e-05
-3.08326e-06
5.36401e-05
-3.21928e-06
5.34579e-05
-3.36557e-06
5.32592e-05
-3.52171e-06
5.30424e-05
-3.68705e-06
5.28052e-05
-3.86088e-06
5.25452e-05
-4.04217e-06
5.22598e-05
-4.22977e-06
5.19459e-05
-4.42214e-06
5.16e-05
-4.61757e-06
5.12183e-05
-4.81387e-06
5.07966e-05
-5.0085e-06
5.03302e-05
-5.19851e-06
4.98143e-05
-5.38065e-06
4.9243e-05
-5.55093e-06
4.86102e-05
-5.70502e-06
4.79096e-05
-5.83833e-06
4.71345e-05
-5.94634e-06
4.62784e-05
-6.02465e-06
4.53351e-05
-6.06926e-06
4.42986e-05
-6.07702e-06
4.31659e-05
-6.04683e-06
4.19363e-05
-5.97822e-06
4.06106e-05
-5.86921e-06
3.91906e-05
-5.71755e-06
3.7676e-05
-5.51833e-06
3.60682e-05
-5.27104e-06
3.43729e-05
-4.98122e-06
3.26029e-05
-4.66131e-06
3.07751e-05
-4.32134e-06
2.89069e-05
-3.96562e-06
2.70185e-05
-3.5988e-06
2.51292e-05
-3.22551e-06
2.32577e-05
-2.85437e-06
2.14251e-05
-2.49856e-06
1.96548e-05
-2.16933e-06
1.79702e-05
-1.87228e-06
1.63917e-05
-1.60942e-06
1.49366e-05
-1.38215e-06
1.36161e-05
-1.19035e-06
1.24365e-05
-1.03219e-06
1.13968e-05
-9.03053e-07
1.04905e-05
-7.97365e-07
9.707e-06
-7.11326e-07
9.03414e-06
-6.40545e-07
8.45729e-06
-5.82373e-07
7.96306e-06
-5.3299e-07
7.53678e-06
-4.91604e-07
7.16713e-06
-4.54862e-07
6.84185e-06
-4.24101e-07
6.55284e-06
-3.95471e-07
6.29084e-06
-3.73304e-07
6.05058e-06
-3.5179e-07
5.8267e-06
-3.40132e-07
5.61321e-06
-3.26415e-07
-3.26222e-07
5.34371e-05
-1.17344e-06
5.37064e-05
-1.3169e-06
5.39362e-05
-1.46316e-06
5.41279e-05
-1.60784e-06
5.42884e-05
-1.74509e-06
5.44266e-05
-1.86857e-06
5.45493e-05
-1.97385e-06
5.46592e-05
-2.06044e-06
5.47565e-05
-2.1306e-06
5.4841e-05
-2.18681e-06
5.49126e-05
-2.23074e-06
5.49716e-05
-2.26322e-06
5.50183e-05
-2.28474e-06
5.5053e-05
-2.29595e-06
5.50754e-05
-2.29794e-06
5.50851e-05
-2.29222e-06
5.50815e-05
-2.28064e-06
5.50642e-05
-2.26516e-06
5.5033e-05
-2.24788e-06
5.49876e-05
-2.23082e-06
5.49283e-05
-2.21588e-06
5.48554e-05
-2.2047e-06
5.47689e-05
-2.19859e-06
5.46688e-05
-2.19867e-06
5.45551e-05
-2.20609e-06
5.44275e-05
-2.22186e-06
5.42862e-05
-2.24684e-06
5.41307e-05
-2.28158e-06
5.39608e-05
-2.32642e-06
5.37757e-05
-2.38144e-06
5.35746e-05
-2.44662e-06
5.33564e-05
-2.5218e-06
5.31197e-05
-2.60673e-06
5.28629e-05
-2.70107e-06
5.2584e-05
-2.80438e-06
5.22808e-05
-2.91613e-06
5.19509e-05
-3.03566e-06
5.15915e-05
-3.16224e-06
5.11993e-05
-3.29493e-06
5.07712e-05
-3.4327e-06
5.03032e-05
-3.57417e-06
4.97912e-05
-3.71784e-06
4.92308e-05
-3.86171e-06
4.86169e-05
-4.00364e-06
4.7944e-05
-4.14097e-06
4.72067e-05
-4.27123e-06
4.63998e-05
-4.39162e-06
4.55176e-05
-4.49844e-06
4.45538e-05
-4.58711e-06
4.35021e-05
-4.65333e-06
4.23564e-05
-4.69269e-06
4.11119e-05
-4.7018e-06
3.97644e-05
-4.67716e-06
3.83109e-05
-4.61574e-06
3.67477e-05
-4.51385e-06
3.5076e-05
-4.3751e-06
3.33027e-05
-4.20495e-06
3.14362e-05
-4.00271e-06
2.94909e-05
-3.77227e-06
2.74771e-05
-3.50448e-06
2.54069e-05
-3.20091e-06
2.33016e-05
-2.87591e-06
2.11859e-05
-2.54553e-06
1.9088e-05
-2.2235e-06
1.70348e-05
-1.91238e-06
1.50638e-05
-1.62785e-06
1.32159e-05
-1.37759e-06
1.15192e-05
-1.15764e-06
9.99311e-06
-9.72483e-07
8.65128e-06
-8.275e-07
7.50009e-06
-7.21089e-07
6.52764e-06
-6.36969e-07
5.71872e-06
-5.73228e-07
5.04866e-06
-5.20298e-07
4.48869e-06
-4.7221e-07
4.01322e-06
-4.27583e-07
3.6033e-06
-3.87448e-07
3.2453e-06
-3.5333e-07
2.93016e-06
-3.25399e-07
2.65042e-06
-3.02632e-07
2.4025e-06
-2.85073e-07
2.18184e-06
-2.70943e-07
1.98505e-06
-2.58074e-07
1.8073e-06
-2.46355e-07
1.64634e-06
-2.34503e-07
1.49733e-06
-2.243e-07
1.3601e-06
-2.14563e-07
1.2294e-06
-2.09432e-07
1.1072e-06
-2.04207e-07
-2.16805e-07
5.34668e-05
-1.46671e-06
5.3727e-05
-1.57708e-06
5.39522e-05
-1.68832e-06
5.41433e-05
-1.79895e-06
5.43033e-05
-1.90506e-06
5.44361e-05
-2.00141e-06
5.45461e-05
-2.08379e-06
5.4636e-05
-2.15041e-06
5.47069e-05
-2.20152e-06
5.47585e-05
-2.23837e-06
5.479e-05
-2.26225e-06
5.48009e-05
-2.27411e-06
5.47909e-05
-2.27474e-06
5.47598e-05
-2.26489e-06
5.47075e-05
-2.2456e-06
5.46336e-05
-2.2183e-06
5.45377e-05
-2.18481e-06
5.44197e-05
-2.14714e-06
5.42795e-05
-2.10763e-06
5.41171e-05
-2.0684e-06
5.39328e-05
-2.03165e-06
5.37277e-05
-1.9996e-06
5.35022e-05
-1.97301e-06
5.32558e-05
-1.95231e-06
5.29885e-05
-1.93882e-06
5.27002e-05
-1.93351e-06
5.23904e-05
-1.93706e-06
5.20586e-05
-1.94975e-06
5.17038e-05
-1.97164e-06
5.13248e-05
-2.00249e-06
5.09202e-05
-2.04198e-06
5.0488e-05
-2.08958e-06
5.0026e-05
-2.14474e-06
4.95316e-05
-2.20673e-06
4.90021e-05
-2.27486e-06
4.84342e-05
-2.34819e-06
4.78244e-05
-2.42586e-06
4.71689e-05
-2.50672e-06
4.64636e-05
-2.5897e-06
4.57044e-05
-2.67341e-06
4.48867e-05
-2.75647e-06
4.40059e-05
-2.83709e-06
4.30575e-05
-2.91334e-06
4.20364e-05
-2.98249e-06
4.09365e-05
-3.04103e-06
3.97533e-05
-3.08804e-06
3.8484e-05
-3.12233e-06
3.71246e-05
-3.13908e-06
3.56718e-05
-3.13424e-06
3.41229e-05
-3.10447e-06
3.24769e-05
-3.04671e-06
3.07346e-05
-2.95946e-06
2.89006e-05
-2.8432e-06
2.69807e-05
-2.69576e-06
2.49866e-05
-2.51977e-06
2.29276e-05
-2.31614e-06
2.08221e-05
-2.09944e-06
1.86965e-05
-1.8771e-06
1.65747e-05
-1.65043e-06
1.44938e-05
-1.42365e-06
1.24959e-05
-1.20296e-06
1.06187e-05
-9.98783e-07
8.89536e-06
-8.22147e-07
7.35747e-06
-6.85605e-07
6.04759e-06
-6.02511e-07
4.96124e-06
-5.41491e-07
4.07398e-06
-4.90331e-07
3.34838e-06
-4.32039e-07
2.7426e-06
-3.66698e-07
2.2199e-06
-3.04802e-07
1.75725e-06
-2.58439e-07
1.34904e-06
-2.28765e-07
9.9236e-07
-2.16544e-07
6.80912e-07
-2.0885e-07
4.08404e-07
-1.99702e-07
1.68663e-07
-1.87842e-07
-4.37965e-08
-1.74988e-07
-2.33528e-07
-1.63598e-07
-4.03622e-07
-1.55304e-07
-5.56969e-07
-1.49285e-07
-6.96892e-07
-1.4515e-07
-8.25612e-07
-1.42223e-07
-9.44422e-07
-1.39264e-07
-1.05496e-06
-1.35817e-07
-1.1579e-06
-1.31564e-07
-1.2545e-06
-1.27704e-07
-1.34422e-06
-1.24843e-07
-1.42875e-06
-1.24894e-07
-1.50403e-06
-1.28932e-07
-1.43591e-07
5.34076e-05
-1.68156e-06
5.35787e-05
-1.74818e-06
5.37057e-05
-1.81533e-06
5.37885e-05
-1.88171e-06
5.3828e-05
-1.9446e-06
5.38256e-05
-1.999e-06
5.37828e-05
-2.04103e-06
5.37022e-05
-2.0698e-06
5.35859e-05
-2.08518e-06
5.34348e-05
-2.08732e-06
5.32494e-05
-2.07678e-06
5.30296e-05
-2.05438e-06
5.27764e-05
-2.02145e-06
5.24904e-05
-1.97889e-06
5.21727e-05
-1.92794e-06
5.18245e-05
-1.87012e-06
5.1447e-05
-1.80729e-06
5.10414e-05
-1.7415e-06
5.06087e-05
-1.67497e-06
5.01501e-05
-1.60978e-06
4.96664e-05
-1.54797e-06
4.91594e-05
-1.49258e-06
4.86299e-05
-1.44356e-06
4.80779e-05
-1.40033e-06
4.75035e-05
-1.36439e-06
4.69063e-05
-1.33633e-06
4.62856e-05
-1.31639e-06
4.56404e-05
-1.3045e-06
4.49691e-05
-1.30033e-06
4.42699e-05
-1.30332e-06
4.35407e-05
-1.31277e-06
4.2779e-05
-1.32787e-06
4.1982e-05
-1.34777e-06
4.11468e-05
-1.37151e-06
4.02701e-05
-1.39814e-06
3.93485e-05
-1.42659e-06
3.83785e-05
-1.45585e-06
3.73565e-05
-1.48471e-06
3.62789e-05
-1.51211e-06
3.51422e-05
-1.53673e-06
3.39432e-05
-1.5575e-06
3.26791e-05
-1.57298e-06
3.13479e-05
-1.5821e-06
2.9948e-05
-1.58261e-06
2.84768e-05
-1.56983e-06
2.69371e-05
-1.54837e-06
2.53301e-05
-1.51539e-06
2.36592e-05
-1.46812e-06
2.19297e-05
-1.40481e-06
2.01503e-05
-1.32504e-06
1.83323e-05
-1.22875e-06
1.64889e-05
-1.11599e-06
1.46374e-05
-9.91731e-07
1.28029e-05
-8.61282e-07
1.10158e-05
-7.32604e-07
9.31647e-06
-6.16848e-07
7.74249e-06
-5.25462e-07
6.33075e-06
-4.65367e-07
5.11488e-06
-4.34558e-07
4.08898e-06
-3.97746e-07
3.23275e-06
-3.4673e-07
2.51424e-06
-2.80278e-07
1.90181e-06
-2.09712e-07
1.37142e-06
-1.55212e-07
8.9587e-07
-1.26965e-07
4.82888e-07
-1.2851e-07
1.27493e-07
-1.34936e-07
-1.76488e-07
-1.28058e-07
-4.37883e-07
-1.05303e-07
-6.63902e-07
-7.87822e-08
-8.62085e-07
-6.02563e-08
-1.03683e-06
-5.40177e-08
-1.19731e-06
-5.60683e-08
-1.34487e-06
-6.12913e-08
-1.47946e-06
-6.51104e-08
-1.60141e-06
-6.58936e-08
-1.71195e-06
-6.44441e-08
-1.81318e-06
-6.23647e-08
-1.9076e-06
-6.0891e-08
-1.99645e-06
-6.04314e-08
-2.08084e-06
-6.07627e-08
-2.16165e-06
-6.14146e-08
-2.23916e-06
-6.17509e-08
-2.31348e-06
-6.14929e-08
-2.38436e-06
-6.06876e-08
-2.45187e-06
-6.01909e-08
-2.51557e-06
-6.11421e-08
-2.57496e-06
-6.55056e-08
-2.62966e-06
-7.42348e-08
-8.50539e-08
5.1076e-05
-1.4569e-06
5.07861e-05
-1.4583e-06
5.04319e-05
-1.46114e-06
5.00138e-05
-1.46358e-06
4.95327e-05
-1.46352e-06
4.89922e-05
-1.45855e-06
4.83968e-05
-1.44558e-06
4.77511e-05
-1.42406e-06
4.70611e-05
-1.3952e-06
4.63317e-05
-1.358e-06
4.55677e-05
-1.31277e-06
4.47736e-05
-1.26024e-06
4.39535e-05
-1.20136e-06
4.31117e-05
-1.13713e-06
4.22525e-05
-1.06869e-06
4.13797e-05
-9.97329e-07
4.0497e-05
-9.24547e-07
3.96075e-05
-8.52001e-07
3.87139e-05
-7.81405e-07
3.78185e-05
-7.14399e-07
3.6923e-05
-6.52399e-07
3.60268e-05
-5.96469e-07
3.51304e-05
-5.47074e-07
3.42343e-05
-5.04299e-07
3.33381e-05
-4.68209e-07
3.24406e-05
-4.3878e-07
3.154e-05
-4.15783e-07
3.06343e-05
-3.98755e-07
2.9721e-05
-3.87032e-07
2.87975e-05
-3.79819e-07
2.78609e-05
-3.76263e-07
2.69086e-05
-3.75496e-07
2.59375e-05
-3.7666e-07
2.49449e-05
-3.78919e-07
2.39282e-05
-3.8147e-07
2.28851e-05
-3.83543e-07
2.18137e-05
-3.84433e-07
2.07125e-05
-3.83488e-07
1.95806e-05
-3.80183e-07
1.84179e-05
-3.74082e-07
1.72254e-05
-3.64985e-07
1.60053e-05
-3.52826e-07
1.47612e-05
-3.37989e-07
1.34996e-05
-3.20999e-07
1.22331e-05
-3.03329e-07
1.09712e-05
-2.86481e-07
9.72726e-06
-2.71477e-07
8.51792e-06
-2.58786e-07
7.36114e-06
-2.48025e-07
6.27413e-06
-2.38028e-07
5.27312e-06
-2.27743e-07
4.36871e-06
-2.11584e-07
3.55945e-06
-1.82468e-07
2.84224e-06
-1.44071e-07
2.21025e-06
-1.0062e-07
1.65437e-06
-6.09688e-08
1.16462e-06
-3.57042e-08
7.28546e-07
-2.9296e-08
3.35521e-07
-4.15337e-08
-6.19489e-09
-5.603e-08
-2.95183e-07
-5.77421e-08
-5.34509e-07
-4.09517e-08
-7.28454e-07
-1.57677e-08
-8.88308e-07
4.64205e-09
-1.02521e-06
9.94136e-09
-1.15581e-06
2.08139e-09
-1.28161e-06
-9.13376e-09
-1.39488e-06
-1.47891e-08
-1.48823e-06
-1.19471e-08
-1.56149e-06
-5.52819e-09
-1.62104e-06
-6.98407e-10
-1.67515e-06
8.69002e-11
-1.72857e-06
-2.64874e-09
-1.78328e-06
-6.58435e-09
-1.83859e-06
-9.79609e-09
-1.89287e-06
-1.16098e-08
-1.945e-06
-1.23132e-08
-1.99482e-06
-1.25544e-08
-2.04287e-06
-1.28387e-08
-2.08996e-06
-1.33367e-08
-2.13668e-06
-1.40439e-08
-2.18328e-06
-1.48177e-08
-2.2296e-06
-1.54306e-08
-2.27532e-06
-1.57719e-08
-2.32012e-06
-1.58897e-08
-2.3641e-06
-1.62037e-08
-2.40764e-06
-1.76017e-08
-2.45147e-06
-2.16808e-08
-2.49677e-06
-2.893e-08
-3.55586e-08
3.50095e-05
3.35512e-05
3.209e-05
3.06265e-05
2.91629e-05
2.77044e-05
2.62588e-05
2.48348e-05
2.34396e-05
2.20816e-05
2.07688e-05
1.95085e-05
1.83072e-05
1.71701e-05
1.61014e-05
1.5104e-05
1.41795e-05
1.33275e-05
1.25461e-05
1.18317e-05
1.11793e-05
1.05828e-05
1.00357e-05
9.53144e-06
9.06323e-06
8.62445e-06
8.20867e-06
7.80991e-06
7.42288e-06
7.04306e-06
6.6668e-06
6.2913e-06
5.91464e-06
5.53572e-06
5.15425e-06
4.77071e-06
4.38627e-06
4.00279e-06
3.6226e-06
3.24852e-06
2.88354e-06
2.53071e-06
2.19272e-06
1.87172e-06
1.56839e-06
1.28191e-06
1.01043e-06
7.51648e-07
5.03623e-07
2.65595e-07
3.78515e-08
-1.73733e-07
-3.562e-07
-5.00271e-07
-6.00891e-07
-6.6186e-07
-6.97564e-07
-7.2686e-07
-7.68394e-07
-8.24424e-07
-8.82166e-07
-9.23117e-07
-9.38885e-07
-9.34243e-07
-9.24302e-07
-9.2222e-07
-9.31354e-07
-9.46143e-07
-9.5809e-07
-9.63618e-07
-9.64317e-07
-9.6423e-07
-9.66879e-07
-9.73463e-07
-9.83259e-07
-9.94869e-07
-1.00718e-06
-1.01974e-06
-1.03257e-06
-1.04591e-06
-1.05996e-06
-1.07477e-06
-1.0902e-06
-1.10598e-06
-1.12187e-06
-1.13807e-06
-1.15567e-06
-1.17735e-06
-1.20628e-06
)
;

boundaryField
{
    fixedWalls
    {
        type            calculated;
        value           uniform 0;
    }
    inflowWall
    {
        type            calculated;
        value           nonuniform List<scalar> 10(-5e-05 -5e-05 -5e-05 -5e-05 -5e-05 -5e-05 -5e-05 -5e-05 -5e-05 -5e-05);
    }
    outflowWall
    {
        type            calculated;
        value           nonuniform List<scalar> 
20
(
1.23401e-05
2.53949e-05
3.40886e-05
4.11936e-05
4.65829e-05
4.97514e-05
5.0525e-05
4.92971e-05
4.67808e-05
4.32562e-05
3.81497e-05
3.07192e-05
2.13586e-05
1.22062e-05
5.41161e-06
9.97779e-07
-1.57724e-06
-2.6882e-06
-2.54627e-06
-1.24184e-06
)
;
    }
    frontAndBack
    {
        type            empty;
        value           nonuniform List<scalar> 0();
    }
}


// ************************************************************************* //
