/*--------------------------------*- C++ -*----------------------------------*\
| =========                 |                                                 |
| \\      /  F ield         | OpenFOAM: The Open Source CFD Toolbox           |
|  \\    /   O peration     | Version:  2306                                  |
|   \\  /    A nd           | Website:  www.openfoam.com                      |
|    \\/     M anipulation  |                                                 |
\*---------------------------------------------------------------------------*/
FoamFile
{
    version     2.0;
    format      ascii;
    arch        "LSB;label=32;scalar=64";
    class       surfaceScalarField;
    location    "4.53";
    object      phi;
}
// * * * * * * * * * * * * * * * * * * * * * * * * * * * * * * * * * * * * * //

dimensions      [0 3 -1 0 0 0 0];

oriented        oriented;

internalField   nonuniform List<scalar> 
3680
(
4.93469e-05
6.53074e-07
4.79741e-05
1.37282e-06
4.66977e-05
1.27643e-06
4.52606e-05
1.43711e-06
4.41224e-05
1.13814e-06
4.27186e-05
1.40385e-06
4.17343e-05
9.84237e-07
4.04328e-05
1.30156e-06
3.98004e-05
6.3233e-07
9.87082e-07
3.88134e-05
5.03392e-05
3.13856e-07
5.08678e-05
8.44255e-07
5.1132e-05
1.01217e-06
5.1465e-05
1.10412e-06
5.15925e-05
1.01069e-06
5.19754e-05
1.02095e-06
5.20605e-05
8.99166e-07
5.25116e-05
8.50416e-07
5.25057e-05
6.38288e-07
4.32222e-07
5.30605e-05
5.01633e-05
1.50574e-07
5.05553e-05
4.52197e-07
5.09758e-05
5.91664e-07
5.14194e-05
6.60566e-07
5.18164e-05
6.13644e-07
5.22674e-05
5.70021e-07
5.26944e-05
4.72145e-07
5.31633e-05
3.81485e-07
5.35801e-05
2.21475e-07
1.25063e-08
5.39998e-05
5.00932e-05
5.73548e-08
5.03763e-05
1.69072e-07
5.0734e-05
2.34034e-07
5.1146e-05
2.48569e-07
5.15495e-05
2.10123e-07
5.19719e-05
1.47611e-07
5.23829e-05
6.11649e-08
5.28114e-05
-4.70441e-08
5.32216e-05
-1.88688e-07
-3.58309e-07
5.35924e-05
5.00738e-05
-1.64352e-08
5.02912e-05
-4.83717e-08
5.0611e-05
-8.57557e-08
5.09886e-05
-1.2901e-07
5.13801e-05
-1.81349e-07
5.1774e-05
-2.46349e-07
5.21648e-05
-3.29587e-07
5.2551e-05
-4.33245e-07
5.29205e-05
-5.58221e-07
-7.04118e-07
5.32663e-05
5.00732e-05
-8.95983e-08
5.02829e-05
-2.5811e-07
5.05977e-05
-4.00563e-07
5.09652e-05
-4.96455e-07
5.13442e-05
-5.604e-07
5.17213e-05
-6.23473e-07
5.2091e-05
-6.99309e-07
5.2452e-05
-7.94167e-07
5.28014e-05
-9.07673e-07
-1.03555e-06
5.31329e-05
5.00942e-05
-1.83793e-07
5.03556e-05
-5.19466e-07
5.06982e-05
-7.4319e-07
5.10681e-05
-8.66362e-07
5.14404e-05
-9.32727e-07
5.18041e-05
-9.87192e-07
5.21608e-05
-1.05593e-06
5.2512e-05
-1.14537e-06
5.28526e-05
-1.24834e-06
-1.35669e-06
5.31738e-05
5.01665e-05
-3.50264e-07
5.0518e-05
-8.70997e-07
5.09207e-05
-1.14593e-06
5.12995e-05
-1.24511e-06
5.16483e-05
-1.2815e-06
5.19856e-05
-1.3245e-06
5.23193e-05
-1.38969e-06
5.26406e-05
-1.46662e-06
5.29355e-05
-1.54328e-06
-1.61419e-06
5.3193e-05
5.03676e-05
-7.17874e-07
5.08004e-05
-1.30378e-06
5.10991e-05
-1.44462e-06
5.12766e-05
-1.42258e-06
5.14051e-05
-1.41002e-06
5.15037e-05
-1.42316e-06
5.15551e-05
-1.44105e-06
5.15425e-05
-1.45401e-06
5.14576e-05
-1.45841e-06
-1.45759e-06
5.1301e-05
4.92821e-05
4.79783e-05
4.65337e-05
4.51111e-05
4.37011e-05
4.2278e-05
4.08369e-05
3.93829e-05
3.79245e-05
3.64669e-05
1.44089e-08
-1.44089e-08
1.09835e-08
3.42525e-09
-7.52641e-09
1.85098e-08
-3.5752e-08
2.82256e-08
-7.09341e-08
3.51822e-08
-1.11766e-07
4.08317e-08
-1.57837e-07
4.60714e-08
-2.08886e-07
5.10489e-08
-2.64618e-07
5.57319e-08
-3.24701e-07
6.00828e-08
-3.88776e-07
6.40749e-08
-4.56473e-07
6.7697e-08
-5.27423e-07
7.09506e-08
-6.01269e-07
7.38453e-08
-6.77666e-07
7.63969e-08
-7.56292e-07
7.86262e-08
-8.36849e-07
8.05575e-08
-9.19067e-07
8.2218e-08
-1.00271e-06
8.36378e-08
-1.08756e-06
8.48587e-08
-1.1735e-06
8.59333e-08
-1.26042e-06
8.69217e-08
-1.34831e-06
8.78888e-08
-1.43721e-06
8.8903e-08
-1.52725e-06
9.0037e-08
-1.61862e-06
9.13695e-08
-1.7116e-06
9.29812e-08
-1.80655e-06
9.49472e-08
-1.90388e-06
9.73332e-08
-2.00407e-06
1.00194e-07
-2.10765e-06
1.03574e-07
-2.21517e-06
1.07518e-07
-2.32727e-06
1.12101e-07
-2.44476e-06
1.17494e-07
-2.56877e-06
1.24011e-07
-2.70089e-06
1.32118e-07
-2.84335e-06
1.42455e-07
-2.99923e-06
1.55881e-07
-3.17265e-06
1.73422e-07
-3.36886e-06
1.96212e-07
-3.59417e-06
2.25309e-07
-3.85554e-06
2.61371e-07
-4.15974e-06
3.04203e-07
-4.51212e-06
3.52382e-07
-4.91513e-06
4.03005e-07
-5.36691e-06
4.5178e-07
-5.86048e-06
4.93566e-07
-6.38357e-06
5.23093e-07
-6.91909e-06
5.35518e-07
-7.44643e-06
5.27344e-07
-7.94362e-06
4.97186e-07
-8.38884e-06
4.45228e-07
-8.76164e-06
3.72793e-07
-9.04274e-06
2.81103e-07
-9.22057e-06
1.77833e-07
-9.28226e-06
6.16894e-08
-9.22197e-06
-6.0295e-08
-9.04092e-06
-1.81049e-07
-8.73817e-06
-3.02751e-07
-8.317e-06
-4.21164e-07
-7.78266e-06
-5.34345e-07
-7.14854e-06
-6.34123e-07
-6.42243e-06
-7.26109e-07
-5.61726e-06
-8.05165e-07
-4.74611e-06
-8.71151e-07
-3.82229e-06
-9.23824e-07
-2.85952e-06
-9.62769e-07
-1.8729e-06
-9.86624e-07
-8.76078e-07
-9.96817e-07
1.20596e-07
-9.96674e-07
1.10462e-06
-9.84025e-07
2.06821e-06
-9.63593e-07
2.99996e-06
-9.31749e-07
3.89594e-06
-8.95981e-07
4.74656e-06
-8.5062e-07
5.55214e-06
-8.05574e-07
6.30485e-06
-7.52715e-07
7.00913e-06
-7.04281e-07
7.65807e-06
-6.48934e-07
8.26007e-06
-6.02001e-07
8.80909e-06
-5.49023e-07
9.31735e-06
-5.08262e-07
9.77861e-06
-4.61258e-07
1.02092e-05
-4.30552e-07
1.06008e-05
-3.91641e-07
1.09742e-05
-3.73414e-07
1.132e-05
-3.45812e-07
1.1664e-05
-3.43994e-07
1.19939e-05
-3.29903e-07
-3.57955e-07
-1.07867e-08
-3.62206e-09
-6.43095e-08
5.69481e-08
-1.47721e-07
1.01921e-07
-2.53024e-07
1.33529e-07
-3.7535e-07
1.57508e-07
-5.12338e-07
1.77819e-07
-6.62334e-07
1.96068e-07
-8.23871e-07
2.12586e-07
-9.95558e-07
2.27419e-07
-1.17606e-06
2.4059e-07
-1.36412e-06
2.52134e-07
-1.55854e-06
2.62112e-07
-1.7582e-06
2.70609e-07
-1.96209e-06
2.77737e-07
-2.16932e-06
2.83629e-07
-2.37912e-06
2.88426e-07
-2.59084e-06
2.92281e-07
-2.80398e-06
2.95354e-07
-3.01815e-06
2.97812e-07
-3.23314e-06
2.99846e-07
-3.44888e-06
3.01671e-07
-3.66547e-06
3.03514e-07
-3.88319e-06
3.05608e-07
-4.10247e-06
3.08186e-07
-4.32392e-06
3.11487e-07
-4.54831e-06
3.15755e-07
-4.77656e-06
3.21234e-07
-5.00976e-06
3.2815e-07
-5.24913e-06
3.36696e-07
-5.49597e-06
3.47039e-07
-5.75171e-06
3.59313e-07
-6.01782e-06
3.73627e-07
-6.29582e-06
3.90103e-07
-6.58729e-06
4.08958e-07
-6.89384e-06
4.30571e-07
-7.21712e-06
4.55395e-07
-7.55856e-06
4.83889e-07
-7.91924e-06
5.16566e-07
-8.29965e-06
5.53827e-07
-8.69928e-06
5.95842e-07
-9.11632e-06
6.42351e-07
-9.54729e-06
6.92341e-07
-9.98659e-06
7.43501e-07
-1.04261e-05
7.91917e-07
-1.08553e-05
8.32214e-07
-1.12614e-05
8.57835e-07
-1.16298e-05
8.6197e-07
-1.19456e-05
8.38877e-07
-1.21937e-05
7.83652e-07
-1.23593e-05
6.92924e-07
-1.24285e-05
5.66431e-07
-1.23908e-05
4.07503e-07
-1.22354e-05
2.17357e-07
-1.19472e-05
-7.06975e-09
-1.15414e-05
-2.27967e-07
-1.10119e-05
-4.67853e-07
-1.03562e-05
-7.15926e-07
-9.57517e-06
-9.62108e-07
-8.67515e-06
-1.20277e-06
-7.66481e-06
-1.4315e-06
-6.55065e-06
-1.64851e-06
-5.3488e-06
-1.83597e-06
-4.06859e-06
-2.00632e-06
-2.72386e-06
-2.14989e-06
-1.32772e-06
-2.26729e-06
1.05191e-07
-2.35673e-06
1.55908e-06
-2.41666e-06
3.02435e-06
-2.45189e-06
4.48896e-06
-2.46143e-06
5.94062e-06
-2.44834e-06
7.36863e-06
-2.41203e-06
8.76414e-06
-2.3591e-06
1.01188e-05
-2.28644e-06
1.14269e-05
-2.20402e-06
1.26824e-05
-2.10613e-06
1.38825e-05
-2.00571e-06
1.50238e-05
-1.89396e-06
1.61061e-05
-1.78661e-06
1.71284e-05
-1.67122e-06
1.80931e-05
-1.56674e-06
1.90007e-05
-1.4566e-06
1.98559e-05
-1.36343e-06
2.06603e-05
-1.26566e-06
2.14204e-05
-1.19072e-06
2.21396e-05
-1.11081e-06
2.28264e-05
-1.06019e-06
2.34837e-05
-1.0031e-06
2.41231e-05
-9.83451e-07
2.47463e-05
-9.53127e-07
-9.64521e-07
-5.001e-08
4.63879e-08
-1.86445e-07
1.93383e-07
-3.68874e-07
2.8435e-07
-5.78451e-07
3.43106e-07
-8.06299e-07
3.85357e-07
-1.04995e-06
4.21465e-07
-1.30779e-06
4.53916e-07
-1.5773e-06
4.82094e-07
-1.85587e-06
5.05985e-07
-2.14108e-06
5.25798e-07
-2.43074e-06
5.41802e-07
-2.72295e-06
5.54321e-07
-3.01607e-06
5.63729e-07
-3.30875e-06
5.70417e-07
-3.59991e-06
5.74782e-07
-3.88869e-06
5.77209e-07
-4.17448e-06
5.78072e-07
-4.45687e-06
5.77744e-07
-4.73559e-06
5.76533e-07
-5.01056e-06
5.74811e-07
-5.28185e-06
5.72967e-07
-5.54971e-06
5.71367e-07
-5.81445e-06
5.70356e-07
-6.07652e-06
5.70249e-07
-6.33636e-06
5.71331e-07
-6.59448e-06
5.73874e-07
-6.85137e-06
5.78124e-07
-7.10749e-06
5.84266e-07
-7.36318e-06
5.92394e-07
-7.61867e-06
6.02527e-07
-7.87396e-06
6.14603e-07
-8.12882e-06
6.28483e-07
-8.38268e-06
6.43963e-07
-8.63456e-06
6.60839e-07
-8.88321e-06
6.79228e-07
-9.12699e-06
6.99169e-07
-9.36354e-06
7.20436e-07
-9.58984e-06
7.42875e-07
-9.80209e-06
7.66073e-07
-9.99549e-06
7.89237e-07
-1.01642e-05
8.11077e-07
-1.03017e-05
8.29842e-07
-1.04002e-05
8.41969e-07
-1.04512e-05
8.42916e-07
-1.04459e-05
8.26959e-07
-1.03756e-05
7.87472e-07
-1.02311e-05
7.17519e-07
-1.00053e-05
6.13049e-07
-9.69271e-06
4.71078e-07
-9.28902e-06
2.8924e-07
-8.7867e-06
6.41112e-08
-8.18966e-06
-1.89539e-07
-7.49655e-06
-4.75751e-07
-6.71515e-06
-7.88474e-07
-5.82593e-06
-1.11718e-06
-4.84136e-06
-1.45243e-06
-3.76677e-06
-1.79052e-06
-2.60786e-06
-2.12101e-06
-1.36986e-06
-2.44077e-06
-5.83603e-08
-2.743e-06
1.30775e-06
-3.01462e-06
2.72951e-06
-3.25772e-06
4.19478e-06
-3.4716e-06
5.69054e-06
-3.64566e-06
7.20912e-06
-3.78587e-06
8.73679e-06
-3.88441e-06
1.02674e-05
-3.94728e-06
1.17863e-05
-3.97079e-06
1.32861e-05
-3.96118e-06
1.47558e-05
-3.91809e-06
1.61897e-05
-3.84592e-06
1.75789e-05
-3.74832e-06
1.89203e-05
-3.62783e-06
2.02075e-05
-3.49122e-06
2.14398e-05
-3.33846e-06
2.26133e-05
-3.17916e-06
2.37294e-05
-3.01005e-06
2.47863e-05
-2.84349e-06
2.57874e-05
-2.67233e-06
2.67326e-05
-2.51196e-06
2.76267e-05
-2.35067e-06
2.84709e-05
-2.2077e-06
2.92712e-05
-2.06588e-06
3.003e-05
-1.94955e-06
3.07539e-05
-1.83476e-06
3.14466e-05
-1.75291e-06
3.2115e-05
-1.67141e-06
3.27625e-05
-1.63098e-06
3.33961e-05
-1.58675e-06
-1.59732e-06
-1.38333e-07
1.84721e-07
-3.92519e-07
4.47569e-07
-6.86193e-07
5.78024e-07
-9.97237e-07
6.5415e-07
-1.32346e-06
7.11579e-07
-1.66207e-06
7.60078e-07
-2.00805e-06
7.99892e-07
-2.35666e-06
8.30708e-07
-2.7039e-06
8.53224e-07
-3.04674e-06
8.68635e-07
-3.38272e-06
8.7778e-07
-3.70994e-06
8.81546e-07
-4.02707e-06
8.80852e-07
-4.33315e-06
8.76506e-07
-4.6276e-06
8.69227e-07
-4.91005e-06
8.59659e-07
-5.18035e-06
8.48368e-07
-5.43845e-06
8.35845e-07
-5.68445e-06
8.22533e-07
-5.91851e-06
8.08873e-07
-6.14082e-06
7.95279e-07
-6.35158e-06
7.82124e-07
-6.55095e-06
7.69729e-07
-6.73904e-06
7.58343e-07
-6.91586e-06
7.48146e-07
-7.08127e-06
7.39281e-07
-7.23501e-06
7.31868e-07
-7.37669e-06
7.25947e-07
-7.50568e-06
7.21388e-07
-7.62113e-06
7.17974e-07
-7.72191e-06
7.15378e-07
-7.80659e-06
7.13165e-07
-7.87343e-06
7.10803e-07
-7.92029e-06
7.07704e-07
-7.94456e-06
7.03496e-07
-7.94349e-06
6.98097e-07
-7.9137e-06
6.90649e-07
-7.85133e-06
6.80498e-07
-7.75193e-06
6.66681e-07
-7.61058e-06
6.47879e-07
-7.42164e-06
6.22137e-07
-7.17865e-06
5.86854e-07
-6.87627e-06
5.39592e-07
-6.50925e-06
4.75894e-07
-6.07258e-06
3.90294e-07
-5.56265e-06
2.77535e-07
-4.97528e-06
1.30154e-07
-4.30887e-06
-5.33627e-08
-3.56645e-06
-2.71343e-07
-2.7473e-06
-5.29906e-07
-1.85494e-06
-8.2825e-07
-8.85673e-07
-1.15881e-06
1.57933e-07
-1.51936e-06
1.27014e-06
-1.90068e-06
2.44834e-06
-2.29538e-06
3.6891e-06
-2.69319e-06
4.98961e-06
-3.09103e-06
6.3438e-06
-3.4752e-06
7.74739e-06
-3.84436e-06
9.18937e-06
-4.18499e-06
1.06703e-05
-4.49551e-06
1.21758e-05
-4.76327e-06
1.36995e-05
-4.99528e-06
1.52307e-05
-5.17689e-06
1.67612e-05
-5.3163e-06
1.82798e-05
-5.40304e-06
1.97795e-05
-5.44701e-06
2.12496e-05
-5.44088e-06
2.26843e-05
-5.39588e-06
2.40744e-05
-5.30815e-06
2.54168e-05
-5.18834e-06
2.67041e-05
-5.03566e-06
2.79361e-05
-4.85976e-06
2.91073e-05
-4.66241e-06
3.02198e-05
-4.45105e-06
3.12704e-05
-4.22974e-06
3.22631e-05
-4.00275e-06
3.31962e-05
-3.77654e-06
3.40752e-05
-3.55138e-06
3.48997e-05
-3.33647e-06
3.56765e-05
-3.12741e-06
3.64058e-05
-2.93699e-06
3.70952e-05
-2.7553e-06
3.77455e-05
-2.59988e-06
3.83651e-05
-2.45431e-06
3.89545e-05
-2.34233e-06
3.95229e-05
-2.2398e-06
4.00706e-05
-2.1787e-06
4.061e-05
-2.12616e-06
-2.12709e-06
-1.95513e-07
3.80234e-07
-5.66402e-07
8.18459e-07
-9.84809e-07
9.96431e-07
-1.41257e-06
1.08192e-06
-1.83347e-06
1.13248e-06
-2.2388e-06
1.16541e-06
-2.62482e-06
1.18591e-06
-2.99043e-06
1.19631e-06
-3.33386e-06
1.19666e-06
-3.65365e-06
1.18842e-06
-3.94914e-06
1.17327e-06
-4.22023e-06
1.15264e-06
-4.46721e-06
1.12783e-06
-4.69062e-06
1.09992e-06
-4.89119e-06
1.06979e-06
-5.06972e-06
1.03819e-06
-5.22704e-06
1.00569e-06
-5.36391e-06
9.7272e-07
-5.48102e-06
9.39642e-07
-5.57897e-06
9.06821e-07
-5.65826e-06
8.74568e-07
-5.71925e-06
8.43117e-07
-5.76216e-06
8.12642e-07
-5.78704e-06
7.83214e-07
-5.79369e-06
7.54799e-07
-5.78172e-06
7.2731e-07
-5.75053e-06
7.00679e-07
-5.69939e-06
6.74805e-07
-5.62731e-06
6.49308e-07
-5.53306e-06
6.23726e-07
-5.41518e-06
5.97499e-07
-5.27195e-06
5.69939e-07
-5.1014e-06
5.40249e-07
-4.90122e-06
5.0752e-07
-4.66837e-06
4.70647e-07
-4.40044e-06
4.30165e-07
-4.09414e-06
3.84352e-07
-3.74584e-06
3.32201e-07
-3.35153e-06
2.72375e-07
-2.90686e-06
2.03203e-07
-2.40713e-06
1.22409e-07
-1.84639e-06
2.61173e-08
-1.22368e-06
-8.31206e-08
-5.35325e-07
-2.12463e-07
2.21645e-07
-3.66677e-07
1.0495e-06
-5.5032e-07
1.94616e-06
-7.6651e-07
2.90984e-06
-1.01704e-06
3.94238e-06
-1.30389e-06
5.03912e-06
-1.62664e-06
6.1961e-06
-1.98523e-06
7.40961e-06
-2.37232e-06
8.67587e-06
-2.78562e-06
9.98987e-06
-3.21468e-06
1.13499e-05
-3.65538e-06
1.27507e-05
-4.09403e-06
1.41882e-05
-4.52849e-06
1.56558e-05
-4.94279e-06
1.71476e-05
-5.3362e-06
1.86548e-05
-5.69216e-06
2.01715e-05
-6.01225e-06
2.16884e-05
-6.28016e-06
2.3196e-05
-6.50286e-06
2.46853e-05
-6.66625e-06
2.61485e-05
-6.77945e-06
2.75766e-05
-6.83117e-06
2.89636e-05
-6.83395e-06
3.03019e-05
-6.77919e-06
3.15878e-05
-6.68183e-06
3.28154e-05
-6.53573e-06
3.3984e-05
-6.3569e-06
3.50893e-05
-6.14095e-06
3.61334e-05
-5.90388e-06
3.71135e-05
-5.64255e-06
3.80341e-05
-5.37167e-06
3.88934e-05
-5.08899e-06
3.96976e-05
-4.80699e-06
4.04454e-05
-4.52433e-06
4.11446e-05
-4.25056e-06
4.17937e-05
-3.98558e-06
4.24018e-05
-3.73555e-06
4.29671e-05
-3.5022e-06
4.34996e-05
-3.28782e-06
4.39966e-05
-3.09685e-06
4.44694e-05
-2.92713e-06
4.4914e-05
-2.78692e-06
4.53431e-05
-2.66896e-06
4.57513e-05
-2.58685e-06
4.61526e-05
-2.52748e-06
-2.51673e-06
-4.22304e-07
8.02538e-07
-9.62936e-07
1.35909e-06
-1.45642e-06
1.48992e-06
-1.89092e-06
1.51641e-06
-2.28791e-06
1.52947e-06
-2.65249e-06
1.52998e-06
-2.98002e-06
1.51344e-06
-3.26447e-06
1.48077e-06
-3.50241e-06
1.4346e-06
-3.69598e-06
1.38199e-06
-3.84822e-06
1.3255e-06
-3.96211e-06
1.26654e-06
-4.04061e-06
1.20632e-06
-4.08647e-06
1.14578e-06
-4.10223e-06
1.08556e-06
-4.09016e-06
1.02612e-06
-4.05229e-06
9.67816e-07
-3.99032e-06
9.1075e-07
-3.90563e-06
8.54954e-07
-3.79936e-06
8.00553e-07
-3.6724e-06
7.47609e-07
-3.52537e-06
6.96081e-07
-3.3586e-06
6.45877e-07
-3.17218e-06
5.96788e-07
-2.96585e-06
5.48471e-07
-2.73906e-06
5.0052e-07
-2.49102e-06
4.52643e-07
-2.22089e-06
4.04678e-07
-1.9274e-06
3.55816e-07
-1.6091e-06
3.05422e-07
-1.26437e-06
2.52767e-07
-8.91373e-07
1.96945e-07
-4.88e-07
1.36877e-07
-5.16352e-08
7.11546e-08
4.21791e-07
-2.7792e-09
9.3132e-07
-7.93637e-08
1.48173e-06
-1.6606e-07
2.07642e-06
-2.62485e-07
2.71875e-06
-3.69957e-07
3.41223e-06
-4.90282e-07
4.16005e-06
-6.25409e-07
4.96353e-06
-7.77362e-07
5.82862e-06
-9.48205e-07
6.75738e-06
-1.14123e-06
7.75055e-06
-1.35985e-06
8.80743e-06
-1.6072e-06
9.9268e-06
-1.88588e-06
1.11064e-05
-2.19662e-06
1.23432e-05
-2.54071e-06
1.36325e-05
-2.91591e-06
1.4969e-05
-3.32175e-06
1.63477e-05
-3.75106e-06
1.77629e-05
-4.20081e-06
1.92084e-05
-4.66012e-06
2.0678e-05
-5.12502e-06
2.21654e-05
-5.58145e-06
2.36628e-05
-6.02585e-06
2.51625e-05
-6.44247e-06
2.66555e-05
-6.82922e-06
2.81333e-05
-7.16999e-06
2.95869e-05
-7.46582e-06
3.10081e-05
-7.70138e-06
3.23879e-05
-7.88265e-06
3.37191e-05
-7.99747e-06
3.49956e-05
-8.05597e-06
3.62124e-05
-8.04794e-06
3.73661e-05
-7.98761e-06
3.84536e-05
-7.86671e-06
3.94745e-05
-7.70273e-06
4.04275e-05
-7.48875e-06
4.13149e-05
-7.24432e-06
4.21369e-05
-6.9629e-06
4.28979e-05
-6.66486e-06
4.35986e-05
-6.3433e-06
4.42453e-05
-6.01831e-06
4.48384e-05
-5.68216e-06
4.53854e-05
-5.35395e-06
4.58861e-05
-5.02505e-06
4.63488e-05
-4.71322e-06
4.67723e-05
-4.40911e-06
4.71657e-05
-4.12892e-06
4.75265e-05
-3.86301e-06
4.78646e-05
-3.62592e-06
4.81759e-05
-3.40823e-06
4.84715e-05
-3.2227e-06
4.87454e-05
-3.06084e-06
4.90099e-05
-2.93343e-06
4.92568e-05
-2.83371e-06
4.94996e-05
-2.77034e-06
-2.74488e-06
-2.66924e-07
1.06946e-06
-8.62882e-07
1.95505e-06
-1.48322e-06
2.11025e-06
-2.00239e-06
2.03559e-06
-2.39316e-06
1.92023e-06
-2.65838e-06
1.7952e-06
-2.81587e-06
1.67093e-06
-2.88593e-06
1.55083e-06
-2.88598e-06
1.43464e-06
-2.82707e-06
1.32308e-06
-2.71755e-06
1.21599e-06
-2.56409e-06
1.11307e-06
-2.37239e-06
1.01462e-06
-2.14736e-06
9.20757e-07
-1.89315e-06
8.31343e-07
-1.61318e-06
7.46148e-07
-1.31034e-06
6.6498e-07
-9.86896e-07
5.87304e-07
-6.44567e-07
5.12625e-07
-2.84794e-07
4.40781e-07
9.14066e-08
3.71408e-07
4.83417e-07
3.04071e-07
8.90954e-07
2.3834e-07
1.31419e-06
1.73555e-07
1.75375e-06
1.0891e-07
2.21081e-06
4.34587e-08
2.68643e-06
-2.29729e-08
3.18087e-06
-8.97681e-08
3.69635e-06
-1.59666e-07
4.23476e-06
-2.3298e-07
4.79805e-06
-3.10529e-07
5.3884e-06
-3.93404e-07
6.008e-06
-4.82722e-07
6.6589e-06
-5.79744e-07
7.34144e-06
-6.85323e-07
8.06222e-06
-8.00146e-07
8.82225e-06
-9.26086e-07
9.62439e-06
-1.06462e-06
1.04714e-05
-1.21697e-06
1.1366e-05
-1.38487e-06
1.23104e-05
-1.56987e-06
1.33072e-05
-1.77409e-06
1.43582e-05
-1.99922e-06
1.54644e-05
-2.24742e-06
1.66254e-05
-2.5209e-06
1.78398e-05
-2.82152e-06
1.91046e-05
-3.15069e-06
2.04162e-05
-3.50826e-06
2.17695e-05
-3.89402e-06
2.31587e-05
-4.30505e-06
2.45761e-05
-4.73917e-06
2.60145e-05
-5.1895e-06
2.74649e-05
-5.6512e-06
2.8919e-05
-6.11419e-06
3.03667e-05
-6.57278e-06
3.17997e-05
-7.0144e-06
3.32073e-05
-7.43348e-06
3.4581e-05
-7.81616e-06
3.59105e-05
-8.15872e-06
3.71884e-05
-8.44782e-06
3.84061e-05
-8.68353e-06
3.9558e-05
-8.85329e-06
4.0638e-05
-8.96267e-06
4.16431e-05
-9.00254e-06
4.25714e-05
-8.98429e-06
4.34234e-05
-8.89992e-06
4.42003e-05
-8.76449e-06
4.49044e-05
-8.57088e-06
4.55397e-05
-8.338e-06
4.61098e-05
-8.05885e-06
4.66203e-05
-7.75487e-06
4.70755e-05
-7.41802e-06
4.74817e-05
-7.07109e-06
4.78426e-05
-6.70419e-06
4.8165e-05
-6.34069e-06
4.84512e-05
-5.96842e-06
4.87082e-05
-5.61091e-06
4.89368e-05
-5.25365e-06
4.91438e-05
-4.92022e-06
4.93285e-05
-4.59387e-06
4.94979e-05
-4.29833e-06
4.96497e-05
-4.01482e-06
4.97912e-05
-3.76733e-06
4.99183e-05
-3.53537e-06
5.0039e-05
-3.34341e-06
5.01477e-05
-3.1695e-06
5.0253e-05
-3.03875e-06
5.03474e-05
-2.92809e-06
5.04401e-05
-2.86304e-06
-2.82308e-06
-1.49475e-06
2.56421e-06
-1.94588e-06
2.40619e-06
-2.1115e-06
2.27587e-06
-2.12831e-06
2.0524e-06
-2.01606e-06
1.80799e-06
-1.79862e-06
1.57776e-06
-1.49521e-06
1.36752e-06
-1.12028e-06
1.1759e-06
-6.86484e-07
1.00085e-06
-2.06166e-07
8.42756e-07
3.11414e-07
6.98413e-07
8.58518e-07
5.65965e-07
1.42841e-06
4.44727e-07
2.01603e-06
3.33143e-07
2.61751e-06
2.29865e-07
3.22968e-06
1.33969e-07
3.84962e-06
4.50422e-08
4.47654e-06
-3.96143e-08
5.11004e-06
-1.20872e-07
5.7485e-06
-1.97684e-07
6.39161e-06
-2.71704e-07
7.03958e-06
-3.43892e-07
7.69249e-06
-4.14571e-07
8.3511e-06
-4.85053e-07
9.017e-06
-5.56997e-07
9.69118e-06
-6.30718e-07
1.03751e-05
-7.0689e-07
1.10717e-05
-7.86394e-07
1.17826e-05
-8.70495e-07
1.25098e-05
-9.6024e-07
1.32558e-05
-1.05654e-06
1.40229e-05
-1.16052e-06
1.48134e-05
-1.2732e-06
1.56294e-05
-1.39575e-06
1.64734e-05
-1.5293e-06
1.73481e-05
-1.67489e-06
1.82556e-05
-1.83354e-06
1.91978e-05
-2.00682e-06
2.01766e-05
-2.19578e-06
2.11937e-05
-2.40196e-06
2.22502e-05
-2.62641e-06
2.3347e-05
-2.87081e-06
2.44839e-05
-3.13615e-06
2.56603e-05
-3.4238e-06
2.68738e-05
-3.73441e-06
2.81211e-05
-4.06888e-06
2.93974e-05
-4.42695e-06
3.06969e-05
-4.8078e-06
3.20122e-05
-5.20927e-06
3.33354e-05
-5.62821e-06
3.4657e-05
-6.06086e-06
3.59677e-05
-6.50018e-06
3.72559e-05
-6.93942e-06
3.85121e-05
-7.37033e-06
3.97247e-05
-7.78542e-06
4.08849e-05
-8.1746e-06
4.19823e-05
-8.53086e-06
4.301e-05
-8.84382e-06
4.39601e-05
-9.10888e-06
4.4829e-05
-9.31669e-06
4.56121e-05
-9.4667e-06
4.631e-05
-9.55112e-06
4.69216e-05
-9.57433e-06
4.74498e-05
-9.53071e-06
4.78986e-05
-9.43311e-06
4.82747e-05
-9.27601e-06
4.85839e-05
-9.07369e-06
4.88338e-05
-8.82076e-06
4.90315e-05
-8.53576e-06
4.91845e-05
-8.21183e-06
4.93002e-05
-7.87052e-06
4.93844e-05
-7.50229e-06
4.94442e-05
-7.13088e-06
4.94834e-05
-6.74337e-06
4.95081e-05
-6.36533e-06
4.95198e-05
-5.98016e-06
4.9524e-05
-5.61514e-06
4.95203e-05
-5.24994e-06
4.95137e-05
-4.91362e-06
4.9502e-05
-4.58216e-06
4.94902e-05
-4.28655e-06
4.94746e-05
-3.99917e-06
4.94604e-05
-3.75317e-06
4.94425e-05
-3.51746e-06
4.94267e-05
-3.32758e-06
4.94063e-05
-3.14913e-06
4.93878e-05
-3.02026e-06
4.93633e-05
-2.90355e-06
4.93403e-05
-2.84004e-06
-2.78578e-06
-8.95552e-07
3.45976e-06
-7.42278e-07
2.25291e-06
-2.5277e-07
1.78636e-06
4.58299e-07
1.34133e-06
1.32575e-06
9.40537e-07
2.28349e-06
6.20014e-07
3.28518e-06
3.65835e-07
4.30343e-06
1.5765e-07
5.32433e-06
-2.00509e-08
6.33287e-06
-1.65781e-07
7.33088e-06
-2.99596e-07
8.31647e-06
-4.19625e-07
9.28514e-06
-5.23945e-07
1.02361e-05
-6.17844e-07
1.11693e-05
-7.03283e-07
1.20848e-05
-7.81525e-07
1.29836e-05
-8.53761e-07
1.38655e-05
-9.21569e-07
1.47308e-05
-9.86116e-07
1.55811e-05
-1.04804e-06
1.64179e-05
-1.10849e-06
1.72425e-05
-1.16851e-06
1.80568e-05
-1.22888e-06
1.88633e-05
-1.29151e-06
1.96637e-05
-1.3574e-06
2.04604e-05
-1.42739e-06
2.12559e-05
-1.50239e-06
2.20529e-05
-1.58339e-06
2.28538e-05
-1.67137e-06
2.3661e-05
-1.76746e-06
2.44771e-05
-1.87263e-06
2.53043e-05
-1.9878e-06
2.6145e-05
-2.11383e-06
2.7001e-05
-2.25176e-06
2.78741e-05
-2.40246e-06
2.87662e-05
-2.56693e-06
2.96785e-05
-2.74587e-06
3.06121e-05
-2.94038e-06
3.15675e-05
-3.15117e-06
3.25448e-05
-3.37927e-06
3.35435e-05
-3.62517e-06
3.45626e-05
-3.88984e-06
3.56003e-05
-4.17389e-06
3.66537e-05
-4.47715e-06
3.77184e-05
-4.79918e-06
3.87894e-05
-5.1399e-06
3.98601e-05
-5.49764e-06
4.09231e-05
-5.87079e-06
4.19698e-05
-6.25591e-06
4.2991e-05
-6.64949e-06
4.39762e-05
-7.04604e-06
4.49159e-05
-7.43986e-06
4.58001e-05
-7.8236e-06
4.66202e-05
-8.1904e-06
4.73672e-05
-8.53247e-06
4.80352e-05
-8.84263e-06
4.86183e-05
-9.11387e-06
4.91143e-05
-9.33983e-06
4.95212e-05
-9.51584e-06
4.98417e-05
-9.63715e-06
5.00775e-05
-9.70253e-06
5.02355e-05
-9.70911e-06
5.03212e-05
-9.65997e-06
5.03443e-05
-9.55387e-06
5.0312e-05
-9.40077e-06
5.02352e-05
-9.19924e-06
5.01217e-05
-8.96013e-06
4.99814e-05
-8.68054e-06
4.98211e-05
-8.37541e-06
4.96486e-05
-8.0393e-06
4.94687e-05
-7.6907e-06
4.92868e-05
-7.32036e-06
4.91062e-05
-6.95023e-06
4.89291e-05
-6.56632e-06
4.8758e-05
-6.19426e-06
4.85927e-05
-5.81483e-06
4.84354e-05
-5.45778e-06
4.82837e-05
-5.09827e-06
4.81405e-05
-4.77048e-06
4.80018e-05
-4.44343e-06
4.78714e-05
-4.15613e-06
4.77433e-05
-3.87112e-06
4.76229e-05
-3.63278e-06
4.75024e-05
-3.39689e-06
4.73885e-05
-3.21368e-06
4.72713e-05
-3.03191e-06
4.71591e-05
-2.90813e-06
4.70397e-05
-2.78408e-06
4.69228e-05
-2.72321e-06
-2.65777e-06
3.65345e-06
-1.93692e-07
6.37678e-06
-4.70414e-07
8.78559e-06
-6.22453e-07
1.09043e-05
-7.77371e-07
1.27758e-05
-9.30986e-07
1.44643e-05
-1.06851e-06
1.60145e-05
-1.18437e-06
1.74436e-05
-1.27139e-06
1.87768e-05
-1.35327e-06
2.00369e-05
-1.42591e-06
2.12271e-05
-1.48973e-06
2.2354e-05
-1.54659e-06
2.34272e-05
-1.59708e-06
2.44516e-05
-1.64223e-06
2.54313e-05
-1.68306e-06
2.63703e-05
-1.72046e-06
2.72718e-05
-1.75531e-06
2.81388e-05
-1.78853e-06
2.89739e-05
-1.82121e-06
2.97801e-05
-1.8543e-06
3.05604e-05
-1.88877e-06
3.13175e-05
-1.92565e-06
3.20547e-05
-1.96605e-06
3.27744e-05
-2.01121e-06
3.34792e-05
-2.0622e-06
3.41718e-05
-2.11998e-06
3.48549e-05
-2.18544e-06
3.55309e-05
-2.25942e-06
3.62023e-05
-2.34275e-06
3.68712e-05
-2.43634e-06
3.75398e-05
-2.54126e-06
3.82099e-05
-2.65787e-06
3.88828e-05
-2.7868e-06
3.95599e-05
-2.92885e-06
4.02421e-05
-3.0846e-06
4.09298e-05
-3.25464e-06
4.16233e-05
-3.43942e-06
4.23224e-05
-3.63945e-06
4.30263e-05
-3.85505e-06
4.37336e-05
-4.08659e-06
4.44425e-05
-4.33412e-06
4.51505e-05
-4.59776e-06
4.58537e-05
-4.8771e-06
4.65481e-05
-5.17157e-06
4.72289e-05
-5.47997e-06
4.78901e-05
-5.8011e-06
4.85252e-05
-6.13273e-06
4.91269e-05
-6.47252e-06
4.96878e-05
-6.8168e-06
5.02001e-05
-7.16183e-06
5.06565e-05
-7.50235e-06
5.105e-05
-7.83345e-06
5.13752e-05
-8.14874e-06
5.16276e-05
-8.4428e-06
5.18041e-05
-8.70904e-06
5.19042e-05
-8.94265e-06
5.19284e-05
-9.13814e-06
5.18809e-05
-9.29228e-06
5.17661e-05
-9.40112e-06
5.15921e-05
-9.46309e-06
5.13659e-05
-9.47636e-06
5.10978e-05
-9.44096e-06
5.07959e-05
-9.35809e-06
5.04719e-05
-9.2299e-06
5.01315e-05
-9.06038e-06
4.9784e-05
-8.85175e-06
4.94336e-05
-8.60969e-06
4.90877e-05
-8.33465e-06
4.87472e-05
-8.03494e-06
4.8417e-05
-7.70913e-06
4.80956e-05
-7.36923e-06
4.7786e-05
-7.01081e-06
4.74856e-05
-6.64982e-06
4.71963e-05
-6.27702e-06
4.6915e-05
-5.91296e-06
4.66428e-05
-5.54259e-06
4.63772e-05
-5.19223e-06
4.61187e-05
-4.8397e-06
4.58661e-05
-4.51792e-06
4.56186e-05
-4.19592e-06
4.53769e-05
-3.91448e-06
4.51382e-05
-3.63243e-06
4.49055e-05
-3.40004e-06
4.4673e-05
-3.16435e-06
4.44463e-05
-2.98699e-06
4.42159e-05
-2.80149e-06
4.39905e-05
-2.68275e-06
4.37555e-05
-2.54909e-06
4.35228e-05
-2.49052e-06
-2.41437e-06
3.8605e-05
1.46333e-08
3.85723e-05
-4.37679e-07
3.87101e-05
-7.60267e-07
3.89339e-05
-1.0012e-06
3.92058e-05
-1.20287e-06
3.95199e-05
-1.38261e-06
3.98774e-05
-1.54188e-06
4.02798e-05
-1.67375e-06
4.07067e-05
-1.78022e-06
4.11483e-05
-1.86751e-06
4.15976e-05
-1.93902e-06
4.2049e-05
-1.99795e-06
4.24985e-05
-2.04655e-06
4.29428e-05
-2.08659e-06
4.33795e-05
-2.11971e-06
4.38065e-05
-2.14751e-06
4.42227e-05
-2.1715e-06
4.46273e-05
-2.19315e-06
4.50201e-05
-2.21393e-06
4.5401e-05
-2.23526e-06
4.57707e-05
-2.25847e-06
4.61299e-05
-2.28487e-06
4.64796e-05
-2.31574e-06
4.68207e-05
-2.35229e-06
4.71542e-05
-2.39568e-06
4.74812e-05
-2.44695e-06
4.78027e-05
-2.50703e-06
4.812e-05
-2.57672e-06
4.84341e-05
-2.65679e-06
4.87457e-05
-2.74793e-06
4.90552e-05
-2.85081e-06
4.93632e-05
-2.96589e-06
4.967e-05
-3.09361e-06
4.99756e-05
-3.23438e-06
5.02795e-05
-3.38856e-06
5.05813e-05
-3.55642e-06
5.088e-05
-3.73815e-06
5.11744e-05
-3.93384e-06
5.14629e-05
-4.14351e-06
5.17433e-05
-4.36703e-06
5.20134e-05
-4.60415e-06
5.227e-05
-4.85436e-06
5.25098e-05
-5.11696e-06
5.27292e-05
-5.39093e-06
5.29241e-05
-5.67489e-06
5.30901e-05
-5.96709e-06
5.32227e-05
-6.26534e-06
5.33173e-05
-6.56711e-06
5.33697e-05
-6.86926e-06
5.33762e-05
-7.16825e-06
5.33337e-05
-7.45991e-06
5.32403e-05
-7.74003e-06
5.30954e-05
-8.00384e-06
5.28996e-05
-8.24698e-06
5.26551e-05
-8.46461e-06
5.23653e-05
-8.65276e-06
5.20351e-05
-8.80799e-06
5.16708e-05
-8.92798e-06
5.12791e-05
-9.00937e-06
5.0867e-05
-9.05098e-06
5.0441e-05
-9.05037e-06
5.00075e-05
-9.00752e-06
4.95708e-05
-8.92139e-06
4.9135e-05
-8.79407e-06
4.87008e-05
-8.62624e-06
4.82704e-05
-8.42135e-06
4.78421e-05
-8.18129e-06
4.74172e-05
-7.90977e-06
4.69922e-05
-7.60992e-06
4.65684e-05
-7.28536e-06
4.61413e-05
-6.94209e-06
4.57137e-05
-6.5832e-06
4.52811e-05
-6.21723e-06
4.48482e-05
-5.84414e-06
4.44105e-05
-5.47532e-06
4.39744e-05
-5.10641e-06
4.35352e-05
-4.75307e-06
4.31002e-05
-4.40469e-06
4.26648e-05
-4.0825e-06
4.22361e-05
-3.76729e-06
4.18097e-05
-3.488e-06
4.13915e-05
-3.21431e-06
4.09774e-05
-2.98591e-06
4.05712e-05
-2.75816e-06
4.01696e-05
-2.58537e-06
3.97726e-05
-2.4045e-06
3.93795e-05
-2.28967e-06
3.89848e-05
-2.15439e-06
3.85924e-05
-2.09805e-06
-2.00953e-06
5.29828e-05
9.23912e-08
5.28878e-05
-3.4271e-07
5.28581e-05
-7.3056e-07
5.2881e-05
-1.02415e-06
5.29255e-05
-1.24732e-06
5.29722e-05
-1.42938e-06
5.30176e-05
-1.58728e-06
5.30694e-05
-1.72551e-06
5.31325e-05
-1.84329e-06
5.32056e-05
-1.94068e-06
5.32861e-05
-2.01946e-06
5.33705e-05
-2.08242e-06
5.34564e-05
-2.13244e-06
5.35419e-05
-2.17207e-06
5.36257e-05
-2.20347e-06
5.37067e-05
-2.22853e-06
5.37842e-05
-2.249e-06
5.38576e-05
-2.26657e-06
5.39266e-05
-2.28288e-06
5.39909e-05
-2.29954e-06
5.40505e-05
-2.31806e-06
5.41055e-05
-2.3399e-06
5.41562e-05
-2.36642e-06
5.42027e-05
-2.39886e-06
5.42454e-05
-2.43839e-06
5.42845e-05
-2.48605e-06
5.43203e-05
-2.54277e-06
5.43529e-05
-2.60932e-06
5.43825e-05
-2.68639e-06
5.44091e-05
-2.77455e-06
5.44326e-05
-2.87429e-06
5.44527e-05
-2.98602e-06
5.44692e-05
-3.11008e-06
5.44815e-05
-3.2467e-06
5.4489e-05
-3.39608e-06
5.44909e-05
-3.5583e-06
5.44862e-05
-3.73341e-06
5.44736e-05
-3.92133e-06
5.4452e-05
-4.12191e-06
5.44198e-05
-4.33483e-06
5.43754e-05
-4.55971e-06
5.43169e-05
-4.79587e-06
5.42425e-05
-5.04255e-06
5.41502e-05
-5.29861e-06
5.4038e-05
-5.56272e-06
5.3904e-05
-5.83309e-06
5.37463e-05
-6.10759e-06
5.35632e-05
-6.38402e-06
5.33536e-05
-6.65973e-06
5.31168e-05
-6.93145e-06
5.28526e-05
-7.1957e-06
5.25613e-05
-7.44868e-06
5.22439e-05
-7.68647e-06
5.1902e-05
-7.90502e-06
5.15377e-05
-8.1003e-06
5.11533e-05
-8.26837e-06
5.0751e-05
-8.40576e-06
5.03324e-05
-8.50937e-06
4.98991e-05
-8.57611e-06
4.94518e-05
-8.60365e-06
4.89907e-05
-8.58928e-06
4.85145e-05
-8.53127e-06
4.80215e-05
-8.4284e-06
4.75093e-05
-8.2819e-06
4.69759e-05
-8.0928e-06
4.64188e-05
-7.86427e-06
4.58355e-05
-7.598e-06
4.5226e-05
-7.30031e-06
4.45901e-05
-6.97402e-06
4.39301e-05
-6.6253e-06
4.32465e-05
-6.2585e-06
4.25445e-05
-5.8812e-06
4.18253e-05
-5.49806e-06
4.10968e-05
-5.11564e-06
4.036e-05
-4.73853e-06
3.96249e-05
-4.37128e-06
3.88906e-05
-4.01882e-06
3.81683e-05
-3.68239e-06
3.74541e-05
-3.36827e-06
3.67599e-05
-3.07312e-06
3.60784e-05
-2.80647e-06
3.54222e-05
-2.55815e-06
3.478e-05
-2.3437e-06
3.41651e-05
-2.14324e-06
3.35623e-05
-1.98257e-06
3.29845e-05
-1.8267e-06
3.24145e-05
-1.71967e-06
3.1864e-05
-1.60391e-06
3.13168e-05
-1.55084e-06
-1.46476e-06
5.43197e-05
-2.27418e-07
5.45023e-05
-5.25368e-07
5.46067e-05
-8.34988e-07
5.46942e-05
-1.11159e-06
5.47813e-05
-1.33439e-06
5.4862e-05
-1.51008e-06
5.49289e-05
-1.65419e-06
5.49808e-05
-1.77749e-06
5.5022e-05
-1.88442e-06
5.50569e-05
-1.97565e-06
5.50885e-05
-2.05102e-06
5.51174e-05
-2.11132e-06
5.51433e-05
-2.15835e-06
5.51657e-05
-2.19441e-06
5.51839e-05
-2.22176e-06
5.51979e-05
-2.24246e-06
5.52072e-05
-2.25838e-06
5.52119e-05
-2.27125e-06
5.52118e-05
-2.28275e-06
5.52068e-05
-2.29451e-06
5.51968e-05
-2.3081e-06
5.51819e-05
-2.32502e-06
5.51622e-05
-2.34666e-06
5.51376e-05
-2.37431e-06
5.51084e-05
-2.40912e-06
5.50744e-05
-2.45212e-06
5.50359e-05
-2.5042e-06
5.49927e-05
-2.56614e-06
5.49449e-05
-2.63857e-06
5.48923e-05
-2.72201e-06
5.48349e-05
-2.81687e-06
5.47724e-05
-2.92351e-06
5.47045e-05
-3.04218e-06
5.46308e-05
-3.17305e-06
5.4551e-05
-3.31623e-06
5.44645e-05
-3.47176e-06
5.43706e-05
-3.63959e-06
5.42689e-05
-3.81957e-06
5.41585e-05
-4.01149e-06
5.40386e-05
-4.21497e-06
5.39084e-05
-4.42954e-06
5.3767e-05
-4.65449e-06
5.36135e-05
-4.889e-06
5.34468e-05
-5.13188e-06
5.32658e-05
-5.38171e-06
5.30693e-05
-5.63664e-06
5.28563e-05
-5.89458e-06
5.26254e-05
-6.15315e-06
5.23753e-05
-6.40961e-06
5.21045e-05
-6.66062e-06
5.18113e-05
-6.90256e-06
5.1494e-05
-7.13139e-06
5.11507e-05
-7.34312e-06
5.07792e-05
-7.53358e-06
5.03777e-05
-7.69874e-06
4.99437e-05
-7.8344e-06
4.94747e-05
-7.93671e-06
4.89674e-05
-8.00208e-06
4.84186e-05
-8.02728e-06
4.78243e-05
-8.00938e-06
4.7181e-05
-7.94597e-06
4.64851e-05
-7.83542e-06
4.57349e-05
-7.67821e-06
4.49297e-05
-7.47667e-06
4.40706e-05
-7.23367e-06
4.31582e-05
-6.9519e-06
4.21946e-05
-6.6344e-06
4.11837e-05
-6.28939e-06
4.01327e-05
-5.92303e-06
3.90494e-05
-5.54199e-06
3.79429e-05
-5.15196e-06
3.68219e-05
-4.76021e-06
3.56952e-05
-4.3714e-06
3.45726e-05
-3.99301e-06
3.34627e-05
-3.62864e-06
3.23758e-05
-3.28439e-06
3.13181e-05
-2.96106e-06
3.02984e-05
-2.66272e-06
2.93184e-05
-2.38829e-06
2.83862e-05
-2.1409e-06
2.74981e-05
-1.91842e-06
2.66624e-05
-1.72241e-06
2.58692e-05
-1.55047e-06
2.51278e-05
-1.40187e-06
2.44215e-05
-1.27623e-06
2.37635e-05
-1.16878e-06
2.31292e-05
-1.08531e-06
2.25374e-05
-1.01217e-06
2.19554e-05
-9.68817e-07
-9.19751e-07
5.39207e-05
-5.55756e-07
5.41746e-05
-7.79193e-07
5.43571e-05
-1.01758e-06
5.4492e-05
-1.24644e-06
5.46032e-05
-1.4456e-06
5.47024e-05
-1.60925e-06
5.47905e-05
-1.74232e-06
5.48659e-05
-1.85288e-06
5.49284e-05
-1.94692e-06
5.49799e-05
-2.02716e-06
5.5023e-05
-2.09416e-06
5.50598e-05
-2.14806e-06
5.5091e-05
-2.18961e-06
5.51169e-05
-2.2203e-06
5.51372e-05
-2.24202e-06
5.51515e-05
-2.25679e-06
5.51597e-05
-2.26655e-06
5.51616e-05
-2.27314e-06
5.51571e-05
-2.2783e-06
5.51463e-05
-2.28369e-06
5.51291e-05
-2.29094e-06
5.51057e-05
-2.30156e-06
5.5076e-05
-2.31699e-06
5.50402e-05
-2.33854e-06
5.49985e-05
-2.36735e-06
5.49508e-05
-2.40444e-06
5.48973e-05
-2.45068e-06
5.4838e-05
-2.50685e-06
5.47729e-05
-2.57354e-06
5.47021e-05
-2.65118e-06
5.46253e-05
-2.7401e-06
5.45424e-05
-2.84059e-06
5.4453e-05
-2.95279e-06
5.43568e-05
-3.07681e-06
5.42532e-05
-3.21264e-06
5.41417e-05
-3.36026e-06
5.40216e-05
-3.51948e-06
5.38921e-05
-3.69008e-06
5.37523e-05
-3.8717e-06
5.36012e-05
-4.06384e-06
5.34375e-05
-4.26586e-06
5.32599e-05
-4.4769e-06
5.30668e-05
-4.69591e-06
5.28564e-05
-4.9215e-06
5.26267e-05
-5.15198e-06
5.23753e-05
-5.38523e-06
5.20995e-05
-5.6188e-06
5.17963e-05
-5.84991e-06
5.1462e-05
-6.07534e-06
5.10927e-05
-6.29131e-06
5.06838e-05
-6.49367e-06
5.02304e-05
-6.67798e-06
4.97272e-05
-6.83993e-06
4.91689e-05
-6.9753e-06
4.85506e-05
-7.08037e-06
4.78676e-05
-7.1515e-06
4.71164e-05
-7.18549e-06
4.62935e-05
-7.17915e-06
4.53955e-05
-7.12928e-06
4.4419e-05
-7.03285e-06
4.33608e-05
-6.88782e-06
4.22199e-05
-6.69451e-06
4.09991e-05
-6.45742e-06
3.97053e-05
-6.18284e-06
3.83465e-05
-5.87484e-06
3.69302e-05
-5.53566e-06
3.54655e-05
-5.16969e-06
3.39617e-05
-4.78561e-06
3.24326e-05
-4.39393e-06
3.08945e-05
-4.00388e-06
2.93641e-05
-3.62159e-06
2.78561e-05
-3.25216e-06
2.63847e-05
-2.89999e-06
2.49625e-05
-2.57079e-06
2.36019e-05
-2.26805e-06
2.23124e-05
-1.99492e-06
2.11025e-05
-1.75115e-06
1.99775e-05
-1.53775e-06
1.8941e-05
-1.35177e-06
1.79934e-05
-1.19334e-06
1.71324e-05
-1.05743e-06
1.63547e-05
-9.44652e-07
1.56525e-05
-8.48302e-07
1.50214e-05
-7.70717e-07
1.44489e-05
-7.03736e-07
1.3933e-05
-6.52911e-07
1.3456e-05
-6.08322e-07
1.30231e-05
-5.79276e-07
1.26088e-05
-5.54525e-07
-5.4189e-07
5.35791e-05
-8.68541e-07
5.38469e-05
-1.04699e-06
5.4062e-05
-1.23263e-06
5.42307e-05
-1.41519e-06
5.43686e-05
-1.58352e-06
5.44884e-05
-1.72905e-06
5.45957e-05
-1.84962e-06
5.46917e-05
-1.94881e-06
5.4776e-05
-2.03125e-06
5.48488e-05
-2.1e-06
5.49112e-05
-2.1565e-06
5.49644e-05
-2.20124e-06
5.50094e-05
-2.23463e-06
5.50466e-05
-2.25753e-06
5.5076e-05
-2.27137e-06
5.50971e-05
-2.27792e-06
5.51096e-05
-2.27909e-06
5.51133e-05
-2.27682e-06
5.5108e-05
-2.27297e-06
5.50937e-05
-2.26937e-06
5.50704e-05
-2.26768e-06
5.50383e-05
-2.26947e-06
5.49975e-05
-2.27617e-06
5.4948e-05
-2.28909e-06
5.489e-05
-2.30934e-06
5.48235e-05
-2.33793e-06
5.47486e-05
-2.37574e-06
5.46652e-05
-2.42348e-06
5.45734e-05
-2.48171e-06
5.44728e-05
-2.55064e-06
5.43632e-05
-2.63051e-06
5.42441e-05
-2.72143e-06
5.41147e-05
-2.8234e-06
5.39743e-05
-2.93637e-06
5.38218e-05
-3.06015e-06
5.3656e-05
-3.19453e-06
5.34757e-05
-3.33913e-06
5.32792e-05
-3.49356e-06
5.30647e-05
-3.65718e-06
5.28301e-05
-3.8293e-06
5.25732e-05
-4.00893e-06
5.22912e-05
-4.19495e-06
5.19812e-05
-4.38589e-06
5.16398e-05
-4.58006e-06
5.12632e-05
-4.77536e-06
5.08473e-05
-4.96933e-06
5.03875e-05
-5.15908e-06
4.98791e-05
-5.34148e-06
4.93164e-05
-5.51264e-06
4.86934e-05
-5.66834e-06
4.80038e-05
-5.80404e-06
4.72411e-05
-5.9153e-06
4.63989e-05
-5.99769e-06
4.54708e-05
-6.04724e-06
4.44511e-05
-6.06062e-06
4.33359e-05
-6.03631e-06
4.21245e-05
-5.9741e-06
4.08174e-05
-5.87206e-06
3.94163e-05
-5.72816e-06
3.79216e-05
-5.5382e-06
3.63339e-05
-5.30014e-06
3.46583e-05
-5.01884e-06
3.29059e-05
-4.70504e-06
3.10935e-05
-4.37046e-06
2.92381e-05
-4.01946e-06
2.73588e-05
-3.65633e-06
2.54755e-05
-3.28636e-06
2.36067e-05
-2.9168e-06
2.17724e-05
-2.55966e-06
1.99957e-05
-2.22722e-06
1.82999e-05
-1.92577e-06
1.67055e-05
-1.65771e-06
1.52302e-05
-1.42476e-06
1.38865e-05
-1.22702e-06
1.26815e-05
-1.06303e-06
1.16155e-05
-9.28919e-07
1.06833e-05
-8.19017e-07
9.87501e-06
-7.29445e-07
9.17903e-06
-6.55786e-07
8.58108e-06
-5.95382e-07
8.0679e-06
-5.44252e-07
7.62479e-06
-5.01537e-07
7.24022e-06
-4.63735e-07
6.90164e-06
-4.32142e-07
6.60069e-06
-4.02778e-07
6.32783e-06
-3.80059e-07
6.07757e-06
-3.58059e-07
5.84459e-06
-3.46295e-07
5.62265e-06
-3.32591e-07
-3.329e-07
5.34373e-05
-1.17298e-06
5.37066e-05
-1.31634e-06
5.39365e-05
-1.46247e-06
5.41283e-05
-1.607e-06
5.42888e-05
-1.74408e-06
5.44272e-05
-1.86737e-06
5.455e-05
-1.97244e-06
5.466e-05
-2.0588e-06
5.47574e-05
-2.12871e-06
5.48421e-05
-2.18465e-06
5.49139e-05
-2.22827e-06
5.49731e-05
-2.26043e-06
5.502e-05
-2.2816e-06
5.50549e-05
-2.29244e-06
5.50776e-05
-2.29402e-06
5.50875e-05
-2.28787e-06
5.50843e-05
-2.27582e-06
5.50673e-05
-2.25986e-06
5.50364e-05
-2.24207e-06
5.49915e-05
-2.22445e-06
5.49327e-05
-2.2089e-06
5.48603e-05
-2.19708e-06
5.47745e-05
-2.19032e-06
5.46751e-05
-2.18971e-06
5.45621e-05
-2.19637e-06
5.44355e-05
-2.21132e-06
5.42952e-05
-2.23541e-06
5.41409e-05
-2.26922e-06
5.39723e-05
-2.31306e-06
5.37886e-05
-2.36703e-06
5.35892e-05
-2.43109e-06
5.33729e-05
-2.50511e-06
5.31383e-05
-2.58883e-06
5.28839e-05
-2.68192e-06
5.26077e-05
-2.78394e-06
5.23075e-05
-2.8944e-06
5.1981e-05
-3.01263e-06
5.16254e-05
-3.13794e-06
5.12376e-05
-3.26939e-06
5.08143e-05
-3.406e-06
5.03518e-05
-3.54642e-06
4.98461e-05
-3.68921e-06
4.92926e-05
-3.8324e-06
4.86865e-05
-3.97395e-06
4.80224e-05
-4.11125e-06
4.72949e-05
-4.24184e-06
4.64988e-05
-4.36303e-06
4.56286e-05
-4.47128e-06
4.46781e-05
-4.56215e-06
4.36411e-05
-4.63134e-06
4.25116e-05
-4.67447e-06
4.12844e-05
-4.68811e-06
3.99555e-05
-4.66876e-06
3.85217e-05
-4.61343e-06
3.69796e-05
-4.51859e-06
3.5329e-05
-4.38573e-06
3.35767e-05
-4.22174e-06
3.17304e-05
-4.02574e-06
2.9803e-05
-3.80085e-06
2.78068e-05
-3.54198e-06
2.57523e-05
-3.24561e-06
2.36592e-05
-2.92573e-06
2.15516e-05
-2.59742e-06
1.94568e-05
-2.27567e-06
1.7403e-05
-1.96562e-06
1.54218e-05
-1.67519e-06
1.35567e-05
-1.42127e-06
1.1837e-05
-1.19709e-06
1.02835e-05
-1.00612e-06
8.90943e-06
-8.5318e-07
7.72548e-06
-7.41828e-07
6.72043e-06
-6.52655e-07
5.88116e-06
-5.85482e-07
5.18501e-06
-5.30877e-07
4.60402e-06
-4.82042e-07
4.11186e-06
-4.36759e-07
3.68847e-06
-3.95631e-07
3.31924e-06
-3.60216e-07
2.99437e-06
-3.30916e-07
2.70607e-06
-3.07078e-07
2.44999e-06
-2.8817e-07
2.22174e-06
-2.73295e-07
2.01792e-06
-2.59907e-07
1.8336e-06
-2.47826e-07
1.66648e-06
-2.35656e-07
1.51176e-06
-2.25345e-07
1.36937e-06
-2.15663e-07
1.23402e-06
-2.10942e-07
1.10773e-06
-2.0631e-07
-2.20197e-07
5.34671e-05
-1.46632e-06
5.37273e-05
-1.57659e-06
5.39526e-05
-1.68772e-06
5.41438e-05
-1.79821e-06
5.43039e-05
-1.90417e-06
5.44369e-05
-2.00035e-06
5.4547e-05
-2.08255e-06
5.46371e-05
-2.14895e-06
5.47083e-05
-2.19983e-06
5.476e-05
-2.23643e-06
5.47918e-05
-2.26003e-06
5.4803e-05
-2.27159e-06
5.47933e-05
-2.27191e-06
5.47626e-05
-2.26172e-06
5.47106e-05
-2.24208e-06
5.46372e-05
-2.21441e-06
5.45419e-05
-2.18053e-06
5.44244e-05
-2.14245e-06
5.42849e-05
-2.10251e-06
5.41233e-05
-2.06284e-06
5.394e-05
-2.02558e-06
5.37358e-05
-1.99296e-06
5.35114e-05
-1.96591e-06
5.32664e-05
-1.94469e-06
5.30006e-05
-1.93061e-06
5.2714e-05
-1.92467e-06
5.24061e-05
-1.92755e-06
5.20764e-05
-1.93954e-06
5.17241e-05
-1.96068e-06
5.13478e-05
-1.99077e-06
5.09462e-05
-2.02946e-06
5.05173e-05
-2.07626e-06
5.00591e-05
-2.13061e-06
4.9569e-05
-2.1918e-06
4.90442e-05
-2.25913e-06
4.84815e-05
-2.33172e-06
4.78776e-05
-2.40868e-06
4.72286e-05
-2.48893e-06
4.65305e-05
-2.57139e-06
4.57793e-05
-2.65471e-06
4.49704e-05
-2.73754e-06
4.40993e-05
-2.81816e-06
4.31616e-05
-2.89467e-06
4.21521e-05
-2.96448e-06
4.10651e-05
-3.02421e-06
3.98957e-05
-3.07245e-06
3.86412e-05
-3.10855e-06
3.72977e-05
-3.12779e-06
3.58618e-05
-3.12617e-06
3.43307e-05
-3.10031e-06
3.27034e-05
-3.04716e-06
3.09801e-05
-2.96483e-06
2.91652e-05
-2.8538e-06
2.7264e-05
-2.71223e-06
2.52871e-05
-2.54173e-06
2.32449e-05
-2.34354e-06
2.11529e-05
-2.12969e-06
1.90371e-05
-1.90993e-06
1.69215e-05
-1.68529e-06
1.48393e-05
-1.45979e-06
1.2833e-05
-1.23923e-06
1.09404e-05
-1.03316e-06
9.1949e-06
-8.51949e-07
7.62731e-06
-7.08078e-07
6.27828e-06
-6.16587e-07
5.15483e-06
-5.51742e-07
4.23376e-06
-5.00193e-07
3.48075e-06
-4.4408e-07
2.85475e-06
-3.80123e-07
2.31865e-06
-3.17081e-07
1.84414e-06
-2.6732e-07
1.42489e-06
-2.33397e-07
1.05794e-06
-2.18534e-07
7.37296e-07
-2.10236e-07
4.56778e-07
-2.01525e-07
2.10207e-07
-1.90188e-07
-8.0394e-09
-1.77384e-07
-2.02749e-07
-1.65506e-07
-3.77313e-07
-1.56353e-07
-5.34586e-07
-1.49804e-07
-6.77761e-07
-1.44996e-07
-8.09478e-07
-1.41578e-07
-9.31081e-07
-1.38304e-07
-1.04424e-06
-1.34666e-07
-1.14959e-06
-1.3031e-07
-1.24842e-06
-1.2651e-07
-1.34013e-06
-1.23952e-07
-1.42645e-06
-1.24618e-07
-1.50317e-06
-1.2959e-07
-1.4539e-07
5.34079e-05
-1.68126e-06
5.35792e-05
-1.7478e-06
5.37063e-05
-1.81486e-06
5.37892e-05
-1.88113e-06
5.38289e-05
-1.94389e-06
5.38267e-05
-1.99816e-06
5.37842e-05
-2.04003e-06
5.37039e-05
-2.06864e-06
5.35879e-05
-2.08383e-06
5.34373e-05
-2.08577e-06
5.32522e-05
-2.075e-06
5.3033e-05
-2.05237e-06
5.27803e-05
-2.0192e-06
5.2495e-05
-1.9764e-06
5.21781e-05
-1.92519e-06
5.18308e-05
-1.86712e-06
5.14543e-05
-1.80402e-06
5.10498e-05
-1.73797e-06
5.06185e-05
-1.67116e-06
5.01613e-05
-1.6057e-06
4.96794e-05
-1.5436e-06
4.91742e-05
-1.48777e-06
4.86468e-05
-1.43858e-06
4.80972e-05
-1.39506e-06
4.75254e-05
-1.3588e-06
4.69311e-05
-1.3304e-06
4.63137e-05
-1.31011e-06
4.5672e-05
-1.29786e-06
4.50047e-05
-1.29333e-06
4.43099e-05
-1.29596e-06
4.35855e-05
-1.30507e-06
4.2829e-05
-1.31984e-06
4.20379e-05
-1.33945e-06
4.1209e-05
-1.36294e-06
4.03393e-05
-1.38938e-06
3.94253e-05
-1.41773e-06
3.84636e-05
-1.44696e-06
3.74506e-05
-1.47592e-06
3.63827e-05
-1.50354e-06
3.52565e-05
-1.52854e-06
3.40688e-05
-1.54984e-06
3.28167e-05
-1.56605e-06
3.14982e-05
-1.5761e-06
3.01116e-05
-1.57793e-06
2.86543e-05
-1.56691e-06
2.71288e-05
-1.54691e-06
2.55362e-05
-1.51597e-06
2.38795e-05
-1.47112e-06
2.2164e-05
-1.41063e-06
2.03974e-05
-1.33372e-06
1.85911e-05
-1.24083e-06
1.67575e-05
-1.13129e-06
1.49133e-05
-1.00954e-06
1.30818e-05
-8.8081e-07
1.12925e-05
-7.52365e-07
9.58374e-06
-6.34809e-07
7.99336e-06
-5.39318e-07
6.55669e-06
-4.73266e-07
5.3117e-06
-4.40302e-07
4.25605e-06
-4.04137e-07
3.37364e-06
-3.56817e-07
2.6339e-06
-2.93411e-07
2.00486e-06
-2.22907e-07
1.46123e-06
-1.64453e-07
9.75191e-07
-1.3055e-07
5.50776e-07
-1.27327e-07
1.84713e-07
-1.34129e-07
-1.28862e-07
-1.30505e-07
-3.983e-07
-1.10684e-07
-6.31187e-07
-8.41938e-08
-8.34844e-07
-6.36628e-08
-1.01366e-06
-5.45767e-08
-1.17694e-06
-5.52626e-08
-1.32718e-06
-5.99939e-08
-1.46448e-06
-6.4226e-08
-1.58905e-06
-6.56197e-08
-1.7019e-06
-6.45262e-08
-1.80496e-06
-6.24451e-08
-1.90062e-06
-6.0698e-08
-1.99051e-06
-5.99088e-08
-2.07561e-06
-5.99039e-08
-2.15689e-06
-6.02899e-08
-2.23476e-06
-6.04424e-08
-2.30935e-06
-6.00691e-08
-2.38044e-06
-5.92202e-08
-2.44815e-06
-5.88074e-08
-2.51206e-06
-6.0036e-08
-2.57175e-06
-6.49282e-08
-2.62693e-06
-7.44124e-08
-8.59655e-08
5.10765e-05
-1.45673e-06
5.07868e-05
-1.45808e-06
5.04328e-05
-1.46087e-06
5.00149e-05
-1.46325e-06
4.95342e-05
-1.46312e-06
4.89941e-05
-1.45808e-06
4.8399e-05
-1.445e-06
4.77538e-05
-1.42341e-06
4.70644e-05
-1.39444e-06
4.63358e-05
-1.35713e-06
4.55726e-05
-1.31179e-06
4.47794e-05
-1.25915e-06
4.39603e-05
-1.20016e-06
4.31198e-05
-1.13583e-06
4.22619e-05
-1.06729e-06
4.13906e-05
-9.95832e-07
4.05095e-05
-9.22963e-07
3.96219e-05
-8.50339e-07
3.87304e-05
-7.79671e-07
3.78373e-05
-7.12598e-07
3.69442e-05
-6.50532e-07
3.6051e-05
-5.94541e-07
3.51575e-05
-5.45112e-07
3.42648e-05
-5.02311e-07
3.33722e-05
-4.66191e-07
3.24785e-05
-4.36726e-07
3.15821e-05
-4.13694e-07
3.06808e-05
-3.96638e-07
2.97724e-05
-3.849e-07
2.88541e-05
-3.77692e-07
2.79232e-05
-3.74166e-07
2.69769e-05
-3.73461e-07
2.60121e-05
-3.74727e-07
2.50263e-05
-3.77134e-07
2.40169e-05
-3.79888e-07
2.29813e-05
-3.82226e-07
2.19178e-05
-3.83448e-07
2.08248e-05
-3.82903e-07
1.97013e-05
-3.80064e-07
1.85473e-05
-3.74482e-07
1.73634e-05
-3.6594e-07
1.61517e-05
-3.54337e-07
1.49156e-05
-3.40006e-07
1.3661e-05
-3.2341e-07
1.24e-05
-3.05906e-07
1.11421e-05
-2.88974e-07
9.89983e-06
-2.73694e-07
8.68929e-06
-2.60581e-07
7.52814e-06
-2.49483e-07
6.43361e-06
-2.39193e-07
5.42113e-06
-2.2836e-07
4.5044e-06
-2.14552e-07
3.68198e-06
-1.87118e-07
2.95163e-06
-1.50465e-07
2.30718e-06
-1.07909e-07
1.73987e-06
-6.7499e-08
1.24017e-06
-3.9622e-08
7.96457e-07
-2.95491e-08
3.95056e-07
-3.89019e-08
4.48048e-08
-5.38858e-08
-2.53562e-07
-5.84506e-08
-5.02138e-07
-4.4835e-08
-7.04483e-07
-2.05621e-08
-8.69773e-07
8.3739e-10
-1.01025e-06
9.92582e-09
-1.14152e-06
3.94111e-09
-1.26863e-06
-7.02077e-09
-1.38492e-06
-1.42129e-08
-1.48261e-06
-1.29879e-08
-1.55983e-06
-6.98189e-09
-1.62191e-06
-1.57744e-09
-1.6767e-06
2.16999e-10
-1.73009e-06
-1.88094e-09
-1.78442e-06
-5.66396e-09
-1.83956e-06
-9.07942e-09
-1.894e-06
-1.11838e-08
-1.94644e-06
-1.20826e-08
-1.99651e-06
-1.23735e-08
-2.04461e-06
-1.26021e-08
-2.09151e-06
-1.30131e-08
-2.1378e-06
-1.36115e-08
-2.1838e-06
-1.42909e-08
-2.22941e-06
-1.48315e-08
-2.27436e-06
-1.51196e-08
-2.31837e-06
-1.52074e-08
-2.36164e-06
-1.55404e-08
-2.40463e-06
-1.70422e-08
-2.44821e-06
-2.13514e-08
-2.49367e-06
-2.89541e-08
-3.59048e-08
3.50102e-05
3.35521e-05
3.20912e-05
3.0628e-05
2.91648e-05
2.77068e-05
2.62618e-05
2.48384e-05
2.34439e-05
2.20868e-05
2.0775e-05
1.95158e-05
1.83157e-05
1.71798e-05
1.61126e-05
1.51167e-05
1.41938e-05
1.33434e-05
1.25637e-05
1.18512e-05
1.12006e-05
1.06061e-05
1.0061e-05
9.55866e-06
9.09246e-06
8.65574e-06
8.24204e-06
7.84541e-06
7.46051e-06
7.08281e-06
6.70865e-06
6.33519e-06
5.96046e-06
5.58333e-06
5.20344e-06
4.82121e-06
4.43776e-06
4.05486e-06
3.6748e-06
3.30031e-06
2.93437e-06
2.58004e-06
2.24003e-06
1.91662e-06
1.61071e-06
1.32174e-06
1.04805e-06
7.87466e-07
5.37983e-07
2.9879e-07
7.043e-08
-1.44122e-07
-3.3124e-07
-4.81705e-07
-5.89614e-07
-6.57113e-07
-6.96735e-07
-7.26284e-07
-7.65186e-07
-8.19072e-07
-8.77522e-07
-9.22358e-07
-9.4292e-07
-9.42082e-07
-9.32156e-07
-9.28215e-07
-9.35236e-07
-9.49449e-07
-9.62437e-07
-9.69419e-07
-9.70996e-07
-9.70779e-07
-9.7266e-07
-9.78324e-07
-9.87403e-07
-9.98587e-07
-1.01067e-06
-1.02304e-06
-1.03565e-06
-1.04866e-06
-1.06227e-06
-1.07656e-06
-1.09139e-06
-1.10651e-06
-1.12172e-06
-1.13726e-06
-1.1543e-06
-1.17565e-06
-1.20461e-06
)
;

boundaryField
{
    fixedWalls
    {
        type            calculated;
        value           uniform 0;
    }
    inflowWall
    {
        type            calculated;
        value           nonuniform List<scalar> 10(-5e-05 -5e-05 -5e-05 -5e-05 -5e-05 -5e-05 -5e-05 -5e-05 -5e-05 -5e-05);
    }
    outflowWall
    {
        type            calculated;
        value           nonuniform List<scalar> 
20
(
1.23519e-05
2.53529e-05
3.40289e-05
4.11398e-05
4.65422e-05
4.97278e-05
5.05183e-05
4.9303e-05
4.67948e-05
4.32794e-05
3.81875e-05
3.0772e-05
2.14104e-05
1.2231e-05
5.41366e-06
9.95032e-07
-1.57798e-06
-2.68635e-06
-2.54373e-06
-1.24051e-06
)
;
    }
    frontAndBack
    {
        type            empty;
        value           nonuniform List<scalar> 0();
    }
}


// ************************************************************************* //
