/*--------------------------------*- C++ -*----------------------------------*\
| =========                 |                                                 |
| \\      /  F ield         | OpenFOAM: The Open Source CFD Toolbox           |
|  \\    /   O peration     | Version:  2306                                  |
|   \\  /    A nd           | Website:  www.openfoam.com                      |
|    \\/     M anipulation  |                                                 |
\*---------------------------------------------------------------------------*/
FoamFile
{
    version     2.0;
    format      ascii;
    arch        "LSB;label=32;scalar=64";
    class       volVectorField;
    location    "4.53";
    object      U;
}
// * * * * * * * * * * * * * * * * * * * * * * * * * * * * * * * * * * * * * //

dimensions      [0 1 -1 0 0 0 0];

internalField   nonuniform List<vector> 
1900
(
(0.98428 0.00728733 0)
(0.961753 0.0216867 0)
(0.952338 0.0181718 0)
(0.918698 0.0253054 0)
(0.903433 0.0154344 0)
(0.863071 0.0257497 0)
(0.852292 0.0115879 0)
(0.811977 0.0267247 0)
(0.809703 0.00454264 0)
(0.770515 0.0259624 0)
(1.00256 0.0115587 0)
(1.00446 0.0258605 0)
(1.01944 0.0289617 0)
(1.02198 0.0304524 0)
(1.03488 0.0279991 0)
(1.03397 0.0284107 0)
(1.04407 0.0257718 0)
(1.0428 0.0250746 0)
(1.05122 0.0206381 0)
(1.0523 0.0161596 0)
(1.00048 0.00388575 0)
(1.00419 0.0111536 0)
(1.01255 0.0139954 0)
(1.02113 0.0157826 0)
(1.03154 0.0147048 0)
(1.04054 0.0144094 0)
(1.04999 0.0123606 0)
(1.0584 0.010909 0)
(1.06688 0.00727901 0)
(1.07471 0.00310924 0)
(1.00007 0.00207649 0)
(1.00313 0.0058411 0)
(1.00888 0.00805142 0)
(1.01649 0.00902938 0)
(1.02528 0.00854704 0)
(1.03431 0.00744348 0)
(1.04324 0.0056583 0)
(1.0518 0.0034891 0)
(1.05998 0.000654132 0)
(1.06765 -0.00287298 0)
(1.00003 0.00042398 0)
(1.00261 0.00117032 0)
(1.00738 0.00143138 0)
(1.01402 0.00114821 0)
(1.02191 0.000246556 0)
(1.03035 -0.00112175 0)
(1.03879 -0.00292125 0)
(1.04691 -0.00513013 0)
(1.05459 -0.00779522 0)
(1.06173 -0.0109789 0)
(1.00003 -0.00106104 0)
(1.00255 -0.00302825 0)
(1.0072 -0.00475134 0)
(1.01366 -0.00619123 0)
(1.02133 -0.00749352 0)
(1.02948 -0.00885925 0)
(1.03758 -0.0104744 0)
(1.04532 -0.0124498 0)
(1.05258 -0.0148261 0)
(1.05935 -0.0175737 0)
(1.00003 -0.00271071 0)
(1.00303 -0.00743256 0)
(1.00836 -0.0110592 0)
(1.01545 -0.0134962 0)
(1.02346 -0.0151214 0)
(1.03163 -0.016484 0)
(1.03949 -0.0179892 0)
(1.04689 -0.0198151 0)
(1.05381 -0.0219549 0)
(1.06029 -0.0243189 0)
(1.00004 -0.00476907 0)
(1.00441 -0.0122325 0)
(1.01137 -0.0169157 0)
(1.0198 -0.0193459 0)
(1.02839 -0.0206716 0)
(1.03639 -0.0218415 0)
(1.04359 -0.0233042 0)
(1.05007 -0.0250868 0)
(1.05594 -0.0270481 0)
(1.06124 -0.0290547 0)
(1.00006 -0.0121185 0)
(1.00722 -0.0259509 0)
(1.01558 -0.0314275 0)
(1.02287 -0.0325751 0)
(1.02794 -0.0326574 0)
(1.03073 -0.0330309 0)
(1.03174 -0.0338077 0)
(1.03143 -0.0347248 0)
(1.03002 -0.0355666 0)
(1.02752 -0.0362738 0)
(0.980777 -0.00916342 0)
(0.964586 -0.0188212 0)
(0.945459 -0.0220455 0)
(0.920792 -0.0221843 0)
(0.892004 -0.0217375 0)
(0.861693 -0.0215755 0)
(0.831457 -0.0216065 0)
(0.801774 -0.021595 0)
(0.772575 -0.0214171 0)
(0.743617 -0.0210883 0)
(0.000207314 -0.000109469 0)
(0.00034686 -2.04675e-05 0)
(8.73783e-05 2.69643e-05 0)
(-0.000393883 5.61993e-05 0)
(-0.0010377 7.41004e-05 0)
(-0.00180202 9.13435e-05 0)
(-0.00267327 0.000111456 0)
(-0.00364641 0.000133394 0)
(-0.00471617 0.00015596 0)
(-0.00587628 0.000178474 0)
(-0.00711981 0.000200535 0)
(-0.00843943 0.000221861 0)
(-0.0098277 0.000242211 0)
(-0.0112773 0.000261388 0)
(-0.0127813 0.000279234 0)
(-0.0143329 0.000295642 0)
(-0.0159259 0.000310549 0)
(-0.0175546 0.000323926 0)
(-0.0192139 0.000335746 0)
(-0.0208994 0.000346023 0)
(-0.0226075 0.000354817 0)
(-0.024336 0.000362227 0)
(-0.0260837 0.000368377 0)
(-0.0278509 0.000373396 0)
(-0.0296392 0.000377422 0)
(-0.0314519 0.000380614 0)
(-0.0332937 0.000383105 0)
(-0.035171 0.000384927 0)
(-0.0370916 0.000385931 0)
(-0.0390645 0.000385722 0)
(-0.0410995 0.000383586 0)
(-0.0432075 0.000378485 0)
(-0.0454004 0.000369362 0)
(-0.0476922 0.000355906 0)
(-0.050102 0.000339569 0)
(-0.0526566 0.000324422 0)
(-0.0553936 0.000318273 0)
(-0.0583658 0.000334067 0)
(-0.0616447 0.000390861 0)
(-0.0653234 0.000514417 0)
(-0.069518 0.000736123 0)
(-0.0743627 0.00108858 0)
(-0.0799987 0.00159712 0)
(-0.0865531 0.00226961 0)
(-0.0941116 0.00308716 0)
(-0.102689 0.00399942 0)
(-0.112202 0.00492818 0)
(-0.122458 0.00577771 0)
(-0.133157 0.00644881 0)
(-0.143907 0.00685899 0)
(-0.154271 0.00695908 0)
(-0.163796 0.00674016 0)
(-0.172037 0.00624033 0)
(-0.1786 0.00555375 0)
(-0.183173 0.00475697 0)
(-0.185522 0.00379443 0)
(-0.185483 0.00266735 0)
(-0.183016 0.00141876 0)
(-0.178112 0.000124001 0)
(-0.170803 -0.00116676 0)
(-0.161173 -0.00242234 0)
(-0.149451 -0.00356761 0)
(-0.135788 -0.00462372 0)
(-0.120443 -0.00553504 0)
(-0.103649 -0.00629234 0)
(-0.0856666 -0.00690512 0)
(-0.0668079 -0.00736064 0)
(-0.0472495 -0.00763001 0)
(-0.0274924 -0.00775 0)
(-0.00743618 -0.007763 0)
(0.0122256 -0.00764001 0)
(0.031893 -0.00743271 0)
(0.0506234 -0.00710109 0)
(0.0691748 -0.00672986 0)
(0.0863334 -0.00625711 0)
(0.103264 -0.00579161 0)
(0.118437 -0.00524693 0)
(0.133494 -0.00475754 0)
(0.146481 -0.00421184 0)
(0.159629 -0.00376953 0)
(0.170411 -0.00327691 0)
(0.181837 -0.00292492 0)
(0.190533 -0.00252022 0)
(0.200631 -0.00229463 0)
(0.207425 -0.00200911 0)
(0.216807 -0.00194283 0)
(0.221801 -0.00177855 0)
(0.23149 -0.00189949 0)
(0.234432 -0.00182995 0)
(0.246217 -0.00235316 0)
(6.30845e-05 -0.000519749 0)
(-0.000520655 0.000138595 0)
(-0.00201135 0.000709255 0)
(-0.00391843 0.00111308 0)
(-0.00621019 0.0013917 0)
(-0.00881318 0.00161288 0)
(-0.01169 0.0018128 0)
(-0.0148126 0.00199954 0)
(-0.0181519 0.00217324 0)
(-0.0216806 0.0023331 0)
(-0.0253726 0.00247841 0)
(-0.0292032 0.00260898 0)
(-0.0331492 0.0027251 0)
(-0.0371893 0.00282739 0)
(-0.0413045 0.00291666 0)
(-0.0454781 0.00299388 0)
(-0.0496959 0.00306012 0)
(-0.0539463 0.00311653 0)
(-0.0582205 0.00316437 0)
(-0.0625124 0.00320533 0)
(-0.0668191 0.00324157 0)
(-0.071141 0.0032755 0)
(-0.0754819 0.00330973 0)
(-0.079849 0.003347 0)
(-0.0842526 0.00339026 0)
(-0.0887064 0.00344265 0)
(-0.0932276 0.00350749 0)
(-0.0978364 0.00358798 0)
(-0.102556 0.00368712 0)
(-0.107411 0.00380775 0)
(-0.11243 0.00395263 0)
(-0.117642 0.00412484 0)
(-0.123076 0.00432879 0)
(-0.128763 0.00457202 0)
(-0.134736 0.00486633 0)
(-0.14103 0.00522698 0)
(-0.147675 0.00567266 0)
(-0.154698 0.00622552 0)
(-0.162117 0.00690848 0)
(-0.169933 0.00774162 0)
(-0.178125 0.00873584 0)
(-0.186642 0.00988353 0)
(-0.195394 0.0111484 0)
(-0.204245 0.0124609 0)
(-0.213007 0.0137171 0)
(-0.221447 0.014788 0)
(-0.229289 0.0155371 0)
(-0.236238 0.015841 0)
(-0.241984 0.015599 0)
(-0.246215 0.0147492 0)
(-0.248636 0.013285 0)
(-0.248975 0.0112443 0)
(-0.246965 0.00865231 0)
(-0.242462 0.00558275 0)
(-0.235547 0.00212712 0)
(-0.226085 -0.0015374 0)
(-0.214111 -0.00534021 0)
(-0.19964 -0.00915017 0)
(-0.182725 -0.0128928 0)
(-0.163574 -0.0164682 0)
(-0.142191 -0.0198418 0)
(-0.119051 -0.0227343 0)
(-0.0941408 -0.0253719 0)
(-0.0678901 -0.0276077 0)
(-0.0405124 -0.0294616 0)
(-0.0121836 -0.0309113 0)
(0.0165534 -0.0319301 0)
(0.0461101 -0.0325576 0)
(0.0750549 -0.032781 0)
(0.104689 -0.0326828 0)
(0.132846 -0.0322163 0)
(0.161817 -0.0315194 0)
(0.188417 -0.0304952 0)
(0.216087 -0.0293496 0)
(0.240506 -0.0279344 0)
(0.266473 -0.026514 0)
(0.288274 -0.0248811 0)
(0.312386 -0.0233569 0)
(0.331296 -0.0216658 0)
(0.353648 -0.0201931 0)
(0.369529 -0.01858 0)
(0.39046 -0.0172876 0)
(0.403251 -0.0158585 0)
(0.423319 -0.0148545 0)
(0.432992 -0.0136927 0)
(0.452979 -0.0130735 0)
(0.459503 -0.0122386 0)
(0.48042 -0.0121031 0)
(0.483699 -0.0116472 0)
(0.506646 -0.0121718 0)
(-0.000158738 0.000421726 0)
(-0.00194113 0.00228298 0)
(-0.0054156 0.00350053 0)
(-0.00936599 0.00431698 0)
(-0.0137573 0.00495484 0)
(-0.0184879 0.00551993 0)
(-0.0235164 0.00603747 0)
(-0.0288039 0.00650769 0)
(-0.0342979 0.00692643 0)
(-0.0399475 0.00729245 0)
(-0.0457068 0.00760602 0)
(-0.0515344 0.00786931 0)
(-0.0573951 0.00808606 0)
(-0.063259 0.00826071 0)
(-0.0691019 0.0083981 0)
(-0.0749046 0.0085033 0)
(-0.0806527 0.00858157 0)
(-0.0863358 0.00863848 0)
(-0.0919473 0.00868006 0)
(-0.0974836 0.00871244 0)
(-0.102945 0.00874195 0)
(-0.108334 0.00877507 0)
(-0.113658 0.00881834 0)
(-0.118923 0.00887814 0)
(-0.12414 0.00896079 0)
(-0.129316 0.00907263 0)
(-0.134464 0.00921982 0)
(-0.139592 0.0094078 0)
(-0.144708 0.00964094 0)
(-0.14982 0.00992257 0)
(-0.154929 0.0102549 0)
(-0.160034 0.0106389 0)
(-0.165125 0.011075 0)
(-0.170189 0.0115643 0)
(-0.175203 0.012109 0)
(-0.18014 0.0127123 0)
(-0.18496 0.0133747 0)
(-0.18961 0.0140954 0)
(-0.194022 0.0148691 0)
(-0.19811 0.015683 0)
(-0.201769 0.0165145 0)
(-0.204878 0.0173279 0)
(-0.207293 0.0180668 0)
(-0.208854 0.0186417 0)
(-0.209386 0.0189383 0)
(-0.208705 0.0188256 0)
(-0.206627 0.0181733 0)
(-0.202998 0.016886 0)
(-0.197673 0.014887 0)
(-0.190521 0.0121147 0)
(-0.181442 0.00856523 0)
(-0.170492 0.00431431 0)
(-0.157519 -0.000563431 0)
(-0.142659 -0.00599062 0)
(-0.125845 -0.0118993 0)
(-0.107024 -0.0180155 0)
(-0.0862923 -0.0241954 0)
(-0.063958 -0.0302299 0)
(-0.0398619 -0.0360624 0)
(-0.0145589 -0.041551 0)
(0.0123622 -0.04658 0)
(0.0403934 -0.0510042 0)
(0.0694088 -0.0548831 0)
(0.0991139 -0.05807 0)
(0.129169 -0.0606626 0)
(0.1599 -0.0625666 0)
(0.190093 -0.0638011 0)
(0.221081 -0.0644058 0)
(0.250562 -0.0644283 0)
(0.281072 -0.0639022 0)
(0.309037 -0.0628463 0)
(0.338469 -0.061378 0)
(0.364307 -0.0594745 0)
(0.392255 -0.0573195 0)
(0.415512 -0.0548372 0)
(0.441774 -0.0522711 0)
(0.462157 -0.0494813 0)
(0.486745 -0.0467682 0)
(0.504103 -0.0439153 0)
(0.52722 -0.0412854 0)
(0.541509 -0.0385753 0)
(0.563531 -0.0362253 0)
(0.574774 -0.0338264 0)
(0.596219 -0.0319186 0)
(0.604483 -0.029963 0)
(0.625994 -0.028636 0)
(0.631365 -0.0272381 0)
(0.653686 -0.0266346 0)
(0.656236 -0.0259066 0)
(0.680153 -0.0261626 0)
(-0.00091945 0.00120545 0)
(-0.00478958 0.00508314 0)
(-0.0106993 0.0075593 0)
(-0.0167595 0.00922371 0)
(-0.0231494 0.0104634 0)
(-0.0298198 0.0114498 0)
(-0.0366861 0.0122555 0)
(-0.0436519 0.012918 0)
(-0.0506276 0.0134521 0)
(-0.0575419 0.01387 0)
(-0.0643407 0.0141846 0)
(-0.0709804 0.0144078 0)
(-0.0774293 0.0145515 0)
(-0.0836649 0.0146272 0)
(-0.0896723 0.0146463 0)
(-0.0954422 0.0146194 0)
(-0.10097 0.0145565 0)
(-0.106253 0.0144671 0)
(-0.111293 0.0143602 0)
(-0.116092 0.0142449 0)
(-0.120654 0.0141297 0)
(-0.124983 0.0140224 0)
(-0.129084 0.0139304 0)
(-0.132958 0.0138597 0)
(-0.136606 0.0138156 0)
(-0.140029 0.0138027 0)
(-0.143221 0.0138247 0)
(-0.146178 0.0138839 0)
(-0.148889 0.01398 0)
(-0.151338 0.0141109 0)
(-0.153508 0.0142726 0)
(-0.155372 0.014459 0)
(-0.156899 0.0146624 0)
(-0.158048 0.0148749 0)
(-0.158773 0.0150909 0)
(-0.159022 0.0153088 0)
(-0.158733 0.0155179 0)
(-0.157835 0.0157079 0)
(-0.156246 0.0158627 0)
(-0.153871 0.0159578 0)
(-0.150598 0.0159587 0)
(-0.146312 0.0158235 0)
(-0.140908 0.0155015 0)
(-0.134269 0.0148958 0)
(-0.126293 0.0138926 0)
(-0.116885 0.0123731 0)
(-0.105932 0.0101876 0)
(-0.0934219 0.00727239 0)
(-0.0793639 0.00356439 0)
(-0.0637583 -0.00091499 0)
(-0.0465423 -0.00620234 0)
(-0.0279602 -0.0122291 0)
(-0.00767746 -0.018909 0)
(0.0138836 -0.0260148 0)
(0.0369693 -0.0333534 0)
(0.0611149 -0.0407769 0)
(0.086796 -0.0482303 0)
(0.113265 -0.0554759 0)
(0.141101 -0.0624526 0)
(0.169525 -0.0689946 0)
(0.198954 -0.074898 0)
(0.228732 -0.0800664 0)
(0.25915 -0.0845947 0)
(0.289729 -0.0882158 0)
(0.320265 -0.0910723 0)
(0.350932 -0.092975 0)
(0.380782 -0.0940894 0)
(0.410875 -0.0943137 0)
(0.43929 -0.0938177 0)
(0.468237 -0.0925628 0)
(0.49459 -0.0906961 0)
(0.521968 -0.0882476 0)
(0.5458 -0.0853321 0)
(0.571367 -0.0820413 0)
(0.592383 -0.0784378 0)
(0.616084 -0.0746713 0)
(0.634142 -0.0707344 0)
(0.65609 -0.0668358 0)
(0.671177 -0.0628818 0)
(0.691635 -0.0591491 0)
(0.703822 -0.0554423 0)
(0.723169 -0.0521227 0)
(0.732586 -0.0488738 0)
(0.751297 -0.0461661 0)
(0.758099 -0.0435398 0)
(0.776719 -0.0416086 0)
(0.781066 -0.0397412 0)
(0.800195 -0.0387363 0)
(0.802231 -0.0377496 0)
(0.822511 -0.0378087 0)
(-0.00127626 0.00690796 0)
(-0.00686446 0.0137485 0)
(-0.015491 0.0163774 0)
(-0.0239922 0.017544 0)
(-0.0325107 0.0183884 0)
(-0.0408003 0.0191825 0)
(-0.0487316 0.0198768 0)
(-0.0562632 0.0203945 0)
(-0.0633642 0.0207166 0)
(-0.0700015 0.0208694 0)
(-0.0761562 0.0208815 0)
(-0.0818214 0.0207778 0)
(-0.0869996 0.0205806 0)
(-0.0916999 0.0203093 0)
(-0.0959354 0.0199809 0)
(-0.099722 0.0196098 0)
(-0.103076 0.0192085 0)
(-0.106014 0.018787 0)
(-0.10855 0.018354 0)
(-0.110697 0.0179184 0)
(-0.112467 0.0174879 0)
(-0.113867 0.0170693 0)
(-0.114905 0.0166678 0)
(-0.115583 0.0162869 0)
(-0.115899 0.0159285 0)
(-0.115848 0.0155931 0)
(-0.115419 0.0152811 0)
(-0.1146 0.0149916 0)
(-0.113373 0.0147188 0)
(-0.111717 0.0144556 0)
(-0.109605 0.0141921 0)
(-0.107006 0.0139166 0)
(-0.103883 0.0136151 0)
(-0.100188 0.0132733 0)
(-0.0958653 0.0128811 0)
(-0.0908787 0.0124469 0)
(-0.0851529 0.01194 0)
(-0.0786281 0.0113423 0)
(-0.0712273 0.0106315 0)
(-0.0628683 0.00977977 0)
(-0.0534484 0.00874534 0)
(-0.0428517 0.0074646 0)
(-0.0310698 0.00586423 0)
(-0.017991 0.00388543 0)
(-0.00353429 0.00144535 0)
(0.0122631 -0.00155013 0)
(0.0294817 -0.00519943 0)
(0.0480338 -0.00955962 0)
(0.0680116 -0.0147167 0)
(0.0892214 -0.0206369 0)
(0.111903 -0.0273092 0)
(0.135526 -0.0345707 0)
(0.160556 -0.0423888 0)
(0.18629 -0.0505797 0)
(0.213369 -0.0590407 0)
(0.240854 -0.0675121 0)
(0.26961 -0.0759554 0)
(0.298496 -0.084055 0)
(0.328467 -0.0918119 0)
(0.358272 -0.0988918 0)
(0.388856 -0.105329 0)
(0.418972 -0.110819 0)
(0.44947 -0.115489 0)
(0.479264 -0.119059 0)
(0.508919 -0.121707 0)
(0.537726 -0.12321 0)
(0.565836 -0.123798 0)
(0.593118 -0.123309 0)
(0.619112 -0.122003 0)
(0.644488 -0.119772 0)
(0.667962 -0.116885 0)
(0.691229 -0.113282 0)
(0.711947 -0.10922 0)
(0.733074 -0.104682 0)
(0.750952 -0.0998902 0)
(0.770056 -0.0948645 0)
(0.785134 -0.08977 0)
(0.80245 -0.0846647 0)
(0.814849 -0.0796417 0)
(0.8307 -0.074804 0)
(0.840591 -0.0701587 0)
(0.855361 -0.0658685 0)
(0.862934 -0.061841 0)
(0.877047 -0.058318 0)
(0.882489 -0.0550925 0)
(0.896399 -0.0525114 0)
(0.899875 -0.050233 0)
(0.91406 -0.0487416 0)
(0.915699 -0.0475359 0)
(0.930651 -0.0472777 0)
(-0.00367604 0.00678765 0)
(-0.0135 0.0172208 0)
(-0.024563 0.0219491 0)
(-0.0336979 0.0246262 0)
(-0.0419868 0.0262366 0)
(-0.049625 0.0270996 0)
(-0.05657 0.0273927 0)
(-0.0626945 0.0273014 0)
(-0.0679052 0.026963 0)
(-0.0722038 0.0264494 0)
(-0.0756465 0.0258072 0)
(-0.0782925 0.0250694 0)
(-0.0802019 0.0242642 0)
(-0.0814319 0.0234142 0)
(-0.0820357 0.0225372 0)
(-0.0820617 0.0216471 0)
(-0.0815533 0.0207544 0)
(-0.080547 0.0198658 0)
(-0.0790733 0.0189858 0)
(-0.0771579 0.01812 0)
(-0.074821 0.0172723 0)
(-0.0720777 0.0164451 0)
(-0.0689384 0.0156391 0)
(-0.0654072 0.0148529 0)
(-0.0614816 0.0140829 0)
(-0.0571519 0.0133248 0)
(-0.0524057 0.0125767 0)
(-0.0472311 0.0118375 0)
(-0.0416017 0.0110963 0)
(-0.0354921 0.0103412 0)
(-0.028872 0.00955955 0)
(-0.0217076 0.00873668 0)
(-0.0139602 0.00785533 0)
(-0.0055811 0.00689494 0)
(0.00352942 0.00582364 0)
(0.0133224 0.00461043 0)
(0.0239099 0.00325543 0)
(0.0353435 0.00174586 0)
(0.0476942 5.04579e-05 0)
(0.0610257 -0.00186653 0)
(0.0754069 -0.004044 0)
(0.090912 -0.00652471 0)
(0.107574 -0.00937894 0)
(0.125436 -0.012678 0)
(0.144644 -0.0164865 0)
(0.165065 -0.0208889 0)
(0.186873 -0.0259337 0)
(0.209766 -0.0316432 0)
(0.234038 -0.0380433 0)
(0.259183 -0.0451066 0)
(0.285654 -0.0528394 0)
(0.312702 -0.0610964 0)
(0.340952 -0.0698329 0)
(0.369445 -0.0788225 0)
(0.398993 -0.0879965 0)
(0.428412 -0.0970671 0)
(0.458693 -0.105983 0)
(0.488452 -0.114423 0)
(0.518824 -0.122367 0)
(0.548259 -0.129484 0)
(0.578004 -0.135809 0)
(0.606413 -0.141025 0)
(0.634804 -0.145252 0)
(0.661541 -0.148216 0)
(0.687942 -0.150114 0)
(0.712497 -0.150721 0)
(0.736439 -0.150306 0)
(0.758514 -0.148692 0)
(0.779736 -0.146203 0)
(0.799242 -0.142698 0)
(0.81767 -0.138537 0)
(0.834695 -0.133602 0)
(0.8504 -0.128265 0)
(0.865162 -0.122418 0)
(0.878315 -0.116421 0)
(0.891116 -0.110167 0)
(0.901944 -0.103987 0)
(0.913131 -0.0977738 0)
(0.921879 -0.0918153 0)
(0.931811 -0.086009 0)
(0.938714 -0.0805931 0)
(0.94775 -0.0754795 0)
(0.953016 -0.0708501 0)
(0.961503 -0.0666452 0)
(0.965306 -0.0629838 0)
(0.97358 -0.059852 0)
(0.976048 -0.0572962 0)
(0.984438 -0.0553705 0)
(0.985642 -0.0540355 0)
(0.994462 -0.0534405 0)
(-0.00179851 0.028784 0)
(-0.00959474 0.0405215 0)
(-0.024122 0.0404622 0)
(-0.0355504 0.0380493 0)
(-0.0446093 0.0362089 0)
(-0.0510508 0.034727 0)
(-0.055176 0.0332544 0)
(-0.0573829 0.0317165 0)
(-0.0580331 0.0301261 0)
(-0.0574042 0.0285077 0)
(-0.0556858 0.0268843 0)
(-0.0530246 0.0252693 0)
(-0.0495464 0.0236801 0)
(-0.045357 0.0221285 0)
(-0.0405455 0.0206205 0)
(-0.0351871 0.0191591 0)
(-0.0293479 0.0177456 0)
(-0.0230758 0.0163737 0)
(-0.0164083 0.0150382 0)
(-0.0093803 0.0137417 0)
(-0.00201615 0.0124841 0)
(0.00566956 0.0112623 0)
(0.0136653 0.0100733 0)
(0.0219705 0.00891068 0)
(0.0305941 0.00776305 0)
(0.039558 0.00661732 0)
(0.0488857 0.00545554 0)
(0.0585721 0.00426179 0)
(0.0686631 0.00303141 0)
(0.0791926 0.0017558 0)
(0.0901979 0.000418861 0)
(0.101719 -0.00099999 0)
(0.113805 -0.00252185 0)
(0.126483 -0.00417177 0)
(0.139838 -0.00596457 0)
(0.153845 -0.0079384 0)
(0.168629 -0.0101202 0)
(0.18423 -0.0125318 0)
(0.200712 -0.0151992 0)
(0.218099 -0.0181584 0)
(0.236484 -0.0214463 0)
(0.255852 -0.0251073 0)
(0.276332 -0.0291735 0)
(0.297826 -0.0336935 0)
(0.320516 -0.0387274 0)
(0.344178 -0.0443205 0)
(0.369039 -0.0505176 0)
(0.394711 -0.0573189 0)
(0.421497 -0.0647401 0)
(0.44883 -0.0727226 0)
(0.477117 -0.0812417 0)
(0.505598 -0.0901547 0)
(0.534801 -0.0993869 0)
(0.56376 -0.108722 0)
(0.593167 -0.118067 0)
(0.621844 -0.127156 0)
(0.650676 -0.135902 0)
(0.678278 -0.144014 0)
(0.705751 -0.151445 0)
(0.731517 -0.157901 0)
(0.75691 -0.163398 0)
(0.780194 -0.167662 0)
(0.802937 -0.170798 0)
(0.823293 -0.172568 0)
(0.843047 -0.173174 0)
(0.860294 -0.172421 0)
(0.876987 -0.170602 0)
(0.891213 -0.167555 0)
(0.905005 -0.163648 0)
(0.916494 -0.158735 0)
(0.927692 -0.153234 0)
(0.936842 -0.146998 0)
(0.945824 -0.140466 0)
(0.953073 -0.133472 0)
(0.960223 -0.126461 0)
(0.965995 -0.119232 0)
(0.971659 -0.112224 0)
(0.97633 -0.105202 0)
(0.980799 -0.0985926 0)
(0.984687 -0.092127 0)
(0.988183 -0.086219 0)
(0.99155 -0.0805721 0)
(0.99424 -0.075589 0)
(0.997301 -0.0709521 0)
(0.999293 -0.0670556 0)
(1.00223 -0.0635694 0)
(1.00358 -0.0608798 0)
(1.00654 -0.0586541 0)
(1.00725 -0.0572682 0)
(1.01036 -0.0563968 0)
(-0.0196234 0.00824725 0)
(-0.0378976 0.0319067 0)
(-0.0411308 0.0392347 0)
(-0.043261 0.0400252 0)
(-0.0421728 0.0383652 0)
(-0.0387346 0.0356075 0)
(-0.0334024 0.0325407 0)
(-0.0265176 0.0294946 0)
(-0.0183356 0.0265718 0)
(-0.0091421 0.0238369 0)
(0.0008786 0.0212699 0)
(0.0115662 0.0188437 0)
(0.0227639 0.0165561 0)
(0.0343605 0.0144013 0)
(0.0462684 0.0123703 0)
(0.0584225 0.0104539 0)
(0.070748 0.00864617 0)
(0.083221 0.00694391 0)
(0.0958376 0.00533375 0)
(0.10856 0.00379026 0)
(0.121375 0.00229208 0)
(0.134287 0.000824626 0)
(0.147293 -0.000622709 0)
(0.160399 -0.002061 0)
(0.173637 -0.00349923 0)
(0.187031 -0.00495132 0)
(0.200615 -0.00643494 0)
(0.214407 -0.0079731 0)
(0.228464 -0.00958531 0)
(0.242832 -0.0112895 0)
(0.257552 -0.0131036 0)
(0.272669 -0.0150499 0)
(0.288232 -0.0171509 0)
(0.304282 -0.0194305 0)
(0.320875 -0.0219138 0)
(0.338047 -0.0246123 0)
(0.355855 -0.0275522 0)
(0.374331 -0.0307683 0)
(0.393535 -0.0342853 0)
(0.41347 -0.0381368 0)
(0.434205 -0.0423482 0)
(0.455702 -0.0469558 0)
(0.478045 -0.0519868 0)
(0.501129 -0.0574774 0)
(0.525046 -0.0634531 0)
(0.549601 -0.0699376 0)
(0.574896 -0.0769383 0)
(0.600614 -0.0844423 0)
(0.626881 -0.0924218 0)
(0.653241 -0.100812 0)
(0.679879 -0.109544 0)
(0.706189 -0.118492 0)
(0.73244 -0.12755 0)
(0.757857 -0.136537 0)
(0.782864 -0.145324 0)
(0.80651 -0.153691 0)
(0.829435 -0.161515 0)
(0.850508 -0.16856 0)
(0.87065 -0.174749 0)
(0.888539 -0.17985 0)
(0.905432 -0.183863 0)
(0.919805 -0.186581 0)
(0.933284 -0.188102 0)
(0.944131 -0.188255 0)
(0.954336 -0.18724 0)
(0.961939 -0.184914 0)
(0.969278 -0.181578 0)
(0.974148 -0.1771 0)
(0.979181 -0.171867 0)
(0.981926 -0.16574 0)
(0.985248 -0.159162 0)
(0.986462 -0.15196 0)
(0.98861 -0.144612 0)
(0.9888 -0.136894 0)
(0.990203 -0.129302 0)
(0.989759 -0.121553 0)
(0.990725 -0.114158 0)
(0.989916 -0.106772 0)
(0.990645 -0.0999212 0)
(0.989644 -0.0932033 0)
(0.990254 -0.0871592 0)
(0.98916 -0.0813328 0)
(0.989708 -0.0762863 0)
(0.988571 -0.0715118 0)
(0.989071 -0.0675989 0)
(0.987903 -0.063991 0)
(0.988332 -0.0613114 0)
(0.987118 -0.0589573 0)
(0.987413 -0.0575892 0)
(0.986113 -0.0565581 0)
(-0.0190038 0.107972 0)
(-0.018212 0.072768 0)
(-0.0113751 0.0580493 0)
(0.00111284 0.0461521 0)
(0.0174528 0.0363364 0)
(0.0359544 0.0287935 0)
(0.0556701 0.0228708 0)
(0.0758655 0.0180095 0)
(0.0963443 0.0138288 0)
(0.116596 0.0101465 0)
(0.136673 0.00689441 0)
(0.156552 0.0040259 0)
(0.176098 0.00146747 0)
(0.195296 -0.00084969 0)
(0.214137 -0.00297092 0)
(0.232628 -0.00492656 0)
(0.250761 -0.00674048 0)
(0.268554 -0.00843477 0)
(0.28603 -0.0100306 0)
(0.30319 -0.0115533 0)
(0.320053 -0.0130303 0)
(0.336661 -0.0144872 0)
(0.35304 -0.0159451 0)
(0.369231 -0.0174223 0)
(0.385286 -0.0189343 0)
(0.401249 -0.0204975 0)
(0.417162 -0.02213 0)
(0.433075 -0.0238491 0)
(0.449037 -0.0256767 0)
(0.465104 -0.0276374 0)
(0.481322 -0.0297522 0)
(0.497744 -0.0320443 0)
(0.514409 -0.0345324 0)
(0.531364 -0.0372394 0)
(0.548645 -0.0401826 0)
(0.56629 -0.0433847 0)
(0.584324 -0.0468624 0)
(0.602773 -0.0506422 0)
(0.621655 -0.0547395 0)
(0.640974 -0.0591796 0)
(0.660731 -0.0639744 0)
(0.680901 -0.0691483 0)
(0.70147 -0.0747091 0)
(0.722371 -0.0806777 0)
(0.743563 -0.0870544 0)
(0.764918 -0.093848 0)
(0.786375 -0.101036 0)
(0.807728 -0.108597 0)
(0.828907 -0.116472 0)
(0.84962 -0.124597 0)
(0.869819 -0.132871 0)
(0.889122 -0.141188 0)
(0.907544 -0.149411 0)
(0.924615 -0.157394 0)
(0.940491 -0.164982 0)
(0.954609 -0.172007 0)
(0.967336 -0.178324 0)
(0.977997 -0.183768 0)
(0.987249 -0.188242 0)
(0.994268 -0.191603 0)
(1.00007 -0.193831 0)
(1.00362 -0.194816 0)
(1.00635 -0.194633 0)
(1.00691 -0.193206 0)
(1.00719 -0.19071 0)
(1.00547 -0.187071 0)
(1.00406 -0.182564 0)
(1.00078 -0.177103 0)
(0.998418 -0.17105 0)
(0.994239 -0.164277 0)
(0.991518 -0.15721 0)
(0.986944 -0.149652 0)
(0.984281 -0.142085 0)
(0.979634 -0.134226 0)
(0.977272 -0.126608 0)
(0.972716 -0.118856 0)
(0.970763 -0.111553 0)
(0.966349 -0.104234 0)
(0.96483 -0.097537 0)
(0.96054 -0.0909045 0)
(0.959434 -0.0850368 0)
(0.955215 -0.0792841 0)
(0.954485 -0.0744114 0)
(0.950262 -0.0696788 0)
(0.949856 -0.0659202 0)
(0.945534 -0.0623073 0)
(0.945383 -0.059747 0)
(0.940846 -0.0573256 0)
(0.940853 -0.0560251 0)
(0.935961 -0.0548495 0)
(0.0699114 0.00704535 0)
(0.0898637 0.00651524 0)
(0.15354 0.00604205 0)
(0.198461 0.0028494 0)
(0.237292 -0.00145835 0)
(0.272604 -0.00558771 0)
(0.305211 -0.00915363 0)
(0.334969 -0.0121743 0)
(0.362646 -0.0147611 0)
(0.388505 -0.0169927 0)
(0.412899 -0.0189488 0)
(0.436058 -0.0206837 0)
(0.45806 -0.0222359 0)
(0.479017 -0.023639 0)
(0.499035 -0.0249186 0)
(0.518201 -0.0260956 0)
(0.536587 -0.0271896 0)
(0.554255 -0.0282234 0)
(0.571264 -0.0292219 0)
(0.587671 -0.0302053 0)
(0.603526 -0.0311938 0)
(0.618891 -0.0322089 0)
(0.633816 -0.0332711 0)
(0.648365 -0.0344003 0)
(0.662593 -0.0356163 0)
(0.676556 -0.0369385 0)
(0.690302 -0.0383843 0)
(0.703883 -0.0399714 0)
(0.717344 -0.0417176 0)
(0.730736 -0.0436421 0)
(0.744098 -0.0457619 0)
(0.757476 -0.0480957 0)
(0.770895 -0.0506604 0)
(0.784391 -0.0534742 0)
(0.797975 -0.0565516 0)
(0.811673 -0.0599091 0)
(0.82548 -0.0635579 0)
(0.839408 -0.067513 0)
(0.853434 -0.0717829 0)
(0.86755 -0.0763805 0)
(0.881711 -0.0813094 0)
(0.895885 -0.0865782 0)
(0.91 -0.0921834 0)
(0.923994 -0.0981272 0)
(0.93776 -0.104394 0)
(0.951206 -0.110972 0)
(0.964197 -0.117824 0)
(0.976609 -0.124911 0)
(0.988288 -0.132163 0)
(0.999081 -0.139512 0)
(1.00885 -0.146849 0)
(1.01741 -0.154075 0)
(1.02469 -0.16105 0)
(1.03052 -0.167655 0)
(1.03489 -0.173738 0)
(1.03766 -0.179182 0)
(1.03898 -0.183849 0)
(1.03867 -0.187647 0)
(1.03712 -0.19048 0)
(1.03406 -0.192293 0)
(1.03014 -0.193049 0)
(1.02493 -0.192731 0)
(1.01938 -0.191375 0)
(1.01274 -0.188988 0)
(1.00635 -0.18568 0)
(0.998983 -0.181466 0)
(0.992421 -0.176529 0)
(0.984849 -0.170858 0)
(0.978586 -0.164707 0)
(0.971111 -0.158005 0)
(0.96541 -0.151073 0)
(0.958145 -0.143755 0)
(0.9531 -0.136451 0)
(0.946024 -0.128897 0)
(0.941632 -0.121586 0)
(0.934661 -0.114131 0)
(0.930886 -0.107129 0)
(0.923919 -0.100055 0)
(0.92073 -0.0936266 0)
(0.913668 -0.0871673 0)
(0.911055 -0.0815295 0)
(0.903807 -0.0758702 0)
(0.901777 -0.0711922 0)
(0.894239 -0.0664713 0)
(0.892798 -0.0628759 0)
(0.88484 -0.0591867 0)
(0.88397 -0.0567535 0)
(0.875414 -0.0541522 0)
(0.875063 -0.0529274 0)
(0.865687 -0.0514429 0)
(0.773687 -0.00920556 0)
(0.775253 -0.0206346 0)
(0.776102 -0.0268571 0)
(0.777795 -0.0305626 0)
(0.78146 -0.0332227 0)
(0.78687 -0.0354376 0)
(0.793747 -0.0373343 0)
(0.801458 -0.0388808 0)
(0.80978 -0.0400939 0)
(0.818503 -0.0410123 0)
(0.827446 -0.0417118 0)
(0.836479 -0.0422659 0)
(0.845504 -0.0427178 0)
(0.854449 -0.043093 0)
(0.863261 -0.0434094 0)
(0.871898 -0.0436834 0)
(0.880333 -0.0439317 0)
(0.888544 -0.0441731 0)
(0.896521 -0.0444278 0)
(0.904261 -0.0447159 0)
(0.911769 -0.0450578 0)
(0.919056 -0.0454743 0)
(0.92614 -0.0459862 0)
(0.933039 -0.0466151 0)
(0.939778 -0.0473823 0)
(0.946377 -0.0483074 0)
(0.952858 -0.0494078 0)
(0.959243 -0.0506992 0)
(0.965551 -0.0521965 0)
(0.9718 -0.0539133 0)
(0.978006 -0.0558632 0)
(0.98418 -0.0580585 0)
(0.990328 -0.0605113 0)
(0.996451 -0.0632324 0)
(1.00255 -0.0662315 0)
(1.00861 -0.0695162 0)
(1.01461 -0.0730932 0)
(1.02055 -0.0769672 0)
(1.02638 -0.0811415 0)
(1.03208 -0.0856173 0)
(1.03759 -0.090393 0)
(1.04286 -0.0954641 0)
(1.04784 -0.100821 0)
(1.05245 -0.106449 0)
(1.05661 -0.112323 0)
(1.06024 -0.118414 0)
(1.06325 -0.124677 0)
(1.06555 -0.131061 0)
(1.06705 -0.137498 0)
(1.06769 -0.143916 0)
(1.06736 -0.15022 0)
(1.06605 -0.156319 0)
(1.06369 -0.162101 0)
(1.06032 -0.167467 0)
(1.05593 -0.172303 0)
(1.05059 -0.176523 0)
(1.04439 -0.180025 0)
(1.03742 -0.18275 0)
(1.02984 -0.18462 0)
(1.02173 -0.185616 0)
(1.01334 -0.185696 0)
(1.00462 -0.184882 0)
(0.99595 -0.183169 0)
(0.987051 -0.180611 0)
(0.978462 -0.177242 0)
(0.969582 -0.173132 0)
(0.96123 -0.168352 0)
(0.952359 -0.162961 0)
(0.944243 -0.157069 0)
(0.935257 -0.150704 0)
(0.927326 -0.144031 0)
(0.918076 -0.137024 0)
(0.910299 -0.129914 0)
(0.900674 -0.122598 0)
(0.893099 -0.115401 0)
(0.883052 -0.108108 0)
(0.87581 -0.10116 0)
(0.865343 -0.0941924 0)
(0.858621 -0.0877915 0)
(0.84774 -0.0813974 0)
(0.84175 -0.075782 0)
(0.830422 -0.0701495 0)
(0.825374 -0.0655032 0)
(0.813493 -0.0607608 0)
(0.809574 -0.0572106 0)
(0.796928 -0.0534269 0)
(0.794288 -0.0510454 0)
(0.780538 -0.0482379 0)
(0.779291 -0.047053 0)
(0.763983 -0.0451981 0)
(1.05718 0.00826366 0)
(1.06028 -0.000131086 0)
(1.061 -0.00729439 0)
(1.06027 -0.0129576 0)
(1.0594 -0.017597 0)
(1.0591 -0.0216209 0)
(1.05952 -0.0252044 0)
(1.0605 -0.0283587 0)
(1.06182 -0.0310798 0)
(1.06333 -0.0333882 0)
(1.06494 -0.0353275 0)
(1.06661 -0.0369521 0)
(1.0683 -0.0383139 0)
(1.07 -0.0394585 0)
(1.07168 -0.0404248 0)
(1.07332 -0.0412482 0)
(1.07491 -0.0419614 0)
(1.07642 -0.0425964 0)
(1.07785 -0.0431845 0)
(1.07919 -0.0437566 0)
(1.08043 -0.0443428 0)
(1.08158 -0.044972 0)
(1.08264 -0.0456726 0)
(1.08361 -0.0464716 0)
(1.0845 -0.0473947 0)
(1.08532 -0.0484648 0)
(1.08606 -0.049703 0)
(1.08675 -0.0511269 0)
(1.08737 -0.0527531 0)
(1.08793 -0.0545953 0)
(1.08843 -0.0566667 0)
(1.08886 -0.0589777 0)
(1.08923 -0.0615372 0)
(1.08952 -0.0643515 0)
(1.08972 -0.0674267 0)
(1.08982 -0.0707658 0)
(1.08979 -0.0743718 0)
(1.08962 -0.0782446 0)
(1.08929 -0.0823835 0)
(1.08876 -0.0867839 0)
(1.088 -0.0914402 0)
(1.08697 -0.096341 0)
(1.08565 -0.101473 0)
(1.08399 -0.106813 0)
(1.08196 -0.112336 0)
(1.0795 -0.118007 0)
(1.0766 -0.123783 0)
(1.0732 -0.129612 0)
(1.06929 -0.135435 0)
(1.06485 -0.141182 0)
(1.05986 -0.146777 0)
(1.05433 -0.152138 0)
(1.04826 -0.15718 0)
(1.04168 -0.161821 0)
(1.03463 -0.165978 0)
(1.02715 -0.169576 0)
(1.01928 -0.172539 0)
(1.01107 -0.174809 0)
(1.00254 -0.17632 0)
(0.99373 -0.17704 0)
(0.984626 -0.176924 0)
(0.975232 -0.175974 0)
(0.965525 -0.174176 0)
(0.955439 -0.171575 0)
(0.944989 -0.168179 0)
(0.934018 -0.164059 0)
(0.922664 -0.159231 0)
(0.910631 -0.153781 0)
(0.898296 -0.147747 0)
(0.885134 -0.14124 0)
(0.871912 -0.134331 0)
(0.857721 -0.127134 0)
(0.843885 -0.119742 0)
(0.828892 -0.112244 0)
(0.814848 -0.104773 0)
(0.799346 -0.0973659 0)
(0.78558 -0.0902116 0)
(0.769855 -0.08325 0)
(0.756869 -0.0767446 0)
(0.741113 -0.0704846 0)
(0.729361 -0.0648585 0)
(0.713595 -0.0594511 0)
(0.703473 -0.0548505 0)
(0.687511 -0.0503628 0)
(0.679378 -0.046874 0)
(0.662792 -0.0433104 0)
(0.657015 -0.0409826 0)
(0.639094 -0.0382982 0)
(0.636103 -0.0371464 0)
(0.615832 -0.0352502 0)
(1.08189 -0.00327478 0)
(1.08786 -0.0108614 0)
(1.09217 -0.018206 0)
(1.09484 -0.0243136 0)
(1.09636 -0.0290414 0)
(1.09735 -0.0327143 0)
(1.09819 -0.0356904 0)
(1.09904 -0.0381966 0)
(1.09991 -0.0403264 0)
(1.10074 -0.0421067 0)
(1.10148 -0.0435515 0)
(1.10213 -0.0446865 0)
(1.10268 -0.0455517 0)
(1.10314 -0.0461937 0)
(1.10353 -0.0466594 0)
(1.10383 -0.0469921 0)
(1.10406 -0.0472313 0)
(1.1042 -0.0474132 0)
(1.10425 -0.0475719 0)
(1.10421 -0.0477398 0)
(1.10406 -0.0479479 0)
(1.10382 -0.0482256 0)
(1.10347 -0.0486008 0)
(1.10303 -0.0490992 0)
(1.10249 -0.0497444 0)
(1.10186 -0.0505578 0)
(1.10113 -0.051558 0)
(1.10032 -0.0527611 0)
(1.0994 -0.0541808 0)
(1.0984 -0.0558285 0)
(1.0973 -0.0577135 0)
(1.0961 -0.059843 0)
(1.0948 -0.0622222 0)
(1.09338 -0.0648546 0)
(1.09185 -0.0677427 0)
(1.09018 -0.0708872 0)
(1.08838 -0.0742879 0)
(1.08643 -0.0779424 0)
(1.08431 -0.0818469 0)
(1.08201 -0.0859947 0)
(1.07951 -0.0903769 0)
(1.0768 -0.0949801 0)
(1.07386 -0.0997879 0)
(1.07066 -0.104777 0)
(1.06719 -0.109921 0)
(1.06342 -0.115183 0)
(1.05934 -0.120524 0)
(1.05491 -0.12589 0)
(1.05012 -0.131226 0)
(1.04492 -0.136463 0)
(1.03931 -0.141532 0)
(1.03323 -0.146354 0)
(1.02665 -0.150854 0)
(1.01954 -0.154952 0)
(1.01184 -0.158575 0)
(1.00351 -0.16165 0)
(0.994503 -0.164109 0)
(0.984747 -0.165886 0)
(0.974186 -0.166917 0)
(0.962751 -0.167142 0)
(0.95037 -0.16651 0)
(0.93698 -0.164992 0)
(0.922518 -0.162583 0)
(0.906955 -0.159313 0)
(0.890272 -0.155222 0)
(0.872497 -0.150368 0)
(0.853685 -0.144791 0)
(0.833902 -0.138571 0)
(0.813275 -0.13177 0)
(0.791875 -0.124526 0)
(0.76997 -0.11694 0)
(0.747572 -0.109181 0)
(0.725136 -0.10133 0)
(0.702477 -0.0935448 0)
(0.680311 -0.0858812 0)
(0.65808 -0.0784876 0)
(0.636936 -0.0714034 0)
(0.615706 -0.0647528 0)
(0.596249 -0.0585542 0)
(0.57639 -0.0528754 0)
(0.559121 -0.0477243 0)
(0.540688 -0.043085 0)
(0.525948 -0.0390078 0)
(0.508649 -0.0353604 0)
(0.496709 -0.0323257 0)
(0.479869 -0.0295769 0)
(0.471102 -0.0275607 0)
(0.453571 -0.0255935 0)
(0.44868 -0.0245888 0)
(0.428653 -0.023255 0)
(1.07463 -0.00718017 0)
(1.08071 -0.0121426 0)
(1.08565 -0.0172998 0)
(1.08938 -0.0221132 0)
(1.09206 -0.0262334 0)
(1.09399 -0.0296135 0)
(1.09549 -0.0323892 0)
(1.09678 -0.0347213 0)
(1.09796 -0.0367179 0)
(1.09905 -0.0384277 0)
(1.10002 -0.0398651 0)
(1.10086 -0.0410395 0)
(1.10157 -0.0419697 0)
(1.10214 -0.0426863 0)
(1.10259 -0.0432271 0)
(1.10292 -0.043632 0)
(1.10314 -0.0439395 0)
(1.10324 -0.0441863 0)
(1.10322 -0.0444066 0)
(1.10307 -0.0446336 0)
(1.10279 -0.0448982 0)
(1.10239 -0.0452302 0)
(1.10186 -0.0456568 0)
(1.10121 -0.0462032 0)
(1.10044 -0.046892 0)
(1.09954 -0.0477434 0)
(1.09853 -0.0487752 0)
(1.0974 -0.0500031 0)
(1.09615 -0.0514397 0)
(1.09479 -0.0530956 0)
(1.09331 -0.0549784 0)
(1.09171 -0.0570943 0)
(1.08999 -0.0594467 0)
(1.08813 -0.0620384 0)
(1.08614 -0.06487 0)
(1.08399 -0.0679414 0)
(1.08168 -0.0712506 0)
(1.07919 -0.0747942 0)
(1.0765 -0.0785666 0)
(1.0736 -0.0825596 0)
(1.07045 -0.0867622 0)
(1.06705 -0.0911591 0)
(1.06336 -0.095731 0)
(1.05933 -0.100453 0)
(1.05495 -0.105295 0)
(1.05015 -0.11022 0)
(1.0449 -0.115184 0)
(1.03912 -0.120133 0)
(1.03277 -0.125007 0)
(1.02576 -0.129737 0)
(1.01801 -0.134248 0)
(1.00942 -0.138458 0)
(0.999894 -0.142286 0)
(0.989327 -0.145649 0)
(0.977614 -0.148468 0)
(0.964644 -0.15067 0)
(0.950331 -0.152189 0)
(0.934584 -0.152964 0)
(0.917344 -0.15293 0)
(0.898552 -0.152024 0)
(0.878173 -0.150188 0)
(0.856183 -0.147389 0)
(0.832592 -0.143644 0)
(0.807443 -0.139009 0)
(0.780847 -0.133571 0)
(0.752969 -0.127412 0)
(0.724038 -0.120627 0)
(0.694278 -0.113313 0)
(0.663937 -0.105579 0)
(0.633244 -0.0975731 0)
(0.602508 -0.0894648 0)
(0.572011 -0.0814336 0)
(0.542135 -0.0736172 0)
(0.513106 -0.0661467 0)
(0.48528 -0.0590872 0)
(0.458714 -0.052524 0)
(0.433781 -0.0464657 0)
(0.410325 -0.0409841 0)
(0.388834 -0.0360507 0)
(0.368805 -0.0317356 0)
(0.350979 -0.0279529 0)
(0.334269 -0.0247643 0)
(0.319973 -0.0220209 0)
(0.306035 -0.0197995 0)
(0.29494 -0.0179112 0)
(0.282851 -0.0164646 0)
(0.274741 -0.0152668 0)
(0.263149 -0.0144224 0)
(0.258391 -0.013833 0)
(0.245082 -0.0134382 0)
(1.06827 -0.0146354 0)
(1.07413 -0.018648 0)
(1.07917 -0.0227918 0)
(1.08335 -0.0267926 0)
(1.08668 -0.0304093 0)
(1.0893 -0.0335154 0)
(1.09141 -0.0361125 0)
(1.09321 -0.038274 0)
(1.09481 -0.0400817 0)
(1.09627 -0.0415936 0)
(1.0976 -0.0428406 0)
(1.09877 -0.0438389 0)
(1.09978 -0.0446038 0)
(1.10061 -0.0451575 0)
(1.10128 -0.0455304 0)
(1.10178 -0.0457585 0)
(1.10211 -0.0458799 0)
(1.10227 -0.0459327 0)
(1.10226 -0.0459537 0)
(1.10207 -0.0459787 0)
(1.1017 -0.0460415 0)
(1.10115 -0.0461736 0)
(1.10043 -0.0464034 0)
(1.09953 -0.0467562 0)
(1.09845 -0.0472534 0)
(1.0972 -0.0479146 0)
(1.09579 -0.0487564 0)
(1.09421 -0.0497936 0)
(1.09245 -0.0510376 0)
(1.09053 -0.052498 0)
(1.08842 -0.0541811 0)
(1.08613 -0.0560914 0)
(1.08365 -0.0582306 0)
(1.08095 -0.0605995 0)
(1.07803 -0.0631962 0)
(1.07485 -0.0660183 0)
(1.0714 -0.0690606 0)
(1.06764 -0.0723171 0)
(1.06354 -0.0757785 0)
(1.05907 -0.0794336 0)
(1.05417 -0.0832665 0)
(1.0488 -0.0872581 0)
(1.04289 -0.0913829 0)
(1.0364 -0.0956107 0)
(1.02925 -0.0999044 0)
(1.02135 -0.104221 0)
(1.01262 -0.108509 0)
(1.00296 -0.112712 0)
(0.992276 -0.116759 0)
(0.980446 -0.120574 0)
(0.967347 -0.124072 0)
(0.952858 -0.127164 0)
(0.936845 -0.129762 0)
(0.919184 -0.131781 0)
(0.899759 -0.13314 0)
(0.878466 -0.133769 0)
(0.855237 -0.133618 0)
(0.830027 -0.132644 0)
(0.802857 -0.130813 0)
(0.773765 -0.128084 0)
(0.742845 -0.124419 0)
(0.710205 -0.119816 0)
(0.675975 -0.114328 0)
(0.640339 -0.108051 0)
(0.603552 -0.101108 0)
(0.566017 -0.0936424 0)
(0.528173 -0.0858327 0)
(0.490501 -0.0778529 0)
(0.45343 -0.0698552 0)
(0.417333 -0.061994 0)
(0.38256 -0.0544374 0)
(0.349543 -0.0473216 0)
(0.318731 -0.0407822 0)
(0.290454 -0.0349473 0)
(0.264949 -0.0298842 0)
(0.24224 -0.0256111 0)
(0.222327 -0.0220796 0)
(0.204972 -0.0192226 0)
(0.190039 -0.0169163 0)
(0.177129 -0.0150728 0)
(0.166145 -0.0135656 0)
(0.156561 -0.012359 0)
(0.148454 -0.0113373 0)
(0.141118 -0.0105272 0)
(0.134992 -0.00979935 0)
(0.128972 -0.00926939 0)
(0.124264 -0.0087477 0)
(0.118678 -0.00848586 0)
(0.115479 -0.00817438 0)
(0.108702 -0.00815368 0)
(1.06562 -0.0206145 0)
(1.07135 -0.023843 0)
(1.07645 -0.0271347 0)
(1.08087 -0.0303446 0)
(1.08459 -0.0333265 0)
(1.08769 -0.0359684 0)
(1.09026 -0.0382225 0)
(1.09246 -0.0401002 0)
(1.09438 -0.0416439 0)
(1.09608 -0.0428978 0)
(1.09759 -0.043895 0)
(1.09889 -0.0446564 0)
(1.09996 -0.0451979 0)
(1.1008 -0.0455377 0)
(1.10139 -0.0457004 0)
(1.10172 -0.0457169 0)
(1.10179 -0.0456227 0)
(1.10159 -0.0454555 0)
(1.10112 -0.0452535 0)
(1.10037 -0.0450542 0)
(1.09934 -0.0448939 0)
(1.09803 -0.0448061 0)
(1.09645 -0.0448211 0)
(1.0946 -0.0449635 0)
(1.09247 -0.0452534 0)
(1.09008 -0.0457079 0)
(1.08741 -0.0463415 0)
(1.08446 -0.0471662 0)
(1.08124 -0.0481911 0)
(1.07771 -0.049423 0)
(1.07388 -0.0508656 0)
(1.06973 -0.0525206 0)
(1.06522 -0.0543865 0)
(1.06034 -0.0564604 0)
(1.05504 -0.0587364 0)
(1.04929 -0.0612078 0)
(1.04303 -0.0638645 0)
(1.03623 -0.0666957 0)
(1.02882 -0.0696861 0)
(1.02073 -0.0728195 0)
(1.0119 -0.076073 0)
(1.00224 -0.0794218 0)
(0.991672 -0.0828318 0)
(0.980109 -0.0862653 0)
(0.967435 -0.0896742 0)
(0.953561 -0.0930079 0)
(0.938356 -0.0962087 0)
(0.921722 -0.0992143 0)
(0.903525 -0.101948 0)
(0.883667 -0.104328 0)
(0.862013 -0.106267 0)
(0.83847 -0.107681 0)
(0.812921 -0.108492 0)
(0.785305 -0.108628 0)
(0.755557 -0.108027 0)
(0.723684 -0.106637 0)
(0.689691 -0.104416 0)
(0.653663 -0.101338 0)
(0.615788 -0.0974055 0)
(0.576292 -0.0926156 0)
(0.5356 -0.0870339 0)
(0.494065 -0.0807695 0)
(0.452071 -0.0739477 0)
(0.410007 -0.0667068 0)
(0.368347 -0.0591889 0)
(0.327841 -0.0516024 0)
(0.289121 -0.0441276 0)
(0.25303 -0.0370648 0)
(0.220223 -0.0307627 0)
(0.191004 -0.0254934 0)
(0.165398 -0.0212663 0)
(0.143557 -0.0180228 0)
(0.125228 -0.0156059 0)
(0.110013 -0.0137865 0)
(0.0973901 -0.0123503 0)
(0.0867805 -0.0111718 0)
(0.0777191 -0.0101933 0)
(0.069842 -0.00938855 0)
(0.0629384 -0.00871838 0)
(0.0568234 -0.00815807 0)
(0.0514119 -0.00766008 0)
(0.0465679 -0.00721347 0)
(0.0422905 -0.00678685 0)
(0.0383986 -0.00640063 0)
(0.0349508 -0.00601862 0)
(0.0316859 -0.00570255 0)
(0.0288283 -0.00540019 0)
(0.0259128 -0.00524247 0)
(0.0236401 -0.00505174 0)
(0.0201968 -0.00522527 0)
(1.06632 -0.0268153 0)
(1.07186 -0.0293775 0)
(1.07683 -0.0319516 0)
(1.08115 -0.034471 0)
(1.0848 -0.0368532 0)
(1.08782 -0.0390133 0)
(1.09025 -0.0408874 0)
(1.09219 -0.042449 0)
(1.0937 -0.0437055 0)
(1.09483 -0.0446807 0)
(1.0956 -0.0453998 0)
(1.09601 -0.0458827 0)
(1.09602 -0.0461455 0)
(1.09563 -0.0462046 0)
(1.09482 -0.0460811 0)
(1.09358 -0.0458024 0)
(1.0919 -0.0454022 0)
(1.08978 -0.0449178 0)
(1.08722 -0.0443887 0)
(1.08422 -0.0438542 0)
(1.08078 -0.0433526 0)
(1.07692 -0.0429198 0)
(1.07263 -0.0425884 0)
(1.06793 -0.0423841 0)
(1.06282 -0.0423279 0)
(1.05729 -0.0424352 0)
(1.05135 -0.0427179 0)
(1.04498 -0.0431831 0)
(1.03816 -0.0438351 0)
(1.03088 -0.0446746 0)
(1.0231 -0.0457002 0)
(1.0148 -0.0469074 0)
(1.00594 -0.04829 0)
(0.996462 -0.0498394 0)
(0.986327 -0.0515451 0)
(0.975469 -0.0533946 0)
(0.963824 -0.0553728 0)
(0.951319 -0.057463 0)
(0.937875 -0.0596446 0)
(0.923413 -0.0618957 0)
(0.907841 -0.0641884 0)
(0.891073 -0.0664934 0)
(0.873007 -0.0687713 0)
(0.853558 -0.0709819 0)
(0.832612 -0.0730688 0)
(0.810096 -0.0749795 0)
(0.785881 -0.0766473 0)
(0.75991 -0.078 0)
(0.732091 -0.0789539 0)
(0.702409 -0.0794327 0)
(0.670799 -0.0793579 0)
(0.637297 -0.0786736 0)
(0.601891 -0.0773245 0)
(0.564707 -0.0752947 0)
(0.525852 -0.0725756 0)
(0.485614 -0.0691819 0)
(0.444236 -0.0650909 0)
(0.402046 -0.0602555 0)
(0.359512 -0.0546586 0)
(0.317264 -0.0483328 0)
(0.276157 -0.0415709 0)
(0.236987 -0.0348514 0)
(0.200495 -0.0286533 0)
(0.167281 -0.0233881 0)
(0.13786 -0.0191847 0)
(0.113093 -0.0160896 0)
(0.0928261 -0.013763 0)
(0.0764082 -0.0118732 0)
(0.0629144 -0.0102968 0)
(0.0514702 -0.00899237 0)
(0.0413678 -0.00800361 0)
(0.032437 -0.00742471 0)
(0.024552 -0.00706215 0)
(0.0176916 -0.00671084 0)
(0.0117249 -0.00627441 0)
(0.00649965 -0.00575902 0)
(0.00189045 -0.00522632 0)
(-0.00221341 -0.00475019 0)
(-0.00588809 -0.00437466 0)
(-0.00919278 -0.0041101 0)
(-0.0121868 -0.00392626 0)
(-0.0149329 -0.00379283 0)
(-0.0174548 -0.00367455 0)
(-0.0198016 -0.00355758 0)
(-0.0219729 -0.00342414 0)
(-0.0240202 -0.00330428 0)
(-0.0258937 -0.00320107 0)
(-0.0276772 -0.00317361 0)
(-0.0293405 -0.0032127 0)
(-0.0312206 -0.00354034 0)
(1.06593 -0.0310465 0)
(1.06988 -0.033017 0)
(1.07301 -0.0349647 0)
(1.07524 -0.0368628 0)
(1.07656 -0.0386567 0)
(1.07697 -0.0402794 0)
(1.07651 -0.0416706 0)
(1.07525 -0.0427907 0)
(1.07322 -0.043627 0)
(1.07048 -0.0441859 0)
(1.06706 -0.0444831 0)
(1.06298 -0.0445357 0)
(1.05824 -0.04436 0)
(1.05286 -0.0439724 0)
(1.04685 -0.0433934 0)
(1.04021 -0.0426491 0)
(1.03299 -0.0417726 0)
(1.02518 -0.0408024 0)
(1.01683 -0.0397802 0)
(1.00796 -0.0387481 0)
(0.998585 -0.0377463 0)
(0.988727 -0.036811 0)
(0.978399 -0.0359742 0)
(0.96762 -0.0352673 0)
(0.956401 -0.0347163 0)
(0.944738 -0.0343376 0)
(0.932622 -0.0341396 0)
(0.920032 -0.034122 0)
(0.906945 -0.0342796 0)
(0.893326 -0.0346023 0)
(0.87914 -0.0350784 0)
(0.864337 -0.0356933 0)
(0.848872 -0.0364328 0)
(0.832683 -0.0372796 0)
(0.815714 -0.0382184 0)
(0.797892 -0.039229 0)
(0.779159 -0.040294 0)
(0.759432 -0.0413899 0)
(0.738652 -0.0424967 0)
(0.716733 -0.0435866 0)
(0.693626 -0.0446364 0)
(0.669244 -0.0456127 0)
(0.643558 -0.0464877 0)
(0.616495 -0.0472198 0)
(0.588059 -0.0477701 0)
(0.558246 -0.0480815 0)
(0.527034 -0.0480674 0)
(0.494493 -0.0476334 0)
(0.460696 -0.0466889 0)
(0.425814 -0.0451587 0)
(0.389996 -0.0429965 0)
(0.353537 -0.0401989 0)
(0.316705 -0.0367991 0)
(0.279891 -0.0329307 0)
(0.243544 -0.0288003 0)
(0.208353 -0.0246844 0)
(0.175107 -0.0208479 0)
(0.144557 -0.0174441 0)
(0.11745 -0.0144579 0)
(0.0945098 -0.0120003 0)
(0.0754471 -0.00992961 0)
(0.0595408 -0.00816657 0)
(0.046065 -0.00670009 0)
(0.0344537 -0.00566722 0)
(0.0240678 -0.0052061 0)
(0.0149005 -0.00526673 0)
(0.00701226 -0.00538153 0)
(0.000277191 -0.00505852 0)
(-0.00548732 -0.00423279 0)
(-0.0104381 -0.00323508 0)
(-0.0147656 -0.00246406 0)
(-0.0185681 -0.00205197 0)
(-0.0219952 -0.00193039 0)
(-0.0251288 -0.00197299 0)
(-0.0279971 -0.00203823 0)
(-0.0306035 -0.00205223 0)
(-0.032963 -0.00201305 0)
(-0.0351107 -0.00195097 0)
(-0.0370903 -0.0018931 0)
(-0.0389391 -0.00185482 0)
(-0.0406843 -0.00183762 0)
(-0.0423468 -0.00183243 0)
(-0.0439368 -0.00182159 0)
(-0.0454624 -0.00179799 0)
(-0.0469187 -0.00176165 0)
(-0.0483039 -0.00173499 0)
(-0.0495982 -0.00173974 0)
(-0.0508428 -0.00181763 0)
(-0.0521289 -0.00199062 0)
(-0.0533371 -0.0022686 0)
(1.02383 -0.0368898 0)
(1.01886 -0.0374742 0)
(1.01256 -0.0380533 0)
(1.00491 -0.0386135 0)
(0.995943 -0.0391123 0)
(0.985726 -0.0394977 0)
(0.974336 -0.0397225 0)
(0.961886 -0.0397516 0)
(0.948477 -0.039561 0)
(0.934223 -0.0391413 0)
(0.919234 -0.0384967 0)
(0.903611 -0.0376399 0)
(0.887449 -0.0365876 0)
(0.870829 -0.0353588 0)
(0.853834 -0.0339755 0)
(0.83654 -0.0324642 0)
(0.819022 -0.0308566 0)
(0.801344 -0.0291891 0)
(0.783566 -0.0275016 0)
(0.765734 -0.0258342 0)
(0.747881 -0.0242245 0)
(0.730029 -0.0227052 0)
(0.712174 -0.0213032 0)
(0.694321 -0.0200439 0)
(0.676468 -0.0189464 0)
(0.658602 -0.0180222 0)
(0.640698 -0.0172744 0)
(0.622721 -0.0166983 0)
(0.604625 -0.0162827 0)
(0.586362 -0.016012 0)
(0.567875 -0.0158674 0)
(0.549109 -0.0158285 0)
(0.530007 -0.0158739 0)
(0.510512 -0.0159816 0)
(0.490571 -0.0161293 0)
(0.470133 -0.0162941 0)
(0.449156 -0.0164534 0)
(0.427601 -0.0165837 0)
(0.405448 -0.0166634 0)
(0.382677 -0.0166695 0)
(0.359307 -0.0165839 0)
(0.335342 -0.0163864 0)
(0.310866 -0.0160685 0)
(0.285918 -0.0156157 0)
(0.260718 -0.0150384 0)
(0.235451 -0.0143218 0)
(0.210337 -0.0134458 0)
(0.185677 -0.0124071 0)
(0.161812 -0.0112205 0)
(0.139144 -0.00991469 0)
(0.11798 -0.00853249 0)
(0.098652 -0.0070254 0)
(0.0813366 -0.00554806 0)
(0.0659329 -0.00415985 0)
(0.0522908 -0.00294737 0)
(0.0402376 -0.00206964 0)
(0.0296005 -0.00171189 0)
(0.0201543 -0.00195399 0)
(0.0115863 -0.00260794 0)
(0.00410222 -0.00330184 0)
(-0.00237079 -0.00341651 0)
(-0.00783249 -0.00275513 0)
(-0.012257 -0.00162826 0)
(-0.0158464 -0.000588954 0)
(-0.0188634 -9.49459e-05 0)
(-0.0215907 -8.45249e-05 0)
(-0.0241958 -0.000305851 0)
(-0.0266466 -0.000472526 0)
(-0.0287751 -0.000440197 0)
(-0.0304928 -0.000292799 0)
(-0.0318574 -0.000168305 0)
(-0.0330052 -0.000140671 0)
(-0.0340783 -0.000223818 0)
(-0.0351567 -0.000350801 0)
(-0.0362561 -0.000452491 0)
(-0.0373543 -0.000504329 0)
(-0.0384214 -0.000517051 0)
(-0.0394425 -0.000514685 0)
(-0.0404201 -0.000515703 0)
(-0.041367 -0.000525836 0)
(-0.0422973 -0.000542957 0)
(-0.0432203 -0.000562887 0)
(-0.0441372 -0.000578252 0)
(-0.0450446 -0.000585573 0)
(-0.0459351 -0.000587017 0)
(-0.0468022 -0.000597305 0)
(-0.0476452 -0.00064227 0)
(-0.0485197 -0.000762315 0)
(-0.0495405 -0.000963657 0)
(-0.050518 -0.00115418 0)
(0.714689 -0.0206846 0)
(0.685675 -0.0202686 0)
(0.65654 -0.0198663 0)
(0.627305 -0.019472 0)
(0.598025 -0.0190618 0)
(0.568784 -0.0186051 0)
(0.539701 -0.0180731 0)
(0.510951 -0.0174436 0)
(0.482694 -0.0166925 0)
(0.455103 -0.0158067 0)
(0.428347 -0.0147873 0)
(0.402584 -0.0136482 0)
(0.377951 -0.0124123 0)
(0.354566 -0.0111077 0)
(0.332524 -0.00976511 0)
(0.311896 -0.00841754 0)
(0.292724 -0.00709939 0)
(0.275019 -0.00584528 0)
(0.258755 -0.00468739 0)
(0.243874 -0.00365307 0)
(0.230287 -0.00276211 0)
(0.217879 -0.00202621 0)
(0.206519 -0.00144405 0)
(0.196078 -0.000997601 0)
(0.186423 -0.000665967 0)
(0.177421 -0.00043154 0)
(0.168939 -0.000279479 0)
(0.160855 -0.000195349 0)
(0.153054 -0.000164057 0)
(0.14544 -0.000170081 0)
(0.13793 -0.000198297 0)
(0.13046 -0.000234461 0)
(0.122981 -0.000265523 0)
(0.115463 -0.000279669 0)
(0.107892 -0.000266556 0)
(0.100267 -0.000217546 0)
(0.0926049 -0.000126145 0)
(0.0849343 1.14832e-05 0)
(0.0772968 0.000195942 0)
(0.0697425 0.000423639 0)
(0.0623301 0.000686225 0)
(0.0551191 0.000968957 0)
(0.0481704 0.00125064 0)
(0.0415308 0.00149978 0)
(0.0352364 0.00167363 0)
(0.0292864 0.00170416 0)
(0.023655 0.00153221 0)
(0.0183009 0.00113659 0)
(0.0131838 0.000544232 0)
(0.00828767 -0.00015523 0)
(0.00361285 -0.000811729 0)
(-0.000863336 -0.00125636 0)
(-0.00492593 -0.00149859 0)
(-0.0083088 -0.00140481 0)
(-0.0108757 -0.000983205 0)
(-0.0125849 -0.000362723 0)
(-0.0135961 0.00026558 0)
(-0.0142382 0.000704837 0)
(-0.0149159 0.000884116 0)
(-0.0158646 0.000895506 0)
(-0.0170355 0.000804207 0)
(-0.0180929 0.00073636 0)
(-0.018731 0.000678935 0)
(-0.018891 0.000603751 0)
(-0.0187458 0.000463046 0)
(-0.018589 0.000261563 0)
(-0.0186268 6.27502e-05 0)
(-0.0188611 -4.19643e-05 0)
(-0.0191462 -3.38474e-05 0)
(-0.0193428 3.92799e-05 0)
(-0.0194165 0.000112738 0)
(-0.019418 0.000148186 0)
(-0.0194278 0.000140072 0)
(-0.0195024 0.000105812 0)
(-0.0196528 6.4787e-05 0)
(-0.019859 3.08425e-05 0)
(-0.0200936 8.79383e-06 0)
(-0.0203384 -3.5243e-06 0)
(-0.0205873 -1.09909e-05 0)
(-0.0208425 -1.76797e-05 0)
(-0.0211082 -2.52709e-05 0)
(-0.0213873 -3.34838e-05 0)
(-0.0216792 -4.06083e-05 0)
(-0.0219794 -4.53872e-05 0)
(-0.0222828 -4.77811e-05 0)
(-0.0225871 -5.16387e-05 0)
(-0.0229011 -6.87911e-05 0)
(-0.0232762 -0.000123118 0)
(-0.0238391 -0.000222038 0)
(-0.0245683 -0.000308013 0)
)
;

boundaryField
{
    fixedWalls
    {
        type            noSlip;
    }
    inflowWall
    {
        type            fixedValue;
        value           uniform (1 0 0);
    }
    outflowWall
    {
        type            zeroGradient;
    }
    frontAndBack
    {
        type            empty;
    }
}


// ************************************************************************* //
