/*--------------------------------*- C++ -*----------------------------------*\
| =========                 |                                                 |
| \\      /  F ield         | OpenFOAM: The Open Source CFD Toolbox           |
|  \\    /   O peration     | Version:  2306                                  |
|   \\  /    A nd           | Website:  www.openfoam.com                      |
|    \\/     M anipulation  |                                                 |
\*---------------------------------------------------------------------------*/
FoamFile
{
    version     2.0;
    format      ascii;
    arch        "LSB;label=32;scalar=64";
    class       surfaceScalarField;
    location    "4.45";
    object      phi;
}
// * * * * * * * * * * * * * * * * * * * * * * * * * * * * * * * * * * * * * //

dimensions      [0 3 -1 0 0 0 0];

oriented        oriented;

internalField   nonuniform List<scalar> 
3680
(
4.93469e-05
6.53065e-07
4.79741e-05
1.37282e-06
4.66977e-05
1.2764e-06
4.52606e-05
1.43709e-06
4.41225e-05
1.13808e-06
4.27187e-05
1.40381e-06
4.17346e-05
9.84129e-07
4.04331e-05
1.30146e-06
3.98011e-05
6.32075e-07
9.86803e-07
3.88143e-05
5.03392e-05
3.13849e-07
5.08678e-05
8.44241e-07
5.11321e-05
1.01213e-06
5.14651e-05
1.10407e-06
5.15926e-05
1.01061e-06
5.19755e-05
1.02084e-06
5.20607e-05
8.99006e-07
5.25119e-05
8.5019e-07
5.2506e-05
6.37976e-07
4.31808e-07
5.3061e-05
5.01633e-05
1.50565e-07
5.05553e-05
4.52175e-07
5.09759e-05
5.91619e-07
5.14194e-05
6.60501e-07
5.18165e-05
6.13546e-07
5.22674e-05
5.69891e-07
5.26945e-05
4.71965e-07
5.31634e-05
3.81247e-07
5.35803e-05
2.21135e-07
1.19082e-08
5.40002e-05
5.00932e-05
5.73459e-08
5.03763e-05
1.69045e-07
5.0734e-05
2.33984e-07
5.1146e-05
2.48494e-07
5.15495e-05
2.10017e-07
5.19719e-05
1.47466e-07
5.23829e-05
6.0974e-08
5.28115e-05
-4.73312e-08
5.32217e-05
-1.89059e-07
-3.58797e-07
5.35924e-05
5.00738e-05
-1.64442e-08
5.02912e-05
-4.84006e-08
5.0611e-05
-8.58059e-08
5.09886e-05
-1.29087e-07
5.13801e-05
-1.81457e-07
5.1774e-05
-2.46498e-07
5.21648e-05
-3.29789e-07
5.2551e-05
-4.33518e-07
5.29205e-05
-5.58574e-07
-7.04569e-07
5.32663e-05
5.00732e-05
-8.96067e-08
5.02829e-05
-2.58137e-07
5.05977e-05
-4.0061e-07
5.09651e-05
-4.96528e-07
5.13442e-05
-5.60503e-07
5.17213e-05
-6.23613e-07
5.2091e-05
-6.99497e-07
5.24519e-05
-7.94415e-07
5.28013e-05
-9.07995e-07
-1.03596e-06
5.31327e-05
5.00942e-05
-1.838e-07
5.03555e-05
-5.19489e-07
5.06982e-05
-7.43231e-07
5.10681e-05
-8.66425e-07
5.14404e-05
-9.32815e-07
5.18041e-05
-9.87312e-07
5.21607e-05
-1.05609e-06
5.25118e-05
-1.14558e-06
5.28525e-05
-1.24861e-06
-1.35705e-06
5.31735e-05
5.01665e-05
-3.50269e-07
5.0518e-05
-8.71014e-07
5.09207e-05
-1.14596e-06
5.12995e-05
-1.24515e-06
5.16482e-05
-1.28156e-06
5.19855e-05
-1.32459e-06
5.23192e-05
-1.38981e-06
5.26404e-05
-1.46679e-06
5.29353e-05
-1.54349e-06
-1.61446e-06
5.31927e-05
5.03676e-05
-7.17877e-07
5.08004e-05
-1.30379e-06
5.10991e-05
-1.44463e-06
5.12765e-05
-1.42261e-06
5.1405e-05
-1.41006e-06
5.15036e-05
-1.42321e-06
5.15549e-05
-1.44112e-06
5.15423e-05
-1.45411e-06
5.14573e-05
-1.45853e-06
-1.45775e-06
5.13006e-05
4.92821e-05
4.79783e-05
4.65337e-05
4.51111e-05
4.3701e-05
4.22778e-05
4.08367e-05
3.93826e-05
3.79241e-05
3.64663e-05
1.441e-08
-1.441e-08
1.09928e-08
3.41718e-09
-7.50213e-09
1.84949e-08
-3.57027e-08
2.82005e-08
-7.08528e-08
3.51501e-08
-1.11647e-07
4.07942e-08
-1.57676e-07
4.60294e-08
-2.08679e-07
5.10023e-08
-2.64359e-07
5.56802e-08
-3.24385e-07
6.0026e-08
-3.88398e-07
6.40133e-08
-4.56029e-07
6.76312e-08
-5.26911e-07
7.08814e-08
-6.00685e-07
7.37738e-08
-6.77009e-07
7.63242e-08
-7.55562e-07
7.85536e-08
-8.36049e-07
8.04869e-08
-9.18201e-07
8.21514e-08
-1.00178e-06
8.35782e-08
-1.08659e-06
8.481e-08
-1.17249e-06
8.59005e-08
-1.2594e-06
8.6911e-08
-1.34731e-06
8.79071e-08
-1.43627e-06
8.89582e-08
-1.5264e-06
9.01377e-08
-1.61793e-06
9.15242e-08
-1.71112e-06
9.31974e-08
-1.80636e-06
9.52302e-08
-1.90404e-06
9.76849e-08
-2.00465e-06
1.00613e-07
-2.10871e-06
1.04057e-07
-2.21677e-06
1.08063e-07
-2.32949e-06
1.12718e-07
-2.4477e-06
1.18212e-07
-2.57259e-06
1.24891e-07
-2.70586e-06
1.33266e-07
-2.84991e-06
1.44048e-07
-3.00807e-06
1.58166e-07
-3.18479e-06
1.7672e-07
-3.38568e-06
2.00889e-07
-3.61741e-06
2.31725e-07
-3.8872e-06
2.69796e-07
-4.20191e-06
3.14709e-07
-4.56666e-06
3.64745e-07
-4.98331e-06
4.16651e-07
-5.44913e-06
4.65818e-07
-5.95602e-06
5.06891e-07
-6.49049e-06
5.34476e-07
-7.03418e-06
5.43691e-07
-7.56543e-06
5.31244e-07
-8.06178e-06
4.96348e-07
-8.50153e-06
4.39756e-07
-8.86444e-06
3.62903e-07
-9.13205e-06
2.67619e-07
-9.29231e-06
1.60254e-07
-9.33224e-06
3.993e-08
-9.24977e-06
-8.24643e-08
-9.04483e-06
-2.04947e-07
-8.71727e-06
-3.27562e-07
-8.27165e-06
-4.45614e-07
-7.71423e-06
-5.57424e-07
-7.0572e-06
-6.57026e-07
-6.30996e-06
-7.4724e-07
-5.48556e-06
-8.24403e-07
-4.59728e-06
-8.88281e-07
-3.65871e-06
-9.38566e-07
-2.68479e-06
-9.73924e-07
-1.68931e-06
-9.95475e-07
-6.86119e-07
-1.00319e-06
3.14299e-07
-1.00042e-06
1.29959e-06
-9.85289e-07
2.26198e-06
-9.62395e-07
3.19039e-06
-9.28411e-07
4.08092e-06
-8.90522e-07
4.92441e-06
-8.43497e-07
5.72128e-06
-7.9687e-07
6.4642e-06
-7.42915e-07
7.15728e-06
-6.93083e-07
7.79438e-06
-6.37102e-07
8.38365e-06
-5.89265e-07
8.91971e-06
-5.36065e-07
9.4144e-06
-4.9469e-07
9.86221e-06
-4.47804e-07
1.02789e-05
-4.16645e-07
1.06571e-05
-3.78247e-07
1.10167e-05
-3.59566e-07
1.13489e-05
-3.32249e-07
1.16789e-05
-3.30026e-07
1.19951e-05
-3.16208e-07
-3.43104e-07
-1.07758e-08
-3.63418e-09
-6.42739e-08
5.69153e-08
-1.47641e-07
1.01862e-07
-2.52882e-07
1.33441e-07
-3.75131e-07
1.57399e-07
-5.12031e-07
1.77695e-07
-6.61934e-07
1.95933e-07
-8.23375e-07
2.12442e-07
-9.94964e-07
2.2727e-07
-1.17538e-06
2.40439e-07
-1.36335e-06
2.51984e-07
-1.55769e-06
2.61969e-07
-1.75728e-06
2.70478e-07
-1.96113e-06
2.77626e-07
-2.16835e-06
2.83544e-07
-2.37818e-06
2.88376e-07
-2.58997e-06
2.92276e-07
-2.80322e-06
2.95405e-07
-3.01758e-06
2.97934e-07
-3.23282e-06
3.00056e-07
-3.44891e-06
3.01989e-07
-3.66596e-06
3.03964e-07
-3.88427e-06
3.06217e-07
-4.1043e-06
3.08983e-07
-4.32666e-06
3.12503e-07
-4.55216e-06
3.17022e-07
-4.78175e-06
3.22786e-07
-5.01654e-06
3.30017e-07
-5.25776e-06
3.38906e-07
-5.50676e-06
3.49618e-07
-5.76499e-06
3.62287e-07
-6.03396e-06
3.77032e-07
-6.31524e-06
3.93993e-07
-6.61044e-06
4.13415e-07
-6.92126e-06
4.3571e-07
-7.24937e-06
4.61381e-07
-7.59627e-06
4.90944e-07
-7.96306e-06
5.24952e-07
-8.35016e-06
5.63819e-07
-8.75694e-06
6.0767e-07
-9.18133e-06
6.56122e-07
-9.61949e-06
7.07952e-07
-1.00653e-05
7.60535e-07
-1.05101e-05
8.09572e-07
-1.09428e-05
8.49312e-07
-1.13499e-05
8.72932e-07
-1.17166e-05
8.73551e-07
-1.20275e-05
8.45356e-07
-1.22672e-05
7.83484e-07
-1.2421e-05
6.85019e-07
-1.24751e-05
5.50406e-07
-1.2419e-05
3.83693e-07
-1.22413e-05
1.8523e-07
-1.19326e-05
-4.10842e-08
-1.15026e-05
-2.69742e-07
-1.09487e-05
-5.14038e-07
-1.02664e-05
-7.647e-07
-9.45911e-06
-1.01228e-06
-8.53334e-06
-1.25334e-06
-7.49829e-06
-1.48066e-06
-6.36148e-06
-1.69424e-06
-5.13804e-06
-1.88047e-06
-3.83783e-06
-2.04745e-06
-2.47579e-06
-2.18645e-06
-1.06469e-06
-2.29938e-06
3.79331e-07
-2.38259e-06
1.84376e-06
-2.43835e-06
3.31631e-06
-2.46803e-06
4.78538e-06
-2.47226e-06
6.23887e-06
-2.45391e-06
7.66628e-06
-2.4127e-06
9.05881e-06
-2.35492e-06
1.04085e-05
-2.27807e-06
1.17095e-05
-2.19153e-06
1.29563e-05
-2.09035e-06
1.41461e-05
-1.98667e-06
1.52758e-05
-1.87258e-06
1.63454e-05
-1.76273e-06
1.73542e-05
-1.64588e-06
1.83046e-05
-1.53964e-06
1.91973e-05
-1.42881e-06
2.00371e-05
-1.33442e-06
2.08258e-05
-1.23654e-06
2.15699e-05
-1.16072e-06
2.22728e-05
-1.08112e-06
2.29428e-05
-1.02965e-06
2.35836e-05
-9.73014e-07
2.42059e-05
-9.52264e-07
2.4812e-05
-9.22331e-07
-9.32057e-07
-4.99861e-08
4.63519e-08
-1.86376e-07
1.93305e-07
-3.68742e-07
2.84227e-07
-5.78239e-07
3.42939e-07
-8.06002e-07
3.85161e-07
-1.04956e-06
4.21252e-07
-1.30732e-06
4.53698e-07
-1.57676e-06
4.81882e-07
-1.85528e-06
5.05787e-07
-2.14047e-06
5.25624e-07
-2.43014e-06
5.41664e-07
-2.72241e-06
5.54231e-07
-3.01563e-06
5.63699e-07
-3.30846e-06
5.70462e-07
-3.59984e-06
5.74916e-07
-3.88891e-06
5.7745e-07
-4.17507e-06
5.78437e-07
-4.45792e-06
5.78252e-07
-4.73719e-06
5.7721e-07
-5.01282e-06
5.75683e-07
-5.2849e-06
5.74065e-07
-5.55366e-06
5.72726e-07
-5.81945e-06
5.72013e-07
-6.08271e-06
5.7224e-07
-6.3439e-06
5.73695e-07
-6.60353e-06
5.76648e-07
-6.86208e-06
5.81341e-07
-7.12002e-06
5.8795e-07
-7.37767e-06
5.9656e-07
-7.63523e-06
6.07183e-07
-7.8927e-06
6.1975e-07
-8.14979e-06
6.34123e-07
-8.4059e-06
6.50106e-07
-8.66001e-06
6.67522e-07
-8.91081e-06
6.86515e-07
-9.15657e-06
7.07141e-07
-9.39484e-06
7.29215e-07
-9.62248e-06
7.52593e-07
-9.8355e-06
7.76838e-07
-1.00289e-05
8.01068e-07
-1.01966e-05
8.23849e-07
-1.03319e-05
8.43183e-07
-1.04265e-05
8.55195e-07
-1.0472e-05
8.55022e-07
-1.04593e-05
8.36596e-07
-1.03794e-05
7.93064e-07
-1.02235e-05
7.17652e-07
-9.98442e-06
6.06289e-07
-9.65699e-06
4.56057e-07
-9.2372e-06
2.6522e-07
-8.71644e-06
2.96525e-08
-8.10202e-06
-2.30727e-07
-7.39141e-06
-5.25378e-07
-6.58768e-06
-8.44822e-07
-5.6786e-06
-1.17881e-06
-4.67454e-06
-1.51811e-06
-3.58056e-06
-1.85868e-06
-2.40267e-06
-2.19016e-06
-1.14619e-06
-2.50982e-06
1.8101e-07
-2.80786e-06
1.56435e-06
-3.07757e-06
3.0003e-06
-3.31642e-06
4.47801e-06
-3.52516e-06
5.9846e-06
-3.69303e-06
7.51174e-06
-3.82652e-06
9.04676e-06
-3.91761e-06
1.05815e-05
-3.97309e-06
1.21026e-05
-3.98913e-06
1.36024e-05
-3.97202e-06
1.507e-05
-3.92154e-06
1.64998e-05
-3.84252e-06
1.78832e-05
-3.73829e-06
1.92171e-05
-3.612e-06
2.04954e-05
-3.46985e-06
2.17176e-05
-3.31258e-06
2.28799e-05
-3.14894e-06
2.3984e-05
-2.97664e-06
2.50281e-05
-2.8069e-06
2.6016e-05
-2.63375e-06
2.69475e-05
-2.47114e-06
2.78276e-05
-2.30891e-06
2.86576e-05
-2.16441e-06
2.94435e-05
-2.02241e-06
3.01877e-05
-1.90495e-06
3.08971e-05
-1.79048e-06
3.1575e-05
-1.70757e-06
3.22286e-05
-1.62661e-06
3.28611e-05
-1.5848e-06
3.34798e-05
-1.54105e-06
-1.54943e-06
-1.38307e-07
1.84659e-07
-3.92446e-07
4.47445e-07
-6.86062e-07
5.77842e-07
-9.97046e-07
6.53924e-07
-1.32322e-06
7.11333e-07
-1.6618e-06
7.59837e-07
-2.00778e-06
7.99675e-07
-2.35643e-06
8.30531e-07
-2.70374e-06
8.53101e-07
-3.0467e-06
8.68579e-07
-3.38284e-06
8.77807e-07
-3.71028e-06
8.81669e-07
-4.02767e-06
8.81085e-07
-4.33407e-06
8.76863e-07
-4.62887e-06
8.69721e-07
-4.91173e-06
8.60306e-07
-5.18248e-06
8.49184e-07
-5.44107e-06
8.36844e-07
-5.6876e-06
8.23737e-07
-5.92222e-06
8.10304e-07
-6.14511e-06
7.96962e-07
-6.35647e-06
7.84088e-07
-6.55646e-06
7.72e-07
-6.74517e-06
7.60945e-07
-6.92257e-06
7.511e-07
-7.08853e-06
7.42605e-07
-7.24276e-06
7.35575e-07
-7.38484e-06
7.3003e-07
-7.51411e-06
7.25828e-07
-7.62967e-06
7.22738e-07
-7.73033e-06
7.20419e-07
-7.81464e-06
7.18432e-07
-7.88079e-06
7.16248e-07
-7.92656e-06
7.13293e-07
-7.94925e-06
7.09208e-07
-7.94604e-06
7.03926e-07
-7.91343e-06
6.96611e-07
-7.84743e-06
6.86594e-07
-7.74347e-06
6.7288e-07
-7.59647e-06
6.54059e-07
-7.40062e-06
6.28008e-07
-7.14932e-06
5.91884e-07
-6.83728e-06
5.4315e-07
-6.45925e-06
4.76995e-07
-6.01039e-06
3.87737e-07
-5.48704e-06
2.69708e-07
-4.88517e-06
1.15785e-07
-4.2043e-06
-7.45857e-08
-3.44673e-06
-3.01507e-07
-2.61224e-06
-5.69271e-07
-1.70561e-06
-8.76981e-07
-7.2055e-07
-1.21579e-06
3.3861e-07
-1.58454e-06
1.4655e-06
-1.97171e-06
2.65829e-06
-2.37161e-06
3.9133e-06
-2.77311e-06
5.22757e-06
-3.17295e-06
6.59484e-06
-3.55743e-06
8.01045e-06
-3.92542e-06
9.46499e-06
-4.26241e-06
1.09561e-05
-4.56864e-06
1.24708e-05
-4.83112e-06
1.40018e-05
-5.05618e-06
1.55387e-05
-5.22995e-06
1.70729e-05
-5.3607e-06
1.85936e-05
-5.43832e-06
2.00932e-05
-5.47277e-06
2.15613e-05
-5.45723e-06
2.29922e-05
-5.40291e-06
2.43768e-05
-5.30613e-06
2.57122e-05
-5.17786e-06
2.69911e-05
-5.01723e-06
2.82134e-05
-4.83429e-06
2.9374e-05
-4.63046e-06
3.04752e-05
-4.41371e-06
3.15137e-05
-4.18749e-06
3.24938e-05
-3.95677e-06
3.3414e-05
-3.72708e-06
3.42799e-05
-3.49966e-06
3.50912e-05
-3.28245e-06
3.58547e-05
-3.07233e-06
3.65707e-05
-2.88044e-06
3.72469e-05
-2.69858e-06
3.78841e-05
-2.54215e-06
3.84905e-05
-2.39694e-06
3.9067e-05
-2.28406e-06
3.96225e-05
-2.18209e-06
4.01575e-05
-2.1198e-06
4.06841e-05
-2.06767e-06
-2.06664e-06
-1.95487e-07
3.80146e-07
-5.66353e-07
8.18311e-07
-9.84743e-07
9.96232e-07
-1.41252e-06
1.0817e-06
-1.83346e-06
1.13228e-06
-2.23886e-06
1.16524e-06
-2.62499e-06
1.18581e-06
-2.99074e-06
1.19628e-06
-3.33435e-06
1.19671e-06
-3.65433e-06
1.18856e-06
-3.95003e-06
1.17351e-06
-4.22135e-06
1.15299e-06
-4.46856e-06
1.12829e-06
-4.69219e-06
1.1005e-06
-4.89297e-06
1.0705e-06
-5.07169e-06
1.03902e-06
-5.22916e-06
1.00666e-06
-5.36614e-06
9.73826e-07
-5.4833e-06
9.40893e-07
-5.58122e-06
9.08227e-07
-5.6604e-06
8.76139e-07
-5.72117e-06
8.44866e-07
-5.76375e-06
8.14579e-07
-5.78815e-06
7.8534e-07
-5.79416e-06
7.57113e-07
-5.78136e-06
7.29805e-07
-5.74913e-06
7.03345e-07
-5.69671e-06
6.77609e-07
-5.62308e-06
6.52197e-07
-5.52697e-06
6.26633e-07
-5.40689e-06
6.00339e-07
-5.26108e-06
5.72616e-07
-5.08749e-06
5.42661e-07
-4.88376e-06
5.09562e-07
-4.6468e-06
4.72248e-07
-4.3741e-06
4.3123e-07
-4.06229e-06
3.84793e-07
-3.7076e-06
3.31907e-07
-3.30592e-06
2.71204e-07
-2.85279e-06
2.00926e-07
-2.34344e-06
1.18659e-07
-1.7717e-06
2.01463e-08
-1.13729e-06
-9.12604e-08
-4.36196e-07
-2.24101e-07
3.34533e-07
-3.82992e-07
1.1764e-06
-5.72156e-07
2.08717e-06
-7.94984e-07
3.06559e-06
-1.05301e-06
4.11235e-06
-1.34827e-06
5.22282e-06
-1.67974e-06
6.3929e-06
-2.04706e-06
7.61919e-06
-2.44208e-06
8.89733e-06
-2.86267e-06
1.02233e-05
-3.29765e-06
1.15946e-05
-3.7429e-06
1.30061e-05
-4.18466e-06
1.44536e-05
-4.62041e-06
1.59304e-05
-5.03423e-06
1.74302e-05
-5.42525e-06
1.89447e-05
-5.77695e-06
2.04671e-05
-6.09103e-06
2.19879e-05
-6.35189e-06
2.34977e-05
-6.56599e-06
2.49876e-05
-6.71979e-06
2.64494e-05
-6.8225e-06
2.78744e-05
-6.86339e-06
2.92566e-05
-6.85498e-06
3.05886e-05
-6.78924e-06
3.18668e-05
-6.6811e-06
3.30855e-05
-6.52482e-06
3.42441e-05
-6.33643e-06
3.53387e-05
-6.1118e-06
3.63713e-05
-5.86695e-06
3.73397e-05
-5.5988e-06
3.82481e-05
-5.32213e-06
3.90951e-05
-5.0345e-06
3.98869e-05
-4.74861e-06
4.06225e-05
-4.46265e-06
4.13095e-05
-4.18661e-06
4.19467e-05
-3.91967e-06
4.2543e-05
-3.66863e-06
4.30968e-05
-3.43424e-06
4.36179e-05
-3.21973e-06
4.4104e-05
-3.02823e-06
4.4566e-05
-2.85889e-06
4.50002e-05
-2.71826e-06
4.54189e-05
-2.60084e-06
4.58171e-05
-2.51802e-06
4.62085e-05
-2.45902e-06
-2.44686e-06
-4.22326e-07
8.02472e-07
-9.62993e-07
1.35898e-06
-1.45653e-06
1.48977e-06
-1.89112e-06
1.51628e-06
-2.28823e-06
1.52939e-06
-2.65296e-06
1.52997e-06
-2.98064e-06
1.5135e-06
-3.26526e-06
1.48089e-06
-3.50334e-06
1.43479e-06
-3.69703e-06
1.38225e-06
-3.84935e-06
1.32583e-06
-3.9633e-06
1.26693e-06
-4.04178e-06
1.20677e-06
-4.08757e-06
1.14629e-06
-4.10319e-06
1.08612e-06
-4.0909e-06
1.02673e-06
-4.05271e-06
9.68466e-07
-3.99031e-06
9.11426e-07
-3.90507e-06
8.5565e-07
-3.7981e-06
8.01263e-07
-3.67029e-06
7.48328e-07
-3.52223e-06
6.96801e-07
-3.35424e-06
6.46594e-07
-3.16638e-06
5.97476e-07
-2.95837e-06
5.49102e-07
-2.72962e-06
5.01059e-07
-2.47935e-06
4.53075e-07
-2.20668e-06
4.04933e-07
-1.9103e-06
3.5582e-07
-1.58875e-06
3.05081e-07
-1.24038e-06
2.51968e-07
-8.63309e-07
1.95549e-07
-4.55369e-07
1.34722e-07
-1.38318e-08
6.80242e-08
4.64956e-07
-6.5401e-09
9.80731e-07
-8.45444e-08
1.53809e-06
-1.72564e-07
2.14051e-06
-2.70514e-07
2.79146e-06
-3.79746e-07
3.49451e-06
-5.0213e-07
4.25288e-06
-6.39702e-07
5.06758e-06
-7.94563e-07
5.94519e-06
-9.68866e-07
6.88715e-06
-1.16606e-06
7.89398e-06
-1.38982e-06
8.96489e-06
-1.64307e-06
1.00984e-05
-1.92846e-06
1.12919e-05
-2.24656e-06
1.25422e-05
-2.59853e-06
1.38442e-05
-2.9818e-06
1.51927e-05
-3.39553e-06
1.65827e-05
-3.83208e-06
1.80082e-05
-4.28812e-06
1.9463e-05
-4.75253e-06
2.09411e-05
-5.22096e-06
2.24358e-05
-5.67934e-06
2.39391e-05
-6.12374e-06
2.54433e-05
-6.53846e-06
2.69393e-05
-6.9212e-06
2.84185e-05
-7.25616e-06
2.98717e-05
-7.54419e-06
3.12905e-05
-7.77069e-06
3.2666e-05
-7.94156e-06
3.39914e-05
-8.04516e-06
3.52605e-05
-8.09164e-06
3.64686e-05
-8.07146e-06
3.76124e-05
-7.99879e-06
3.86892e-05
-7.86601e-06
3.96986e-05
-7.69052e-06
4.06397e-05
-7.46593e-06
4.15149e-05
-7.21163e-06
4.23246e-05
-6.92153e-06
4.30734e-05
-6.61573e-06
4.37623e-05
-6.28765e-06
4.43972e-05
-5.95709e-06
4.49792e-05
-5.61648e-06
4.55153e-05
-5.28468e-06
4.60057e-05
-4.9531e-06
4.64584e-05
-4.63931e-06
4.68726e-05
-4.33386e-06
4.72569e-05
-4.05293e-06
4.76093e-05
-3.7866e-06
4.79391e-05
-3.54958e-06
4.82428e-05
-3.33195e-06
4.85309e-05
-3.14691e-06
4.87978e-05
-2.9852e-06
4.90553e-05
-2.85836e-06
4.92958e-05
-2.75854e-06
4.95323e-05
-2.69552e-06
-2.66935e-06
-2.66935e-07
1.06941e-06
-8.63004e-07
1.95505e-06
-1.48349e-06
2.11025e-06
-2.00282e-06
2.03561e-06
-2.39373e-06
1.9203e-06
-2.65908e-06
1.79531e-06
-2.81665e-06
1.67107e-06
-2.88674e-06
1.55099e-06
-2.88676e-06
1.43481e-06
-2.82774e-06
1.32324e-06
-2.71806e-06
1.21615e-06
-2.56434e-06
1.11321e-06
-2.37229e-06
1.01473e-06
-2.14682e-06
9.20819e-07
-1.89205e-06
8.31347e-07
-1.6114e-06
7.46078e-07
-1.30775e-06
6.64821e-07
-9.83348e-07
5.87021e-07
-6.39903e-07
5.12204e-07
-2.78841e-07
4.40201e-07
9.8838e-08
3.70649e-07
4.92531e-07
3.03108e-07
9.01976e-07
2.37149e-07
1.32739e-06
1.72061e-07
1.76942e-06
1.07072e-07
2.22929e-06
4.11944e-08
2.70795e-06
-2.55942e-08
3.20585e-06
-9.29586e-08
3.72516e-06
-1.63489e-07
4.26779e-06
-2.37549e-07
4.83573e-06
-3.15979e-07
5.43117e-06
-3.9989e-07
6.0563e-06
-4.90409e-07
6.71313e-06
-5.88805e-07
7.40248e-06
-6.95886e-07
8.13043e-06
-8.12497e-07
8.89829e-06
-9.40425e-07
9.70896e-06
-1.08118e-06
1.05652e-05
-1.23602e-06
1.14698e-05
-1.40674e-06
1.24251e-05
-1.59494e-06
1.34333e-05
-1.80282e-06
1.44966e-05
-2.03211e-06
1.56156e-05
-2.28505e-06
1.67896e-05
-2.56391e-06
1.80171e-05
-2.87053e-06
1.92949e-05
-3.20625e-06
2.06191e-05
-3.57076e-06
2.19842e-05
-3.96367e-06
2.33843e-05
-4.38182e-06
2.48114e-05
-4.82265e-06
2.62582e-05
-5.27892e-06
2.77155e-05
-5.74542e-06
2.91749e-05
-6.21192e-06
3.06263e-05
-6.67234e-06
3.2061e-05
-7.11404e-06
3.34685e-05
-7.53121e-06
3.484e-05
-7.90997e-06
3.61653e-05
-8.24657e-06
3.74371e-05
-8.52796e-06
3.8647e-05
-8.75408e-06
3.97893e-05
-8.91301e-06
4.08583e-05
-9.0105e-06
4.18512e-05
-9.03809e-06
4.27667e-05
-9.00708e-06
4.36053e-05
-8.91008e-06
4.43686e-05
-8.76207e-06
4.50592e-05
-8.55664e-06
4.56811e-05
-8.31249e-06
4.62385e-05
-8.02324e-06
4.67368e-05
-7.71e-06
4.71805e-05
-7.36524e-06
4.75761e-05
-7.01131e-06
4.79272e-05
-6.63877e-06
4.82406e-05
-6.27045e-06
4.85187e-05
-5.8946e-06
4.87682e-05
-5.53417e-06
4.89901e-05
-5.17501e-06
4.9191e-05
-4.84015e-06
4.93703e-05
-4.51316e-06
4.95346e-05
-4.21725e-06
4.96819e-05
-3.93392e-06
4.98191e-05
-3.68674e-06
4.99425e-05
-3.45539e-06
5.00596e-05
-3.26403e-06
5.01652e-05
-3.09079e-06
5.02675e-05
-2.96064e-06
5.03594e-05
-2.85041e-06
5.04496e-05
-2.78571e-06
-2.74571e-06
-1.49495e-06
2.56436e-06
-1.94619e-06
2.40628e-06
-2.11188e-06
2.27595e-06
-2.12874e-06
2.05248e-06
-2.01649e-06
1.80805e-06
-1.79897e-06
1.57779e-06
-1.49541e-06
1.3675e-06
-1.12023e-06
1.17581e-06
-6.86106e-07
1.00068e-06
-2.0536e-07
8.42492e-07
3.12742e-07
6.98047e-07
8.60479e-07
5.65469e-07
1.43112e-06
4.44084e-07
2.01961e-06
3.32333e-07
2.62209e-06
2.28867e-07
3.23541e-06
1.32758e-07
3.85663e-06
4.36037e-08
4.48506e-06
-4.14123e-08
5.12021e-06
-1.22949e-07
5.76053e-06
-2.00111e-07
6.4057e-06
-2.74529e-07
7.05595e-06
-3.4714e-07
7.71127e-06
-4.18172e-07
8.37269e-06
-4.89352e-07
9.04168e-06
-5.61921e-07
9.7192e-06
-6.36328e-07
1.04069e-05
-7.13267e-07
1.11076e-05
-7.93664e-07
1.18229e-05
-8.78779e-07
1.2555e-05
-9.6967e-07
1.33063e-05
-1.06727e-06
1.40791e-05
-1.17271e-06
1.48757e-05
-1.28703e-06
1.56983e-05
-1.41143e-06
1.65495e-05
-1.547e-06
1.74318e-05
-1.69485e-06
1.83474e-05
-1.856e-06
1.92983e-05
-2.03204e-06
2.02863e-05
-2.22403e-06
2.13131e-05
-2.43354e-06
2.23798e-05
-2.66167e-06
2.34871e-05
-2.91014e-06
2.4635e-05
-3.17995e-06
2.58224e-05
-3.47248e-06
2.70469e-05
-3.78838e-06
2.83049e-05
-4.12851e-06
2.95911e-05
-4.49251e-06
3.08998e-05
-4.87942e-06
3.2223e-05
-5.28686e-06
3.35526e-05
-5.71148e-06
3.48792e-05
-6.14922e-06
3.61927e-05
-6.59247e-06
3.74818e-05
-7.03449e-06
3.87366e-05
-7.46674e-06
3.99458e-05
-7.88147e-06
4.11002e-05
-8.2685e-06
4.21897e-05
-8.6207e-06
4.32075e-05
-8.92777e-06
4.41461e-05
-9.18512e-06
4.50018e-05
-9.38371e-06
4.57708e-05
-9.52305e-06
4.64536e-05
-9.59584e-06
4.70496e-05
-9.6065e-06
4.75622e-05
-9.55064e-06
4.79958e-05
-9.44075e-06
4.83574e-05
-9.27165e-06
4.8653e-05
-9.05767e-06
4.88904e-05
-8.79399e-06
4.90768e-05
-8.49894e-06
4.92198e-05
-8.16621e-06
4.93267e-05
-7.81691e-06
4.94035e-05
-7.44204e-06
4.9457e-05
-7.06477e-06
4.94909e-05
-6.67274e-06
4.95113e-05
-6.29078e-06
4.95196e-05
-5.90291e-06
4.9521e-05
-5.5356e-06
4.95152e-05
-5.16918e-06
4.95069e-05
-4.83185e-06
4.9494e-05
-4.50027e-06
4.94813e-05
-4.20454e-06
4.94651e-05
-3.91775e-06
4.94505e-05
-3.67216e-06
4.94326e-05
-3.43741e-06
4.94167e-05
-3.24816e-06
4.93966e-05
-3.07074e-06
4.93784e-05
-2.94244e-06
4.93546e-05
-2.82655e-06
4.93323e-05
-2.76338e-06
-2.70963e-06
-8.95682e-07
3.46004e-06
-7.42347e-07
2.25295e-06
-2.52692e-07
1.78629e-06
4.58606e-07
1.34118e-06
1.32638e-06
9.40279e-07
2.28453e-06
6.19633e-07
3.28673e-06
3.65309e-07
4.3056e-06
1.5694e-07
5.32716e-06
-2.08811e-08
6.33651e-06
-1.66853e-07
7.33538e-06
-3.00822e-07
8.32196e-06
-4.21116e-07
9.29176e-06
-5.25716e-07
1.0244e-05
-6.19911e-07
1.11786e-05
-7.05678e-07
1.20956e-05
-7.84284e-07
1.29961e-05
-8.56922e-07
1.38799e-05
-9.25196e-07
1.47472e-05
-9.90235e-07
1.55998e-05
-1.0527e-06
1.6439e-05
-1.11373e-06
1.72662e-05
-1.17432e-06
1.80834e-05
-1.23541e-06
1.88929e-05
-1.2989e-06
1.96967e-05
-1.36569e-06
2.0497e-05
-1.43665e-06
2.12965e-05
-1.51272e-06
2.20977e-05
-1.59491e-06
2.29032e-05
-1.68421e-06
2.37153e-05
-1.78179e-06
2.45366e-05
-1.88858e-06
2.53694e-05
-2.00556e-06
2.6216e-05
-2.13356e-06
2.70782e-05
-2.27365e-06
2.79579e-05
-2.42672e-06
2.88568e-05
-2.59376e-06
2.97763e-05
-2.77549e-06
3.07173e-05
-2.97302e-06
3.16803e-05
-3.18706e-06
3.26654e-05
-3.41866e-06
3.36721e-05
-3.66831e-06
3.4699e-05
-3.93704e-06
3.57444e-05
-4.22542e-06
3.68051e-05
-4.53316e-06
3.78767e-05
-4.85991e-06
3.89536e-05
-5.20545e-06
4.00291e-05
-5.56804e-06
4.10956e-05
-5.94588e-06
4.21441e-05
-6.33534e-06
4.31653e-05
-6.73272e-06
4.41483e-05
-7.13225e-06
4.50838e-05
-7.52794e-06
4.59616e-05
-7.91228e-06
4.67731e-05
-8.27826e-06
4.75096e-05
-8.61795e-06
4.81652e-05
-8.92412e-06
4.87343e-05
-9.18977e-06
4.92152e-05
-9.40867e-06
4.96063e-05
-9.57621e-06
4.99105e-05
-9.68792e-06
5.01302e-05
-9.74274e-06
5.02725e-05
-9.73817e-06
5.03435e-05
-9.67749e-06
5.03531e-05
-9.5602e-06
5.03087e-05
-9.39634e-06
5.02214e-05
-9.18442e-06
5.00991e-05
-8.93533e-06
4.99517e-05
-8.64662e-06
4.97858e-05
-8.33302e-06
4.96091e-05
-7.9895e-06
4.94263e-05
-7.63419e-06
4.92426e-05
-7.25828e-06
4.9061e-05
-6.88319e-06
4.88837e-05
-6.49546e-06
4.8713e-05
-6.12e-06
4.85484e-05
-5.73831e-06
4.8392e-05
-5.37925e-06
4.82416e-05
-5.01882e-06
4.80999e-05
-4.69014e-06
4.79629e-05
-4.3632e-06
4.78341e-05
-4.07579e-06
4.77079e-05
-3.7916e-06
4.75894e-05
-3.55363e-06
4.7471e-05
-3.31896e-06
4.73591e-05
-3.13633e-06
4.72443e-05
-2.95589e-06
4.71345e-05
-2.83262e-06
4.70177e-05
-2.70978e-06
4.69035e-05
-2.6492e-06
-2.58481e-06
3.65402e-06
-1.93983e-07
6.37776e-06
-4.70785e-07
8.78701e-06
-6.22963e-07
1.09062e-05
-7.78036e-07
1.27783e-05
-9.31819e-07
1.44675e-05
-1.06953e-06
1.60184e-05
-1.1856e-06
1.74482e-05
-1.27285e-06
1.87823e-05
-1.35499e-06
2.00433e-05
-1.42791e-06
2.12346e-05
-1.49202e-06
2.23627e-05
-1.54922e-06
2.3437e-05
-1.60009e-06
2.44628e-05
-1.64565e-06
2.5444e-05
-1.68692e-06
2.63845e-05
-1.72481e-06
2.72878e-05
-1.76018e-06
2.81566e-05
-1.79399e-06
2.89936e-05
-1.82729e-06
2.9802e-05
-1.86107e-06
3.05845e-05
-1.89626e-06
3.13441e-05
-1.93394e-06
3.2084e-05
-1.97523e-06
3.28064e-05
-2.02136e-06
3.35142e-05
-2.07343e-06
3.42099e-05
-2.13237e-06
3.48963e-05
-2.1991e-06
3.55758e-05
-2.27446e-06
3.62509e-05
-2.3593e-06
3.69237e-05
-2.45454e-06
3.75964e-05
-2.5613e-06
3.82707e-05
-2.67985e-06
3.8948e-05
-2.81089e-06
3.96296e-05
-2.95522e-06
4.03163e-05
-3.11343e-06
4.10086e-05
-3.28609e-06
4.17068e-05
-3.47368e-06
4.24105e-05
-3.67667e-06
4.31188e-05
-3.89542e-06
4.38304e-05
-4.13026e-06
4.45434e-05
-4.38126e-06
4.52548e-05
-4.64851e-06
4.5961e-05
-4.93157e-06
4.66576e-05
-5.22981e-06
4.73397e-05
-5.54198e-06
4.8001e-05
-5.8668e-06
4.86349e-05
-6.20194e-06
4.9234e-05
-6.54492e-06
4.97906e-05
-6.89191e-06
5.02968e-05
-7.23898e-06
5.07453e-05
-7.58071e-06
5.11293e-05
-7.912e-06
5.14434e-05
-8.22634e-06
5.16833e-05
-8.5182e-06
5.18464e-05
-8.78097e-06
5.19321e-05
-9.00985e-06
5.19418e-05
-9.19949e-06
5.18798e-05
-9.3467e-06
5.17513e-05
-9.44766e-06
5.15643e-05
-9.50097e-06
5.13266e-05
-9.50498e-06
5.10483e-05
-9.45989e-06
5.07382e-05
-9.36737e-06
5.04076e-05
-9.22961e-06
5.00621e-05
-9.05086e-06
4.9711e-05
-8.83335e-06
4.93585e-05
-8.58274e-06
4.90115e-05
-8.29966e-06
4.86708e-05
-7.99237e-06
4.83411e-05
-7.65973e-06
4.80205e-05
-7.31361e-06
4.77121e-05
-6.9499e-06
4.74131e-05
-6.58417e-06
4.71253e-05
-6.20762e-06
4.68455e-05
-5.84023e-06
4.65748e-05
-5.46762e-06
4.63109e-05
-5.11532e-06
4.6054e-05
-4.76197e-06
4.58033e-05
-4.4394e-06
4.55578e-05
-4.11772e-06
4.53183e-05
-3.83631e-06
4.50821e-05
-3.55539e-06
4.4852e-05
-3.32352e-06
4.46225e-05
-3.08946e-06
4.43989e-05
-2.91276e-06
4.41721e-05
-2.72908e-06
4.39504e-05
-2.6109e-06
4.37197e-05
-2.47906e-06
4.34913e-05
-2.42081e-06
-2.34635e-06
3.86061e-05
1.41441e-08
3.85737e-05
-4.38332e-07
3.87118e-05
-7.61129e-07
3.89361e-05
-1.00227e-06
3.92084e-05
-1.20415e-06
3.9523e-05
-1.38412e-06
3.98811e-05
-1.54366e-06
4.0284e-05
-1.67582e-06
4.07117e-05
-1.78263e-06
4.1154e-05
-1.87023e-06
4.16041e-05
-1.94211e-06
4.20563e-05
-2.00143e-06
4.25067e-05
-2.05047e-06
4.2952e-05
-2.09097e-06
4.33897e-05
-2.1246e-06
4.38178e-05
-2.15296e-06
4.42352e-05
-2.17755e-06
4.46411e-05
-2.19985e-06
4.50351e-05
-2.22132e-06
4.54174e-05
-2.2434e-06
4.57886e-05
-2.26743e-06
4.61494e-05
-2.29471e-06
4.65007e-05
-2.32654e-06
4.68434e-05
-2.36413e-06
4.71787e-05
-2.40865e-06
4.75074e-05
-2.46116e-06
4.78309e-05
-2.52256e-06
4.81501e-05
-2.59369e-06
4.84662e-05
-2.67531e-06
4.87798e-05
-2.76814e-06
4.90913e-05
-2.87283e-06
4.94013e-05
-2.98985e-06
4.971e-05
-3.11965e-06
5.00174e-05
-3.26263e-06
5.03232e-05
-3.41916e-06
5.06266e-05
-3.58949e-06
5.09267e-05
-3.77382e-06
5.12223e-05
-3.97223e-06
5.15116e-05
-4.18473e-06
5.17925e-05
-4.41117e-06
5.20625e-05
-4.65129e-06
5.23186e-05
-4.90454e-06
5.25572e-05
-5.1702e-06
5.27746e-05
-5.44718e-06
5.29667e-05
-5.73406e-06
5.31289e-05
-6.02899e-06
5.32566e-05
-6.32972e-06
5.33453e-05
-6.63361e-06
5.33908e-05
-6.9374e-06
5.33892e-05
-7.2374e-06
5.33379e-05
-7.52937e-06
5.32348e-05
-7.80895e-06
5.30798e-05
-8.07131e-06
5.28736e-05
-8.31203e-06
5.26189e-05
-8.52623e-06
5.2319e-05
-8.70999e-06
5.19797e-05
-8.86013e-06
5.16071e-05
-8.97414e-06
5.12083e-05
-9.04882e-06
5.07903e-05
-9.08304e-06
5.03598e-05
-9.07444e-06
4.9923e-05
-9.0231e-06
4.94839e-05
-8.92826e-06
4.90464e-05
-8.79209e-06
4.8611e-05
-8.61548e-06
4.81796e-05
-8.40197e-06
4.77504e-05
-8.15355e-06
4.73247e-05
-7.87394e-06
4.68987e-05
-7.56639e-06
4.64738e-05
-7.23475e-06
4.60453e-05
-6.88517e-06
4.56163e-05
-6.5209e-06
4.51825e-05
-6.15031e-06
4.47484e-05
-5.77356e-06
4.43099e-05
-5.40177e-06
4.38733e-05
-5.03093e-06
4.34342e-05
-4.67622e-06
4.29997e-05
-4.32751e-06
4.25655e-05
-4.00524e-06
4.21388e-05
-3.69096e-06
4.17149e-05
-3.41246e-06
4.13001e-05
-3.14058e-06
4.089e-05
-2.91338e-06
4.04884e-05
-2.68793e-06
4.0092e-05
-2.51632e-06
3.97009e-05
-2.33796e-06
3.9314e-05
-2.22404e-06
3.89263e-05
-2.09136e-06
3.8541e-05
-2.03549e-06
-1.9495e-06
5.29833e-05
9.18874e-08
5.28885e-05
-3.43555e-07
5.28589e-05
-7.3157e-07
5.2882e-05
-1.02536e-06
5.29266e-05
-1.24877e-06
5.29736e-05
-1.43108e-06
5.30192e-05
-1.58926e-06
5.30712e-05
-1.72781e-06
5.31345e-05
-1.84592e-06
5.32079e-05
-1.94365e-06
5.32886e-05
-2.02282e-06
5.33734e-05
-2.08619e-06
5.34596e-05
-2.13666e-06
5.35454e-05
-2.17678e-06
5.36295e-05
-2.20871e-06
5.37109e-05
-2.23433e-06
5.37887e-05
-2.25542e-06
5.38625e-05
-2.27365e-06
5.39319e-05
-2.29067e-06
5.39965e-05
-2.30808e-06
5.40565e-05
-2.32743e-06
5.4112e-05
-2.35016e-06
5.41631e-05
-2.37763e-06
5.42101e-05
-2.41111e-06
5.42532e-05
-2.45176e-06
5.42927e-05
-2.50064e-06
5.43288e-05
-2.55866e-06
5.43617e-05
-2.62662e-06
5.43916e-05
-2.7052e-06
5.44184e-05
-2.79497e-06
5.4442e-05
-2.89645e-06
5.44622e-05
-3.01003e-06
5.44786e-05
-3.13606e-06
5.44907e-05
-3.27476e-06
5.44979e-05
-3.42632e-06
5.44993e-05
-3.59084e-06
5.44938e-05
-3.76835e-06
5.44803e-05
-3.95875e-06
5.44575e-05
-4.1619e-06
5.44237e-05
-4.37745e-06
5.43774e-05
-4.60499e-06
5.43167e-05
-4.84383e-06
5.42397e-05
-5.09316e-06
5.41443e-05
-5.35182e-06
5.40287e-05
-5.6184e-06
5.38907e-05
-5.89101e-06
5.37284e-05
-6.1675e-06
5.35405e-05
-6.44564e-06
5.33257e-05
-6.72261e-06
5.30833e-05
-6.99503e-06
5.28133e-05
-7.25938e-06
5.25161e-05
-7.51172e-06
5.21929e-05
-7.74812e-06
5.18453e-05
-7.96442e-06
5.14756e-05
-8.15657e-06
5.10863e-05
-8.32063e-06
5.06793e-05
-8.4532e-06
5.02563e-05
-8.55115e-06
4.98189e-05
-8.61142e-06
4.93676e-05
-8.63174e-06
4.89025e-05
-8.60929e-06
4.84219e-05
-8.54254e-06
4.79242e-05
-8.43052e-06
4.74068e-05
-8.2747e-06
4.68676e-05
-8.07628e-06
4.63041e-05
-7.83844e-06
4.57139e-05
-7.56338e-06
4.50974e-05
-7.25746e-06
4.44545e-05
-6.92346e-06
4.37875e-05
-6.56782e-06
4.30975e-05
-6.19517e-06
4.23898e-05
-5.81311e-06
4.16658e-05
-5.42631e-06
4.09335e-05
-5.04129e-06
4.01943e-05
-4.66257e-06
3.9458e-05
-4.2947e-06
3.87242e-05
-3.94239e-06
3.80036e-05
-3.6069e-06
3.72926e-05
-3.29421e-06
3.66028e-05
-3.00118e-06
3.59271e-05
-2.73675e-06
3.52777e-05
-2.49123e-06
3.46436e-05
-2.27923e-06
3.40375e-05
-2.08185e-06
3.34445e-05
-1.92332e-06
3.28771e-05
-1.77052e-06
3.23181e-05
-1.66509e-06
3.17792e-05
-1.55243e-06
3.12438e-05
-1.50015e-06
-1.41729e-06
5.432e-05
-2.27968e-07
5.45026e-05
-5.26124e-07
5.4607e-05
-8.35969e-07
5.46944e-05
-1.1128e-06
5.47815e-05
-1.33583e-06
5.48622e-05
-1.51176e-06
5.4929e-05
-1.65614e-06
5.4981e-05
-1.77974e-06
5.50221e-05
-1.887e-06
5.5057e-05
-1.97858e-06
5.50885e-05
-2.05433e-06
5.51174e-05
-2.11504e-06
5.51432e-05
-2.16251e-06
5.51655e-05
-2.19905e-06
5.51837e-05
-2.22692e-06
5.51975e-05
-2.24818e-06
5.52068e-05
-2.26469e-06
5.52114e-05
-2.27821e-06
5.52111e-05
-2.29041e-06
5.52059e-05
-2.30292e-06
5.51958e-05
-2.31731e-06
5.51808e-05
-2.33509e-06
5.51608e-05
-2.35767e-06
5.5136e-05
-2.38632e-06
5.51065e-05
-2.42221e-06
5.50722e-05
-2.46638e-06
5.50333e-05
-2.51973e-06
5.49897e-05
-2.58302e-06
5.49414e-05
-2.65691e-06
5.48883e-05
-2.7419e-06
5.48303e-05
-2.83843e-06
5.47671e-05
-2.94684e-06
5.46985e-05
-3.06739e-06
5.46239e-05
-3.20025e-06
5.45431e-05
-3.34552e-06
5.44555e-05
-3.50323e-06
5.43605e-05
-3.67334e-06
5.42575e-05
-3.85569e-06
5.41456e-05
-4.05003e-06
5.40242e-05
-4.256e-06
5.38922e-05
-4.47307e-06
5.3749e-05
-4.70054e-06
5.35933e-05
-4.93752e-06
5.34243e-05
-5.18279e-06
5.32408e-05
-5.43486e-06
5.30416e-05
-5.69181e-06
5.28256e-05
-5.9515e-06
5.25914e-05
-6.21146e-06
5.23376e-05
-6.46887e-06
5.20629e-05
-6.72025e-06
5.17654e-05
-6.96189e-06
5.14433e-05
-7.18965e-06
5.10947e-05
-7.39953e-06
5.07175e-05
-7.58725e-06
5.03098e-05
-7.74879e-06
4.9869e-05
-7.87985e-06
4.93924e-05
-7.97665e-06
4.88768e-05
-8.03554e-06
4.83188e-05
-8.05337e-06
4.77143e-05
-8.02722e-06
4.70597e-05
-7.9547e-06
4.63516e-05
-7.83448e-06
4.55886e-05
-7.66748e-06
4.47702e-05
-7.45632e-06
4.38977e-05
-7.20376e-06
4.29717e-05
-6.91243e-06
4.19945e-05
-6.58624e-06
4.09709e-05
-6.23384e-06
3.99085e-05
-5.86101e-06
3.88153e-05
-5.47466e-06
3.77007e-05
-5.08058e-06
3.65735e-05
-4.68594e-06
3.54428e-05
-4.29553e-06
3.43183e-05
-3.91687e-06
3.32092e-05
-3.5534e-06
3.21254e-05
-3.21097e-06
3.10732e-05
-2.89014e-06
3.00611e-05
-2.59481e-06
2.90907e-05
-2.32382e-06
2.81697e-05
-2.08015e-06
2.72944e-05
-1.86151e-06
2.64726e-05
-1.66936e-06
2.56944e-05
-1.50106e-06
2.49686e-05
-1.356e-06
2.42786e-05
-1.2334e-06
2.36371e-05
-1.12901e-06
2.30198e-05
-1.04777e-06
2.24447e-05
-9.77301e-07
2.18797e-05
-9.35149e-07
-8.88768e-07
5.39208e-05
-5.56358e-07
5.41746e-05
-7.79928e-07
5.43571e-05
-1.01851e-06
5.44919e-05
-1.24758e-06
5.46031e-05
-1.44697e-06
5.47022e-05
-1.61086e-06
5.47902e-05
-1.74419e-06
5.48655e-05
-1.85503e-06
5.49279e-05
-1.94938e-06
5.49793e-05
-2.02997e-06
5.50223e-05
-2.09734e-06
5.50589e-05
-2.15164e-06
5.509e-05
-2.19363e-06
5.51157e-05
-2.22478e-06
5.51358e-05
-2.24701e-06
5.515e-05
-2.26232e-06
5.51579e-05
-2.27267e-06
5.51596e-05
-2.27988e-06
5.51549e-05
-2.28571e-06
5.51438e-05
-2.29184e-06
5.51264e-05
-2.29986e-06
5.51026e-05
-2.31132e-06
5.50726e-05
-2.32764e-06
5.50364e-05
-2.35016e-06
5.49942e-05
-2.38001e-06
5.49461e-05
-2.41823e-06
5.4892e-05
-2.46569e-06
5.48322e-05
-2.52317e-06
5.47665e-05
-2.59125e-06
5.4695e-05
-2.67039e-06
5.46175e-05
-2.76091e-06
5.45338e-05
-2.8631e-06
5.44435e-05
-2.9771e-06
5.43462e-05
-3.10302e-06
5.42416e-05
-3.24085e-06
5.41289e-05
-3.39055e-06
5.40075e-05
-3.55193e-06
5.38765e-05
-3.72476e-06
5.37352e-05
-3.90866e-06
5.35823e-05
-4.10312e-06
5.34166e-05
-4.30744e-06
5.32369e-05
-4.52077e-06
5.30413e-05
-4.74197e-06
5.28282e-05
-4.96964e-06
5.25953e-05
-5.20198e-06
5.23403e-05
-5.4368e-06
5.20604e-05
-5.67159e-06
5.17524e-05
-5.90346e-06
5.14126e-05
-6.12909e-06
5.10369e-05
-6.34455e-06
5.06206e-05
-6.54561e-06
5.01587e-05
-6.72774e-06
4.96458e-05
-6.88663e-06
4.90766e-05
-7.01801e-06
4.8446e-05
-7.11824e-06
4.77498e-05
-7.18361e-06
4.69841e-05
-7.21102e-06
4.61457e-05
-7.1971e-06
4.5231e-05
-7.1387e-06
4.42365e-05
-7.03271e-06
4.31593e-05
-6.87745e-06
4.19986e-05
-6.67383e-06
4.07585e-05
-6.42739e-06
3.94463e-05
-6.14412e-06
3.80702e-05
-5.8276e-06
3.66378e-05
-5.48001e-06
3.51582e-05
-5.1067e-06
3.36415e-05
-4.71708e-06
3.21025e-05
-4.32201e-06
3.0558e-05
-3.93021e-06
2.90248e-05
-3.54741e-06
2.75174e-05
-3.17849e-06
2.605e-05
-2.82817e-06
2.46353e-05
-2.50213e-06
2.32855e-05
-2.20358e-06
2.20098e-05
-1.93529e-06
2.08164e-05
-1.69674e-06
1.97102e-05
-1.48864e-06
1.86943e-05
-1.30787e-06
1.77684e-05
-1.15429e-06
1.69297e-05
-1.02286e-06
1.61744e-05
-9.14005e-07
1.54944e-05
-8.21057e-07
1.48847e-05
-7.46283e-07
1.43329e-05
-6.81682e-07
1.38367e-05
-6.32736e-07
1.33786e-05
-5.89689e-07
1.29631e-05
-5.61792e-07
1.25657e-05
-5.37793e-07
-5.25795e-07
5.3579e-05
-8.69113e-07
5.38468e-05
-1.0477e-06
5.40618e-05
-1.2335e-06
5.42305e-05
-1.41625e-06
5.43683e-05
-1.5848e-06
5.4488e-05
-1.73056e-06
5.45952e-05
-1.85137e-06
5.4691e-05
-1.95084e-06
5.47752e-05
-2.03358e-06
5.48479e-05
-2.10266e-06
5.49101e-05
-2.15952e-06
5.49631e-05
-2.20465e-06
5.50079e-05
-2.23846e-06
5.50449e-05
-2.26182e-06
5.50741e-05
-2.27615e-06
5.5095e-05
-2.28322e-06
5.51073e-05
-2.28496e-06
5.51107e-05
-2.28329e-06
5.51051e-05
-2.28009e-06
5.50904e-05
-2.27718e-06
5.50668e-05
-2.27624e-06
5.50343e-05
-2.27882e-06
5.4993e-05
-2.28637e-06
5.4943e-05
-2.30019e-06
5.48845e-05
-2.32143e-06
5.48173e-05
-2.35108e-06
5.47416e-05
-2.39003e-06
5.46575e-05
-2.43901e-06
5.45648e-05
-2.49855e-06
5.44633e-05
-2.56888e-06
5.43526e-05
-2.65023e-06
5.42322e-05
-2.74273e-06
5.41015e-05
-2.84636e-06
5.39595e-05
-2.96107e-06
5.38053e-05
-3.08666e-06
5.36377e-05
-3.22292e-06
5.34552e-05
-3.36945e-06
5.32563e-05
-3.52584e-06
5.30391e-05
-3.69144e-06
5.28015e-05
-3.86552e-06
5.25411e-05
-4.04705e-06
5.22552e-05
-4.23487e-06
5.19407e-05
-4.42745e-06
5.15941e-05
-4.62307e-06
5.12117e-05
-4.81952e-06
5.07891e-05
-5.01424e-06
5.03218e-05
-5.20428e-06
4.98047e-05
-5.38638e-06
4.92321e-05
-5.55651e-06
4.85979e-05
-5.71036e-06
4.78956e-05
-5.84331e-06
4.71187e-05
-5.95084e-06
4.62606e-05
-6.02853e-06
4.5315e-05
-6.07241e-06
4.42761e-05
-6.07934e-06
4.31408e-05
-6.04829e-06
4.19085e-05
-5.97873e-06
4.05801e-05
-5.86868e-06
3.91573e-05
-5.71587e-06
3.76399e-05
-5.51529e-06
3.60291e-05
-5.26666e-06
3.43308e-05
-4.97561e-06
3.25583e-05
-4.65483e-06
3.07283e-05
-4.31411e-06
2.88584e-05
-3.95769e-06
2.69687e-05
-3.59031e-06
2.50785e-05
-3.21655e-06
2.32067e-05
-2.84523e-06
2.13743e-05
-2.48967e-06
1.9605e-05
-2.16093e-06
1.79222e-05
-1.86454e-06
1.63461e-05
-1.60246e-06
1.4894e-05
-1.37603e-06
1.3577e-05
-1.18511e-06
1.24012e-05
-1.02778e-06
1.13652e-05
-8.99359e-07
1.04628e-05
-7.9427e-07
9.68285e-06
-7.0873e-07
9.01334e-06
-6.38353e-07
8.43954e-06
-5.80492e-07
7.94804e-06
-5.31351e-07
7.52418e-06
-4.90149e-07
7.15668e-06
-4.53556e-07
6.83331e-06
-4.22912e-07
6.54602e-06
-3.94391e-07
6.28559e-06
-3.72307e-07
6.04677e-06
-3.50871e-07
5.82421e-06
-3.39234e-07
5.61194e-06
-3.25522e-07
-3.25262e-07
5.34371e-05
-1.1735e-06
5.37064e-05
-1.31699e-06
5.39362e-05
-1.46326e-06
5.41279e-05
-1.60796e-06
5.42883e-05
-1.74524e-06
5.44265e-05
-1.86875e-06
5.45492e-05
-1.97406e-06
5.4659e-05
-2.06068e-06
5.47563e-05
-2.13087e-06
5.48408e-05
-2.18713e-06
5.49124e-05
-2.2311e-06
5.49714e-05
-2.26363e-06
5.50181e-05
-2.28521e-06
5.50528e-05
-2.29647e-06
5.50751e-05
-2.29852e-06
5.50848e-05
-2.29286e-06
5.50811e-05
-2.28134e-06
5.50638e-05
-2.26594e-06
5.50324e-05
-2.24874e-06
5.4987e-05
-2.23176e-06
5.49277e-05
-2.21691e-06
5.48547e-05
-2.20582e-06
5.47681e-05
-2.1998e-06
5.46679e-05
-2.19999e-06
5.4554e-05
-2.20752e-06
5.44263e-05
-2.22341e-06
5.42848e-05
-2.24852e-06
5.41292e-05
-2.2834e-06
5.39591e-05
-2.32839e-06
5.37738e-05
-2.38356e-06
5.35724e-05
-2.4489e-06
5.3354e-05
-2.52425e-06
5.3117e-05
-2.60936e-06
5.28598e-05
-2.70389e-06
5.25805e-05
-2.80738e-06
5.22769e-05
-2.91932e-06
5.19465e-05
-3.03904e-06
5.15865e-05
-3.16581e-06
5.11937e-05
-3.29868e-06
5.07648e-05
-3.43661e-06
5.0296e-05
-3.57824e-06
4.97832e-05
-3.72204e-06
4.92217e-05
-3.866e-06
4.86066e-05
-4.00798e-06
4.79324e-05
-4.14531e-06
4.71937e-05
-4.27553e-06
4.63852e-05
-4.39579e-06
4.55012e-05
-4.50239e-06
4.45354e-05
-4.59073e-06
4.34816e-05
-4.6565e-06
4.23336e-05
-4.6953e-06
4.10865e-05
-4.70374e-06
3.97362e-05
-4.67831e-06
3.82798e-05
-4.61599e-06
3.67135e-05
-4.51306e-06
3.50387e-05
-4.37346e-06
3.32624e-05
-4.2024e-06
3.1393e-05
-3.99924e-06
2.9445e-05
-3.76795e-06
2.74286e-05
-3.49886e-06
2.53562e-05
-3.19428e-06
2.32492e-05
-2.86858e-06
2.11323e-05
-2.53793e-06
1.90341e-05
-2.21588e-06
1.6981e-05
-1.90465e-06
1.50117e-05
-1.62097e-06
1.31664e-05
-1.37125e-06
1.14731e-05
-1.15194e-06
9.95109e-06
-9.67647e-07
8.61411e-06
-8.23958e-07
7.46771e-06
-7.18134e-07
6.50002e-06
-6.34761e-07
5.69548e-06
-5.71489e-07
5.02915e-06
-5.1878e-07
4.47216e-06
-4.7079e-07
3.99906e-06
-4.26259e-07
3.59106e-06
-3.8627e-07
3.23467e-06
-3.5234e-07
2.92092e-06
-3.24598e-07
2.64242e-06
-3.02e-07
2.39569e-06
-2.84616e-07
2.17613e-06
-2.70587e-07
1.98036e-06
-2.57789e-07
1.80357e-06
-2.4612e-07
1.64349e-06
-2.34316e-07
1.49532e-06
-2.24131e-07
1.35884e-06
-2.14392e-07
1.22881e-06
-2.09207e-07
1.10719e-06
-2.03902e-07
-2.16317e-07
5.34668e-05
-1.46676e-06
5.3727e-05
-1.57715e-06
5.39521e-05
-1.68841e-06
5.41432e-05
-1.79906e-06
5.43032e-05
-1.9052e-06
5.4436e-05
-2.00157e-06
5.45459e-05
-2.08398e-06
5.46359e-05
-2.15062e-06
5.47067e-05
-2.20176e-06
5.47583e-05
-2.23866e-06
5.47897e-05
-2.26258e-06
5.48006e-05
-2.27448e-06
5.47905e-05
-2.27516e-06
5.47594e-05
-2.26536e-06
5.4707e-05
-2.24612e-06
5.4633e-05
-2.21887e-06
5.45371e-05
-2.18544e-06
5.4419e-05
-2.14784e-06
5.42787e-05
-2.10838e-06
5.41161e-05
-2.06922e-06
5.39318e-05
-2.03254e-06
5.37265e-05
-2.00058e-06
5.35008e-05
-1.97406e-06
5.32542e-05
-1.95344e-06
5.29867e-05
-1.94003e-06
5.26981e-05
-1.93481e-06
5.23881e-05
-1.93846e-06
5.2056e-05
-1.95126e-06
5.17008e-05
-1.97325e-06
5.13215e-05
-2.00421e-06
5.09164e-05
-2.04382e-06
5.04836e-05
-2.09153e-06
5.00211e-05
-2.14681e-06
4.95261e-05
-2.20893e-06
4.89959e-05
-2.27717e-06
4.84272e-05
-2.35061e-06
4.78166e-05
-2.42838e-06
4.71601e-05
-2.50933e-06
4.64538e-05
-2.59239e-06
4.56933e-05
-2.67615e-06
4.48743e-05
-2.75924e-06
4.39921e-05
-2.83986e-06
4.30422e-05
-2.91607e-06
4.20194e-05
-2.98512e-06
4.09175e-05
-3.04347e-06
3.97323e-05
-3.0903e-06
3.84608e-05
-3.12433e-06
3.70991e-05
-3.1407e-06
3.56438e-05
-3.13539e-06
3.40923e-05
-3.10503e-06
3.24436e-05
-3.04657e-06
3.06985e-05
-2.95862e-06
2.88617e-05
-2.84157e-06
2.6939e-05
-2.69327e-06
2.49424e-05
-2.51647e-06
2.2881e-05
-2.31207e-06
2.07736e-05
-2.09498e-06
1.86466e-05
-1.87223e-06
1.65239e-05
-1.64527e-06
1.44433e-05
-1.41829e-06
1.24467e-05
-1.19769e-06
1.0572e-05
-9.93822e-07
8.85196e-06
-8.179e-07
7.31858e-06
-6.82491e-07
6.01446e-06
-6.00526e-07
4.93353e-06
-5.40046e-07
4.05115e-06
-4.88877e-07
3.32946e-06
-4.30252e-07
2.72654e-06
-3.64732e-07
2.20565e-06
-3.03067e-07
1.74472e-06
-2.57205e-07
1.33814e-06
-2.28175e-07
9.82939e-07
-2.1629e-07
6.72814e-07
-2.08655e-07
4.01453e-07
-1.99429e-07
1.62688e-07
-1.87494e-07
-4.89433e-08
-1.74639e-07
-2.37956e-07
-1.63327e-07
-4.07405e-07
-1.55149e-07
-5.60194e-07
-1.49212e-07
-6.99642e-07
-1.45167e-07
-8.27923e-07
-1.42306e-07
-9.46323e-07
-1.39389e-07
-1.05648e-06
-1.35967e-07
-1.15906e-06
-1.3173e-07
-1.25533e-06
-1.27863e-07
-1.34476e-06
-1.24962e-07
-1.42904e-06
-1.24929e-07
-1.50411e-06
-1.28834e-07
-1.43332e-07
5.34075e-05
-1.68161e-06
5.35786e-05
-1.74824e-06
5.37056e-05
-1.8154e-06
5.37884e-05
-1.88179e-06
5.38279e-05
-1.94471e-06
5.38254e-05
-1.99913e-06
5.37826e-05
-2.04118e-06
5.3702e-05
-2.06998e-06
5.35856e-05
-2.08538e-06
5.34345e-05
-2.08755e-06
5.3249e-05
-2.07704e-06
5.30292e-05
-2.05468e-06
5.27758e-05
-2.02178e-06
5.24897e-05
-1.97926e-06
5.21719e-05
-1.92834e-06
5.18236e-05
-1.87056e-06
5.14459e-05
-1.80777e-06
5.10401e-05
-1.74202e-06
5.06073e-05
-1.67553e-06
5.01484e-05
-1.61038e-06
4.96645e-05
-1.54862e-06
4.91572e-05
-1.49329e-06
4.86274e-05
-1.44429e-06
4.80751e-05
-1.40111e-06
4.75003e-05
-1.36521e-06
4.69027e-05
-1.3372e-06
4.62815e-05
-1.31731e-06
4.56357e-05
-1.30547e-06
4.49638e-05
-1.30136e-06
4.4264e-05
-1.3044e-06
4.35341e-05
-1.3139e-06
4.27716e-05
-1.32905e-06
4.19738e-05
-1.34899e-06
4.11376e-05
-1.37276e-06
4.02599e-05
-1.39943e-06
3.93372e-05
-1.42789e-06
3.8366e-05
-1.45715e-06
3.73426e-05
-1.48599e-06
3.62636e-05
-1.51336e-06
3.51254e-05
-1.53792e-06
3.39247e-05
-1.55861e-06
3.26588e-05
-1.57398e-06
3.13257e-05
-1.58297e-06
2.99239e-05
-1.58327e-06
2.84507e-05
-1.57024e-06
2.69089e-05
-1.54855e-06
2.52998e-05
-1.51528e-06
2.36268e-05
-1.46764e-06
2.18953e-05
-1.40392e-06
2.0114e-05
-1.32374e-06
1.82944e-05
-1.22692e-06
1.64495e-05
-1.11371e-06
1.4597e-05
-9.89091e-07
1.27621e-05
-8.584e-07
1.09754e-05
-7.29705e-07
9.27754e-06
-6.14234e-07
7.70603e-06
-5.23472e-07
6.29817e-06
-4.64374e-07
5.08657e-06
-4.33677e-07
4.06496e-06
-3.96674e-07
3.21253e-06
-3.45262e-07
2.49706e-06
-2.78354e-07
1.88699e-06
-2.07825e-07
1.35844e-06
-1.53949e-07
8.84491e-07
-1.26572e-07
4.73167e-07
-1.28723e-07
1.19306e-07
-1.35016e-07
-1.83308e-07
-1.27638e-07
-4.43546e-07
-1.04494e-07
-6.68585e-07
-7.80281e-08
-8.6597e-07
-5.98201e-08
-1.04018e-06
-5.39638e-08
-1.20025e-06
-5.62165e-08
-1.34742e-06
-6.14858e-08
-1.48162e-06
-6.52314e-08
-1.60319e-06
-6.59239e-08
-1.7134e-06
-6.44264e-08
-1.81438e-06
-6.2351e-08
-1.90861e-06
-6.0918e-08
-1.99732e-06
-6.05058e-08
-2.0816e-06
-6.08833e-08
-2.16234e-06
-6.15703e-08
-2.23979e-06
-6.19307e-08
-2.31407e-06
-6.16883e-08
-2.38491e-06
-6.08897e-08
-2.45239e-06
-6.03822e-08
-2.51606e-06
-6.12955e-08
-2.5754e-06
-6.55848e-08
-2.63003e-06
-7.42069e-08
-8.4922e-08
5.10759e-05
-1.45693e-06
5.0786e-05
-1.45833e-06
5.04318e-05
-1.46118e-06
5.00136e-05
-1.46363e-06
4.95325e-05
-1.46358e-06
4.8992e-05
-1.45862e-06
4.83965e-05
-1.44566e-06
4.77506e-05
-1.42416e-06
4.70606e-05
-1.39531e-06
4.63312e-05
-1.35813e-06
4.5567e-05
-1.31291e-06
4.47727e-05
-1.2604e-06
4.39525e-05
-1.20154e-06
4.31106e-05
-1.13733e-06
4.22511e-05
-1.0689e-06
4.13781e-05
-9.97549e-07
4.04951e-05
-9.24781e-07
3.96053e-05
-8.52246e-07
3.87115e-05
-7.8166e-07
3.78158e-05
-7.14664e-07
3.69198e-05
-6.52673e-07
3.60233e-05
-5.96752e-07
3.51264e-05
-5.47362e-07
3.42298e-05
-5.04591e-07
3.33331e-05
-4.68506e-07
3.2435e-05
-4.39081e-07
3.15338e-05
-4.16089e-07
3.06274e-05
-3.99065e-07
2.97134e-05
-3.87344e-07
2.87891e-05
-3.8013e-07
2.78518e-05
-3.76569e-07
2.68985e-05
-3.75792e-07
2.59265e-05
-3.76941e-07
2.49329e-05
-3.79178e-07
2.39152e-05
-3.81698e-07
2.2871e-05
-3.83732e-07
2.17984e-05
-3.84571e-07
2.0696e-05
-3.83568e-07
1.95628e-05
-3.80193e-07
1.83989e-05
-3.74016e-07
1.72052e-05
-3.64837e-07
1.59838e-05
-3.52597e-07
1.47385e-05
-3.37686e-07
1.34759e-05
-3.20641e-07
1.22086e-05
-3.02949e-07
1.09461e-05
-2.86117e-07
9.70201e-06
-2.71156e-07
8.49289e-06
-2.58525e-07
7.33678e-06
-2.47808e-07
6.25088e-06
-2.37834e-07
5.2517e-06
-2.27748e-07
4.34908e-06
-2.11093e-07
3.54174e-06
-1.81749e-07
2.82645e-06
-1.43107e-07
2.19629e-06
-9.95456e-08
1.64209e-06
-6.00335e-08
1.15379e-06
-3.5172e-08
7.1873e-07
-2.93149e-08
3.27014e-07
-4.19615e-08
-1.32908e-08
-5.63693e-08
-3.01028e-07
-5.75251e-08
-5.39054e-07
-4.03278e-08
-7.31822e-07
-1.50577e-08
-8.90903e-07
5.13249e-09
-1.02737e-06
9.88987e-09
-1.15788e-06
1.79698e-09
-1.28347e-06
-9.42804e-09
-1.39627e-06
-1.48426e-08
-1.48898e-06
-1.17803e-08
-1.56169e-06
-5.32234e-09
-1.62092e-06
-5.87352e-10
-1.67493e-06
4.38274e-11
-1.72837e-06
-2.77049e-09
-1.78314e-06
-6.71983e-09
-1.83847e-06
-9.89709e-09
-1.89273e-06
-1.16677e-08
-1.94481e-06
-1.23441e-08
-1.99458e-06
-1.25795e-08
-2.04263e-06
-1.28718e-08
-2.08975e-06
-1.33824e-08
-2.13653e-06
-1.41044e-08
-2.18321e-06
-1.48905e-08
-2.22963e-06
-1.55127e-08
-2.27546e-06
-1.58612e-08
-2.32036e-06
-1.59833e-08
-2.36445e-06
-1.62953e-08
-2.40807e-06
-1.76792e-08
-2.45192e-06
-2.17261e-08
-2.49721e-06
-2.89252e-08
-3.55084e-08
3.50094e-05
3.35511e-05
3.20899e-05
3.06262e-05
2.91627e-05
2.7704e-05
2.62584e-05
2.48342e-05
2.34389e-05
2.20808e-05
2.07679e-05
1.95075e-05
1.83059e-05
1.71686e-05
1.60997e-05
1.51022e-05
1.41774e-05
1.33251e-05
1.25435e-05
1.18288e-05
1.11761e-05
1.05794e-05
1.0032e-05
9.52743e-06
9.05893e-06
8.61985e-06
8.20376e-06
7.80469e-06
7.41735e-06
7.03722e-06
6.66065e-06
6.28486e-06
5.90791e-06
5.52874e-06
5.14704e-06
4.76331e-06
4.37873e-06
3.99517e-06
3.61497e-06
3.24096e-06
2.87612e-06
2.52352e-06
2.18584e-06
1.8652e-06
1.56225e-06
1.27613e-06
1.00497e-06
7.46449e-07
4.98641e-07
2.60807e-07
3.30591e-08
-1.78034e-07
-3.59784e-07
-5.02891e-07
-6.02437e-07
-6.6247e-07
-6.97642e-07
-7.26957e-07
-7.68919e-07
-8.25288e-07
-8.82813e-07
-9.23141e-07
-9.38198e-07
-9.33066e-07
-9.23176e-07
-9.21379e-07
-9.30807e-07
-9.4565e-07
-9.5743e-07
-9.62752e-07
-9.6334e-07
-9.63296e-07
-9.66067e-07
-9.72786e-07
-9.82683e-07
-9.94351e-07
-1.0067e-06
-1.01927e-06
-1.03215e-06
-1.04553e-06
-1.05963e-06
-1.07452e-06
-1.09004e-06
-1.1059e-06
-1.12188e-06
-1.13818e-06
-1.15586e-06
-1.17758e-06
-1.20651e-06
)
;

boundaryField
{
    fixedWalls
    {
        type            calculated;
        value           uniform 0;
    }
    inflowWall
    {
        type            calculated;
        value           nonuniform List<scalar> 10(-5e-05 -5e-05 -5e-05 -5e-05 -5e-05 -5e-05 -5e-05 -5e-05 -5e-05 -5e-05);
    }
    outflowWall
    {
        type            calculated;
        value           nonuniform List<scalar> 
20
(
1.23382e-05
2.54009e-05
3.40972e-05
4.12013e-05
4.65887e-05
4.97548e-05
5.05259e-05
4.92962e-05
4.67787e-05
4.32528e-05
3.81442e-05
3.07116e-05
2.13512e-05
1.22028e-05
5.41141e-06
9.98246e-07
-1.57709e-06
-2.68844e-06
-2.54662e-06
-1.24202e-06
)
;
    }
    frontAndBack
    {
        type            empty;
        value           nonuniform List<scalar> 0();
    }
}


// ************************************************************************* //
