/*--------------------------------*- C++ -*----------------------------------*\
| =========                 |                                                 |
| \\      /  F ield         | OpenFOAM: The Open Source CFD Toolbox           |
|  \\    /   O peration     | Version:  2306                                  |
|   \\  /    A nd           | Website:  www.openfoam.com                      |
|    \\/     M anipulation  |                                                 |
\*---------------------------------------------------------------------------*/
FoamFile
{
    version     2.0;
    format      ascii;
    arch        "LSB;label=32;scalar=64";
    class       surfaceScalarField;
    location    "4.55";
    object      phi;
}
// * * * * * * * * * * * * * * * * * * * * * * * * * * * * * * * * * * * * * //

dimensions      [0 3 -1 0 0 0 0];

oriented        oriented;

internalField   nonuniform List<scalar> 
3680
(
4.93469e-05
6.53077e-07
4.79741e-05
1.37282e-06
4.66977e-05
1.27644e-06
4.52605e-05
1.43712e-06
4.41224e-05
1.13815e-06
4.27185e-05
1.40386e-06
4.17343e-05
9.84262e-07
4.04327e-05
1.30159e-06
3.98003e-05
6.32391e-07
9.87149e-07
3.88131e-05
5.03392e-05
3.13858e-07
5.08678e-05
8.44259e-07
5.1132e-05
1.01217e-06
5.1465e-05
1.10413e-06
5.15925e-05
1.01071e-06
5.19754e-05
1.02098e-06
5.20604e-05
8.99205e-07
5.25115e-05
8.50471e-07
5.25056e-05
6.38363e-07
4.32322e-07
5.30604e-05
5.01633e-05
1.50576e-07
5.05553e-05
4.52203e-07
5.09758e-05
5.91675e-07
5.14194e-05
6.60582e-07
5.18164e-05
6.13667e-07
5.22673e-05
5.70052e-07
5.26944e-05
4.72188e-07
5.31633e-05
3.81543e-07
5.35801e-05
2.21557e-07
1.26496e-08
5.39998e-05
5.00932e-05
5.73569e-08
5.03763e-05
1.69079e-07
5.0734e-05
2.34046e-07
5.1146e-05
2.48587e-07
5.15495e-05
2.10149e-07
5.19719e-05
1.47646e-07
5.23829e-05
6.12109e-08
5.28114e-05
-4.6975e-08
5.32215e-05
-1.88599e-07
-3.58191e-07
5.35924e-05
5.00738e-05
-1.6433e-08
5.02912e-05
-4.83648e-08
5.0611e-05
-8.57436e-08
5.09886e-05
-1.28992e-07
5.13801e-05
-1.81323e-07
5.1774e-05
-2.46313e-07
5.21648e-05
-3.29539e-07
5.2551e-05
-4.33179e-07
5.29205e-05
-5.58136e-07
-7.0401e-07
5.32663e-05
5.00732e-05
-8.95962e-08
5.02829e-05
-2.58103e-07
5.05977e-05
-4.00552e-07
5.09652e-05
-4.96438e-07
5.13442e-05
-5.60375e-07
5.17213e-05
-6.23439e-07
5.20911e-05
-6.99263e-07
5.2452e-05
-7.94107e-07
5.28014e-05
-9.07595e-07
-1.03545e-06
5.31329e-05
5.00942e-05
-1.83791e-07
5.03556e-05
-5.1946e-07
5.06982e-05
-7.4318e-07
5.10681e-05
-8.66347e-07
5.14404e-05
-9.32705e-07
5.18041e-05
-9.87163e-07
5.21608e-05
-1.05589e-06
5.2512e-05
-1.14532e-06
5.28527e-05
-1.24827e-06
-1.35661e-06
5.31738e-05
5.01665e-05
-3.50263e-07
5.0518e-05
-8.70993e-07
5.09207e-05
-1.14592e-06
5.12995e-05
-1.2451e-06
5.16483e-05
-1.28148e-06
5.19856e-05
-1.32448e-06
5.23193e-05
-1.38966e-06
5.26406e-05
-1.46658e-06
5.29356e-05
-1.54322e-06
-1.61412e-06
5.31931e-05
5.03676e-05
-7.17873e-07
5.08004e-05
-1.30378e-06
5.10991e-05
-1.44461e-06
5.12766e-05
-1.42257e-06
5.14051e-05
-1.41002e-06
5.15038e-05
-1.42314e-06
5.15551e-05
-1.44103e-06
5.15425e-05
-1.45399e-06
5.14577e-05
-1.45838e-06
-1.45756e-06
5.13011e-05
4.92821e-05
4.79783e-05
4.65337e-05
4.51112e-05
4.37011e-05
4.2278e-05
4.0837e-05
3.9383e-05
3.79246e-05
3.6467e-05
1.44083e-08
-1.44083e-08
1.09804e-08
3.42797e-09
-7.53347e-09
1.85139e-08
-3.57654e-08
2.82319e-08
-7.09554e-08
3.519e-08
-1.11796e-07
4.08407e-08
-1.57878e-07
4.60815e-08
-2.08938e-07
5.10601e-08
-2.64682e-07
5.57443e-08
-3.24778e-07
6.00964e-08
-3.88868e-07
6.40896e-08
-4.56581e-07
6.77127e-08
-5.27548e-07
7.0967e-08
-6.0141e-07
7.38623e-08
-6.77824e-07
7.64142e-08
-7.56467e-07
7.86434e-08
-8.37042e-07
8.05742e-08
-9.19275e-07
8.22337e-08
-1.00293e-06
8.36519e-08
-1.0878e-06
8.48702e-08
-1.17374e-06
8.59411e-08
-1.26066e-06
8.69243e-08
-1.34855e-06
8.78845e-08
-1.43744e-06
8.88899e-08
-1.52745e-06
9.0013e-08
-1.61878e-06
9.13325e-08
-1.71171e-06
9.29292e-08
-1.80659e-06
9.4879e-08
-1.90384e-06
9.7248e-08
-2.00393e-06
1.00092e-07
-2.10739e-06
1.03456e-07
-2.21477e-06
1.07384e-07
-2.32672e-06
1.1195e-07
-2.44404e-06
1.17319e-07
-2.56784e-06
1.23799e-07
-2.69968e-06
1.31843e-07
-2.84176e-06
1.42077e-07
-2.9971e-06
1.55342e-07
-3.16975e-06
1.72648e-07
-3.36487e-06
1.95118e-07
-3.58868e-06
2.2381e-07
-3.84808e-06
2.594e-07
-4.14981e-06
3.01735e-07
-4.49927e-06
3.4946e-07
-4.89902e-06
3.9975e-07
-5.34741e-06
4.48392e-07
-5.83772e-06
4.90304e-07
-6.35799e-06
5.2027e-07
-6.89144e-06
5.33455e-07
-7.41773e-06
5.26286e-07
-7.91498e-06
4.97251e-07
-8.36146e-06
4.46475e-07
-8.73651e-06
3.75059e-07
-9.02064e-06
2.8413e-07
-9.20262e-06
1.81974e-07
-9.26948e-06
6.68648e-08
-9.21451e-06
-5.49714e-08
-9.03922e-06
-1.75293e-07
-8.74237e-06
-2.96851e-07
-8.32697e-06
-4.15397e-07
-7.79856e-06
-5.28411e-07
-7.17003e-06
-6.28528e-07
-6.44908e-06
-7.20949e-07
-5.64865e-06
-8.00431e-07
-4.78176e-06
-8.66891e-07
-3.86167e-06
-9.2009e-07
-2.90151e-06
-9.60161e-07
-1.9171e-06
-9.84414e-07
-9.21918e-07
-9.95179e-07
7.37534e-08
-9.95672e-07
1.05739e-06
-9.83637e-07
2.02119e-06
-9.63803e-07
2.95368e-06
-9.32482e-07
3.85091e-06
-8.97235e-07
4.7032e-06
-8.52285e-07
5.51084e-06
-8.07641e-07
6.26588e-06
-7.5504e-07
6.97283e-06
-7.06955e-07
7.6246e-06
-6.51771e-07
8.22967e-06
-6.05068e-07
8.78182e-06
-5.52147e-07
9.29336e-06
-5.11547e-07
9.75788e-06
-4.64514e-07
1.01918e-05
-4.33925e-07
1.05867e-05
-3.94904e-07
1.09635e-05
-3.76791e-07
1.13126e-05
-3.4912e-07
1.166e-05
-3.4741e-07
1.19933e-05
-3.33254e-07
-3.61598e-07
-1.07902e-08
-3.61823e-09
-6.43198e-08
5.69575e-08
-1.47743e-07
1.01937e-07
-2.53061e-07
1.3355e-07
-3.75406e-07
1.57535e-07
-5.12415e-07
1.77849e-07
-6.62433e-07
1.961e-07
-8.23993e-07
2.1262e-07
-9.95702e-07
2.27454e-07
-1.17623e-06
2.40626e-07
-1.36431e-06
2.5217e-07
-1.55874e-06
2.62146e-07
-1.75842e-06
2.70639e-07
-1.96232e-06
2.77763e-07
-2.16955e-06
2.83648e-07
-2.37935e-06
2.88437e-07
-2.59105e-06
2.92281e-07
-2.80416e-06
2.95341e-07
-3.01829e-06
2.97782e-07
-3.23321e-06
2.99795e-07
-3.44887e-06
3.01594e-07
-3.66535e-06
3.03406e-07
-3.88293e-06
3.05462e-07
-4.10203e-06
3.07996e-07
-4.32326e-06
3.11244e-07
-4.54738e-06
3.15451e-07
-4.77531e-06
3.20862e-07
-5.00814e-06
3.27702e-07
-5.24705e-06
3.36165e-07
-5.49338e-06
3.46419e-07
-5.74852e-06
3.58597e-07
-6.01394e-06
3.72807e-07
-6.29116e-06
3.89167e-07
-6.58173e-06
4.07889e-07
-6.88727e-06
4.2934e-07
-7.20939e-06
4.53964e-07
-7.54952e-06
4.82206e-07
-7.90875e-06
5.14569e-07
-8.28755e-06
5.51453e-07
-8.68547e-06
5.93039e-07
-9.10075e-06
6.3909e-07
-9.53e-06
6.88641e-07
-9.96771e-06
7.39446e-07
-1.04059e-05
7.87683e-07
-1.08342e-05
8.28065e-07
-1.124e-05
8.5411e-07
-1.16087e-05
8.59047e-07
-1.19256e-05
8.37166e-07
-1.21757e-05
7.83539e-07
-1.2344e-05
6.94648e-07
-1.24169e-05
5.70088e-07
-1.23835e-05
4.13096e-07
-1.22335e-05
2.251e-07
-1.19499e-05
4.91474e-10
-1.155e-05
-2.17911e-07
-1.10264e-05
-4.5672e-07
-1.03772e-05
-7.04173e-07
-9.60248e-06
-9.50043e-07
-8.70864e-06
-1.19069e-06
-7.70415e-06
-1.41989e-06
-6.59598e-06
-1.63658e-06
-5.39939e-06
-1.82512e-06
-4.12403e-06
-1.99631e-06
-2.78353e-06
-2.14093e-06
-1.39102e-06
-2.25939e-06
3.94441e-08
-2.35056e-06
1.49039e-06
-2.4111e-06
2.95375e-06
-2.44778e-06
4.41718e-06
-2.45861e-06
5.86831e-06
-2.44681e-06
7.29638e-06
-2.4117e-06
8.69253e-06
-2.35995e-06
1.00484e-05
-2.28833e-06
1.13581e-05
-2.20692e-06
1.26156e-05
-2.10984e-06
1.38182e-05
-2.01023e-06
1.49622e-05
-1.89905e-06
1.60476e-05
-1.79232e-06
1.70731e-05
-1.6773e-06
1.80413e-05
-1.57327e-06
1.89525e-05
-1.4633e-06
1.98114e-05
-1.37045e-06
2.06196e-05
-1.27271e-06
2.13836e-05
-1.19801e-06
2.21068e-05
-1.11803e-06
2.27976e-05
-1.06763e-06
2.34589e-05
-1.01044e-06
2.41026e-05
-9.91067e-07
2.473e-05
-9.6065e-07
-9.72471e-07
-5.00164e-08
4.63982e-08
-1.86463e-07
1.93404e-07
-3.68908e-07
2.84382e-07
-5.78504e-07
3.43147e-07
-8.06373e-07
3.85404e-07
-1.05004e-06
4.21516e-07
-1.30791e-06
4.53967e-07
-1.57743e-06
4.82144e-07
-1.85601e-06
5.06032e-07
-2.14122e-06
5.25838e-07
-2.43089e-06
5.41834e-07
-2.72308e-06
5.54342e-07
-3.01618e-06
5.63735e-07
-3.30882e-06
5.70405e-07
-3.59992e-06
5.74748e-07
-3.88863e-06
5.7715e-07
-4.17433e-06
5.77984e-07
-4.45661e-06
5.77621e-07
-4.7352e-06
5.7637e-07
-5.01001e-06
5.74601e-07
-5.28112e-06
5.72703e-07
-5.54875e-06
5.71041e-07
-5.81325e-06
5.69959e-07
-6.07503e-06
5.69771e-07
-6.33455e-06
5.70764e-07
-6.5923e-06
5.73208e-07
-6.84879e-06
5.77352e-07
-7.10447e-06
5.83382e-07
-7.3597e-06
5.91392e-07
-7.61469e-06
6.01407e-07
-7.86946e-06
6.13364e-07
-8.12377e-06
6.27124e-07
-8.37709e-06
6.42482e-07
-8.62843e-06
6.59232e-07
-8.87657e-06
6.77477e-07
-9.11986e-06
6.97255e-07
-9.35598e-06
7.18331e-07
-9.58196e-06
7.40549e-07
-9.79401e-06
7.63501e-07
-9.98739e-06
7.86417e-07
-1.01563e-05
8.08038e-07
-1.02944e-05
8.26661e-07
-1.03937e-05
8.38798e-07
-1.0446e-05
8.3998e-07
-1.04425e-05
8.24569e-07
-1.03744e-05
7.86003e-07
-1.02327e-05
7.17333e-07
-1.001e-05
6.14512e-07
-9.70101e-06
4.74508e-07
-9.30118e-06
2.94818e-07
-8.80322e-06
7.21328e-08
-8.21034e-06
-1.79787e-07
-7.52132e-06
-4.63914e-07
-6.7458e-06
-7.75032e-07
-5.86128e-06
-1.10243e-06
-4.88137e-06
-1.43663e-06
-3.81149e-06
-1.77405e-06
-2.65725e-06
-2.10428e-06
-1.42392e-06
-2.42403e-06
-1.17428e-07
-2.72638e-06
1.24561e-06
-2.99962e-06
2.66403e-06
-3.24354e-06
4.12631e-06
-3.45859e-06
5.61944e-06
-3.63407e-06
7.1359e-06
-3.77585e-06
8.66158e-06
-3.87623e-06
1.01913e-05
-3.94078e-06
1.17096e-05
-3.96607e-06
1.32092e-05
-3.9583e-06
1.46795e-05
-3.91701e-06
1.61143e-05
-3.84651e-06
1.75048e-05
-3.75054e-06
1.8848e-05
-3.63147e-06
2.01373e-05
-3.49623e-06
2.1372e-05
-3.34458e-06
2.25482e-05
-3.18636e-06
2.36672e-05
-3.01803e-06
2.47271e-05
-2.85228e-06
2.57314e-05
-2.68161e-06
2.668e-05
-2.52181e-06
2.75774e-05
-2.36077e-06
2.84251e-05
-2.21818e-06
2.92289e-05
-2.07642e-06
2.99912e-05
-1.96038e-06
3.07187e-05
-1.84553e-06
3.14151e-05
-1.76396e-06
3.2087e-05
-1.68233e-06
3.27381e-05
-1.64226e-06
3.33754e-05
-1.59791e-06
-1.60904e-06
-1.3834e-07
1.84738e-07
-3.92537e-07
4.47602e-07
-6.86225e-07
5.7807e-07
-9.97284e-07
6.54205e-07
-1.32352e-06
7.11638e-07
-1.66214e-06
7.60134e-07
-2.00811e-06
7.99942e-07
-2.35672e-06
8.30749e-07
-2.70394e-06
8.53252e-07
-3.04675e-06
8.68647e-07
-3.38268e-06
8.77772e-07
-3.70986e-06
8.81514e-07
-4.02692e-06
8.80795e-07
-4.33293e-06
8.76419e-07
-4.62729e-06
8.69106e-07
-4.90964e-06
8.59502e-07
-5.17983e-06
8.48171e-07
-5.43781e-06
8.35604e-07
-5.68368e-06
8.22243e-07
-5.91761e-06
8.08529e-07
-6.13978e-06
7.94875e-07
-6.3504e-06
7.81653e-07
-6.54962e-06
7.69184e-07
-6.73757e-06
7.57718e-07
-6.91424e-06
7.47437e-07
-7.07951e-06
7.38482e-07
-7.23314e-06
7.30978e-07
-7.37472e-06
7.24965e-07
-7.50365e-06
7.2032e-07
-7.61907e-06
7.16826e-07
-7.71987e-06
7.1416e-07
-7.80463e-06
7.11891e-07
-7.87164e-06
7.09488e-07
-7.91876e-06
7.06357e-07
-7.9434e-06
7.02114e-07
-7.94283e-06
6.96689e-07
-7.91372e-06
6.89213e-07
-7.8522e-06
6.79033e-07
-7.75389e-06
6.65195e-07
-7.61388e-06
6.46402e-07
-7.42658e-06
6.20737e-07
-7.18557e-06
5.85649e-07
-6.88549e-06
5.38724e-07
-6.5211e-06
4.7559e-07
-6.08737e-06
3.90836e-07
-5.58068e-06
2.79311e-07
-4.99682e-06
1.33473e-07
-4.33389e-06
-4.84169e-08
-3.59513e-06
-2.64249e-07
-2.7797e-06
-5.20617e-07
-1.89085e-06
-8.16708e-07
-9.25409e-07
-1.14523e-06
1.14392e-07
-1.50371e-06
1.22305e-06
-1.88369e-06
2.39769e-06
-2.27707e-06
3.63497e-06
-2.67391e-06
4.93213e-06
-3.07121e-06
6.28309e-06
-3.45524e-06
7.68368e-06
-3.82462e-06
9.12318e-06
-4.16588e-06
1.06012e-05
-4.47768e-06
1.21045e-05
-4.74677e-06
1.36263e-05
-4.98039e-06
1.51561e-05
-5.16386e-06
1.66855e-05
-5.30533e-06
1.82036e-05
-5.39426e-06
1.97033e-05
-5.44049e-06
2.11738e-05
-5.43661e-06
2.26094e-05
-5.39387e-06
2.40007e-05
-5.30835e-06
2.53448e-05
-5.19061e-06
2.66342e-05
-5.03987e-06
2.78684e-05
-4.86571e-06
2.90421e-05
-4.66996e-06
3.01575e-05
-4.45992e-06
3.12109e-05
-4.23984e-06
3.22067e-05
-4.01378e-06
3.31428e-05
-3.78843e-06
3.40251e-05
-3.56384e-06
3.48528e-05
-3.34952e-06
3.56328e-05
-3.14074e-06
3.63653e-05
-2.9507e-06
3.70579e-05
-2.76907e-06
3.77115e-05
-2.61391e-06
3.83342e-05
-2.46827e-06
3.89268e-05
-2.35653e-06
3.94983e-05
-2.25387e-06
4.00491e-05
-2.19309e-06
4.05917e-05
-2.14045e-06
-2.14188e-06
-1.95519e-07
3.80257e-07
-5.66414e-07
8.18497e-07
-9.84824e-07
9.9648e-07
-1.41259e-06
1.08197e-06
-1.83348e-06
1.13253e-06
-2.23879e-06
1.16545e-06
-2.62478e-06
1.18593e-06
-2.99035e-06
1.19632e-06
-3.33374e-06
1.19664e-06
-3.65348e-06
1.18839e-06
-3.94892e-06
1.17321e-06
-4.21996e-06
1.15256e-06
-4.46688e-06
1.12772e-06
-4.69024e-06
1.09978e-06
-4.89075e-06
1.06962e-06
-5.06924e-06
1.03799e-06
-5.22652e-06
1.00546e-06
-5.36337e-06
9.72453e-07
-5.48047e-06
9.39341e-07
-5.57843e-06
9.06483e-07
-5.65774e-06
8.7419e-07
-5.71879e-06
8.42698e-07
-5.76178e-06
8.12177e-07
-5.78676e-06
7.82704e-07
-5.79357e-06
7.54244e-07
-5.7818e-06
7.26711e-07
-5.75086e-06
7.00038e-07
-5.70003e-06
6.74131e-07
-5.62832e-06
6.48611e-07
-5.53451e-06
6.23023e-07
-5.41716e-06
5.9681e-07
-5.27456e-06
5.69287e-07
-5.10473e-06
5.39662e-07
-4.9054e-06
5.07026e-07
-4.67353e-06
4.70244e-07
-4.40674e-06
4.29898e-07
-4.10177e-06
3.84238e-07
-3.755e-06
3.32265e-07
-3.36246e-06
2.72652e-07
-2.9198e-06
2.03748e-07
-2.42237e-06
1.23309e-07
-1.86427e-06
2.754e-08
-1.24436e-06
-8.11822e-08
-5.59069e-07
-2.09699e-07
1.94576e-07
-3.62809e-07
1.01905e-06
-5.4516e-07
1.91229e-06
-7.59771e-07
2.87238e-06
-1.0085e-06
3.90147e-06
-1.29334e-06
4.99485e-06
-1.614e-06
6.14862e-06
-1.97047e-06
7.35901e-06
-2.35562e-06
8.62241e-06
-2.76711e-06
9.93345e-06
-3.19473e-06
1.12907e-05
-3.6343e-06
1.26889e-05
-4.07213e-06
1.41239e-05
-4.50622e-06
1.55893e-05
-4.92057e-06
1.70791e-05
-5.31451e-06
1.85847e-05
-5.67141e-06
2.01e-05
-5.99296e-06
2.16158e-05
-6.26262e-06
2.31228e-05
-6.48736e-06
2.46119e-05
-6.65303e-06
2.60753e-05
-6.76874e-06
2.75042e-05
-6.82306e-06
2.88922e-05
-6.82854e-06
3.0232e-05
-6.77642e-06
3.15198e-05
-6.68167e-06
3.27495e-05
-6.53805e-06
3.39205e-05
-6.36156e-06
3.50283e-05
-6.14774e-06
3.60752e-05
-5.91258e-06
3.70582e-05
-5.65294e-06
3.79818e-05
-5.3835e-06
3.8844e-05
-5.10206e-06
3.96512e-05
-4.82103e-06
4.0402e-05
-4.53919e-06
4.11042e-05
-4.26601e-06
4.17562e-05
-4.00153e-06
4.23672e-05
-3.75176e-06
4.29352e-05
-3.5187e-06
4.34705e-05
-3.30436e-06
4.39701e-05
-3.11355e-06
4.44456e-05
-2.94374e-06
4.48927e-05
-2.80367e-06
4.53244e-05
-2.68558e-06
4.5735e-05
-2.60367e-06
4.61388e-05
-2.54421e-06
-2.53382e-06
-4.22298e-07
8.02555e-07
-9.6292e-07
1.35912e-06
-1.45639e-06
1.48995e-06
-1.89087e-06
1.51645e-06
-2.28783e-06
1.52949e-06
-2.65237e-06
1.52999e-06
-2.97986e-06
1.51342e-06
-3.26428e-06
1.48074e-06
-3.50218e-06
1.43455e-06
-3.69573e-06
1.38193e-06
-3.84794e-06
1.32542e-06
-3.96183e-06
1.26644e-06
-4.04032e-06
1.20621e-06
-4.0862e-06
1.14565e-06
-4.10199e-06
1.08542e-06
-4.08998e-06
1.02597e-06
-4.05219e-06
9.6766e-07
-3.99032e-06
9.10587e-07
-3.90576e-06
8.54786e-07
-3.79966e-06
8.00383e-07
-3.67291e-06
7.47436e-07
-3.52612e-06
6.95909e-07
-3.35965e-06
6.45705e-07
-3.17357e-06
5.96624e-07
-2.96765e-06
5.4832e-07
-2.74132e-06
5.00391e-07
-2.49383e-06
4.52539e-07
-2.22431e-06
4.04616e-07
-1.93151e-06
3.55814e-07
-1.61399e-06
3.055e-07
-1.27014e-06
2.52954e-07
-8.98123e-07
1.97274e-07
-4.95848e-07
1.37387e-07
-6.07228e-08
7.1901e-08
4.11424e-07
-1.90334e-09
9.1944e-07
-7.81182e-08
1.46818e-06
-1.64502e-07
2.06101e-06
-2.60563e-07
2.70127e-06
-3.67611e-07
3.39246e-06
-4.87441e-07
4.13775e-06
-6.21982e-07
4.93853e-06
-7.73239e-07
5.8006e-06
-9.43258e-07
6.72619e-06
-1.13528e-06
7.71607e-06
-1.35269e-06
8.76954e-06
-1.59863e-06
9.88549e-06
-1.87572e-06
1.10617e-05
-2.18469e-06
1.22952e-05
-2.52689e-06
1.35814e-05
-2.90013e-06
1.4915e-05
-3.30407e-06
1.62909e-05
-3.7316e-06
1.77036e-05
-4.1798e-06
1.91467e-05
-4.63785e-06
2.06143e-05
-5.10185e-06
2.20999e-05
-5.55776e-06
2.35958e-05
-6.0021e-06
2.50943e-05
-6.41912e-06
2.65866e-05
-6.80678e-06
2.80641e-05
-7.1489e-06
2.95177e-05
-7.44658e-06
3.09394e-05
-7.68434e-06
3.23202e-05
-7.86811e-06
3.36528e-05
-7.9856e-06
3.4931e-05
-8.047e-06
3.61499e-05
-8.04189e-06
3.73059e-05
-7.98455e-06
3.8396e-05
-7.86652e-06
3.94197e-05
-7.70535e-06
4.03756e-05
-7.49395e-06
4.12659e-05
-7.25194e-06
4.20908e-05
-6.97266e-06
4.28548e-05
-6.67654e-06
4.35585e-05
-6.35659e-06
4.42079e-05
-6.03298e-06
4.48038e-05
-5.69795e-06
4.53534e-05
-5.37064e-06
4.58567e-05
-5.04243e-06
4.63218e-05
-4.7311e-06
4.67476e-05
-4.42734e-06
4.71432e-05
-4.14736e-06
4.75061e-05
-3.88158e-06
4.78462e-05
-3.64448e-06
4.81594e-05
-3.4268e-06
4.84569e-05
-3.24117e-06
4.87325e-05
-3.07928e-06
4.89986e-05
-2.95175e-06
4.92471e-05
-2.85208e-06
4.94915e-05
-2.78863e-06
-2.76336e-06
-2.66921e-07
1.06948e-06
-8.62851e-07
1.95505e-06
-1.48315e-06
2.11025e-06
-2.00229e-06
2.03558e-06
-2.39302e-06
1.92022e-06
-2.65821e-06
1.79518e-06
-2.81568e-06
1.67089e-06
-2.88574e-06
1.5508e-06
-2.8858e-06
1.4346e-06
-2.8269e-06
1.32304e-06
-2.71743e-06
1.21595e-06
-2.56403e-06
1.11304e-06
-2.37241e-06
1.0146e-06
-2.1475e-06
9.20742e-07
-1.89342e-06
8.31341e-07
-1.61361e-06
7.46164e-07
-1.31097e-06
6.65018e-07
-9.87755e-07
5.87371e-07
-6.45693e-07
5.12725e-07
-2.86231e-07
4.4092e-07
8.96147e-08
3.71591e-07
4.81221e-07
3.04303e-07
8.88299e-07
2.38627e-07
1.31101e-06
1.73915e-07
1.74998e-06
1.09353e-07
2.20636e-06
4.40035e-08
2.68124e-06
-2.23429e-08
3.17486e-06
-8.90015e-08
3.68942e-06
-1.58748e-07
4.22681e-06
-2.31884e-07
4.78899e-06
-3.09223e-07
5.37811e-06
-3.91849e-07
5.99638e-06
-4.80881e-07
6.64585e-06
-5.77576e-07
7.32674e-06
-6.82792e-07
8.0458e-06
-7.97181e-07
8.80394e-06
-9.22643e-07
9.60403e-06
-1.06065e-06
1.04488e-05
-1.2124e-06
1.1341e-05
-1.37961e-06
1.22829e-05
-1.56385e-06
1.32768e-05
-1.76719e-06
1.43249e-05
-1.99132e-06
1.5428e-05
-2.2384e-06
1.65859e-05
-2.51058e-06
1.7797e-05
-2.80977e-06
1.90587e-05
-3.13738e-06
2.03673e-05
-3.49327e-06
2.17177e-05
-3.8773e-06
2.31041e-05
-4.28661e-06
2.45192e-05
-4.71909e-06
2.59555e-05
-5.16797e-06
2.74042e-05
-5.62848e-06
2.88569e-05
-6.09058e-06
3.03038e-05
-6.54869e-06
3.17362e-05
-6.99023e-06
3.31439e-05
-7.40972e-06
3.4518e-05
-7.79329e-06
3.58485e-05
-8.13724e-06
3.71278e-05
-8.42815e-06
3.83473e-05
-8.66614e-06
3.95015e-05
-8.83851e-06
4.05841e-05
-8.95077e-06
4.15921e-05
-8.99359e-06
4.25235e-05
-8.97842e-06
4.33788e-05
-8.8971e-06
4.41589e-05
-8.76471e-06
4.48664e-05
-8.57398e-06
4.55049e-05
-8.34385e-06
4.60781e-05
-8.06717e-06
4.65916e-05
-7.76547e-06
4.70495e-05
-7.43057e-06
4.74584e-05
-7.08538e-06
4.78217e-05
-6.71988e-06
4.81463e-05
-6.35758e-06
4.84345e-05
-5.98622e-06
4.86933e-05
-5.62945e-06
4.89236e-05
-5.27267e-06
4.91321e-05
-4.93961e-06
4.93182e-05
-4.61345e-06
4.94889e-05
-4.31801e-06
4.96418e-05
-4.03448e-06
4.97842e-05
-3.78694e-06
4.99123e-05
-3.55485e-06
5.00339e-05
-3.36275e-06
5.01433e-05
-3.1887e-06
5.02493e-05
-3.05782e-06
5.03443e-05
-2.94706e-06
5.04376e-05
-2.88194e-06
-2.84201e-06
-1.4947e-06
2.56417e-06
-1.94581e-06
2.40616e-06
-2.11141e-06
2.27585e-06
-2.1282e-06
2.05238e-06
-2.01596e-06
1.80797e-06
-1.79853e-06
1.57775e-06
-1.49516e-06
1.36753e-06
-1.12029e-06
1.17592e-06
-6.86578e-07
1.00089e-06
-2.06362e-07
8.4282e-07
3.11091e-07
6.98501e-07
8.58043e-07
5.66084e-07
1.42776e-06
4.44881e-07
2.01516e-06
3.33337e-07
2.6164e-06
2.30105e-07
3.2283e-06
1.34259e-07
3.84793e-06
4.53877e-08
4.47449e-06
-3.91821e-08
5.10758e-06
-1.20373e-07
5.7456e-06
-1.971e-07
6.38822e-06
-2.71025e-07
7.03563e-06
-3.4311e-07
7.68796e-06
-4.13703e-07
8.3459e-06
-4.8402e-07
9.01106e-06
-5.55812e-07
9.68443e-06
-6.29368e-07
1.03674e-05
-7.05356e-07
1.10631e-05
-7.84646e-07
1.17728e-05
-8.68503e-07
1.24989e-05
-9.57973e-07
1.32437e-05
-1.05396e-06
1.40094e-05
-1.15759e-06
1.47984e-05
-1.26987e-06
1.56128e-05
-1.39198e-06
1.64551e-05
-1.52505e-06
1.7328e-05
-1.67009e-06
1.82335e-05
-1.82814e-06
1.91736e-05
-2.00076e-06
2.01502e-05
-2.18899e-06
2.11649e-05
-2.39437e-06
2.2219e-05
-2.61793e-06
2.33132e-05
-2.86135e-06
2.44475e-05
-3.12562e-06
2.56212e-05
-3.4121e-06
2.6832e-05
-3.72144e-06
2.80768e-05
-4.05455e-06
2.93506e-05
-4.41119e-06
3.06479e-05
-4.79057e-06
3.19612e-05
-5.1906e-06
3.32828e-05
-5.60816e-06
3.46032e-05
-6.03955e-06
3.59131e-05
-6.47789e-06
3.72011e-05
-6.91643e-06
3.84575e-05
-7.34698e-06
3.96709e-05
-7.76211e-06
4.08325e-05
-8.15176e-06
4.19317e-05
-8.50895e-06
4.29617e-05
-8.82328e-06
4.39146e-05
-9.09016e-06
4.47866e-05
-9.30017e-06
4.55732e-05
-9.45272e-06
4.62746e-05
-9.53994e-06
4.689e-05
-9.56619e-06
4.7422e-05
-9.52554e-06
4.78745e-05
-9.43092e-06
4.82541e-05
-9.27672e-06
4.85666e-05
-9.07724e-06
4.88196e-05
-8.82693e-06
4.90201e-05
-8.54439e-06
4.91756e-05
-8.22262e-06
4.92934e-05
-7.88329e-06
4.93795e-05
-7.51669e-06
4.94409e-05
-7.14674e-06
4.94814e-05
-6.76037e-06
4.95071e-05
-6.38331e-06
4.95197e-05
-5.99882e-06
4.95246e-05
-5.63438e-06
4.95215e-05
-5.2695e-06
4.95153e-05
-4.93345e-06
4.95039e-05
-4.60204e-06
4.94924e-05
-4.30648e-06
4.94769e-05
-4.01897e-06
4.94628e-05
-3.77288e-06
4.94449e-05
-3.53695e-06
4.94291e-05
-3.34693e-06
4.94086e-05
-3.16826e-06
4.93901e-05
-3.03925e-06
4.93654e-05
-2.92236e-06
4.93422e-05
-2.85878e-06
-2.8044e-06
-8.9552e-07
3.45969e-06
-7.42262e-07
2.2529e-06
-2.52789e-07
1.78638e-06
4.58225e-07
1.34137e-06
1.3256e-06
9.40599e-07
2.28324e-06
6.20106e-07
3.28481e-06
3.65961e-07
4.30291e-06
1.57821e-07
5.32365e-06
-1.98514e-08
6.33199e-06
-1.65523e-07
7.3298e-06
-2.99302e-07
8.31515e-06
-4.19265e-07
9.28355e-06
-5.23519e-07
1.02342e-05
-6.17346e-07
1.1167e-05
-7.02707e-07
1.20822e-05
-7.80862e-07
1.29806e-05
-8.53001e-07
1.38621e-05
-9.20697e-07
1.47268e-05
-9.85125e-07
1.55766e-05
-1.04692e-06
1.64128e-05
-1.10723e-06
1.72368e-05
-1.16711e-06
1.80505e-05
-1.22731e-06
1.88562e-05
-1.28973e-06
1.96558e-05
-1.35541e-06
2.04516e-05
-1.42516e-06
2.12461e-05
-1.49991e-06
2.20421e-05
-1.58062e-06
2.28419e-05
-1.66828e-06
2.36479e-05
-1.76402e-06
2.44627e-05
-1.86879e-06
2.52887e-05
-1.98353e-06
2.61279e-05
-2.10908e-06
2.69824e-05
-2.24649e-06
2.7854e-05
-2.39662e-06
2.87443e-05
-2.56048e-06
2.9655e-05
-2.73874e-06
3.05867e-05
-2.93253e-06
3.15403e-05
-3.14253e-06
3.25157e-05
-3.36979e-06
3.35125e-05
-3.61478e-06
3.45297e-05
-3.87847e-06
3.55655e-05
-4.16148e-06
3.66171e-05
-4.46366e-06
3.76802e-05
-4.78456e-06
3.87497e-05
-5.12411e-06
3.98192e-05
-5.48068e-06
4.08814e-05
-5.85269e-06
4.19275e-05
-6.23674e-06
4.29487e-05
-6.62939e-06
4.39344e-05
-7.0252e-06
4.4875e-05
-7.41854e-06
4.57607e-05
-7.8021e-06
4.65828e-05
-8.16906e-06
4.73323e-05
-8.51167e-06
4.80033e-05
-8.82275e-06
4.85897e-05
-9.09529e-06
4.90893e-05
-9.32293e-06
4.95001e-05
-9.50095e-06
4.98245e-05
-9.62456e-06
5.00642e-05
-9.69247e-06
5.0226e-05
-9.70175e-06
5.03153e-05
-9.6554e-06
5.03417e-05
-9.55204e-06
5.03124e-05
-9.40154e-06
5.02382e-05
-9.20254e-06
5.01268e-05
-8.96586e-06
4.99884e-05
-8.6885e-06
4.98294e-05
-8.38545e-06
4.9658e-05
-8.05116e-06
4.94789e-05
-7.70422e-06
4.92975e-05
-7.33525e-06
4.91171e-05
-6.96636e-06
4.89401e-05
-6.5834e-06
4.8769e-05
-6.21219e-06
4.86035e-05
-5.83333e-06
4.84459e-05
-5.47679e-06
4.82939e-05
-5.11752e-06
4.81505e-05
-4.78997e-06
4.80113e-05
-4.46291e-06
4.78805e-05
-4.17565e-06
4.7752e-05
-3.89046e-06
4.76311e-05
-3.65203e-06
4.751e-05
-3.41586e-06
4.73956e-05
-3.23253e-06
4.72778e-05
-3.05045e-06
4.71651e-05
-2.92655e-06
4.7045e-05
-2.80223e-06
4.69275e-05
-2.74129e-06
-2.67562e-06
3.65331e-06
-1.93623e-07
6.37654e-06
-4.70325e-07
8.78525e-06
-6.2233e-07
1.09038e-05
-7.77211e-07
1.27752e-05
-9.30786e-07
1.44636e-05
-1.06826e-06
1.60136e-05
-1.18407e-06
1.74425e-05
-1.27104e-06
1.87755e-05
-1.35286e-06
2.00354e-05
-1.42543e-06
2.12253e-05
-1.48918e-06
2.2352e-05
-1.54596e-06
2.34248e-05
-1.59636e-06
2.44489e-05
-1.64141e-06
2.54283e-05
-1.68213e-06
2.63668e-05
-1.71942e-06
2.7268e-05
-1.75413e-06
2.81345e-05
-1.78722e-06
2.89691e-05
-1.81974e-06
2.97749e-05
-1.85267e-06
3.05546e-05
-1.88696e-06
3.13111e-05
-1.92365e-06
3.20477e-05
-1.96385e-06
3.27667e-05
-2.00877e-06
3.34708e-05
-2.0595e-06
3.41626e-05
-2.117e-06
3.48449e-05
-2.18215e-06
3.55201e-05
-2.2558e-06
3.61906e-05
-2.33877e-06
3.68585e-05
-2.43195e-06
3.75262e-05
-2.53644e-06
3.81952e-05
-2.65258e-06
3.88671e-05
-2.781e-06
3.95431e-05
-2.9225e-06
4.02242e-05
-3.07765e-06
4.09107e-05
-3.24706e-06
4.16032e-05
-3.43117e-06
4.23011e-05
-3.63048e-06
4.30039e-05
-3.84532e-06
4.37102e-05
-4.07606e-06
4.44182e-05
-4.32276e-06
4.51252e-05
-4.58552e-06
4.58277e-05
-4.86396e-06
4.65216e-05
-5.15753e-06
4.7202e-05
-5.46501e-06
4.78632e-05
-5.78524e-06
4.84985e-05
-6.11602e-06
4.91009e-05
-6.45503e-06
4.96627e-05
-6.79864e-06
5.01765e-05
-7.14315e-06
5.06347e-05
-7.48336e-06
5.10305e-05
-7.81439e-06
5.13583e-05
-8.12988e-06
5.16137e-05
-8.42443e-06
5.17935e-05
-8.69148e-06
5.18969e-05
-8.9262e-06
5.19247e-05
-9.12308e-06
5.18807e-05
-9.27887e-06
5.17693e-05
-9.38959e-06
5.15984e-05
-9.45364e-06
5.13751e-05
-9.46915e-06
5.11094e-05
-9.4361e-06
5.08096e-05
-9.35557e-06
5.04873e-05
-9.2297e-06
5.01482e-05
-9.06244e-06
4.98016e-05
-8.85596e-06
4.94517e-05
-8.61598e-06
4.91061e-05
-8.34291e-06
4.87657e-05
-8.04505e-06
4.84355e-05
-7.72092e-06
4.81138e-05
-7.38256e-06
4.7804e-05
-7.02543e-06
4.75033e-05
-6.66562e-06
4.72136e-05
-6.29375e-06
4.6932e-05
-5.93053e-06
4.66593e-05
-5.56072e-06
4.63934e-05
-5.21086e-06
4.61344e-05
-4.85854e-06
4.58814e-05
-4.53698e-06
4.56334e-05
-4.21491e-06
4.53913e-05
-3.93348e-06
4.5152e-05
-3.65116e-06
4.49186e-05
-3.41866e-06
4.46853e-05
-3.18259e-06
4.44579e-05
-3.00508e-06
4.42266e-05
-2.81914e-06
4.40003e-05
-2.70028e-06
4.37643e-05
-2.56619e-06
4.35305e-05
-2.50756e-06
-2.43101e-06
3.86048e-05
1.47508e-08
3.8572e-05
-4.37522e-07
3.87097e-05
-7.60059e-07
3.89334e-05
-1.00095e-06
3.92052e-05
-1.20256e-06
3.95192e-05
-1.38224e-06
3.98766e-05
-1.54146e-06
4.02788e-05
-1.67325e-06
4.07056e-05
-1.77964e-06
4.1147e-05
-1.86686e-06
4.15961e-05
-1.93828e-06
4.20472e-05
-1.99711e-06
4.24965e-05
-2.04561e-06
4.29406e-05
-2.08553e-06
4.3377e-05
-2.11853e-06
4.38038e-05
-2.1462e-06
4.42197e-05
-2.17005e-06
4.4624e-05
-2.19154e-06
4.50164e-05
-2.21215e-06
4.53971e-05
-2.2333e-06
4.57664e-05
-2.25631e-06
4.61253e-05
-2.2825e-06
4.64746e-05
-2.31314e-06
4.68152e-05
-2.34944e-06
4.71483e-05
-2.39256e-06
4.74748e-05
-2.44353e-06
4.7796e-05
-2.50329e-06
4.81128e-05
-2.57263e-06
4.84263e-05
-2.65232e-06
4.87374e-05
-2.74306e-06
4.90465e-05
-2.8455e-06
4.9354e-05
-2.96011e-06
4.96604e-05
-3.08734e-06
4.99654e-05
-3.22757e-06
5.0269e-05
-3.38119e-06
5.05704e-05
-3.54845e-06
5.08687e-05
-3.72955e-06
5.11628e-05
-3.92458e-06
5.14511e-05
-4.13357e-06
5.17314e-05
-4.35638e-06
5.20014e-05
-4.59277e-06
5.22582e-05
-4.84225e-06
5.24983e-05
-5.1041e-06
5.27181e-05
-5.37734e-06
5.29137e-05
-5.66059e-06
5.30806e-05
-5.95213e-06
5.32143e-05
-6.24977e-06
5.33103e-05
-6.55102e-06
5.33644e-05
-6.85276e-06
5.33728e-05
-7.15148e-06
5.33325e-05
-7.44305e-06
5.32414e-05
-7.72328e-06
5.30989e-05
-7.98742e-06
5.29056e-05
-8.23112e-06
5.26636e-05
-8.44955e-06
5.23762e-05
-8.63876e-06
5.20483e-05
-8.79519e-06
5.1686e-05
-8.91661e-06
5.1296e-05
-8.99961e-06
5.08854e-05
-9.04299e-06
5.04605e-05
-9.0443e-06
5.00279e-05
-9.00349e-06
4.95918e-05
-8.91948e-06
4.91564e-05
-8.7943e-06
4.87226e-05
-8.62861e-06
4.82925e-05
-8.42581e-06
4.78643e-05
-8.1878e-06
4.74396e-05
-7.91824e-06
4.70148e-05
-7.62027e-06
4.65914e-05
-7.29745e-06
4.61645e-05
-6.95573e-06
4.57373e-05
-6.59818e-06
4.5305e-05
-6.23334e-06
4.48724e-05
-5.86117e-06
4.4435e-05
-5.4931e-06
4.39989e-05
-5.12468e-06
4.35598e-05
-4.7717e-06
4.31247e-05
-4.42342e-06
4.26889e-05
-4.10127e-06
4.22599e-05
-3.78584e-06
4.18328e-05
-3.50638e-06
4.14139e-05
-3.23226e-06
4.09988e-05
-3.00357e-06
4.05915e-05
-2.77527e-06
4.01886e-05
-2.6022e-06
3.97902e-05
-2.42073e-06
3.93956e-05
-2.30569e-06
3.89992e-05
-2.1698e-06
3.8605e-05
-2.11335e-06
-2.02423e-06
5.29826e-05
9.25124e-08
5.28876e-05
-3.42507e-07
5.28579e-05
-7.30318e-07
5.28808e-05
-1.02386e-06
5.29252e-05
-1.24697e-06
5.29719e-05
-1.42897e-06
5.30173e-05
-1.5868e-06
5.3069e-05
-1.72496e-06
5.3132e-05
-1.84266e-06
5.32051e-05
-1.93996e-06
5.32855e-05
-2.01865e-06
5.33699e-05
-2.08151e-06
5.34557e-05
-2.13142e-06
5.35411e-05
-2.17094e-06
5.36248e-05
-2.20222e-06
5.37057e-05
-2.22714e-06
5.37831e-05
-2.24746e-06
5.38565e-05
-2.26487e-06
5.39253e-05
-2.28101e-06
5.39895e-05
-2.29748e-06
5.4049e-05
-2.3158e-06
5.41039e-05
-2.33743e-06
5.41545e-05
-2.36371e-06
5.4201e-05
-2.39591e-06
5.42436e-05
-2.43517e-06
5.42826e-05
-2.48254e-06
5.43182e-05
-2.53894e-06
5.43507e-05
-2.60515e-06
5.43803e-05
-2.68186e-06
5.44068e-05
-2.76962e-06
5.44303e-05
-2.86895e-06
5.44504e-05
-2.98023e-06
5.44669e-05
-3.10382e-06
5.44793e-05
-3.23994e-06
5.44869e-05
-3.38879e-06
5.44889e-05
-3.55045e-06
5.44843e-05
-3.72499e-06
5.4472e-05
-3.9123e-06
5.44507e-05
-4.11226e-06
5.44189e-05
-4.32455e-06
5.43749e-05
-4.54877e-06
5.43169e-05
-4.78429e-06
5.42431e-05
-5.03032e-06
5.41515e-05
-5.28575e-06
5.40402e-05
-5.54926e-06
5.39071e-05
-5.81907e-06
5.37505e-05
-6.09309e-06
5.35685e-05
-6.3691e-06
5.33603e-05
-6.6445e-06
5.31248e-05
-6.91603e-06
5.2862e-05
-7.18025e-06
5.25721e-05
-7.43335e-06
5.22561e-05
-7.67146e-06
5.19156e-05
-7.89054e-06
5.15526e-05
-8.08655e-06
5.11694e-05
-8.25557e-06
5.07683e-05
-8.3941e-06
5.03508e-05
-8.49907e-06
4.99185e-05
-8.56735e-06
4.94721e-05
-8.59662e-06
4.9012e-05
-8.58419e-06
4.85368e-05
-8.52828e-06
4.8045e-05
-8.42762e-06
4.75341e-05
-8.28339e-06
4.7002e-05
-8.09654e-06
4.64464e-05
-7.87027e-06
4.58648e-05
-7.60616e-06
4.52571e-05
-7.31048e-06
4.46229e-05
-6.98607e-06
4.39645e-05
-6.63905e-06
4.32824e-05
-6.2737e-06
4.25819e-05
-5.89759e-06
4.18639e-05
-5.51538e-06
4.11363e-05
-5.13362e-06
4.04002e-05
-4.75693e-06
3.96654e-05
-4.38986e-06
3.89311e-05
-4.0374e-06
3.82084e-05
-3.70076e-06
3.74934e-05
-3.38631e-06
3.67983e-05
-3.09066e-06
3.61154e-05
-2.82348e-06
3.54576e-05
-2.57448e-06
3.48134e-05
-2.35944e-06
3.41964e-05
-2.15822e-06
3.35912e-05
-1.99704e-06
3.30109e-05
-1.84042e-06
3.24382e-05
-1.733e-06
3.18849e-05
-1.61651e-06
3.13348e-05
-1.56325e-06
-1.47639e-06
5.43196e-05
-2.27285e-07
5.45022e-05
-5.25186e-07
5.46067e-05
-8.34751e-07
5.46941e-05
-1.1113e-06
5.47812e-05
-1.33405e-06
5.48619e-05
-1.50967e-06
5.49288e-05
-1.65372e-06
5.49808e-05
-1.77694e-06
5.50219e-05
-1.8838e-06
5.50569e-05
-1.97495e-06
5.50885e-05
-2.05023e-06
5.51174e-05
-2.11042e-06
5.51433e-05
-2.15735e-06
5.51657e-05
-2.19329e-06
5.5184e-05
-2.22052e-06
5.5198e-05
-2.24109e-06
5.52074e-05
-2.25686e-06
5.52121e-05
-2.26958e-06
5.5212e-05
-2.28091e-06
5.5207e-05
-2.29249e-06
5.5197e-05
-2.30589e-06
5.51822e-05
-2.3226e-06
5.51625e-05
-2.34401e-06
5.5138e-05
-2.37142e-06
5.51088e-05
-2.40597e-06
5.5075e-05
-2.44868e-06
5.50365e-05
-2.50046e-06
5.49934e-05
-2.56207e-06
5.49457e-05
-2.63415e-06
5.48933e-05
-2.71721e-06
5.4836e-05
-2.81167e-06
5.47737e-05
-2.91788e-06
5.47059e-05
-3.0361e-06
5.46325e-05
-3.16649e-06
5.45529e-05
-3.30917e-06
5.44666e-05
-3.46417e-06
5.43731e-05
-3.63144e-06
5.42716e-05
-3.81086e-06
5.41615e-05
-4.00219e-06
5.40421e-05
-4.20507e-06
5.39123e-05
-4.41902e-06
5.37714e-05
-4.64337e-06
5.36183e-05
-4.87727e-06
5.34522e-05
-5.11957e-06
5.32718e-05
-5.36886e-06
5.3076e-05
-5.62329e-06
5.28637e-05
-5.8808e-06
5.26336e-05
-6.13902e-06
5.23844e-05
-6.39524e-06
5.21145e-05
-6.64616e-06
5.18224e-05
-6.88815e-06
5.15062e-05
-7.11721e-06
5.11642e-05
-7.32937e-06
5.07941e-05
-7.52047e-06
5.0394e-05
-7.68648e-06
4.99617e-05
-7.82324e-06
4.94944e-05
-7.92686e-06
4.89892e-05
-7.99377e-06
4.84425e-05
-8.02073e-06
4.78507e-05
-8.00481e-06
4.72101e-05
-7.94358e-06
4.65172e-05
-7.83536e-06
4.57701e-05
-7.68054e-06
4.49681e-05
-7.48133e-06
4.41122e-05
-7.24066e-06
4.32031e-05
-6.9612e-06
4.22428e-05
-6.64586e-06
4.1235e-05
-6.30267e-06
4.01868e-05
-5.9379e-06
3.91059e-05
-5.55819e-06
3.80014e-05
-5.16918e-06
3.6882e-05
-4.77816e-06
3.57564e-05
-4.38978e-06
3.46343e-05
-4.01151e-06
3.35243e-05
-3.64696e-06
3.24367e-05
-3.3023e-06
3.13777e-05
-2.97838e-06
3.03563e-05
-2.67933e-06
2.9374e-05
-2.40407e-06
2.84392e-05
-2.15578e-06
2.7548e-05
-1.93236e-06
2.6709e-05
-1.7354e-06
2.59121e-05
-1.56257e-06
2.5167e-05
-1.4131e-06
2.44567e-05
-1.28671e-06
2.37948e-05
-1.17851e-06
2.31562e-05
-1.09449e-06
2.25604e-05
-1.0207e-06
2.19742e-05
-9.77058e-07
-9.27357e-07
5.39207e-05
-5.55612e-07
5.41745e-05
-7.79017e-07
5.43571e-05
-1.01736e-06
5.4492e-05
-1.24616e-06
5.46032e-05
-1.44527e-06
5.47024e-05
-1.60886e-06
5.47906e-05
-1.74188e-06
5.4866e-05
-1.85236e-06
5.49285e-05
-1.94632e-06
5.49801e-05
-2.02648e-06
5.50232e-05
-2.09339e-06
5.506e-05
-2.14719e-06
5.50913e-05
-2.18865e-06
5.51172e-05
-2.21922e-06
5.51375e-05
-2.24082e-06
5.51519e-05
-2.25546e-06
5.51601e-05
-2.26508e-06
5.51621e-05
-2.27152e-06
5.51577e-05
-2.27651e-06
5.51469e-05
-2.28173e-06
5.51298e-05
-2.28879e-06
5.51064e-05
-2.29921e-06
5.50768e-05
-2.31442e-06
5.50411e-05
-2.33574e-06
5.49995e-05
-2.3643e-06
5.49519e-05
-2.40111e-06
5.48985e-05
-2.44707e-06
5.48394e-05
-2.50292e-06
5.47745e-05
-2.56927e-06
5.47038e-05
-2.64654e-06
5.46272e-05
-2.73508e-06
5.45445e-05
-2.83516e-06
5.44553e-05
-2.94692e-06
5.43593e-05
-3.07049e-06
5.4256e-05
-3.20584e-06
5.41448e-05
-3.35295e-06
5.4025e-05
-3.51164e-06
5.38958e-05
-3.68171e-06
5.37564e-05
-3.86277e-06
5.36057e-05
-4.05436e-06
5.34425e-05
-4.25581e-06
5.32654e-05
-4.46631e-06
5.30729e-05
-4.68477e-06
5.28632e-05
-4.90987e-06
5.26343e-05
-5.13989e-06
5.23837e-05
-5.37274e-06
5.21089e-05
-5.60601e-06
5.18068e-05
-5.83693e-06
5.14739e-05
-6.0623e-06
5.11061e-05
-6.27837e-06
5.0699e-05
-6.48102e-06
5.02476e-05
-6.66584e-06
4.97467e-05
-6.82851e-06
4.91911e-05
-6.96483e-06
4.85756e-05
-7.07104e-06
4.78959e-05
-7.14354e-06
4.71482e-05
-7.1791e-06
4.6329e-05
-7.17457e-06
4.5435e-05
-7.12673e-06
4.44628e-05
-7.0326e-06
4.34092e-05
-6.89003e-06
4.22731e-05
-6.69923e-06
4.1057e-05
-6.46444e-06
3.97676e-05
-6.19199e-06
3.8413e-05
-5.88604e-06
3.70007e-05
-5.54892e-06
3.55396e-05
-5.18477e-06
3.40391e-05
-4.8021e-06
3.25125e-05
-4.41131e-06
3.0976e-05
-4.02172e-06
2.94464e-05
-3.63959e-06
2.79383e-05
-3.27007e-06
2.64661e-05
-2.91751e-06
2.50421e-05
-2.58759e-06
2.36791e-05
-2.28387e-06
2.23863e-05
-2.00959e-06
2.11725e-05
-1.76457e-06
2.00431e-05
-1.54988e-06
1.90016e-05
-1.36262e-06
1.80489e-05
-1.20299e-06
1.71825e-05
-1.06596e-06
1.63993e-05
-9.52205e-07
1.56917e-05
-8.54995e-07
1.50553e-05
-7.76696e-07
1.44777e-05
-7.09114e-07
1.3957e-05
-6.57816e-07
1.34753e-05
-6.12847e-07
1.30382e-05
-5.83526e-07
1.26197e-05
-5.58604e-07
-5.4584e-07
5.35791e-05
-8.68404e-07
5.38469e-05
-1.04682e-06
5.4062e-05
-1.23242e-06
5.42308e-05
-1.41494e-06
5.43687e-05
-1.58322e-06
5.44885e-05
-1.72869e-06
5.45959e-05
-1.84919e-06
5.46918e-05
-1.94832e-06
5.47762e-05
-2.03069e-06
5.48491e-05
-2.09936e-06
5.49114e-05
-2.15577e-06
5.49647e-05
-2.20042e-06
5.50097e-05
-2.23371e-06
5.5047e-05
-2.2565e-06
5.50764e-05
-2.27022e-06
5.50976e-05
-2.27664e-06
5.51102e-05
-2.27768e-06
5.51139e-05
-2.27526e-06
5.51087e-05
-2.27126e-06
5.50944e-05
-2.26748e-06
5.50713e-05
-2.26562e-06
5.50393e-05
-2.26722e-06
5.49986e-05
-2.27371e-06
5.49492e-05
-2.28641e-06
5.48914e-05
-2.30642e-06
5.4825e-05
-2.33477e-06
5.47502e-05
-2.37229e-06
5.46671e-05
-2.41974e-06
5.45754e-05
-2.47765e-06
5.44751e-05
-2.54625e-06
5.43658e-05
-2.62575e-06
5.4247e-05
-2.71629e-06
5.41179e-05
-2.81786e-06
5.39778e-05
-2.93041e-06
5.38257e-05
-3.05375e-06
5.36604e-05
-3.18767e-06
5.34806e-05
-3.33181e-06
5.32847e-05
-3.48576e-06
5.30708e-05
-3.64891e-06
5.2837e-05
-3.82055e-06
5.25809e-05
-3.99972e-06
5.22999e-05
-4.1853e-06
5.1991e-05
-4.37583e-06
5.16508e-05
-4.56965e-06
5.12755e-05
-4.76467e-06
5.08612e-05
-4.95844e-06
5.04033e-05
-5.14812e-06
4.9897e-05
-5.33057e-06
4.93366e-05
-5.50196e-06
4.87164e-05
-5.65808e-06
4.80298e-05
-5.79443e-06
4.72705e-05
-5.90656e-06
4.6432e-05
-5.99007e-06
4.55082e-05
-6.04097e-06
4.4493e-05
-6.0559e-06
4.33827e-05
-6.03322e-06
4.21764e-05
-5.97277e-06
4.08745e-05
-5.87264e-06
3.94786e-05
-5.73085e-06
3.79894e-05
-5.54344e-06
3.64073e-05
-5.30794e-06
3.47371e-05
-5.02906e-06
3.29897e-05
-4.71702e-06
3.11817e-05
-4.38395e-06
2.93299e-05
-4.03427e-06
2.74532e-05
-3.67221e-06
2.55716e-05
-3.3032e-06
2.37037e-05
-2.93415e-06
2.18691e-05
-2.57675e-06
2.00909e-05
-2.24346e-06
1.83921e-05
-1.94081e-06
1.67934e-05
-1.67134e-06
1.53127e-05
-1.43683e-06
1.39626e-05
-1.23747e-06
1.27505e-05
-1.07185e-06
1.16773e-05
-9.36326e-07
1.07379e-05
-8.25224e-07
9.92268e-06
-7.34632e-07
9.22019e-06
-6.60139e-07
8.61628e-06
-5.99077e-07
8.09775e-06
-5.4743e-07
7.64986e-06
-5.04317e-07
7.26106e-06
-4.66197e-07
6.91872e-06
-4.34354e-07
6.61438e-06
-4.04775e-07
6.33847e-06
-3.81899e-07
6.08538e-06
-3.59767e-07
5.84984e-06
-3.47984e-07
5.62554e-06
-3.34301e-07
-3.34774e-07
5.34373e-05
-1.17286e-06
5.37067e-05
-1.31618e-06
5.39366e-05
-1.46227e-06
5.41284e-05
-1.60677e-06
5.4289e-05
-1.7438e-06
5.44273e-05
-1.86704e-06
5.45502e-05
-1.97206e-06
5.46602e-05
-2.05835e-06
5.47577e-05
-2.12819e-06
5.48424e-05
-2.18405e-06
5.49142e-05
-2.22759e-06
5.49735e-05
-2.25966e-06
5.50205e-05
-2.28073e-06
5.50555e-05
-2.29146e-06
5.50782e-05
-2.29294e-06
5.50882e-05
-2.28667e-06
5.5085e-05
-2.2745e-06
5.50681e-05
-2.2584e-06
5.50373e-05
-2.24046e-06
5.49925e-05
-2.22269e-06
5.49339e-05
-2.20697e-06
5.48617e-05
-2.19498e-06
5.4776e-05
-2.18804e-06
5.46768e-05
-2.18724e-06
5.45641e-05
-2.19368e-06
5.44377e-05
-2.20841e-06
5.42977e-05
-2.23225e-06
5.41437e-05
-2.2658e-06
5.39754e-05
-2.30936e-06
5.37922e-05
-2.36304e-06
5.35933e-05
-2.42679e-06
5.33775e-05
-2.50049e-06
5.31435e-05
-2.58387e-06
5.28897e-05
-2.67662e-06
5.26142e-05
-2.77829e-06
5.23149e-05
-2.88838e-06
5.19894e-05
-3.00625e-06
5.16348e-05
-3.13121e-06
5.12482e-05
-3.26231e-06
5.08262e-05
-3.39859e-06
5.03652e-05
-3.53872e-06
4.98612e-05
-3.68126e-06
4.93096e-05
-3.82427e-06
4.87057e-05
-3.9657e-06
4.8044e-05
-4.10298e-06
4.73192e-05
-4.23365e-06
4.65261e-05
-4.35505e-06
4.56592e-05
-4.46369e-06
4.47124e-05
-4.55514e-06
4.36795e-05
-4.62514e-06
4.25544e-05
-4.6693e-06
4.1332e-05
-4.68416e-06
4.00082e-05
-4.66626e-06
3.85798e-05
-4.61261e-06
3.70436e-05
-4.51972e-06
3.53989e-05
-4.38852e-06
3.36524e-05
-4.22624e-06
3.18117e-05
-4.03197e-06
2.98894e-05
-3.80855e-06
2.78981e-05
-3.55215e-06
2.5848e-05
-3.25783e-06
2.37584e-05
-2.93943e-06
2.16532e-05
-2.61179e-06
1.95594e-05
-2.29021e-06
1.75055e-05
-1.98035e-06
1.55218e-05
-1.68853e-06
1.36522e-05
-1.43354e-06
1.19263e-05
-1.20822e-06
1.03652e-05
-1.01568e-06
8.98244e-06
-8.60716e-07
7.78939e-06
-7.4777e-07
6.77527e-06
-6.57218e-07
5.92746e-06
-5.89019e-07
5.22388e-06
-5.3389e-07
4.63686e-06
-4.84827e-07
4.1399e-06
-4.39366e-07
3.71265e-06
-3.97977e-07
3.3402e-06
-3.62186e-07
3.01256e-06
-3.32496e-07
2.72185e-06
-3.08369e-07
2.46347e-06
-2.89048e-07
2.23309e-06
-2.73942e-07
2.02729e-06
-2.6039e-07
1.84113e-06
-2.48194e-07
1.67228e-06
-2.35931e-07
1.51597e-06
-2.25583e-07
1.37213e-06
-2.15925e-07
1.23547e-06
-2.11329e-07
1.10805e-06
-2.0688e-07
-2.21148e-07
5.34672e-05
-1.46621e-06
5.37274e-05
-1.57646e-06
5.39527e-05
-1.68755e-06
5.4144e-05
-1.79801e-06
5.43041e-05
-1.90393e-06
5.44371e-05
-2.00006e-06
5.45473e-05
-2.0822e-06
5.46375e-05
-2.14855e-06
5.47086e-05
-2.19936e-06
5.47605e-05
-2.23589e-06
5.47923e-05
-2.25941e-06
5.48035e-05
-2.27089e-06
5.47939e-05
-2.27112e-06
5.47633e-05
-2.26085e-06
5.47115e-05
-2.24111e-06
5.46381e-05
-2.21334e-06
5.4543e-05
-2.17934e-06
5.44257e-05
-2.14115e-06
5.42864e-05
-2.1011e-06
5.4125e-05
-2.0613e-06
5.39419e-05
-2.0239e-06
5.37381e-05
-1.99112e-06
5.3514e-05
-1.96395e-06
5.32693e-05
-1.94258e-06
5.3004e-05
-1.92834e-06
5.27178e-05
-1.92223e-06
5.24105e-05
-1.92492e-06
5.20814e-05
-1.93671e-06
5.17297e-05
-1.95765e-06
5.13542e-05
-1.98752e-06
5.09534e-05
-2.026e-06
5.05254e-05
-2.07257e-06
5.00683e-05
-2.12669e-06
4.95793e-05
-2.18766e-06
4.90558e-05
-2.25477e-06
4.84946e-05
-2.32715e-06
4.78922e-05
-2.40392e-06
4.7245e-05
-2.484e-06
4.6549e-05
-2.5663e-06
4.57999e-05
-2.64952e-06
4.49935e-05
-2.73228e-06
4.41251e-05
-2.8129e-06
4.31903e-05
-2.88946e-06
4.21841e-05
-2.95944e-06
4.11006e-05
-3.01951e-06
3.9935e-05
-3.06808e-06
3.86847e-05
-3.10466e-06
3.73455e-05
-3.12458e-06
3.59142e-05
-3.12384e-06
3.43882e-05
-3.09905e-06
3.2766e-05
-3.04714e-06
3.1048e-05
-2.96618e-06
2.92383e-05
-2.85658e-06
2.73424e-05
-2.71664e-06
2.53703e-05
-2.54768e-06
2.33328e-05
-2.35102e-06
2.12446e-05
-2.13804e-06
1.91316e-05
-1.91898e-06
1.7018e-05
-1.69492e-06
1.49356e-05
-1.46977e-06
1.29271e-05
-1.2493e-06
1.10304e-05
-1.04277e-06
9.27906e-06
-8.60419e-07
7.70351e-06
-7.14665e-07
6.3438e-06
-6.20637e-07
5.21e-06
-5.54729e-07
4.27937e-06
-5.02919e-07
3.51852e-06
-4.47376e-07
2.88668e-06
-3.83841e-07
2.34656e-06
-3.20592e-07
1.86873e-06
-2.69937e-07
1.4464e-06
-2.3489e-07
1.07656e-06
-2.19177e-07
7.53311e-07
-2.10644e-07
4.7051e-07
-2.02026e-07
2.2198e-07
-1.90837e-07
2.06303e-09
-1.78059e-07
-1.94047e-07
-1.66075e-07
-3.6987e-07
-1.56673e-07
-5.28272e-07
-1.49967e-07
-6.72361e-07
-1.44959e-07
-8.04915e-07
-1.41387e-07
-9.27296e-07
-1.3801e-07
-1.04118e-06
-1.34309e-07
-1.14719e-06
-1.2992e-07
-1.24664e-06
-1.26135e-07
-1.3389e-06
-1.23666e-07
-1.42572e-06
-1.24513e-07
-1.50284e-06
-1.29758e-07
-1.45892e-07
5.3408e-05
-1.68117e-06
5.35793e-05
-1.7477e-06
5.37065e-05
-1.81473e-06
5.37894e-05
-1.88097e-06
5.38292e-05
-1.94369e-06
5.3827e-05
-1.99793e-06
5.37846e-05
-2.03976e-06
5.37044e-05
-2.06832e-06
5.35885e-05
-2.08346e-06
5.34379e-05
-2.08534e-06
5.3253e-05
-2.0745e-06
5.30339e-05
-2.05182e-06
5.27814e-05
-2.01858e-06
5.24963e-05
-1.97571e-06
5.21796e-05
-1.92443e-06
5.18325e-05
-1.86629e-06
5.14563e-05
-1.80311e-06
5.10521e-05
-1.73699e-06
5.06212e-05
-1.67011e-06
5.01644e-05
-1.60458e-06
4.96829e-05
-1.54239e-06
4.91783e-05
-1.48644e-06
4.86515e-05
-1.4372e-06
4.81025e-05
-1.39361e-06
4.75315e-05
-1.35726e-06
4.6938e-05
-1.32876e-06
4.63214e-05
-1.30837e-06
4.56808e-05
-1.29602e-06
4.50145e-05
-1.29139e-06
4.43209e-05
-1.29392e-06
4.35978e-05
-1.30293e-06
4.28429e-05
-1.31761e-06
4.20533e-05
-1.33714e-06
4.12262e-05
-1.36056e-06
4.03584e-05
-1.38695e-06
3.94465e-05
-1.41526e-06
3.84871e-05
-1.44449e-06
3.74765e-05
-1.47347e-06
3.64114e-05
-1.50115e-06
3.52881e-05
-1.52625e-06
3.41035e-05
-1.5477e-06
3.28548e-05
-1.5641e-06
3.15397e-05
-1.5744e-06
3.01568e-05
-1.57659e-06
2.87034e-05
-1.56606e-06
2.71818e-05
-1.54646e-06
2.55932e-05
-1.51608e-06
2.39405e-05
-1.47189e-06
2.22288e-05
-1.41218e-06
2.04658e-05
-1.33607e-06
1.86628e-05
-1.24408e-06
1.6832e-05
-1.13544e-06
1.49899e-05
-1.01441e-06
1.31594e-05
-8.86193e-07
1.13696e-05
-7.57861e-07
9.65844e-06
-6.39857e-07
8.06369e-06
-5.43292e-07
6.62045e-06
-4.75738e-07
5.36747e-06
-4.41943e-07
4.30355e-06
-4.05844e-07
3.4137e-06
-3.59444e-07
2.66787e-06
-2.96952e-07
2.03406e-06
-2.26607e-07
1.48656e-06
-1.67164e-07
9.97772e-07
-1.31847e-07
5.70124e-07
-1.27081e-07
2.01037e-07
-1.33832e-07
-1.15286e-07
-1.31053e-07
-3.87005e-07
-1.12122e-07
-6.21838e-07
-8.57586e-08
-8.27043e-07
-6.47318e-08
-1.00712e-06
-5.48113e-08
-1.17119e-06
-5.51057e-08
-1.32219e-06
-5.96494e-08
-1.46024e-06
-6.39684e-08
-1.58555e-06
-6.55294e-08
-1.69907e-06
-6.45443e-08
-1.80266e-06
-6.24771e-08
-1.89868e-06
-6.06574e-08
-1.98888e-06
-5.97717e-08
-2.07417e-06
-5.96654e-08
-2.15559e-06
-5.99674e-08
-2.23354e-06
-6.00596e-08
-2.3082e-06
-5.96476e-08
-2.37934e-06
-5.87831e-08
-2.44708e-06
-5.83933e-08
-2.51104e-06
-5.97022e-08
-2.57081e-06
-6.47478e-08
-2.62612e-06
-7.44515e-08
-8.62196e-08
5.10767e-05
-1.45668e-06
5.0787e-05
-1.45802e-06
5.0433e-05
-1.46079e-06
5.00152e-05
-1.46316e-06
4.95346e-05
-1.46301e-06
4.89946e-05
-1.45794e-06
4.83997e-05
-1.44485e-06
4.77546e-05
-1.42323e-06
4.70653e-05
-1.39423e-06
4.63369e-05
-1.3569e-06
4.55739e-05
-1.31152e-06
4.4781e-05
-1.25885e-06
4.39622e-05
-1.19983e-06
4.3122e-05
-1.13547e-06
4.22644e-05
-1.0669e-06
4.13936e-05
-9.95418e-07
4.0513e-05
-9.22526e-07
3.96259e-05
-8.4988e-07
3.87349e-05
-7.79192e-07
3.78425e-05
-7.121e-07
3.69501e-05
-6.50015e-07
3.60577e-05
-5.94007e-07
3.5165e-05
-5.44568e-07
3.42732e-05
-5.0176e-07
3.33815e-05
-4.65632e-07
3.24889e-05
-4.36157e-07
3.15937e-05
-4.13115e-07
3.06937e-05
-3.9605e-07
2.97866e-05
-3.84307e-07
2.88698e-05
-3.771e-07
2.79405e-05
-3.73582e-07
2.69957e-05
-3.72892e-07
2.60328e-05
-3.74185e-07
2.50489e-05
-3.76632e-07
2.40414e-05
-3.79441e-07
2.30079e-05
-3.81851e-07
2.19466e-05
-3.83163e-07
2.08559e-05
-3.82728e-07
1.97347e-05
-3.80016e-07
1.85831e-05
-3.74577e-07
1.74015e-05
-3.66188e-07
1.61922e-05
-3.5474e-07
1.49583e-05
-3.40551e-07
1.37058e-05
-3.24069e-07
1.24464e-05
-3.06617e-07
1.11896e-05
-2.89668e-07
9.94783e-06
-2.74318e-07
8.73703e-06
-2.61091e-07
7.57474e-06
-2.49889e-07
6.47818e-06
-2.39515e-07
5.46273e-06
-2.28624e-07
4.54258e-06
-2.15289e-07
3.71651e-06
-1.88343e-07
2.98251e-06
-1.52188e-07
2.33457e-06
-1.09922e-07
1.76407e-06
-6.93566e-08
1.26157e-06
-4.07943e-08
8.15572e-07
-2.97392e-08
4.11874e-07
-3.8244e-08
5.92651e-08
-5.32356e-08
-2.41663e-07
-5.85165e-08
-4.92794e-07
-4.58209e-08
-6.97518e-07
-2.18828e-08
-8.64359e-07
-3.23751e-10
-1.00601e-06
9.8091e-09
-1.13751e-06
4.41594e-09
-1.26494e-06
-6.40773e-09
-1.382e-06
-1.39874e-08
-1.48088e-06
-1.32402e-08
-1.55925e-06
-7.39317e-09
-1.62212e-06
-1.85919e-09
-1.67714e-06
2.03779e-10
-1.73055e-06
-1.69124e-09
-1.78479e-06
-5.41272e-09
-1.83988e-06
-8.87441e-09
-1.89435e-06
-1.10586e-08
-1.94688e-06
-1.2016e-08
-1.99703e-06
-1.23261e-08
-2.04515e-06
-1.25404e-08
-2.09199e-06
-1.29262e-08
-2.13817e-06
-1.34913e-08
-2.184e-06
-1.41403e-08
-2.2294e-06
-1.46568e-08
-2.27412e-06
-1.4927e-08
-2.3179e-06
-1.50047e-08
-2.36095e-06
-1.53426e-08
-2.40378e-06
-1.68745e-08
-2.44727e-06
-2.12505e-08
-2.49277e-06
-2.89559e-08
-3.60009e-08
3.50104e-05
3.35523e-05
3.20915e-05
3.06284e-05
2.91654e-05
2.77074e-05
2.62626e-05
2.48394e-05
2.34451e-05
2.20882e-05
2.07767e-05
1.95179e-05
1.8318e-05
1.71825e-05
1.61156e-05
1.51202e-05
1.41977e-05
1.33478e-05
1.25686e-05
1.18565e-05
1.12065e-05
1.06125e-05
1.00679e-05
9.56618e-06
9.10054e-06
8.66439e-06
8.25127e-06
7.85522e-06
7.47092e-06
7.09382e-06
6.72023e-06
6.34734e-06
5.97316e-06
5.59652e-06
5.21708e-06
4.83523e-06
4.45207e-06
4.06934e-06
3.68933e-06
3.31475e-06
2.94856e-06
2.59382e-06
2.25327e-06
1.9292e-06
1.62258e-06
1.33292e-06
1.0586e-06
7.97506e-07
5.47617e-07
3.08103e-07
7.94785e-08
-1.3581e-07
-3.24153e-07
-4.7634e-07
-5.86262e-07
-6.55619e-07
-6.96413e-07
-7.26152e-07
-7.64396e-07
-8.17632e-07
-8.76149e-07
-9.21969e-07
-9.43852e-07
-9.44176e-07
-9.34367e-07
-9.29951e-07
-9.36359e-07
-9.50346e-07
-9.63586e-07
-9.7098e-07
-9.72839e-07
-9.72635e-07
-9.74326e-07
-9.79739e-07
-9.88613e-07
-9.99672e-07
-1.01169e-06
-1.02401e-06
-1.03655e-06
-1.04948e-06
-1.06297e-06
-1.07711e-06
-1.09177e-06
-1.1067e-06
-1.1217e-06
-1.13704e-06
-1.15392e-06
-1.17517e-06
-1.20412e-06
)
;

boundaryField
{
    fixedWalls
    {
        type            calculated;
        value           uniform 0;
    }
    inflowWall
    {
        type            calculated;
        value           nonuniform List<scalar> 10(-5e-05 -5e-05 -5e-05 -5e-05 -5e-05 -5e-05 -5e-05 -5e-05 -5e-05 -5e-05);
    }
    outflowWall
    {
        type            calculated;
        value           nonuniform List<scalar> 
20
(
1.23549e-05
2.53408e-05
3.4012e-05
4.11245e-05
4.65307e-05
4.9721e-05
5.05163e-05
4.93046e-05
4.67987e-05
4.32859e-05
3.81982e-05
3.0787e-05
2.14252e-05
1.22382e-05
5.41447e-06
9.94425e-07
-1.57809e-06
-2.68579e-06
-2.54299e-06
-1.24013e-06
)
;
    }
    frontAndBack
    {
        type            empty;
        value           nonuniform List<scalar> 0();
    }
}


// ************************************************************************* //
