/*--------------------------------*- C++ -*----------------------------------*\
| =========                 |                                                 |
| \\      /  F ield         | OpenFOAM: The Open Source CFD Toolbox           |
|  \\    /   O peration     | Version:  2306                                  |
|   \\  /    A nd           | Website:  www.openfoam.com                      |
|    \\/     M anipulation  |                                                 |
\*---------------------------------------------------------------------------*/
FoamFile
{
    version     2.0;
    format      ascii;
    arch        "LSB;label=32;scalar=64";
    class       volVectorField;
    location    "3.48";
    object      U;
}
// * * * * * * * * * * * * * * * * * * * * * * * * * * * * * * * * * * * * * //

dimensions      [0 1 -1 0 0 0 0];

internalField   nonuniform List<vector> 
1900
(
(0.984289 0.00728251 0)
(0.961748 0.0216924 0)
(0.952361 0.0181606 0)
(0.918704 0.0253089 0)
(0.903481 0.0154143 0)
(0.863108 0.0257508 0)
(0.852396 0.0115533 0)
(0.812083 0.0267169 0)
(0.809915 0.00447794 0)
(0.770766 0.0259196 0)
(1.00257 0.0115568 0)
(1.00445 0.0258561 0)
(1.01945 0.0289502 0)
(1.02198 0.0304362 0)
(1.03491 0.0279736 0)
(1.03401 0.0283758 0)
(1.04414 0.0257203 0)
(1.04289 0.0249996 0)
(1.05135 0.0205271 0)
(1.05247 0.0159954 0)
(1.00048 0.0038818 0)
(1.00419 0.011146 0)
(1.01256 0.0139787 0)
(1.02114 0.0157596 0)
(1.03156 0.0146683 0)
(1.04056 0.0143607 0)
(1.05002 0.0122891 0)
(1.05844 0.0108127 0)
(1.06694 0.00714246 0)
(1.07479 0.00292787 0)
(1.00007 0.00207298 0)
(1.00313 0.00583111 0)
(1.00888 0.00803297 0)
(1.01649 0.00900133 0)
(1.02529 0.00850584 0)
(1.03433 0.00738641 0)
(1.04326 0.00558038 0)
(1.05183 0.00338625 0)
(1.06001 0.000519308 0)
(1.06769 -0.00304819 0)
(1.00003 0.000420489 0)
(1.00261 0.00115884 0)
(1.00738 0.00141156 0)
(1.01402 0.00111709 0)
(1.02192 0.000202443 0)
(1.03036 -0.00118387 0)
(1.03879 -0.00300457 0)
(1.04692 -0.00524254 0)
(1.05458 -0.00794262 0)
(1.06172 -0.0111735 0)
(1.00003 -0.00106452 0)
(1.00255 -0.00303931 0)
(1.00719 -0.00477083 0)
(1.01365 -0.00622119 0)
(1.02132 -0.00753619 0)
(1.02947 -0.00891835 0)
(1.03757 -0.0105541 0)
(1.0453 -0.0125562 0)
(1.05255 -0.0149653 0)
(1.05931 -0.0177523 0)
(1.00003 -0.00271387 0)
(1.00303 -0.00744243 0)
(1.00836 -0.0110766 0)
(1.01545 -0.0135229 0)
(1.02345 -0.0151594 0)
(1.03161 -0.0165365 0)
(1.03946 -0.01806 0)
(1.04685 -0.0199088 0)
(1.05375 -0.0220767 0)
(1.06021 -0.0244744 0)
(1.00004 -0.00477176 0)
(1.00441 -0.012241 0)
(1.01137 -0.0169305 0)
(1.01979 -0.0193684 0)
(1.02837 -0.0207035 0)
(1.03637 -0.0218854 0)
(1.04355 -0.023363 0)
(1.05001 -0.0251642 0)
(1.05585 -0.0271483 0)
(1.06113 -0.0291826 0)
(1.00006 -0.0121202 0)
(1.00721 -0.0259565 0)
(1.01557 -0.0314373 0)
(1.02286 -0.0325902 0)
(1.02791 -0.0326789 0)
(1.03069 -0.0330606 0)
(1.03168 -0.0338474 0)
(1.03135 -0.0347771 0)
(1.0299 -0.0356342 0)
(1.02736 -0.0363604 0)
(0.980777 -0.00916395 0)
(0.964583 -0.0188229 0)
(0.945451 -0.0220486 0)
(0.920776 -0.0221894 0)
(0.891975 -0.021745 0)
(0.861646 -0.0215861 0)
(0.831385 -0.0216211 0)
(0.80167 -0.0216148 0)
(0.772428 -0.0214433 0)
(0.743416 -0.0211226 0)
(0.000203179 -0.00010322 0)
(0.000327712 -1.42334e-05 0)
(5.20083e-05 3.23552e-05 0)
(-0.000434166 5.85161e-05 0)
(-0.00107269 7.34572e-05 0)
(-0.00182393 8.89403e-05 0)
(-0.0026769 0.000108187 0)
(-0.00362852 0.000129444 0)
(-0.00467415 0.000151063 0)
(-0.00580749 0.00017225 0)
(-0.00702151 0.00019268 0)
(-0.00830904 0.000212184 0)
(-0.00966296 0.0002306 0)
(-0.0110764 0.000247753 0)
(-0.0125429 0.000263492 0)
(-0.0140564 0.000277713 0)
(-0.0156115 0.000290369 0)
(-0.0172038 0.000301492 0)
(-0.0188294 0.000311159 0)
(-0.0204858 0.000319474 0)
(-0.0221715 0.000326568 0)
(-0.0238866 0.000332539 0)
(-0.0256325 0.000337379 0)
(-0.0274117 0.000340897 0)
(-0.0292278 0.000342647 0)
(-0.031085 0.000341819 0)
(-0.0329884 0.000337062 0)
(-0.0349431 0.000326338 0)
(-0.0369542 0.000306919 0)
(-0.0390276 0.000275615 0)
(-0.0411711 0.000229573 0)
(-0.043398 0.00016791 0)
(-0.0457328 9.40021e-05 0)
(-0.0482185 1.82571e-05 0)
(-0.0509248 -3.92505e-05 0)
(-0.053956 -4.68015e-05 0)
(-0.0574574 3.98449e-05 0)
(-0.061617 0.000275078 0)
(-0.0666579 0.000716484 0)
(-0.0728192 0.00141097 0)
(-0.0803207 0.00237397 0)
(-0.0893157 0.00356867 0)
(-0.0998359 0.00489784 0)
(-0.111747 0.00621965 0)
(-0.124736 0.00737721 0)
(-0.138331 0.00822959 0)
(-0.151956 0.00867593 0)
(-0.165008 0.0086697 0)
(-0.176898 0.00824303 0)
(-0.187074 0.0075076 0)
(-0.195034 0.00656471 0)
(-0.200474 0.00549182 0)
(-0.203153 0.00424548 0)
(-0.202959 0.002841 0)
(-0.199884 0.00132107 0)
(-0.193971 -0.00021806 0)
(-0.185292 -0.00172387 0)
(-0.173998 -0.00315782 0)
(-0.160337 -0.00445373 0)
(-0.144574 -0.00561177 0)
(-0.12697 -0.00659767 0)
(-0.10785 -0.00739453 0)
(-0.0875268 -0.00800246 0)
(-0.066328 -0.00840541 0)
(-0.0446284 -0.00860878 0)
(-0.0226788 -0.00865216 0)
(-0.000862759 -0.00854545 0)
(0.0207086 -0.00829872 0)
(0.0415882 -0.00792076 0)
(0.0618221 -0.00743782 0)
(0.0809422 -0.00686229 0)
(0.0991461 -0.00624471 0)
(0.115925 -0.00559194 0)
(0.131655 -0.00494103 0)
(0.145782 -0.00427818 0)
(0.158871 -0.00364703 0)
(0.170284 -0.00302327 0)
(0.180796 -0.00245935 0)
(0.189624 -0.00191554 0)
(0.1978 -0.00145504 0)
(0.204316 -0.00101861 0)
(0.210535 -0.000685151 0)
(0.2151 -0.000370457 0)
(0.219841 -0.000177156 0)
(0.222854 1.32198e-05 0)
(0.226679 5.85147e-05 0)
(0.228515 0.000133751 0)
(0.232089 1.39868e-05 0)
(0.232979 7.82792e-06 0)
(0.237144 -0.000360871 0)
(5.26366e-05 -0.000502287 0)
(-0.000549308 0.000163877 0)
(-0.00205052 0.000724249 0)
(-0.00395243 0.0011109 0)
(-0.00621937 0.00137311 0)
(-0.00878213 0.00158231 0)
(-0.0116086 0.00177462 0)
(-0.0146752 0.00195603 0)
(-0.0179557 0.00212509 0)
(-0.0214245 0.00228055 0)
(-0.0250574 0.00242193 0)
(-0.0288315 0.00254925 0)
(-0.0327261 0.00266303 0)
(-0.0367224 0.00276408 0)
(-0.0408043 0.00285349 0)
(-0.0449582 0.00293251 0)
(-0.0491734 0.00300263 0)
(-0.0534425 0.00306556 0)
(-0.0577614 0.00312322 0)
(-0.0621293 0.00317791 0)
(-0.0665496 0.00323232 0)
(-0.071029 0.00328923 0)
(-0.0755784 0.00335135 0)
(-0.0802121 0.00342123 0)
(-0.0849482 0.00350135 0)
(-0.0898088 0.00359419 0)
(-0.09482 0.00370214 0)
(-0.100012 0.00382771 0)
(-0.105421 0.00397445 0)
(-0.111085 0.00414824 0)
(-0.117052 0.00435957 0)
(-0.123372 0.00462623 0)
(-0.130105 0.00497496 0)
(-0.137317 0.00544218 0)
(-0.145074 0.00607232 0)
(-0.153435 0.00691297 0)
(-0.162442 0.00800794 0)
(-0.1721 0.00938382 0)
(-0.182363 0.011034 0)
(-0.193127 0.0129018 0)
(-0.204211 0.0148706 0)
(-0.215365 0.0167698 0)
(-0.226263 0.0183908 0)
(-0.236529 0.0195255 0)
(-0.245761 0.0199968 0)
(-0.253549 0.0196821 0)
(-0.259508 0.0185337 0)
(-0.263267 0.016569 0)
(-0.264488 0.01388 0)
(-0.262921 0.0105863 0)
(-0.258431 0.00675619 0)
(-0.251159 0.00256849 0)
(-0.240875 -0.00183572 0)
(-0.227791 -0.0063198 0)
(-0.211822 -0.0107655 0)
(-0.193174 -0.0150498 0)
(-0.171966 -0.0190982 0)
(-0.148417 -0.0228565 0)
(-0.122803 -0.0260617 0)
(-0.0954444 -0.0288827 0)
(-0.0665863 -0.031252 0)
(-0.0365921 -0.0331404 0)
(-0.00576998 -0.0345471 0)
(0.0257034 -0.0354409 0)
(0.0572702 -0.0358809 0)
(0.0889148 -0.0358607 0)
(0.119905 -0.0354417 0)
(0.150691 -0.0346417 0)
(0.180194 -0.0335112 0)
(0.20926 -0.0320978 0)
(0.236501 -0.0304433 0)
(0.263204 -0.0286204 0)
(0.287633 -0.0266569 0)
(0.31161 -0.0246375 0)
(0.332951 -0.0225581 0)
(0.354088 -0.0205146 0)
(0.372241 -0.0184722 0)
(0.390625 -0.016543 0)
(0.405642 -0.0146572 0)
(0.42154 -0.0129486 0)
(0.433577 -0.011306 0)
(0.447403 -0.00989439 0)
(0.456671 -0.00855216 0)
(0.468969 -0.00748981 0)
(0.475689 -0.00648101 0)
(0.487125 -0.0058029 0)
(0.491491 -0.00514073 0)
(0.502852 -0.00487227 0)
(0.504981 -0.00455162 0)
(0.517132 -0.0047206 0)
(-0.000158376 0.00045437 0)
(-0.00194056 0.00232235 0)
(-0.00540468 0.00351204 0)
(-0.00932485 0.00428871 0)
(-0.01367 0.00488941 0)
(-0.0183435 0.00542845 0)
(-0.0233096 0.00593033 0)
(-0.0285362 0.00639188 0)
(-0.0339749 0.00680632 0)
(-0.0395786 0.00717174 0)
(-0.0453049 0.00748878 0)
(-0.0511163 0.00775984 0)
(-0.0569806 0.00798903 0)
(-0.0628714 0.00818128 0)
(-0.0687679 0.00834198 0)
(-0.0746544 0.00847688 0)
(-0.0805198 0.00859205 0)
(-0.0863577 0.00869416 0)
(-0.0921654 0.00879071 0)
(-0.0979436 0.00888939 0)
(-0.103696 0.0089977 0)
(-0.109431 0.00912297 0)
(-0.115156 0.00927218 0)
(-0.120883 0.00945196 0)
(-0.12662 0.00966875 0)
(-0.132379 0.00992901 0)
(-0.138169 0.010239 0)
(-0.143997 0.0106042 0)
(-0.149866 0.0110308 0)
(-0.155776 0.0115256 0)
(-0.161719 0.0120964 0)
(-0.167682 0.012753 0)
(-0.173642 0.0135089 0)
(-0.179569 0.0143805 0)
(-0.185417 0.0153835 0)
(-0.191119 0.0165245 0)
(-0.196584 0.017798 0)
(-0.201694 0.0191755 0)
(-0.206298 0.0205976 0)
(-0.210218 0.0219688 0)
(-0.213242 0.0231563 0)
(-0.215144 0.0239877 0)
(-0.215682 0.0242579 0)
(-0.214629 0.0237711 0)
(-0.211795 0.0223819 0)
(-0.207002 0.020003 0)
(-0.20014 0.0166391 0)
(-0.191094 0.0123123 0)
(-0.179829 0.00712806 0)
(-0.166405 0.00120314 0)
(-0.15076 -0.00532351 0)
(-0.133088 -0.0123249 0)
(-0.113054 -0.0195187 0)
(-0.0910815 -0.0266618 0)
(-0.0670994 -0.0336051 0)
(-0.041442 -0.0401916 0)
(-0.0141466 -0.0463623 0)
(0.0146078 -0.0518864 0)
(0.0448974 -0.0567611 0)
(0.0759916 -0.0608677 0)
(0.107859 -0.0642447 0)
(0.140246 -0.0668114 0)
(0.17279 -0.0686362 0)
(0.205517 -0.0696155 0)
(0.23772 -0.069923 0)
(0.269871 -0.0694947 0)
(0.300785 -0.0684643 0)
(0.331516 -0.0668135 0)
(0.360381 -0.0646883 0)
(0.389073 -0.0621002 0)
(0.415326 -0.059192 0)
(0.441576 -0.0559877 0)
(0.464872 -0.0526114 0)
(0.488514 -0.0490946 0)
(0.508708 -0.0455433 0)
(0.529783 -0.0419862 0)
(0.546879 -0.0385064 0)
(0.565588 -0.0351267 0)
(0.579692 -0.0319082 0)
(0.596369 -0.0288684 0)
(0.607651 -0.0260486 0)
(0.622729 -0.0234632 0)
(0.631384 -0.0211357 0)
(0.645374 -0.0190815 0)
(0.6516 -0.0173067 0)
(0.665079 -0.0158336 0)
(0.669051 -0.0146475 0)
(0.682657 -0.0137861 0)
(0.684516 -0.0132045 0)
(0.698925 -0.012964 0)
(-0.000911883 0.00122802 0)
(-0.00475518 0.00509556 0)
(-0.0106225 0.00753047 0)
(-0.0166345 0.00914266 0)
(-0.0229746 0.0103379 0)
(-0.0295997 0.0112979 0)
(-0.036431 0.0120938 0)
(-0.0433759 0.0127586 0)
(-0.0503481 0.0133037 0)
(-0.0572785 0.0137399 0)
(-0.064115 0.0140797 0)
(-0.0708154 0.0143357 0)
(-0.077348 0.0145196 0)
(-0.0836904 0.0146434 0)
(-0.0898271 0.0147185 0)
(-0.0957483 0.0147561 0)
(-0.101448 0.0147667 0)
(-0.106922 0.0147605 0)
(-0.11217 0.014748 0)
(-0.117193 0.0147394 0)
(-0.121991 0.0147433 0)
(-0.126566 0.0147676 0)
(-0.130918 0.0148183 0)
(-0.135042 0.0148998 0)
(-0.138933 0.0150154 0)
(-0.142581 0.0151674 0)
(-0.145972 0.0153572 0)
(-0.149088 0.0155838 0)
(-0.151905 0.0158454 0)
(-0.15439 0.0161409 0)
(-0.156505 0.0164691 0)
(-0.158203 0.0168299 0)
(-0.159423 0.0172255 0)
(-0.160096 0.0176628 0)
(-0.160147 0.0181508 0)
(-0.159481 0.0186789 0)
(-0.157992 0.0192248 0)
(-0.155558 0.0197411 0)
(-0.152038 0.0201498 0)
(-0.147274 0.0203437 0)
(-0.141113 0.0201917 0)
(-0.133463 0.0195556 0)
(-0.124204 0.0182434 0)
(-0.113244 0.0160419 0)
(-0.100555 0.0128657 0)
(-0.0860932 0.00862266 0)
(-0.0699804 0.00332908 0)
(-0.0521947 -0.0029199 0)
(-0.0327951 -0.010044 0)
(-0.0118418 -0.017902 0)
(0.0107755 -0.0262641 0)
(0.0346893 -0.0348115 0)
(0.0601709 -0.0434407 0)
(0.0868584 -0.0519637 0)
(0.114982 -0.0602693 0)
(0.144065 -0.0681177 0)
(0.174396 -0.0755041 0)
(0.205328 -0.0819531 0)
(0.237151 -0.0876993 0)
(0.269329 -0.0924818 0)
(0.301825 -0.0963535 0)
(0.334322 -0.0991317 0)
(0.366542 -0.100946 0)
(0.398488 -0.10167 0)
(0.429529 -0.101497 0)
(0.460128 -0.100344 0)
(0.489218 -0.098432 0)
(0.517838 -0.0957078 0)
(0.544398 -0.0924151 0)
(0.570618 -0.0885195 0)
(0.594275 -0.0842701 0)
(0.617889 -0.0796345 0)
(0.638472 -0.0748531 0)
(0.659475 -0.0698848 0)
(0.676982 -0.0649541 0)
(0.695533 -0.0600031 0)
(0.710082 -0.0552358 0)
(0.726459 -0.0505755 0)
(0.738242 -0.0462064 0)
(0.752809 -0.0420355 0)
(0.762056 -0.0382296 0)
(0.775235 -0.0346841 0)
(0.782187 -0.0315498 0)
(0.794436 -0.0287178 0)
(0.799327 -0.0263225 0)
(0.811131 -0.0242599 0)
(0.814172 -0.0226432 0)
(0.826044 -0.0213862 0)
(0.82742 -0.0205715 0)
(0.839893 -0.0201455 0)
(-0.00125929 0.00690655 0)
(-0.00680412 0.0137197 0)
(-0.0153803 0.0163013 0)
(-0.0238422 0.0174192 0)
(-0.0323424 0.0182306 0)
(-0.0406368 0.0190146 0)
(-0.0485946 0.0197189 0)
(-0.0561717 0.0202601 0)
(-0.0633353 0.0206146 0)
(-0.0700496 0.0208066 0)
(-0.0762922 0.0208639 0)
(-0.0820533 0.0208114 0)
(-0.0873319 0.0206706 0)
(-0.092133 0.0204608 0)
(-0.0964662 0.0201988 0)
(-0.100343 0.0198994 0)
(-0.103775 0.0195752 0)
(-0.106774 0.0192362 0)
(-0.109348 0.0188927 0)
(-0.111506 0.0185538 0)
(-0.113253 0.018227 0)
(-0.114592 0.0179178 0)
(-0.115523 0.0176292 0)
(-0.116039 0.0173615 0)
(-0.116131 0.0171131 0)
(-0.115782 0.016881 0)
(-0.114976 0.0166638 0)
(-0.113687 0.016452 0)
(-0.111884 0.0162367 0)
(-0.10953 0.0160083 0)
(-0.106583 0.0157579 0)
(-0.102988 0.0154777 0)
(-0.0986791 0.0151609 0)
(-0.0935733 0.0148037 0)
(-0.0876127 0.0144299 0)
(-0.0806912 0.014001 0)
(-0.0727181 0.0134864 0)
(-0.0635888 0.0128381 0)
(-0.0531928 0.0119835 0)
(-0.0414156 0.0108233 0)
(-0.0280876 0.00920679 0)
(-0.0132686 0.00699158 0)
(0.00308787 0.00403058 0)
(0.0209348 0.000213715 0)
(0.0403022 -0.00453671 0)
(0.0611064 -0.0102739 0)
(0.0832726 -0.0170235 0)
(0.106756 -0.0246979 0)
(0.131571 -0.0331661 0)
(0.15743 -0.0422104 0)
(0.184559 -0.0517598 0)
(0.212527 -0.0615084 0)
(0.241637 -0.071327 0)
(0.271413 -0.0809621 0)
(0.302186 -0.0902833 0)
(0.333355 -0.0990188 0)
(0.365245 -0.107076 0)
(0.397174 -0.114164 0)
(0.429425 -0.120292 0)
(0.46134 -0.125234 0)
(0.493096 -0.129046 0)
(0.524139 -0.131549 0)
(0.554519 -0.132886 0)
(0.583922 -0.132936 0)
(0.6122 -0.131914 0)
(0.639381 -0.129739 0)
(0.665037 -0.12668 0)
(0.689636 -0.122682 0)
(0.712369 -0.11805 0)
(0.734244 -0.112738 0)
(0.75395 -0.107064 0)
(0.77314 -0.10097 0)
(0.789877 -0.0947712 0)
(0.806565 -0.0883854 0)
(0.820501 -0.0821132 0)
(0.834966 -0.075842 0)
(0.846332 -0.0698561 0)
(0.858909 -0.0640102 0)
(0.867963 -0.0585744 0)
(0.879016 -0.0533734 0)
(0.886016 -0.0486675 0)
(0.89592 -0.0442564 0)
(0.901113 -0.0403948 0)
(0.910246 -0.0368633 0)
(0.913852 -0.0339137 0)
(0.922595 -0.0313145 0)
(0.92481 -0.0293159 0)
(0.933547 -0.027683 0)
(0.934536 -0.0266635 0)
(0.943658 -0.0260319 0)
(-0.00366378 0.00673191 0)
(-0.0134572 0.0171368 0)
(-0.0244994 0.0218329 0)
(-0.033642 0.0244886 0)
(-0.0419694 0.026098 0)
(-0.0496705 0.0269797 0)
(-0.056694 0.0273037 0)
(-0.0629035 0.027249 0)
(-0.0681986 0.026951 0)
(-0.0725748 0.02648 0)
(-0.0760834 0.0258823 0)
(-0.0787795 0.0251902 0)
(-0.0807187 0.024431 0)
(-0.0819537 0.0236271 0)
(-0.0825331 0.0227962 0)
(-0.082501 0.0219521 0)
(-0.081896 0.0211055 0)
(-0.0807475 0.0202616 0)
(-0.0790816 0.0194273 0)
(-0.0769178 0.0186084 0)
(-0.0742712 0.0178084 0)
(-0.0711503 0.0170275 0)
(-0.0675583 0.0162633 0)
(-0.0634914 0.0155108 0)
(-0.0589388 0.0147631 0)
(-0.0538776 0.0140109 0)
(-0.048304 0.013259 0)
(-0.0421814 0.0124889 0)
(-0.0354812 0.0116853 0)
(-0.0281658 0.0108333 0)
(-0.0201932 0.009919 0)
(-0.0115125 0.00892723 0)
(-0.00206202 0.00784162 0)
(0.00829743 0.00663129 0)
(0.0195169 0.00526111 0)
(0.0317388 0.00373373 0)
(0.0450482 0.00202628 0)
(0.0595273 8.60706e-05 0)
(0.075286 -0.00216118 0)
(0.0923474 -0.00479392 0)
(0.11088 -0.00792532 0)
(0.130754 -0.0116354 0)
(0.152117 -0.0161138 0)
(0.174899 -0.021429 0)
(0.199085 -0.0276263 0)
(0.224492 -0.0347285 0)
(0.251156 -0.0426954 0)
(0.278809 -0.0514698 0)
(0.307571 -0.06096 0)
(0.337049 -0.0709796 0)
(0.367445 -0.0813851 0)
(0.398265 -0.0919225 0)
(0.429769 -0.102424 0)
(0.461361 -0.112617 0)
(0.49335 -0.122346 0)
(0.525025 -0.131326 0)
(0.556723 -0.139442 0)
(0.587657 -0.146427 0)
(0.618197 -0.152237 0)
(0.647541 -0.156665 0)
(0.676097 -0.159759 0)
(0.703123 -0.16137 0)
(0.729047 -0.161645 0)
(0.753268 -0.160495 0)
(0.776182 -0.15815 0)
(0.797389 -0.154564 0)
(0.817178 -0.150032 0)
(0.835402 -0.144529 0)
(0.852153 -0.138389 0)
(0.867599 -0.131583 0)
(0.881539 -0.12446 0)
(0.894519 -0.116965 0)
(0.905949 -0.109441 0)
(0.916827 -0.101792 0)
(0.92607 -0.0943531 0)
(0.935217 -0.0869799 0)
(0.942583 -0.0799972 0)
(0.950347 -0.0732143 0)
(0.956115 -0.0669504 0)
(0.962817 -0.0609711 0)
(0.967225 -0.0555973 0)
(0.973156 -0.0505548 0)
(0.976405 -0.046174 0)
(0.98183 -0.0421449 0)
(0.984086 -0.0388136 0)
(0.989254 -0.0358388 0)
(0.990651 -0.033588 0)
(0.995798 -0.0316928 0)
(0.996437 -0.0305473 0)
(1.00179 -0.0297624 0)
(-0.00178728 0.0287294 0)
(-0.00958278 0.0404392 0)
(-0.0241618 0.040373 0)
(-0.0356602 0.0379696 0)
(-0.044805 0.0361532 0)
(-0.0513316 0.0347022 0)
(-0.0555305 0.03326 0)
(-0.0577911 0.0317484 0)
(-0.0584708 0.030182 0)
(-0.0578436 0.0285844 0)
(-0.0560954 0.0269787 0)
(-0.0533711 0.0253794 0)
(-0.0497916 0.0238021 0)
(-0.0454593 0.0222582 0)
(-0.0404604 0.0207538 0)
(-0.0348648 0.0192909 0)
(-0.0287387 0.0178712 0)
(-0.0221141 0.0164832 0)
(-0.0150339 0.0151296 0)
(-0.00752351 0.0138125 0)
(0.000395971 0.0125314 0)
(0.00871852 0.0112799 0)
(0.0174424 0.0100489 0)
(0.0265758 0.00882768 0)
(0.0361284 0.00760429 0)
(0.0461718 0.00635481 0)
(0.0566489 0.00504958 0)
(0.0676342 0.00368429 0)
(0.0791617 0.00225169 0)
(0.0912755 0.000731739 0)
(0.104019 -0.000898992 0)
(0.117453 -0.0026644 0)
(0.131611 -0.00459002 0)
(0.146597 -0.00668865 0)
(0.162392 -0.00900605 0)
(0.179142 -0.0115752 0)
(0.19693 -0.0144273 0)
(0.215795 -0.0176062 0)
(0.235834 -0.0211759 0)
(0.257054 -0.0252019 0)
(0.279557 -0.0297735 0)
(0.303293 -0.0349474 0)
(0.328314 -0.0408051 0)
(0.354518 -0.0474212 0)
(0.38191 -0.0548331 0)
(0.410263 -0.0630372 0)
(0.439586 -0.0719974 0)
(0.469558 -0.0816267 0)
(0.50022 -0.0918161 0)
(0.53115 -0.102383 0)
(0.562417 -0.113155 0)
(0.593496 -0.123894 0)
(0.624513 -0.134404 0)
(0.654847 -0.14442 0)
(0.684706 -0.153761 0)
(0.713377 -0.162167 0)
(0.741172 -0.169502 0)
(0.767323 -0.175539 0)
(0.792275 -0.18022 0)
(0.815241 -0.183379 0)
(0.836818 -0.18506 0)
(0.856242 -0.185164 0)
(0.874254 -0.183845 0)
(0.890139 -0.181067 0)
(0.904728 -0.177073 0)
(0.917368 -0.171865 0)
(0.92891 -0.165752 0)
(0.938771 -0.158747 0)
(0.947753 -0.151191 0)
(0.955363 -0.143075 0)
(0.962289 -0.134749 0)
(0.968158 -0.12616 0)
(0.973482 -0.117653 0)
(0.978053 -0.10912 0)
(0.982149 -0.100899 0)
(0.985778 -0.0928252 0)
(0.988934 -0.085234 0)
(0.991893 -0.0779031 0)
(0.994321 -0.0711732 0)
(0.996819 -0.064768 0)
(0.998671 -0.059043 0)
(1.00086 -0.0536711 0)
(1.00225 -0.0490326 0)
(1.00426 -0.0447503 0)
(1.00525 -0.0412393 0)
(1.00718 -0.038073 0)
(1.00783 -0.0357108 0)
(1.00976 -0.033676 0)
(1.01009 -0.0324815 0)
(1.01209 -0.0315976 0)
(-0.0196897 0.00816956 0)
(-0.0380437 0.03188 0)
(-0.0413284 0.0392338 0)
(-0.0435077 0.0400396 0)
(-0.0424523 0.03839 0)
(-0.0390214 0.0356366 0)
(-0.0336654 0.0325696 0)
(-0.0267172 0.0295155 0)
(-0.0184389 0.0265851 0)
(-0.00910722 0.0238366 0)
(0.0010932 0.021251 0)
(0.0119983 0.018804 0)
(0.0234645 0.0164864 0)
(0.0353808 0.0142925 0)
(0.0476567 0.012215 0)
(0.060243 0.0102435 0)
(0.0730366 0.0083743 0)
(0.0860837 0.0066001 0)
(0.0993262 0.00489889 0)
(0.112752 0.0032436 0)
(0.126341 0.00161645 0)
(0.140107 7.32037e-06 0)
(0.154063 -0.00159152 0)
(0.168241 -0.00319468 0)
(0.182642 -0.00482341 0)
(0.197343 -0.00649824 0)
(0.212316 -0.0082477 0)
(0.227654 -0.010098 0)
(0.2434 -0.0120684 0)
(0.259604 -0.014182 0)
(0.276307 -0.0164624 0)
(0.293569 -0.018939 0)
(0.311437 -0.0216354 0)
(0.329972 -0.0245858 0)
(0.349224 -0.0277964 0)
(0.36925 -0.0313064 0)
(0.39011 -0.0351571 0)
(0.41184 -0.0393928 0)
(0.434486 -0.0440601 0)
(0.458056 -0.0492117 0)
(0.482571 -0.0549006 0)
(0.507992 -0.0611791 0)
(0.534293 -0.0680857 0)
(0.561355 -0.0756541 0)
(0.589108 -0.0838844 0)
(0.617338 -0.0927481 0)
(0.645939 -0.102176 0)
(0.674607 -0.112065 0)
(0.703237 -0.122282 0)
(0.731436 -0.132657 0)
(0.759115 -0.143006 0)
(0.785807 -0.153111 0)
(0.811495 -0.162762 0)
(0.835661 -0.171721 0)
(0.858415 -0.179793 0)
(0.879199 -0.186761 0)
(0.898303 -0.192486 0)
(0.915152 -0.196797 0)
(0.930249 -0.199648 0)
(0.942998 -0.200936 0)
(0.954133 -0.200722 0)
(0.963022 -0.198972 0)
(0.970616 -0.195847 0)
(0.976223 -0.191366 0)
(0.980959 -0.18578 0)
(0.984038 -0.179132 0)
(0.986683 -0.171728 0)
(0.987997 -0.163601 0)
(0.989261 -0.155081 0)
(0.989466 -0.146158 0)
(0.989917 -0.137167 0)
(0.98951 -0.128037 0)
(0.989546 -0.119102 0)
(0.988856 -0.110229 0)
(0.988727 -0.101753 0)
(0.987952 -0.0934798 0)
(0.987798 -0.0857502 0)
(0.987043 -0.0783108 0)
(0.986932 -0.0715164 0)
(0.986242 -0.0650562 0)
(0.986201 -0.0593099 0)
(0.985587 -0.0539108 0)
(0.985615 -0.0492734 0)
(0.985067 -0.0449752 0)
(0.985151 -0.0414756 0)
(0.984646 -0.0382947 0)
(0.984758 -0.0359472 0)
(0.984262 -0.0338931 0)
(0.984361 -0.0327118 0)
(0.983825 -0.0317966 0)
(-0.0190935 0.108149 0)
(-0.0182821 0.0728186 0)
(-0.0114391 0.0580652 0)
(0.00110961 0.0461564 0)
(0.0175486 0.0363254 0)
(0.036189 0.0287587 0)
(0.0560743 0.0228049 0)
(0.076506 0.0178992 0)
(0.0972191 0.0136607 0)
(0.11777 0.0099093 0)
(0.138193 0.00657773 0)
(0.158426 0.00362209 0)
(0.178396 0.000972678 0)
(0.198076 -0.00144122 0)
(0.217439 -0.0036703 0)
(0.236527 -0.00574834 0)
(0.25529 -0.00770029 0)
(0.273807 -0.00954921 0)
(0.292054 -0.0113179 0)
(0.310054 -0.0130355 0)
(0.327828 -0.0147275 0)
(0.345428 -0.0164179 0)
(0.362895 -0.0181262 0)
(0.380279 -0.0198757 0)
(0.397612 -0.0216881 0)
(0.414956 -0.023593 0)
(0.432352 -0.0256054 0)
(0.449863 -0.0277538 0)
(0.467541 -0.0300668 0)
(0.485444 -0.0325725 0)
(0.503617 -0.0352944 0)
(0.522112 -0.038258 0)
(0.54097 -0.0414853 0)
(0.560234 -0.0450014 0)
(0.579938 -0.048827 0)
(0.600113 -0.0529902 0)
(0.62078 -0.0575179 0)
(0.641951 -0.0624421 0)
(0.663622 -0.0677902 0)
(0.685772 -0.0735948 0)
(0.708361 -0.0798805 0)
(0.731326 -0.086675 0)
(0.754565 -0.0939889 0)
(0.777951 -0.101826 0)
(0.801328 -0.110157 0)
(0.824497 -0.118936 0)
(0.847257 -0.128071 0)
(0.869349 -0.137454 0)
(0.890559 -0.146936 0)
(0.910583 -0.156356 0)
(0.929244 -0.165521 0)
(0.946234 -0.174236 0)
(0.961472 -0.182294 0)
(0.974669 -0.189497 0)
(0.985897 -0.195664 0)
(0.994898 -0.200636 0)
(1.00195 -0.204296 0)
(1.00681 -0.206546 0)
(1.00998 -0.207361 0)
(1.01119 -0.206717 0)
(1.01117 -0.204688 0)
(1.00956 -0.201308 0)
(1.0073 -0.196733 0)
(1.00382 -0.191033 0)
(1.00027 -0.184433 0)
(0.995812 -0.177005 0)
(0.991764 -0.169016 0)
(0.987006 -0.1605 0)
(0.983024 -0.151744 0)
(0.978399 -0.142726 0)
(0.974804 -0.133744 0)
(0.970525 -0.124704 0)
(0.967445 -0.11592 0)
(0.963568 -0.10723 0)
(0.961015 -0.0989688 0)
(0.957514 -0.0909077 0)
(0.955453 -0.0834081 0)
(0.952273 -0.0761725 0)
(0.950658 -0.0695968 0)
(0.947733 -0.0633131 0)
(0.946519 -0.0577606 0)
(0.94378 -0.0525001 0)
(0.942923 -0.048024 0)
(0.940295 -0.0438209 0)
(0.93975 -0.0404467 0)
(0.937145 -0.0373154 0)
(0.93686 -0.0350559 0)
(0.934176 -0.0330036 0)
(0.934083 -0.0318689 0)
(0.931202 -0.0309041 0)
(0.0700999 0.00705429 0)
(0.0901592 0.00647688 0)
(0.153994 0.0059557 0)
(0.199115 0.00270607 0)
(0.238158 -0.00166873 0)
(0.273714 -0.00587476 0)
(0.30658 -0.00952682 0)
(0.336643 -0.0126431 0)
(0.364642 -0.0153333 0)
(0.390861 -0.0176768 0)
(0.415659 -0.019753 0)
(0.439242 -0.0216172 0)
(0.46172 -0.0233094 0)
(0.483199 -0.0248641 0)
(0.503775 -0.0263072 0)
(0.523548 -0.0276642 0)
(0.54258 -0.0289539 0)
(0.560951 -0.0302044 0)
(0.578712 -0.0314376 0)
(0.595922 -0.0326739 0)
(0.612638 -0.0339347 0)
(0.628925 -0.0352434 0)
(0.644839 -0.0366252 0)
(0.660441 -0.0381046 0)
(0.675783 -0.0397046 0)
(0.690921 -0.0414477 0)
(0.705907 -0.0433556 0)
(0.720794 -0.0454506 0)
(0.735628 -0.0477558 0)
(0.750457 -0.0502934 0)
(0.765317 -0.0530849 0)
(0.780242 -0.0561517 0)
(0.795254 -0.0595134 0)
(0.810373 -0.0631888 0)
(0.825606 -0.0671944 0)
(0.840956 -0.0715469 0)
(0.856408 -0.0762622 0)
(0.871943 -0.0813564 0)
(0.887519 -0.086843 0)
(0.903081 -0.0927345 0)
(0.918549 -0.0990366 0)
(0.933829 -0.105751 0)
(0.948788 -0.112867 0)
(0.963289 -0.12036 0)
(0.977162 -0.128183 0)
(0.990235 -0.13627 0)
(1.00231 -0.144524 0)
(1.0132 -0.152831 0)
(1.02271 -0.161046 0)
(1.03067 -0.169013 0)
(1.03696 -0.176555 0)
(1.04147 -0.183506 0)
(1.04416 -0.189688 0)
(1.04501 -0.194957 0)
(1.04412 -0.199175 0)
(1.04154 -0.202247 0)
(1.03755 -0.204094 0)
(1.03222 -0.204688 0)
(1.02596 -0.204021 0)
(1.0188 -0.202125 0)
(1.01127 -0.19906 0)
(1.00324 -0.194906 0)
(0.995362 -0.189782 0)
(0.987226 -0.18379 0)
(0.97963 -0.177087 0)
(0.971853 -0.169758 0)
(0.964889 -0.161983 0)
(0.957652 -0.153807 0)
(0.951419 -0.145432 0)
(0.944706 -0.136852 0)
(0.939164 -0.128294 0)
(0.932876 -0.119689 0)
(0.927941 -0.111299 0)
(0.921964 -0.102988 0)
(0.91757 -0.095061 0)
(0.91182 -0.0873034 0)
(0.907948 -0.0800745 0)
(0.902381 -0.0730718 0)
(0.899053 -0.0667173 0)
(0.893639 -0.0606087 0)
(0.890887 -0.0552423 0)
(0.88558 -0.0501052 0)
(0.883429 -0.0457855 0)
(0.878148 -0.0416516 0)
(0.876602 -0.0384039 0)
(0.871223 -0.0352814 0)
(0.870261 -0.0331157 0)
(0.864617 -0.0310008 0)
(0.864191 -0.0299184 0)
(0.858073 -0.0288027 0)
(0.77408 -0.00935561 0)
(0.77577 -0.0208685 0)
(0.776743 -0.0271683 0)
(0.778577 -0.0309498 0)
(0.782408 -0.0336871 0)
(0.788003 -0.0359846 0)
(0.795092 -0.0379707 0)
(0.803034 -0.039617 0)
(0.811619 -0.0409378 0)
(0.820625 -0.0419761 0)
(0.829872 -0.0428087 0)
(0.839231 -0.0435083 0)
(0.848606 -0.0441211 0)
(0.857924 -0.0446727 0)
(0.867132 -0.0451805 0)
(0.87619 -0.0456614 0)
(0.88507 -0.0461329 0)
(0.893751 -0.0466153 0)
(0.902225 -0.0471298 0)
(0.910487 -0.0476973 0)
(0.918545 -0.0483412 0)
(0.926409 -0.0490857 0)
(0.934096 -0.0499566 0)
(0.941624 -0.0509778 0)
(0.949013 -0.0521725 0)
(0.956282 -0.0535613 0)
(0.96345 -0.0551647 0)
(0.970537 -0.0570011 0)
(0.977557 -0.0590888 0)
(0.984523 -0.0614439 0)
(0.991439 -0.0640829 0)
(0.998308 -0.0670197 0)
(1.00513 -0.0702679 0)
(1.01188 -0.0738377 0)
(1.01856 -0.0777388 0)
(1.02513 -0.0819783 0)
(1.03157 -0.086563 0)
(1.03783 -0.0914966 0)
(1.04386 -0.0967821 0)
(1.04958 -0.102417 0)
(1.05493 -0.108394 0)
(1.0598 -0.114695 0)
(1.0641 -0.121292 0)
(1.06772 -0.128141 0)
(1.07055 -0.135184 0)
(1.07246 -0.142346 0)
(1.07336 -0.149534 0)
(1.07316 -0.156639 0)
(1.07177 -0.163537 0)
(1.06917 -0.170098 0)
(1.06533 -0.176183 0)
(1.06032 -0.181663 0)
(1.05418 -0.186413 0)
(1.04704 -0.190328 0)
(1.03905 -0.19331 0)
(1.03039 -0.1953 0)
(1.02123 -0.196248 0)
(1.01175 -0.196148 0)
(1.00214 -0.194995 0)
(0.992504 -0.192828 0)
(0.983001 -0.189681 0)
(0.973576 -0.185632 0)
(0.964406 -0.180745 0)
(0.955253 -0.175109 0)
(0.946388 -0.168803 0)
(0.937374 -0.161919 0)
(0.92867 -0.154552 0)
(0.919604 -0.146785 0)
(0.910934 -0.138731 0)
(0.901686 -0.130454 0)
(0.893029 -0.122096 0)
(0.88359 -0.11369 0)
(0.875056 -0.105414 0)
(0.865516 -0.0972448 0)
(0.8573 -0.0893947 0)
(0.847799 -0.0817636 0)
(0.84014 -0.0746102 0)
(0.830817 -0.0677427 0)
(0.823951 -0.0614851 0)
(0.814893 -0.055531 0)
(0.809014 -0.0502905 0)
(0.800213 -0.0453189 0)
(0.795455 -0.0411429 0)
(0.786791 -0.0371586 0)
(0.783222 -0.0340506 0)
(0.774459 -0.0310271 0)
(0.772112 -0.0289732 0)
(0.762916 -0.0268704 0)
(0.76181 -0.0258507 0)
(0.751749 -0.0246247 0)
(1.05739 0.0080264 0)
(1.06054 -0.000448432 0)
(1.06132 -0.00769093 0)
(1.06064 -0.0134365 0)
(1.05984 -0.0181644 0)
(1.05961 -0.0222844 0)
(1.06011 -0.0259714 0)
(1.06117 -0.0292378 0)
(1.06258 -0.0320806 0)
(1.06419 -0.0345228 0)
(1.0659 -0.0366092 0)
(1.06767 -0.0383945 0)
(1.06948 -0.0399313 0)
(1.0713 -0.0412653 0)
(1.07311 -0.042436 0)
(1.07488 -0.0434789 0)
(1.07661 -0.0444277 0)
(1.07826 -0.0453154 0)
(1.07984 -0.0461752 0)
(1.08132 -0.0470395 0)
(1.08272 -0.047941 0)
(1.08402 -0.0489115 0)
(1.08522 -0.0499825 0)
(1.08634 -0.0511834 0)
(1.08737 -0.0525418 0)
(1.08831 -0.0540827 0)
(1.08918 -0.055829 0)
(1.08996 -0.057801 0)
(1.09066 -0.0600175 0)
(1.09128 -0.0624939 0)
(1.0918 -0.0652442 0)
(1.09221 -0.0682779 0)
(1.09252 -0.071604 0)
(1.09269 -0.0752277 0)
(1.09271 -0.0791542 0)
(1.09255 -0.0833853 0)
(1.09219 -0.0879222 0)
(1.0916 -0.0927619 0)
(1.09074 -0.0979 0)
(1.08956 -0.103326 0)
(1.08803 -0.109024 0)
(1.08609 -0.114968 0)
(1.08369 -0.121125 0)
(1.0808 -0.127447 0)
(1.07735 -0.133877 0)
(1.07332 -0.140342 0)
(1.06867 -0.146761 0)
(1.06339 -0.153039 0)
(1.05749 -0.159076 0)
(1.05098 -0.164767 0)
(1.04389 -0.17001 0)
(1.03628 -0.174702 0)
(1.02821 -0.178751 0)
(1.01974 -0.182069 0)
(1.01093 -0.184577 0)
(1.00183 -0.186212 0)
(0.992455 -0.186922 0)
(0.982829 -0.186675 0)
(0.97292 -0.185456 0)
(0.962696 -0.18328 0)
(0.952086 -0.18017 0)
(0.941022 -0.176173 0)
(0.929445 -0.171321 0)
(0.917275 -0.165674 0)
(0.904524 -0.159282 0)
(0.891107 -0.152248 0)
(0.877176 -0.14466 0)
(0.86261 -0.136647 0)
(0.847745 -0.128304 0)
(0.832345 -0.11976 0)
(0.81699 -0.111123 0)
(0.801221 -0.102525 0)
(0.785935 -0.094083 0)
(0.770313 -0.0858947 0)
(0.755682 -0.0780582 0)
(0.740673 -0.0706088 0)
(0.727201 -0.0636389 0)
(0.713119 -0.0571177 0)
(0.701183 -0.0511585 0)
(0.688169 -0.0456535 0)
(0.678021 -0.0407642 0)
(0.666024 -0.0362878 0)
(0.657804 -0.0324704 0)
(0.646568 -0.0289826 0)
(0.640325 -0.0261977 0)
(0.629394 -0.0236178 0)
(0.625166 -0.021805 0)
(0.613908 -0.0200384 0)
(0.611791 -0.0191465 0)
(0.599383 -0.0181099 0)
(1.08199 -0.00351693 0)
(1.08799 -0.0111732 0)
(1.0923 -0.0185953 0)
(1.09496 -0.0247899 0)
(1.09647 -0.0296147 0)
(1.09744 -0.0333942 0)
(1.09827 -0.0364868 0)
(1.0991 -0.0391189 0)
(1.09995 -0.0413849 0)
(1.10076 -0.0433108 0)
(1.10148 -0.044911 0)
(1.1021 -0.0462123 0)
(1.10263 -0.0472559 0)
(1.10306 -0.0480893 0)
(1.10342 -0.0487603 0)
(1.10369 -0.0493131 0)
(1.10388 -0.0497882 0)
(1.10398 -0.0502227 0)
(1.10398 -0.0506524 0)
(1.10387 -0.051111 0)
(1.10366 -0.0516317 0)
(1.10334 -0.0522459 0)
(1.10292 -0.0529842 0)
(1.10238 -0.0538743 0)
(1.10173 -0.0549427 0)
(1.10097 -0.0562123 0)
(1.1001 -0.0577042 0)
(1.09912 -0.0594358 0)
(1.09802 -0.0614229 0)
(1.09681 -0.063677 0)
(1.09547 -0.0662082 0)
(1.094 -0.0690225 0)
(1.0924 -0.0721257 0)
(1.09065 -0.0755195 0)
(1.08875 -0.0792063 0)
(1.08668 -0.0831841 0)
(1.08443 -0.0874511 0)
(1.08198 -0.0920004 0)
(1.07932 -0.0968238 0)
(1.07643 -0.101906 0)
(1.07328 -0.107229 0)
(1.06985 -0.112763 0)
(1.06612 -0.118473 0)
(1.06206 -0.124313 0)
(1.05764 -0.130225 0)
(1.05284 -0.136141 0)
(1.04762 -0.141981 0)
(1.04194 -0.14766 0)
(1.03578 -0.153084 0)
(1.02909 -0.15816 0)
(1.02183 -0.162793 0)
(1.01394 -0.166892 0)
(1.00537 -0.170373 0)
(0.996054 -0.173153 0)
(0.985929 -0.175153 0)
(0.974911 -0.176293 0)
(0.962913 -0.176495 0)
(0.949841 -0.175694 0)
(0.935607 -0.173856 0)
(0.920137 -0.170987 0)
(0.903383 -0.167125 0)
(0.885338 -0.162324 0)
(0.866036 -0.156626 0)
(0.845551 -0.150088 0)
(0.823974 -0.142779 0)
(0.801435 -0.134828 0)
(0.778126 -0.12639 0)
(0.754252 -0.117639 0)
(0.730095 -0.108717 0)
(0.705851 -0.0997691 0)
(0.681846 -0.090911 0)
(0.658182 -0.0822911 0)
(0.635261 -0.0740112 0)
(0.613052 -0.066199 0)
(0.592074 -0.0589087 0)
(0.572021 -0.0522125 0)
(0.553581 -0.0460974 0)
(0.53604 -0.0405846 0)
(0.520417 -0.0356264 0)
(0.505422 -0.0312245 0)
(0.492652 -0.0273293 0)
(0.479961 -0.023933 0)
(0.469923 -0.0210026 0)
(0.459069 -0.0185033 0)
(0.451574 -0.0164329 0)
(0.441875 -0.0147054 0)
(0.436772 -0.0133876 0)
(0.427323 -0.0123083 0)
(0.424645 -0.0116644 0)
(0.414243 -0.0111434 0)
(1.07466 -0.00741185 0)
(1.08073 -0.0124507 0)
(1.08565 -0.0176961 0)
(1.08937 -0.0226013 0)
(1.09202 -0.0268156 0)
(1.09392 -0.0302946 0)
(1.09539 -0.0331767 0)
(1.09664 -0.0356244 0)
(1.09778 -0.0377466 0)
(1.09882 -0.039592 0)
(1.09974 -0.0411758 0)
(1.10052 -0.0425079 0)
(1.10117 -0.0436082 0)
(1.10168 -0.0445082 0)
(1.10206 -0.0452466 0)
(1.10233 -0.0458641 0)
(1.10247 -0.0464004 0)
(1.10248 -0.0468928 0)
(1.10237 -0.047377 0)
(1.10212 -0.0478871 0)
(1.10174 -0.0484557 0)
(1.10122 -0.0491139 0)
(1.10056 -0.0498913 0)
(1.09976 -0.0508151 0)
(1.09883 -0.0519106 0)
(1.09776 -0.0532004 0)
(1.09655 -0.0547044 0)
(1.09521 -0.0564396 0)
(1.09373 -0.0584201 0)
(1.09211 -0.0606564 0)
(1.09035 -0.0631571 0)
(1.08845 -0.0659272 0)
(1.08639 -0.0689709 0)
(1.08416 -0.0722887 0)
(1.08177 -0.0758814 0)
(1.07918 -0.0797449 0)
(1.07638 -0.0838757 0)
(1.07336 -0.0882636 0)
(1.07009 -0.0928981 0)
(1.06653 -0.0977593 0)
(1.06266 -0.102826 0)
(1.05843 -0.108064 0)
(1.05381 -0.113436 0)
(1.04872 -0.118891 0)
(1.04311 -0.124372 0)
(1.0369 -0.129806 0)
(1.03002 -0.135115 0)
(1.02235 -0.140207 0)
(1.01379 -0.144984 0)
(1.00422 -0.149345 0)
(0.993508 -0.153188 0)
(0.981527 -0.156419 0)
(0.968148 -0.158949 0)
(0.953256 -0.160703 0)
(0.936745 -0.161601 0)
(0.918541 -0.161564 0)
(0.898563 -0.160497 0)
(0.876765 -0.158322 0)
(0.853105 -0.155001 0)
(0.827585 -0.150571 0)
(0.800262 -0.145122 0)
(0.77129 -0.138753 0)
(0.740911 -0.131563 0)
(0.709407 -0.123646 0)
(0.677044 -0.115115 0)
(0.644082 -0.10613 0)
(0.610839 -0.0969164 0)
(0.577717 -0.0877111 0)
(0.545167 -0.0787097 0)
(0.513595 -0.0700627 0)
(0.48335 -0.0618838 0)
(0.454666 -0.054263 0)
(0.427819 -0.0472463 0)
(0.402951 -0.0408879 0)
(0.380292 -0.0352133 0)
(0.359827 -0.0302508 0)
(0.341706 -0.0259633 0)
(0.325668 -0.0223266 0)
(0.311833 -0.0192481 0)
(0.299698 -0.0166902 0)
(0.289509 -0.0145411 0)
(0.28049 -0.0127842 0)
(0.273206 -0.0113031 0)
(0.266458 -0.0101216 0)
(0.261406 -0.00912071 0)
(0.256081 -0.00836293 0)
(0.252764 -0.0077233 0)
(0.247961 -0.00728931 0)
(0.246184 -0.00695465 0)
(0.240755 -0.00680334 0)
(1.06825 -0.014883 0)
(1.07409 -0.0189557 0)
(1.07912 -0.0231678 0)
(1.08327 -0.0272448 0)
(1.08656 -0.0309452 0)
(1.08914 -0.034143 0)
(1.09121 -0.036841 0)
(1.09296 -0.0391137 0)
(1.09451 -0.0410439 0)
(1.09591 -0.0426896 0)
(1.09717 -0.0440821 0)
(1.09828 -0.0452377 0)
(1.09922 -0.0461721 0)
(1.09998 -0.0469079 0)
(1.10057 -0.0474765 0)
(1.10098 -0.0479142 0)
(1.10122 -0.0482604 0)
(1.10128 -0.0485538 0)
(1.10115 -0.0488329 0)
(1.10084 -0.0491342 0)
(1.10033 -0.0494928 0)
(1.09963 -0.0499411 0)
(1.09874 -0.050509 0)
(1.09765 -0.0512234 0)
(1.09636 -0.0521091 0)
(1.09487 -0.0531876 0)
(1.09319 -0.054478 0)
(1.09131 -0.0559962 0)
(1.08923 -0.0577549 0)
(1.08694 -0.0597638 0)
(1.08443 -0.0620294 0)
(1.08169 -0.0645554 0)
(1.07869 -0.0673431 0)
(1.07543 -0.0703909 0)
(1.07187 -0.0736956 0)
(1.06799 -0.0772503 0)
(1.06373 -0.0810464 0)
(1.05907 -0.0850697 0)
(1.05394 -0.0893034 0)
(1.0483 -0.0937216 0)
(1.04208 -0.0982949 0)
(1.0352 -0.102981 0)
(1.02756 -0.107735 0)
(1.01908 -0.112496 0)
(1.00965 -0.117201 0)
(0.999133 -0.121768 0)
(0.98741 -0.126111 0)
(0.974324 -0.130123 0)
(0.959736 -0.133697 0)
(0.943469 -0.136719 0)
(0.925383 -0.139084 0)
(0.905303 -0.140691 0)
(0.883123 -0.141456 0)
(0.858718 -0.141321 0)
(0.832057 -0.140229 0)
(0.803147 -0.138142 0)
(0.772031 -0.134985 0)
(0.738837 -0.130705 0)
(0.703644 -0.125298 0)
(0.666607 -0.118856 0)
(0.627888 -0.1115 0)
(0.587896 -0.103389 0)
(0.547166 -0.0947273 0)
(0.506321 -0.0857335 0)
(0.465919 -0.0766005 0)
(0.426384 -0.0675248 0)
(0.38807 -0.0587259 0)
(0.351573 -0.0503889 0)
(0.317544 -0.0426936 0)
(0.286585 -0.0358538 0)
(0.258934 -0.0299908 0)
(0.234705 -0.0251345 0)
(0.213867 -0.0212369 0)
(0.196166 -0.0181803 0)
(0.181311 -0.0157915 0)
(0.168936 -0.0139135 0)
(0.158729 -0.0124117 0)
(0.150289 -0.0111938 0)
(0.143353 -0.0101735 0)
(0.137563 -0.00931179 0)
(0.132799 -0.008556 0)
(0.128745 -0.00790602 0)
(0.125437 -0.00731946 0)
(0.122521 -0.00682768 0)
(0.120213 -0.00637443 0)
(0.117998 -0.00601667 0)
(0.116384 -0.00566052 0)
(0.114422 -0.00539908 0)
(0.113348 -0.00510746 0)
(0.110829 -0.00486575 0)
(1.06556 -0.020839 0)
(1.07126 -0.0241202 0)
(1.07633 -0.0274732 0)
(1.08072 -0.0307539 0)
(1.08441 -0.0338163 0)
(1.08745 -0.0365477 0)
(1.08997 -0.0389004 0)
(1.09211 -0.0408865 0)
(1.09396 -0.0425491 0)
(1.0956 -0.0439327 0)
(1.09703 -0.0450711 0)
(1.09825 -0.0459847 0)
(1.09923 -0.0466898 0)
(1.09998 -0.0472042 0)
(1.10046 -0.0475532 0)
(1.10067 -0.0477677 0)
(1.10061 -0.0478845 0)
(1.10027 -0.0479417 0)
(1.09964 -0.0479795 0)
(1.0987 -0.0480364 0)
(1.09747 -0.0481506 0)
(1.09593 -0.048356 0)
(1.09409 -0.0486833 0)
(1.09193 -0.0491577 0)
(1.08946 -0.0498024 0)
(1.08667 -0.0506364 0)
(1.08356 -0.0516764 0)
(1.08011 -0.0529351 0)
(1.07632 -0.0544227 0)
(1.07216 -0.0561455 0)
(1.06761 -0.0581067 0)
(1.06264 -0.060306 0)
(1.05723 -0.0627399 0)
(1.05131 -0.0654025 0)
(1.04485 -0.0682839 0)
(1.03779 -0.0713722 0)
(1.03006 -0.0746504 0)
(1.02158 -0.0780989 0)
(1.01227 -0.0816907 0)
(1.00205 -0.0853939 0)
(0.990807 -0.0891658 0)
(0.978433 -0.0929557 0)
(0.964798 -0.096701 0)
(0.94978 -0.100332 0)
(0.933228 -0.103776 0)
(0.915008 -0.106945 0)
(0.894967 -0.109744 0)
(0.872965 -0.112059 0)
(0.848858 -0.113788 0)
(0.822507 -0.114823 0)
(0.793813 -0.115083 0)
(0.762672 -0.114475 0)
(0.729088 -0.11296 0)
(0.692985 -0.11045 0)
(0.654545 -0.106932 0)
(0.613852 -0.102384 0)
(0.571331 -0.0968074 0)
(0.527488 -0.0903142 0)
(0.482691 -0.0830124 0)
(0.437399 -0.0751061 0)
(0.391895 -0.0666667 0)
(0.347092 -0.057967 0)
(0.303786 -0.0491352 0)
(0.263169 -0.0405586 0)
(0.226265 -0.0327997 0)
(0.193546 -0.0263997 0)
(0.165042 -0.0214342 0)
(0.141125 -0.0177873 0)
(0.121629 -0.0152292 0)
(0.106053 -0.0134112 0)
(0.0934923 -0.0119752 0)
(0.083137 -0.0107797 0)
(0.0743886 -0.00981899 0)
(0.066869 -0.00907796 0)
(0.0603685 -0.00850524 0)
(0.0547199 -0.00802422 0)
(0.0498461 -0.00758255 0)
(0.0456592 -0.00716387 0)
(0.0420794 -0.00675738 0)
(0.0390055 -0.00636944 0)
(0.0363883 -0.006002 0)
(0.0341366 -0.00567473 0)
(0.0322223 -0.00538169 0)
(0.0305444 -0.00513391 0)
(0.0291165 -0.00490471 0)
(0.0278034 -0.00470167 0)
(0.0266676 -0.00446739 0)
(0.0254877 -0.00421208 0)
(0.0244502 -0.0038411 0)
(0.0229403 -0.00356787 0)
(1.06622 -0.0270111 0)
(1.07173 -0.0296207 0)
(1.07666 -0.0322505 0)
(1.08093 -0.0348344 0)
(1.08454 -0.0372908 0)
(1.08749 -0.0395342 0)
(1.08986 -0.0415006 0)
(1.09172 -0.0431637 0)
(1.09314 -0.0445313 0)
(1.09417 -0.0456274 0)
(1.09484 -0.0464779 0)
(1.09512 -0.0471024 0)
(1.095 -0.0475169 0)
(1.09446 -0.0477366 0)
(1.09348 -0.0477831 0)
(1.09204 -0.0476829 0)
(1.09014 -0.0474705 0)
(1.08776 -0.047183 0)
(1.0849 -0.0468617 0)
(1.08157 -0.0465469 0)
(1.07775 -0.0462799 0)
(1.07345 -0.0460974 0)
(1.06867 -0.0460325 0)
(1.0634 -0.0461111 0)
(1.05765 -0.0463559 0)
(1.0514 -0.0467822 0)
(1.04464 -0.0474033 0)
(1.03734 -0.0482254 0)
(1.02949 -0.0492534 0)
(1.02103 -0.0504855 0)
(1.01196 -0.0519195 0)
(1.00219 -0.0535467 0)
(0.991699 -0.0553586 0)
(0.980395 -0.0573404 0)
(0.968221 -0.059477 0)
(0.95508 -0.0617476 0)
(0.940897 -0.0641299 0)
(0.925559 -0.0665959 0)
(0.908978 -0.0691128 0)
(0.89103 -0.0716429 0)
(0.871614 -0.074137 0)
(0.850604 -0.0765405 0)
(0.827887 -0.0787786 0)
(0.803348 -0.0807771 0)
(0.776844 -0.0824413 0)
(0.748291 -0.0836775 0)
(0.717601 -0.0843717 0)
(0.684746 -0.0844329 0)
(0.649671 -0.0837639 0)
(0.612411 -0.0823168 0)
(0.573011 -0.0800545 0)
(0.531682 -0.0770101 0)
(0.488574 -0.0731516 0)
(0.444107 -0.0684672 0)
(0.398608 -0.0628657 0)
(0.352529 -0.0562157 0)
(0.306879 -0.0485976 0)
(0.262771 -0.0405315 0)
(0.221192 -0.0327386 0)
(0.182988 -0.0259564 0)
(0.148733 -0.0205945 0)
(0.119931 -0.0167725 0)
(0.0970376 -0.0140555 0)
(0.0791658 -0.0119012 0)
(0.0649088 -0.0100969 0)
(0.053057 -0.00866011 0)
(0.0426854 -0.00769017 0)
(0.0336061 -0.00730086 0)
(0.0257167 -0.00715766 0)
(0.018967 -0.00689586 0)
(0.013154 -0.00640016 0)
(0.00810776 -0.00575806 0)
(0.00368464 -0.00512715 0)
(-0.000227549 -0.00463698 0)
(-0.00368519 -0.00432996 0)
(-0.00677029 -0.00417159 0)
(-0.00955065 -0.00410482 0)
(-0.0120711 -0.00408173 0)
(-0.0143572 -0.0040639 0)
(-0.0164368 -0.0040342 0)
(-0.0183292 -0.00398789 0)
(-0.0200569 -0.00393288 0)
(-0.0216322 -0.00386788 0)
(-0.0230845 -0.00379504 0)
(-0.0244245 -0.00370026 0)
(-0.0256889 -0.00357274 0)
(-0.0268728 -0.00337512 0)
(-0.0280244 -0.00309863 0)
(-0.0291465 -0.00276578 0)
(-0.0302293 -0.00259448 0)
(1.06578 -0.0312077 0)
(1.0697 -0.0332177 0)
(1.07277 -0.0352115 0)
(1.07494 -0.037163 0)
(1.07617 -0.0390179 0)
(1.07649 -0.0407099 0)
(1.07593 -0.0421792 0)
(1.07454 -0.0433856 0)
(1.07237 -0.044316 0)
(1.06947 -0.0449769 0)
(1.06585 -0.0453834 0)
(1.06155 -0.0455527 0)
(1.05656 -0.0455009 0)
(1.05089 -0.0452446 0)
(1.04455 -0.0448033 0)
(1.03754 -0.0442023 0)
(1.02987 -0.0434738 0)
(1.02158 -0.0426555 0)
(1.01266 -0.0417889 0)
(1.00315 -0.0409162 0)
(0.993057 -0.0400786 0)
(0.982385 -0.0393149 0)
(0.971154 -0.0386635 0)
(0.959366 -0.0381562 0)
(0.947021 -0.0378175 0)
(0.934102 -0.037661 0)
(0.920593 -0.0376933 0)
(0.906457 -0.0379114 0)
(0.891664 -0.038309 0)
(0.87616 -0.0388722 0)
(0.859901 -0.0395875 0)
(0.842815 -0.0404348 0)
(0.824848 -0.0413966 0)
(0.805909 -0.042448 0)
(0.785939 -0.0435685 0)
(0.764831 -0.0447282 0)
(0.742529 -0.0459039 0)
(0.718915 -0.0470594 0)
(0.693944 -0.0481677 0)
(0.667495 -0.0491849 0)
(0.639555 -0.050077 0)
(0.61001 -0.0507863 0)
(0.578905 -0.05126 0)
(0.546228 -0.0514151 0)
(0.511968 -0.0511223 0)
(0.476197 -0.0502394 0)
(0.439076 -0.0486382 0)
(0.4008 -0.046229 0)
(0.361673 -0.0429827 0)
(0.321972 -0.0389417 0)
(0.282148 -0.0342993 0)
(0.242799 -0.0293664 0)
(0.20458 -0.0244713 0)
(0.16882 -0.0201314 0)
(0.136414 -0.0164201 0)
(0.108731 -0.0133159 0)
(0.0862314 -0.0107755 0)
(0.068069 -0.0085403 0)
(0.0530844 -0.00664029 0)
(0.0404417 -0.00530269 0)
(0.0294309 -0.00484377 0)
(0.0197609 -0.00522775 0)
(0.0114872 -0.00577098 0)
(0.00453888 -0.00557119 0)
(-0.00131159 -0.00449449 0)
(-0.0062721 -0.00314 0)
(-0.0105518 -0.00219872 0)
(-0.0143002 -0.00183133 0)
(-0.0176951 -0.00184869 0)
(-0.0208248 -0.00200238 0)
(-0.0236807 -0.00209828 0)
(-0.0262409 -0.00209363 0)
(-0.0285274 -0.00203994 0)
(-0.0305975 -0.00199547 0)
(-0.0325198 -0.00198891 0)
(-0.0343463 -0.0020317 0)
(-0.0361065 -0.00210648 0)
(-0.037817 -0.00218891 0)
(-0.0394823 -0.00226265 0)
(-0.0411024 -0.00232168 0)
(-0.0426744 -0.00236437 0)
(-0.0441975 -0.00239095 0)
(-0.0456701 -0.0024021 0)
(-0.0470945 -0.00239741 0)
(-0.0484681 -0.00236759 0)
(-0.0497849 -0.00230043 0)
(-0.0510224 -0.00217724 0)
(-0.0521806 -0.00200219 0)
(-0.0532738 -0.00182097 0)
(-0.0541243 -0.00173874 0)
(1.02362 -0.0369988 0)
(1.01859 -0.0376103 0)
(1.01219 -0.0382207 0)
(1.00444 -0.0388174 0)
(0.995349 -0.0393574 0)
(0.984979 -0.0397902 0)
(0.973404 -0.0400681 0)
(0.960739 -0.0401568 0)
(0.947077 -0.0400315 0)
(0.932527 -0.0396823 0)
(0.917195 -0.0391123 0)
(0.901177 -0.0383331 0)
(0.88456 -0.0373609 0)
(0.867426 -0.0362143 0)
(0.849848 -0.0349138 0)
(0.831902 -0.0334848 0)
(0.813653 -0.0319573 0)
(0.795166 -0.0303671 0)
(0.776489 -0.0287526 0)
(0.757667 -0.027154 0)
(0.73872 -0.0256079 0)
(0.719658 -0.0241484 0)
(0.700488 -0.0228073 0)
(0.68121 -0.0216106 0)
(0.661814 -0.0205766 0)
(0.642278 -0.0197148 0)
(0.622569 -0.0190259 0)
(0.602645 -0.0185024 0)
(0.582455 -0.0181303 0)
(0.561943 -0.0178907 0)
(0.541051 -0.0177613 0)
(0.519718 -0.0177169 0)
(0.497888 -0.0177311 0)
(0.475502 -0.0177754 0)
(0.452515 -0.0178214 0)
(0.428879 -0.0178392 0)
(0.404576 -0.0178005 0)
(0.37958 -0.0176759 0)
(0.353919 -0.0174424 0)
(0.327602 -0.0170748 0)
(0.300747 -0.0165653 0)
(0.273408 -0.015898 0)
(0.245903 -0.0150953 0)
(0.21853 -0.0141511 0)
(0.191614 -0.0130397 0)
(0.165604 -0.0117415 0)
(0.141026 -0.0102972 0)
(0.118293 -0.00869909 0)
(0.0978913 -0.00695078 0)
(0.0799063 -0.00521634 0)
(0.0641776 -0.00353902 0)
(0.0504475 -0.00208004 0)
(0.0384709 -0.00115388 0)
(0.0280399 -0.00104637 0)
(0.0187254 -0.00186084 0)
(0.0104611 -0.00316795 0)
(0.00332393 -0.00402038 0)
(-0.00267469 -0.00366717 0)
(-0.00749009 -0.00230306 0)
(-0.0111774 -0.000768146 0)
(-0.0141858 9.5688e-05 0)
(-0.016906 0.000124899 0)
(-0.0195931 -0.000205372 0)
(-0.0221968 -0.000419679 0)
(-0.0244143 -0.000353081 0)
(-0.0260955 -0.000145948 0)
(-0.0273326 -2.75923e-05 0)
(-0.0283619 -7.59178e-05 0)
(-0.0293813 -0.000256457 0)
(-0.0304707 -0.000440381 0)
(-0.0316085 -0.000544602 0)
(-0.0327383 -0.000569715 0)
(-0.0338226 -0.000558093 0)
(-0.0348587 -0.00055231 0)
(-0.0358683 -0.000572408 0)
(-0.0368805 -0.00061616 0)
(-0.0379173 -0.000674773 0)
(-0.0389892 -0.00073803 0)
(-0.040096 -0.000797756 0)
(-0.041232 -0.000849976 0)
(-0.0423893 -0.000893609 0)
(-0.0435603 -0.000929291 0)
(-0.0447379 -0.000958056 0)
(-0.0459154 -0.000980176 0)
(-0.0470824 -0.000992087 0)
(-0.0482197 -0.000988407 0)
(-0.0492989 -0.000966078 0)
(-0.0503164 -0.000937149 0)
(-0.0512988 -0.000919477 0)
(-0.052063 -0.000914549 0)
(0.714417 -0.0207286 0)
(0.685314 -0.0203245 0)
(0.656067 -0.0199364 0)
(0.626697 -0.019559 0)
(0.597247 -0.0191683 0)
(0.567806 -0.0187342 0)
(0.53848 -0.0182266 0)
(0.509447 -0.0176249 0)
(0.480864 -0.016905 0)
(0.4529 -0.0160525 0)
(0.425722 -0.015067 0)
(0.399483 -0.0139612 0)
(0.374324 -0.0127556 0)
(0.350364 -0.0114763 0)
(0.327701 -0.0101527 0)
(0.306409 -0.00881669 0)
(0.286535 -0.0075029 0)
(0.268094 -0.00624647 0)
(0.251064 -0.00508142 0)
(0.235391 -0.00403645 0)
(0.220987 -0.00313375 0)
(0.207742 -0.00238048 0)
(0.195539 -0.00176838 0)
(0.184249 -0.00128265 0)
(0.173739 -0.000907553 0)
(0.163875 -0.000627549 0)
(0.154527 -0.000426681 0)
(0.145576 -0.000287962 0)
(0.136916 -0.000193701 0)
(0.128459 -0.000126011 0)
(0.120136 -6.75519e-05 0)
(0.111896 -1.92201e-06 0)
(0.103712 8.57266e-05 0)
(0.0955732 0.00020819 0)
(0.0874917 0.000375358 0)
(0.0794953 0.00059321 0)
(0.0716289 0.000862598 0)
(0.0639483 0.00117739 0)
(0.0565186 0.00152298 0)
(0.0494025 0.00187317 0)
(0.04266 0.00218919 0)
(0.0363228 0.00241504 0)
(0.0303992 0.00247938 0)
(0.0248374 0.00228648 0)
(0.0195432 0.00176451 0)
(0.0144371 0.000923335 0)
(0.00946916 -0.000109291 0)
(0.00455295 -0.00108509 0)
(-0.000226626 -0.00179798 0)
(-0.00457529 -0.00213323 0)
(-0.00807753 -0.00192706 0)
(-0.0104995 -0.00125379 0)
(-0.0117995 -0.000347736 0)
(-0.0123054 0.000484822 0)
(-0.0126168 0.00096593 0)
(-0.0132837 0.00109469 0)
(-0.0144799 0.00105868 0)
(-0.0158006 0.000966584 0)
(-0.0166935 0.000927054 0)
(-0.0169048 0.000833693 0)
(-0.0166228 0.000609108 0)
(-0.0163037 0.00030308 0)
(-0.0162828 -7.49087e-06 0)
(-0.0165473 -0.000157893 0)
(-0.0168636 -0.000126807 0)
(-0.017034 2.76148e-06 0)
(-0.0170369 0.000120273 0)
(-0.0169788 0.000167061 0)
(-0.0169748 0.000149646 0)
(-0.0170802 0.000101866 0)
(-0.0172788 5.40463e-05 0)
(-0.0175262 2.07292e-05 0)
(-0.0177875 2.18145e-06 0)
(-0.0180511 -7.94525e-06 0)
(-0.0183232 -1.66426e-05 0)
(-0.0186166 -2.81178e-05 0)
(-0.0189421 -4.28923e-05 0)
(-0.0193054 -5.93598e-05 0)
(-0.0197065 -7.56243e-05 0)
(-0.0201423 -9.05728e-05 0)
(-0.0206077 -0.000103841 0)
(-0.0210982 -0.000115702 0)
(-0.0216098 -0.00012681 0)
(-0.0221394 -0.000137847 0)
(-0.0226832 -0.00014853 0)
(-0.0232333 -0.000158142 0)
(-0.0237777 -0.000168711 0)
(-0.0243234 -0.000189541 0)
(-0.024923 -0.000224575 0)
(-0.0255192 -0.000250621 0)
)
;

boundaryField
{
    fixedWalls
    {
        type            noSlip;
    }
    inflowWall
    {
        type            fixedValue;
        value           uniform (1 0 0);
    }
    outflowWall
    {
        type            zeroGradient;
    }
    frontAndBack
    {
        type            empty;
    }
}


// ************************************************************************* //
