/*--------------------------------*- C++ -*----------------------------------*\
| =========                 |                                                 |
| \\      /  F ield         | OpenFOAM: The Open Source CFD Toolbox           |
|  \\    /   O peration     | Version:  2306                                  |
|   \\  /    A nd           | Website:  www.openfoam.com                      |
|    \\/     M anipulation  |                                                 |
\*---------------------------------------------------------------------------*/
FoamFile
{
    version     2.0;
    format      ascii;
    arch        "LSB;label=32;scalar=64";
    class       volVectorField;
    location    "9.5";
    object      U;
}
// * * * * * * * * * * * * * * * * * * * * * * * * * * * * * * * * * * * * * //

dimensions      [0 1 -1 0 0 0 0];

internalField   nonuniform List<vector> 
1900
(
(0.984273 0.00729125 0)
(0.961758 0.021682 0)
(0.952319 0.018181 0)
(0.918694 0.0253025 0)
(0.903392 0.0154508 0)
(0.863042 0.0257489 0)
(0.852207 0.011616 0)
(0.811891 0.0267309 0)
(0.80953 0.00459522 0)
(0.770311 0.0259975 0)
(1.00256 0.0115603 0)
(1.00446 0.0258642 0)
(1.01943 0.0289712 0)
(1.02197 0.0304657 0)
(1.03486 0.0280199 0)
(1.03394 0.0284391 0)
(1.04401 0.0258139 0)
(1.04273 0.0251355 0)
(1.05111 0.0207281 0)
(1.05216 0.0162923 0)
(1.00048 0.00388896 0)
(1.00419 0.0111599 0)
(1.01255 0.014009 0)
(1.02112 0.0158014 0)
(1.03153 0.0147346 0)
(1.04052 0.0144493 0)
(1.04996 0.012419 0)
(1.05836 0.0109882 0)
(1.06683 0.00739111 0)
(1.07465 0.00325842 0)
(1.00007 0.00207933 0)
(1.00313 0.0058493 0)
(1.00888 0.00806644 0)
(1.01648 0.00905232 0)
(1.02527 0.00858063 0)
(1.0343 0.00749016 0)
(1.04323 0.00572195 0)
(1.05178 0.0035735 0)
(1.05995 0.000764959 0)
(1.06762 -0.00272818 0)
(1.00003 0.000426851 0)
(1.00261 0.00117967 0)
(1.00738 0.0014476 0)
(1.01402 0.00117358 0)
(1.02191 0.000282614 0)
(1.03035 -0.00107111 0)
(1.03879 -0.00285324 0)
(1.04691 -0.00503869 0)
(1.05459 -0.0076754 0)
(1.06174 -0.0108213 0)
(1.00003 -0.00105819 0)
(1.00255 -0.00301923 0)
(1.0072 -0.00473543 0)
(1.01366 -0.00616677 0)
(1.02133 -0.00745871 0)
(1.02949 -0.00881105 0)
(1.03759 -0.0104094 0)
(1.04534 -0.0123633 0)
(1.05261 -0.0147129 0)
(1.05939 -0.0174286 0)
(1.00003 -0.00270812 0)
(1.00303 -0.0074245 0)
(1.00836 -0.011045 0)
(1.01546 -0.0134745 0)
(1.02347 -0.0150904 0)
(1.03164 -0.0164412 0)
(1.03952 -0.0179315 0)
(1.04692 -0.0197388 0)
(1.05385 -0.0218558 0)
(1.06035 -0.0241923 0)
(1.00004 -0.00476686 0)
(1.00441 -0.0122257 0)
(1.01138 -0.0169037 0)
(1.0198 -0.0193276 0)
(1.02841 -0.0206455 0)
(1.03642 -0.0218057 0)
(1.04363 -0.0232563 0)
(1.05011 -0.0250238 0)
(1.056 -0.0269666 0)
(1.06133 -0.0289506 0)
(1.00006 -0.012117 0)
(1.00722 -0.0259463 0)
(1.01559 -0.0314195 0)
(1.02288 -0.0325627 0)
(1.02796 -0.0326399 0)
(1.03076 -0.0330067 0)
(1.03179 -0.0337754 0)
(1.0315 -0.0346822 0)
(1.03012 -0.0355115 0)
(1.02765 -0.0362033 0)
(0.980777 -0.009163 0)
(0.964588 -0.0188198 0)
(0.945466 -0.0220429 0)
(0.920806 -0.0221801 0)
(0.892029 -0.0217314 0)
(0.861732 -0.0215669 0)
(0.831516 -0.0215946 0)
(0.801859 -0.0215789 0)
(0.772695 -0.0213958 0)
(0.743781 -0.0210604 0)
(0.000207203 -0.000110176 0)
(0.000341477 -2.06212e-05 0)
(7.25036e-05 2.90017e-05 0)
(-0.000418375 5.82757e-05 0)
(-0.00107299 7.6335e-05 0)
(-0.00184864 9.39935e-05 0)
(-0.00273221 0.000114693 0)
(-0.00371898 0.000137365 0)
(-0.00480379 0.000160785 0)
(-0.00598039 0.000184242 0)
(-0.00724169 0.000207305 0)
(-0.00858016 0.000229669 0)
(-0.00998813 0.000251092 0)
(-0.011458 0.000271372 0)
(-0.0129823 0.000290365 0)
(-0.014554 0.000307983 0)
(-0.0161665 0.000324188 0)
(-0.0178134 0.000338964 0)
(-0.0194892 0.000352284 0)
(-0.0211885 0.000364156 0)
(-0.0229069 0.000374615 0)
(-0.0246407 0.000383727 0)
(-0.0263871 0.000391586 0)
(-0.0281443 0.000398309 0)
(-0.0299117 0.000404021 0)
(-0.0316896 0.000408877 0)
(-0.0334795 0.000413081 0)
(-0.0352844 0.000416877 0)
(-0.0371086 0.000420532 0)
(-0.0389578 0.000424324 0)
(-0.0408391 0.000428519 0)
(-0.042761 0.000433317 0)
(-0.0447332 0.00043882 0)
(-0.0467666 0.000445114 0)
(-0.0488734 0.000452482 0)
(-0.0510678 0.000461577 0)
(-0.0533665 0.000473458 0)
(-0.0557885 0.000489768 0)
(-0.0583568 0.00051315 0)
(-0.0610982 0.000547619 0)
(-0.064045 0.000599207 0)
(-0.0672367 0.000676727 0)
(-0.0707213 0.000792093 0)
(-0.074556 0.000959398 0)
(-0.0788047 0.00119279 0)
(-0.0835326 0.00150383 0)
(-0.0887973 0.00189808 0)
(-0.0946383 0.00237205 0)
(-0.101066 0.00291055 0)
(-0.10805 0.00348375 0)
(-0.115504 0.00404518 0)
(-0.123274 0.0045388 0)
(-0.131149 0.00490913 0)
(-0.138868 0.00511242 0)
(-0.146132 0.00511766 0)
(-0.15261 0.00491629 0)
(-0.157995 0.00454309 0)
(-0.162049 0.00406378 0)
(-0.164537 0.00345229 0)
(-0.165232 0.00269361 0)
(-0.164025 0.00178067 0)
(-0.160895 0.000797278 0)
(-0.155767 -0.00023363 0)
(-0.1487 -0.00126043 0)
(-0.139739 -0.00226459 0)
(-0.129042 -0.00320706 0)
(-0.116724 -0.0040692 0)
(-0.102968 -0.00483702 0)
(-0.0880089 -0.00546998 0)
(-0.0719109 -0.00603735 0)
(-0.0551772 -0.00639701 0)
(-0.0375559 -0.00671832 0)
(-0.0199817 -0.00684752 0)
(-0.00160328 -0.00695372 0)
(0.0160208 -0.00688538 0)
(0.0344897 -0.00684776 0)
(0.0514498 -0.0066065 0)
(0.0694987 -0.0064653 0)
(0.0852939 -0.00610951 0)
(0.10261 -0.00592402 0)
(0.116884 -0.00550986 0)
(0.1334 -0.00534061 0)
(0.145938 -0.0049251 0)
(0.161874 -0.00482641 0)
(0.172517 -0.00446691 0)
(0.188517 -0.00448783 0)
(0.196944 -0.00423559 0)
(0.214415 -0.00446775 0)
(0.219653 -0.00434112 0)
(0.241432 -0.00522028 0)
(5.85751e-05 -0.000513395 0)
(-0.000538891 0.000154216 0)
(-0.00205131 0.00072887 0)
(-0.00398319 0.00113324 0)
(-0.00629995 0.00141236 0)
(-0.00892871 0.00163485 0)
(-0.011832 0.00183663 0)
(-0.0149814 0.0020255 0)
(-0.0183475 0.00220131 0)
(-0.021902 0.00236304 0)
(-0.025618 0.00250981 0)
(-0.0294693 0.00264134 0)
(-0.0334314 0.00275781 0)
(-0.0374813 0.00285971 0)
(-0.0415984 0.00294772 0)
(-0.0457638 0.00302273 0)
(-0.0499615 0.0030857 0)
(-0.0541775 0.00313755 0)
(-0.0584002 0.00317924 0)
(-0.0626202 0.00321211 0)
(-0.0668308 0.00323773 0)
(-0.0710279 0.00325788 0)
(-0.0752097 0.00327446 0)
(-0.0793773 0.00328948 0)
(-0.0835343 0.00330505 0)
(-0.0876866 0.00332341 0)
(-0.0918425 0.00334702 0)
(-0.0960131 0.00337855 0)
(-0.100212 0.00342069 0)
(-0.104454 0.0034762 0)
(-0.108756 0.00354777 0)
(-0.113139 0.00363796 0)
(-0.117621 0.00374919 0)
(-0.122224 0.00388402 0)
(-0.126968 0.00404565 0)
(-0.131874 0.00423809 0)
(-0.136962 0.00446565 0)
(-0.142251 0.00473295 0)
(-0.147755 0.00504536 0)
(-0.153485 0.00540872 0)
(-0.159443 0.00582944 0)
(-0.165624 0.00631442 0)
(-0.17201 0.00686994 0)
(-0.178573 0.00749821 0)
(-0.185263 0.00819255 0)
(-0.192011 0.00893414 0)
(-0.198718 0.00968886 0)
(-0.205257 0.0104081 0)
(-0.211475 0.0110319 0)
(-0.217199 0.0114916 0)
(-0.22223 0.0117063 0)
(-0.226347 0.0116003 0)
(-0.229324 0.0111157 0)
(-0.230943 0.0102307 0)
(-0.230983 0.00892906 0)
(-0.229221 0.00718684 0)
(-0.225479 0.00501258 0)
(-0.219798 0.00248359 0)
(-0.211989 -0.000294496 0)
(-0.202134 -0.00325185 0)
(-0.190074 -0.00633451 0)
(-0.175985 -0.00942055 0)
(-0.159772 -0.012485 0)
(-0.141741 -0.0154045 0)
(-0.121811 -0.0181417 0)
(-0.100365 -0.0206145 0)
(-0.0774404 -0.0228272 0)
(-0.0532251 -0.0247792 0)
(-0.0282826 -0.0263857 0)
(-0.00197706 -0.027738 0)
(0.0240407 -0.0286615 0)
(0.0517842 -0.0294121 0)
(0.0777895 -0.0296875 0)
(0.10629 -0.0299022 0)
(0.131434 -0.0295963 0)
(0.160161 -0.0294002 0)
(0.183746 -0.0286316 0)
(0.212329 -0.0281421 0)
(0.233754 -0.0270508 0)
(0.262091 -0.0264192 0)
(0.280851 -0.0251508 0)
(0.30913 -0.024534 0)
(0.324796 -0.02323 0)
(0.353518 -0.0227861 0)
(0.36571 -0.0215786 0)
(0.395705 -0.0214767 0)
(0.404074 -0.0204899 0)
(0.436476 -0.0209571 0)
(0.440713 -0.0203411 0)
(0.476707 -0.0218126 0)
(-0.000164492 0.000437899 0)
(-0.0019678 0.00232003 0)
(-0.00547211 0.00354605 0)
(-0.00945117 0.00436637 0)
(-0.0138695 0.00500638 0)
(-0.018625 0.005573 0)
(-0.0236756 0.00609189 0)
(-0.0289809 0.00656273 0)
(-0.0344866 0.00698069 0)
(-0.0401401 0.00734396 0)
(-0.0458935 0.0076524 0)
(-0.0517036 0.00790799 0)
(-0.0575329 0.00811414 0)
(-0.0633495 0.00827498 0)
(-0.069127 0.00839502 0)
(-0.074844 0.00847909 0)
(-0.0804837 0.00853209 0)
(-0.0860336 0.008559 0)
(-0.0914843 0.00856489 0)
(-0.0968294 0.00855474 0)
(-0.102066 0.00853354 0)
(-0.107195 0.00850632 0)
(-0.112217 0.00847813 0)
(-0.117137 0.00845396 0)
(-0.121962 0.00843863 0)
(-0.126698 0.00843693 0)
(-0.131352 0.00845373 0)
(-0.135934 0.00849388 0)
(-0.140452 0.0085618 0)
(-0.144913 0.00866147 0)
(-0.149325 0.00879621 0)
(-0.153691 0.00896845 0)
(-0.158016 0.0091795 0)
(-0.162295 0.00942971 0)
(-0.166525 0.00971894 0)
(-0.170695 0.0100467 0)
(-0.174791 0.0104113 0)
(-0.17879 0.0108083 0)
(-0.182663 0.0112317 0)
(-0.186371 0.0116736 0)
(-0.189866 0.0121243 0)
(-0.193085 0.0125731 0)
(-0.195959 0.0130084 0)
(-0.198405 0.0134154 0)
(-0.200328 0.0137679 0)
(-0.201624 0.0140295 0)
(-0.20217 0.0141516 0)
(-0.201834 0.0140772 0)
(-0.200478 0.0137421 0)
(-0.19798 0.0130896 0)
(-0.194204 0.0120366 0)
(-0.189033 0.0105116 0)
(-0.182323 0.00844983 0)
(-0.174028 0.00583782 0)
(-0.164111 0.00267358 0)
(-0.15253 -0.000971359 0)
(-0.13921 -0.00512786 0)
(-0.124312 -0.00969612 0)
(-0.107433 -0.0145847 0)
(-0.0891205 -0.0195973 0)
(-0.0689774 -0.024672 0)
(-0.0476622 -0.0296225 0)
(-0.0246359 -0.0344657 0)
(-0.000683536 -0.0389825 0)
(0.0247311 -0.0431938 0)
(0.0509853 -0.0469262 0)
(0.0779573 -0.0502338 0)
(0.105946 -0.053015 0)
(0.133551 -0.0553097 0)
(0.162824 -0.0570905 0)
(0.190207 -0.0582845 0)
(0.220271 -0.0591274 0)
(0.24666 -0.0593001 0)
(0.277019 -0.0593099 0)
(0.301726 -0.058599 0)
(0.332021 -0.0579415 0)
(0.354486 -0.0565415 0)
(0.38453 -0.0554316 0)
(0.404307 -0.0535634 0)
(0.434117 -0.0522433 0)
(0.450876 -0.0501356 0)
(0.480677 -0.0488532 0)
(0.494189 -0.0467248 0)
(0.524408 -0.0457245 0)
(0.534534 -0.0437806 0)
(0.565778 -0.0433137 0)
(0.572457 -0.0417651 0)
(0.605478 -0.0421209 0)
(0.60869 -0.0412236 0)
(0.644282 -0.0427462 0)
(-0.00092451 0.0012453 0)
(-0.00481193 0.0051511 0)
(-0.0107456 0.00763642 0)
(-0.0168265 0.00930127 0)
(-0.0232315 0.0105382 0)
(-0.0299091 0.0115199 0)
(-0.0367733 0.0123194 0)
(-0.0437264 0.0129733 0)
(-0.0506777 0.0134955 0)
(-0.0575549 0.0138979 0)
(-0.0643026 0.0141927 0)
(-0.070877 0.0143916 0)
(-0.077246 0.0145063 0)
(-0.0833869 0.0145481 0)
(-0.0892847 0.0145281 0)
(-0.0949303 0.0144568 0)
(-0.10032 0.014344 0)
(-0.105451 0.0141988 0)
(-0.110328 0.0140293 0)
(-0.114953 0.0138435 0)
(-0.119331 0.0136485 0)
(-0.123468 0.0134513 0)
(-0.127371 0.0132581 0)
(-0.131045 0.0130745 0)
(-0.134495 0.0129055 0)
(-0.137725 0.0127552 0)
(-0.140736 0.0126277 0)
(-0.14353 0.0125264 0)
(-0.146105 0.0124539 0)
(-0.148456 0.0124113 0)
(-0.150575 0.0123988 0)
(-0.152452 0.0124146 0)
(-0.154072 0.0124555 0)
(-0.155414 0.012516 0)
(-0.156454 0.0125897 0)
(-0.157163 0.0126709 0)
(-0.157507 0.0127535 0)
(-0.157448 0.0128253 0)
(-0.15694 0.0128729 0)
(-0.15593 0.0128814 0)
(-0.154358 0.0128332 0)
(-0.152153 0.0127111 0)
(-0.149236 0.0124983 0)
(-0.145536 0.0121819 0)
(-0.140966 0.0117254 0)
(-0.135441 0.0110839 0)
(-0.128864 0.0102047 0)
(-0.121149 0.00903499 0)
(-0.112174 0.00748138 0)
(-0.101948 0.00549581 0)
(-0.0903583 0.00301842 0)
(-0.0774385 3.75333e-05 0)
(-0.0630464 -0.00352221 0)
(-0.0473667 -0.0076496 0)
(-0.0301593 -0.0124073 0)
(-0.0117207 -0.0176494 0)
(0.00834874 -0.0233627 0)
(0.0292475 -0.0292607 0)
(0.0518932 -0.0354191 0)
(0.0750893 -0.0415858 0)
(0.100014 -0.047829 0)
(0.125199 -0.0538218 0)
(0.151936 -0.059684 0)
(0.178789 -0.0650367 0)
(0.206732 -0.0700424 0)
(0.234863 -0.0743814 0)
(0.263346 -0.0782443 0)
(0.292315 -0.0813633 0)
(0.320591 -0.0838718 0)
(0.349927 -0.0856693 0)
(0.377278 -0.0867789 0)
(0.406551 -0.0873138 0)
(0.432327 -0.0871294 0)
(0.461185 -0.086568 0)
(0.484831 -0.085286 0)
(0.513053 -0.0838748 0)
(0.534145 -0.0817581 0)
(0.561663 -0.0797958 0)
(0.579903 -0.077139 0)
(0.606812 -0.0749457 0)
(0.62202 -0.0720486 0)
(0.648575 -0.0699425 0)
(0.660672 -0.0670898 0)
(0.687272 -0.0653755 0)
(0.696252 -0.0628328 0)
(0.723419 -0.0618065 0)
(0.729319 -0.0598345 0)
(0.757671 -0.0598042 0)
(0.760534 -0.0586782 0)
(0.790744 -0.0599664 0)
(-0.00128182 0.00695507 0)
(-0.00687873 0.0138297 0)
(-0.0155101 0.0164666 0)
(-0.0240093 0.0176272 0)
(-0.0325148 0.0184593 0)
(-0.0407801 0.019238 0)
(-0.0486767 0.0199141 0)
(-0.0561639 0.0204106 0)
(-0.0632117 0.0207082 0)
(-0.0697885 0.0208329 0)
(-0.075877 0.0208133 0)
(-0.0814722 0.0206744 0)
(-0.0865788 0.0204384 0)
(-0.0912077 0.0201247 0)
(-0.0953746 0.0197501 0)
(-0.0990977 0.0193295 0)
(-0.102397 0.0188754 0)
(-0.105291 0.018398 0)
(-0.107799 0.0179052 0)
(-0.109937 0.0174051 0)
(-0.111721 0.0169051 0)
(-0.113165 0.016411 0)
(-0.11428 0.0159278 0)
(-0.115074 0.0154596 0)
(-0.115553 0.0150089 0)
(-0.115719 0.0145773 0)
(-0.115571 0.0141653 0)
(-0.115104 0.0137743 0)
(-0.11431 0.0134036 0)
(-0.113178 0.0130503 0)
(-0.111693 0.0127108 0)
(-0.109837 0.0123795 0)
(-0.107586 0.0120489 0)
(-0.104913 0.0117094 0)
(-0.101785 0.0113506 0)
(-0.0981622 0.0109647 0)
(-0.094018 0.0105505 0)
(-0.089302 0.0100845 0)
(-0.0839724 0.00954758 0)
(-0.0779799 0.00892098 0)
(-0.0712648 0.00818215 0)
(-0.0637648 0.00730763 0)
(-0.0553887 0.00626035 0)
(-0.0461275 0.00500952 0)
(-0.0358879 0.00352659 0)
(-0.0246292 0.0017901 0)
(-0.0122296 -0.000255253 0)
(0.0012601 -0.00264206 0)
(0.0160109 -0.00545062 0)
(0.0318405 -0.00871323 0)
(0.0490797 -0.0125253 0)
(0.0673649 -0.0168562 0)
(0.0871842 -0.0217796 0)
(0.107796 -0.0271919 0)
(0.130045 -0.0331413 0)
(0.152743 -0.039456 0)
(0.177197 -0.046236 0)
(0.201713 -0.0531547 0)
(0.228008 -0.06033 0)
(0.254027 -0.0673805 0)
(0.281766 -0.0744665 0)
(0.308923 -0.0811393 0)
(0.337605 -0.0876143 0)
(0.365469 -0.0934137 0)
(0.394506 -0.0987994 0)
(0.422604 -0.103325 0)
(0.451358 -0.107283 0)
(0.479212 -0.110289 0)
(0.507032 -0.112632 0)
(0.5342 -0.114036 0)
(0.560486 -0.114751 0)
(0.586632 -0.114638 0)
(0.610884 -0.113864 0)
(0.635798 -0.11245 0)
(0.657637 -0.110438 0)
(0.681254 -0.108033 0)
(0.700429 -0.10511 0)
(0.722825 -0.102084 0)
(0.739202 -0.0986114 0)
(0.760583 -0.0953485 0)
(0.774123 -0.0916882 0)
(0.794808 -0.088564 0)
(0.805539 -0.0850536 0)
(0.825938 -0.0824182 0)
(0.833921 -0.0793657 0)
(0.854514 -0.0775456 0)
(0.859807 -0.0752353 0)
(0.881127 -0.0745443 0)
(0.883745 -0.0732501 0)
(0.90635 -0.0740057 0)
(-0.00367096 0.00684312 0)
(-0.013479 0.0173001 0)
(-0.0245196 0.0220286 0)
(-0.0336275 0.0246884 0)
(-0.04188 0.0262746 0)
(-0.0494739 0.0271119 0)
(-0.0563707 0.027379 0)
(-0.0624471 0.0272615 0)
(-0.0676134 0.0268957 0)
(-0.0718741 0.0263537 0)
(-0.0752879 0.0256818 0)
(-0.077917 0.0249137 0)
(-0.0798246 0.0240777 0)
(-0.0810708 0.0231964 0)
(-0.0817117 0.0222874 0)
(-0.0817985 0.021365 0)
(-0.0813781 0.0204406 0)
(-0.0804926 0.0195225 0)
(-0.0791751 0.0186135 0)
(-0.0774572 0.017719 0)
(-0.0753636 0.0168433 0)
(-0.0729152 0.0159884 0)
(-0.0701271 0.015155 0)
(-0.0670109 0.0143434 0)
(-0.0635728 0.0135519 0)
(-0.059814 0.0127775 0)
(-0.0557272 0.0120161 0)
(-0.0513084 0.0112685 0)
(-0.0465449 0.0105315 0)
(-0.0414186 0.00979792 0)
(-0.0359098 0.0090605 0)
(-0.0299944 0.0083109 0)
(-0.0236454 0.00753934 0)
(-0.0168306 0.00673329 0)
(-0.00950676 0.00587646 0)
(-0.0016116 0.00494375 0)
(0.0068312 0.00391239 0)
(0.0158976 0.00278094 0)
(0.0256366 0.00153487 0)
(0.036081 0.000151498 0)
(0.0473046 -0.00139943 0)
(0.0593147 -0.00313742 0)
(0.0722264 -0.0050946 0)
(0.0859799 -0.00729979 0)
(0.10076 -0.00980538 0)
(0.11647 -0.0126278 0)
(0.133373 -0.0158187 0)
(0.151172 -0.0193969 0)
(0.170319 -0.0234364 0)
(0.190248 -0.0279038 0)
(0.211672 -0.0328878 0)
(0.233671 -0.0383309 0)
(0.257288 -0.0443377 0)
(0.281164 -0.0507553 0)
(0.306722 -0.0576912 0)
(0.332155 -0.0648885 0)
(0.359284 -0.0724728 0)
(0.38587 -0.08008 0)
(0.414102 -0.0878614 0)
(0.441359 -0.0953827 0)
(0.470159 -0.102837 0)
(0.49756 -0.109736 0)
(0.526336 -0.116324 0)
(0.553321 -0.122087 0)
(0.58145 -0.127331 0)
(0.607472 -0.131551 0)
(0.634352 -0.135112 0)
(0.658934 -0.137545 0)
(0.684045 -0.139268 0)
(0.706841 -0.139864 0)
(0.729791 -0.139782 0)
(0.750621 -0.138673 0)
(0.771164 -0.136984 0)
(0.790013 -0.134447 0)
(0.808034 -0.131471 0)
(0.825026 -0.127884 0)
(0.840518 -0.124019 0)
(0.855891 -0.119812 0)
(0.868924 -0.115478 0)
(0.882998 -0.111085 0)
(0.893686 -0.106689 0)
(0.906836 -0.10252 0)
(0.915302 -0.0984312 0)
(0.927934 -0.0948539 0)
(0.934284 -0.0913957 0)
(0.946821 -0.088738 0)
(0.951108 -0.0861922 0)
(0.963975 -0.0847505 0)
(0.966166 -0.0833665 0)
(0.979781 -0.0834165 0)
(-0.00179951 0.028807 0)
(-0.00957031 0.0405645 0)
(-0.0240361 0.0405025 0)
(-0.0354119 0.0380672 0)
(-0.0444217 0.0361974 0)
(-0.0508241 0.0346894 0)
(-0.054923 0.0331956 0)
(-0.0571201 0.0316416 0)
(-0.0577779 0.0300364 0)
(-0.0571775 0.028406 0)
(-0.0555086 0.026771 0)
(-0.0529226 0.0251469 0)
(-0.0495475 0.0235511 0)
(-0.0454921 0.0219954 0)
(-0.0408481 0.0204857 0)
(-0.035694 0.0190266 0)
(-0.0300954 0.0176198 0)
(-0.0241161 0.0162654 0)
(-0.0177845 0.0149486 0)
(-0.0111467 0.0136746 0)
(-0.00423032 0.0124444 0)
(0.00294358 0.0112549 0)
(0.010361 0.0101017 0)
(0.0180126 0.00898126 0)
(0.0258968 0.00788911 0)
(0.0340143 0.00681896 0)
(0.0423958 0.00575545 0)
(0.0510377 0.00468053 0)
(0.0599553 0.00358636 0)
(0.0691802 0.00246973 0)
(0.0787381 0.00132387 0)
(0.0886614 0.000136337 0)
(0.098983 -0.00110687 0)
(0.109741 -0.00242175 0)
(0.120966 -0.00382481 0)
(0.132713 -0.00533107 0)
(0.144989 -0.00696826 0)
(0.157858 -0.00875736 0)
(0.1714 -0.0107168 0)
(0.185596 -0.0128654 0)
(0.200567 -0.0152322 0)
(0.21624 -0.0178382 0)
(0.232809 -0.0207175 0)
(0.250105 -0.0238787 0)
(0.26843 -0.0273619 0)
(0.287468 -0.0311823 0)
(0.307671 -0.0353971 0)
(0.328506 -0.0399994 0)
(0.350618 -0.0450578 0)
(0.373201 -0.0505291 0)
(0.397131 -0.0564941 0)
(0.421286 -0.0628594 0)
(0.446809 -0.0697126 0)
(0.472215 -0.0768824 0)
(0.498951 -0.0844557 0)
(0.525143 -0.0921734 0)
(0.552575 -0.10013 0)
(0.578973 -0.107985 0)
(0.606489 -0.115856 0)
(0.632448 -0.123336 0)
(0.659393 -0.130586 0)
(0.68426 -0.137148 0)
(0.709993 -0.14325 0)
(0.733166 -0.148404 0)
(0.757115 -0.152915 0)
(0.778106 -0.156287 0)
(0.799828 -0.158915 0)
(0.818316 -0.160309 0)
(0.837543 -0.160954 0)
(0.853411 -0.160377 0)
(0.870071 -0.159142 0)
(0.883402 -0.156794 0)
(0.897586 -0.153952 0)
(0.908613 -0.15018 0)
(0.920517 -0.146123 0)
(0.929566 -0.141363 0)
(0.93944 -0.136542 0)
(0.946885 -0.131262 0)
(0.954989 -0.126133 0)
(0.961211 -0.120783 0)
(0.967778 -0.115767 0)
(0.973138 -0.110755 0)
(0.978352 -0.106219 0)
(0.983182 -0.101898 0)
(0.987161 -0.0981535 0)
(0.991756 -0.094824 0)
(0.994533 -0.0921321 0)
(0.999153 -0.0900513 0)
(1.00065 -0.0886247 0)
(1.00552 -0.0880084 0)
(-0.0195774 0.00828358 0)
(-0.0377953 0.031896 0)
(-0.0409961 0.0392095 0)
(-0.0431027 0.0399889 0)
(-0.0420109 0.0383199 0)
(-0.0385919 0.0355598 0)
(-0.0333032 0.0324947 0)
(-0.0264935 0.0294577 0)
(-0.0184068 0.026541 0)
(-0.00934815 0.02382 0)
(0.000519413 0.0212658 0)
(0.0110114 0.0188619 0)
(0.0219796 0.0166033 0)
(0.033308 0.0144833 0)
(0.0449101 0.0124912 0)
(0.0567076 0.0106185 0)
(0.0686533 0.00885722 0)
(0.0806461 0.0072084 0)
(0.0927517 0.00567047 0)
(0.104901 0.00421799 0)
(0.117076 0.00282475 0)
(0.129274 0.00147495 0)
(0.141495 0.000158897 0)
(0.153744 -0.00113379 0)
(0.166041 -0.00241407 0)
(0.178379 -0.00369322 0)
(0.190801 -0.00498002 0)
(0.203325 -0.00628862 0)
(0.215981 -0.00763421 0)
(0.228816 -0.00903269 0)
(0.241863 -0.0104966 0)
(0.255159 -0.012043 0)
(0.268744 -0.0136862 0)
(0.282656 -0.0154462 0)
(0.296942 -0.0173372 0)
(0.31163 -0.0193806 0)
(0.326785 -0.0215831 0)
(0.342406 -0.0239696 0)
(0.358593 -0.0265618 0)
(0.375301 -0.0293844 0)
(0.392667 -0.0324574 0)
(0.410582 -0.0358031 0)
(0.429239 -0.0394435 0)
(0.448445 -0.0433964 0)
(0.468465 -0.0476879 0)
(0.488989 -0.0523296 0)
(0.510378 -0.0573514 0)
(0.532164 -0.0627464 0)
(0.554822 -0.0685455 0)
(0.577689 -0.0747127 0)
(0.601385 -0.0812763 0)
(0.62501 -0.088158 0)
(0.649368 -0.0953808 0)
(0.673281 -0.10281 0)
(0.697788 -0.110461 0)
(0.721387 -0.118137 0)
(0.745414 -0.125859 0)
(0.768004 -0.13336 0)
(0.790874 -0.140685 0)
(0.811758 -0.147507 0)
(0.832831 -0.15392 0)
(0.851393 -0.159548 0)
(0.870146 -0.164565 0)
(0.885932 -0.168559 0)
(0.90203 -0.171807 0)
(0.914806 -0.173873 0)
(0.928139 -0.175149 0)
(0.937906 -0.175179 0)
(0.948581 -0.174477 0)
(0.955559 -0.172563 0)
(0.963871 -0.170064 0)
(0.968443 -0.166474 0)
(0.974798 -0.162518 0)
(0.977424 -0.157652 0)
(0.982255 -0.152675 0)
(0.983395 -0.146996 0)
(0.987101 -0.141462 0)
(0.987165 -0.135436 0)
(0.990073 -0.129791 0)
(0.989392 -0.123845 0)
(0.991741 -0.118485 0)
(0.990565 -0.11299 0)
(0.992504 -0.108251 0)
(0.991003 -0.10352 0)
(0.992598 -0.0996802 0)
(0.990879 -0.0959722 0)
(0.99211 -0.0932571 0)
(0.990228 -0.0907817 0)
(0.990988 -0.0893673 0)
(0.988955 -0.0882848 0)
(-0.0189385 0.107826 0)
(-0.0181772 0.0727204 0)
(-0.0113599 0.0580263 0)
(0.00106681 0.046139 0)
(0.0173159 0.0363362 0)
(0.0356915 0.0288144 0)
(0.0552631 0.0229176 0)
(0.0752472 0.018095 0)
(0.0955498 0.0139623 0)
(0.115518 0.0103381 0)
(0.13536 0.00714722 0)
(0.154918 0.00434092 0)
(0.174113 0.00184719 0)
(0.192915 -0.000395449 0)
(0.211328 -0.0024298 0)
(0.229324 -0.00428666 0)
(0.246938 -0.00598944 0)
(0.264127 -0.00756034 0)
(0.280965 -0.00901779 0)
(0.297425 -0.0103826 0)
(0.313522 -0.0116804 0)
(0.329289 -0.0129363 0)
(0.344762 -0.0141707 0)
(0.359973 -0.0154032 0)
(0.374963 -0.0166512 0)
(0.389758 -0.0179324 0)
(0.404408 -0.0192587 0)
(0.418963 -0.0206407 0)
(0.433459 -0.0220884 0)
(0.447948 -0.0236214 0)
(0.462469 -0.0252545 0)
(0.477071 -0.0270086 0)
(0.491794 -0.0288968 0)
(0.506682 -0.0309397 0)
(0.521774 -0.0331481 0)
(0.537104 -0.0355433 0)
(0.552712 -0.0381346 0)
(0.568616 -0.0409454 0)
(0.58486 -0.0439862 0)
(0.601439 -0.0472812 0)
(0.618404 -0.0508381 0)
(0.635713 -0.0546796 0)
(0.653428 -0.0588103 0)
(0.671462 -0.0632499 0)
(0.689894 -0.0679996 0)
(0.708573 -0.0730743 0)
(0.727605 -0.0784712 0)
(0.746748 -0.0841955 0)
(0.766151 -0.0902346 0)
(0.785455 -0.0965731 0)
(0.804877 -0.103183 0)
(0.823909 -0.11002 0)
(0.842876 -0.11704 0)
(0.861088 -0.124158 0)
(0.879033 -0.131318 0)
(0.895795 -0.138392 0)
(0.91211 -0.14532 0)
(0.926792 -0.15193 0)
(0.940924 -0.158178 0)
(0.95299 -0.163852 0)
(0.964532 -0.168956 0)
(0.973622 -0.173247 0)
(0.982379 -0.176809 0)
(0.988375 -0.179369 0)
(0.994412 -0.181123 0)
(0.997453 -0.181763 0)
(1.00108 -0.18162 0)
(1.00152 -0.180338 0)
(1.00321 -0.178393 0)
(1.00157 -0.175358 0)
(1.00189 -0.171857 0)
(0.998692 -0.16738 0)
(0.998195 -0.162692 0)
(0.99394 -0.157177 0)
(0.993078 -0.151731 0)
(0.988158 -0.145612 0)
(0.987265 -0.139834 0)
(0.981948 -0.133526 0)
(0.981229 -0.127808 0)
(0.975665 -0.121682 0)
(0.97522 -0.116365 0)
(0.969462 -0.11074 0)
(0.969309 -0.10611 0)
(0.963341 -0.101253 0)
(0.963438 -0.0975497 0)
(0.95719 -0.093681 0)
(0.957446 -0.0910932 0)
(0.950805 -0.0883853 0)
(0.951074 -0.087052 0)
(0.943898 -0.0856268 0)
(0.0697515 0.00703991 0)
(0.089622 0.00654571 0)
(0.153164 0.00611045 0)
(0.197914 0.00296428 0)
(0.236576 -0.00128909 0)
(0.271677 -0.00535598 0)
(0.304084 -0.00885191 0)
(0.333574 -0.0117942 0)
(0.361012 -0.0142971 0)
(0.386547 -0.0164364 0)
(0.410635 -0.0182967 0)
(0.433426 -0.0199272 0)
(0.455032 -0.0213681 0)
(0.475561 -0.0226499 0)
(0.495118 -0.023797 0)
(0.513781 -0.0248267 0)
(0.531623 -0.0257593 0)
(0.548702 -0.0266123 0)
(0.565078 -0.0274139 0)
(0.580804 -0.0281839 0)
(0.595928 -0.0289391 0)
(0.610507 -0.0296993 0)
(0.624592 -0.0304837 0)
(0.638242 -0.031312 0)
(0.651505 -0.0322008 0)
(0.664435 -0.0331666 0)
(0.677081 -0.0342235 0)
(0.689503 -0.0353868 0)
(0.701736 -0.0366677 0)
(0.713835 -0.038082 0)
(0.725829 -0.0396408 0)
(0.737772 -0.0413604 0)
(0.749687 -0.0432505 0)
(0.761624 -0.0453284 0)
(0.773594 -0.047603 0)
(0.785637 -0.050092 0)
(0.797756 -0.052802 0)
(0.809981 -0.0557502 0)
(0.822302 -0.0589411 0)
(0.834739 -0.0623918 0)
(0.847267 -0.0661032 0)
(0.859889 -0.0700911 0)
(0.872566 -0.0743507 0)
(0.885281 -0.0788954 0)
(0.89798 -0.0837129 0)
(0.91062 -0.0888126 0)
(0.923132 -0.094173 0)
(0.935437 -0.099796 0)
(0.947467 -0.105645 0)
(0.959096 -0.111708 0)
(0.970268 -0.117928 0)
(0.9808 -0.124274 0)
(0.99068 -0.130668 0)
(0.999651 -0.137058 0)
(1.00779 -0.143344 0)
(1.01474 -0.149452 0)
(1.02075 -0.155269 0)
(1.02533 -0.160706 0)
(1.02895 -0.165659 0)
(1.03095 -0.170028 0)
(1.03215 -0.173745 0)
(1.0316 -0.176706 0)
(1.03058 -0.178903 0)
(1.02771 -0.180224 0)
(1.02489 -0.180749 0)
(1.02013 -0.18034 0)
(1.01608 -0.179192 0)
(1.00993 -0.177117 0)
(1.00525 -0.174441 0)
(0.998204 -0.170892 0)
(0.993424 -0.166951 0)
(0.985828 -0.16222 0)
(0.981332 -0.157355 0)
(0.973405 -0.151787 0)
(0.969433 -0.146363 0)
(0.961261 -0.140312 0)
(0.957926 -0.134685 0)
(0.949489 -0.128486 0)
(0.946818 -0.122987 0)
(0.938031 -0.116946 0)
(0.936002 -0.111873 0)
(0.926744 -0.106264 0)
(0.925314 -0.101875 0)
(0.915443 -0.0969334 0)
(0.914555 -0.0934476 0)
(0.903906 -0.0893714 0)
(0.903484 -0.086961 0)
(0.891864 -0.0839001 0)
(0.891792 -0.0826764 0)
(0.878983 -0.0807196 0)
(0.773364 -0.0090817 0)
(0.774831 -0.0204438 0)
(0.77558 -0.0266046 0)
(0.777159 -0.0302482 0)
(0.78069 -0.0328468 0)
(0.785948 -0.0349941 0)
(0.79265 -0.036819 0)
(0.800172 -0.0382834 0)
(0.808279 -0.0394104 0)
(0.816768 -0.0402307 0)
(0.825459 -0.0408232 0)
(0.834221 -0.0412561 0)
(0.842955 -0.0415731 0)
(0.851588 -0.0418005 0)
(0.860067 -0.0419566 0)
(0.86835 -0.0420566 0)
(0.876406 -0.0421162 0)
(0.884215 -0.0421523 0)
(0.891764 -0.0421843 0)
(0.899052 -0.0422316 0)
(0.90608 -0.0423128 0)
(0.912863 -0.042447 0)
(0.919412 -0.0426532 0)
(0.92575 -0.0429499 0)
(0.931896 -0.043354 0)
(0.937876 -0.0438815 0)
(0.943712 -0.0445478 0)
(0.94943 -0.045368 0)
(0.955049 -0.0463542 0)
(0.960592 -0.0475181 0)
(0.966073 -0.0488689 0)
(0.971514 -0.0504167 0)
(0.976923 -0.0521693 0)
(0.982317 -0.0541366 0)
(0.987694 -0.0563254 0)
(0.993066 -0.0587449 0)
(0.998421 -0.0613999 0)
(1.00377 -0.0642984 0)
(1.00907 -0.0674429 0)
(1.01435 -0.0708399 0)
(1.01955 -0.0744891 0)
(1.02466 -0.0783945 0)
(1.02963 -0.0825505 0)
(1.03445 -0.0869576 0)
(1.03904 -0.091603 0)
(1.04338 -0.0964811 0)
(1.04739 -0.101568 0)
(1.05102 -0.106849 0)
(1.05418 -0.112286 0)
(1.05685 -0.117854 0)
(1.05891 -0.123496 0)
(1.06033 -0.129177 0)
(1.06103 -0.13482 0)
(1.06097 -0.140378 0)
(1.0601 -0.145756 0)
(1.05838 -0.150902 0)
(1.05584 -0.155709 0)
(1.05243 -0.160127 0)
(1.04825 -0.16405 0)
(1.04325 -0.167439 0)
(1.03767 -0.170201 0)
(1.03132 -0.172315 0)
(1.02468 -0.173712 0)
(1.01733 -0.17439 0)
(1.01005 -0.174323 0)
(1.00203 -0.173514 0)
(0.994529 -0.171998 0)
(0.986097 -0.169764 0)
(0.978668 -0.166926 0)
(0.969924 -0.163424 0)
(0.96274 -0.159479 0)
(0.953636 -0.154933 0)
(0.946768 -0.150146 0)
(0.937162 -0.144814 0)
(0.930643 -0.139484 0)
(0.920361 -0.133647 0)
(0.914233 -0.128088 0)
(0.903096 -0.122032 0)
(0.897437 -0.116559 0)
(0.885278 -0.110562 0)
(0.880215 -0.105482 0)
(0.866871 -0.099802 0)
(0.862566 -0.0953947 0)
(0.847844 -0.0902528 0)
(0.844473 -0.0867555 0)
(0.828119 -0.0823256 0)
(0.825851 -0.0799227 0)
(0.807536 -0.0763207 0)
(0.80651 -0.0751185 0)
(0.785831 -0.0723784 0)
(1.057 0.00845576 0)
(1.06007 0.000126526 0)
(1.06075 -0.00697249 0)
(1.05996 -0.0125688 0)
(1.05904 -0.0171364 0)
(1.05869 -0.021082 0)
(1.05904 -0.0245812 0)
(1.05995 -0.0276438 0)
(1.06119 -0.0302656 0)
(1.06263 -0.0324639 0)
(1.06415 -0.0342818 0)
(1.06573 -0.0357725 0)
(1.06732 -0.0369879 0)
(1.06891 -0.0379734 0)
(1.07048 -0.038768 0)
(1.07201 -0.039406 0)
(1.07347 -0.0399192 0)
(1.07486 -0.0403382 0)
(1.07615 -0.040693 0)
(1.07735 -0.0410131 0)
(1.07846 -0.041327 0)
(1.07946 -0.0416619 0)
(1.08037 -0.0420436 0)
(1.08119 -0.0424962 0)
(1.08193 -0.043042 0)
(1.0826 -0.0437014 0)
(1.0832 -0.0444931 0)
(1.08374 -0.0454339 0)
(1.08423 -0.0465383 0)
(1.08467 -0.0478184 0)
(1.08507 -0.0492849 0)
(1.08543 -0.0509464 0)
(1.08575 -0.0528109 0)
(1.08602 -0.0548846 0)
(1.08624 -0.0571729 0)
(1.0864 -0.0596798 0)
(1.0865 -0.0624093 0)
(1.08653 -0.0653636 0)
(1.08646 -0.0685447 0)
(1.08628 -0.0719526 0)
(1.08597 -0.0755865 0)
(1.08551 -0.0794431 0)
(1.08487 -0.0835175 0)
(1.08403 -0.0878012 0)
(1.08295 -0.092283 0)
(1.08161 -0.0969477 0)
(1.07996 -0.101775 0)
(1.078 -0.106741 0)
(1.07566 -0.111815 0)
(1.07295 -0.116963 0)
(1.06981 -0.122142 0)
(1.06625 -0.127306 0)
(1.06222 -0.1324 0)
(1.05775 -0.137369 0)
(1.05279 -0.142145 0)
(1.04739 -0.146671 0)
(1.04152 -0.150872 0)
(1.03524 -0.154698 0)
(1.02854 -0.158071 0)
(1.02148 -0.160955 0)
(1.01405 -0.163271 0)
(1.00631 -0.165004 0)
(0.998256 -0.166077 0)
(0.98989 -0.166501 0)
(0.981266 -0.166213 0)
(0.972248 -0.165254 0)
(0.963033 -0.163581 0)
(0.953248 -0.161268 0)
(0.943374 -0.158298 0)
(0.932649 -0.154752 0)
(0.922053 -0.150646 0)
(0.910214 -0.146045 0)
(0.898905 -0.14102 0)
(0.885826 -0.135593 0)
(0.873936 -0.129937 0)
(0.859567 -0.123975 0)
(0.847369 -0.118025 0)
(0.83171 -0.111837 0)
(0.819588 -0.105945 0)
(0.802628 -0.0998309 0)
(0.791054 -0.0943415 0)
(0.772707 -0.088563 0)
(0.762214 -0.0837877 0)
(0.742239 -0.0785413 0)
(0.733407 -0.0747388 0)
(0.71133 -0.070139 0)
(0.704808 -0.0675116 0)
(0.679869 -0.0635887 0)
(0.676428 -0.062268 0)
(0.647555 -0.0589558 0)
(1.0818 -0.00307641 0)
(1.08776 -0.0106073 0)
(1.09207 -0.0178895 0)
(1.09474 -0.0239269 0)
(1.09628 -0.028576 0)
(1.09727 -0.0321619 0)
(1.09812 -0.0350428 0)
(1.09899 -0.0374457 0)
(1.09987 -0.0394631 0)
(1.10071 -0.0411227 0)
(1.10147 -0.0424379 0)
(1.10213 -0.0434339 0)
(1.1027 -0.0441493 0)
(1.10319 -0.04463 0)
(1.1036 -0.0449219 0)
(1.10393 -0.0450674 0)
(1.10419 -0.0451049 0)
(1.10436 -0.0450696 0)
(1.10445 -0.044994 0)
(1.10444 -0.0449094 0)
(1.10435 -0.0448452 0)
(1.10416 -0.044829 0)
(1.10388 -0.0448864 0)
(1.10351 -0.0450409 0)
(1.10305 -0.0453137 0)
(1.10251 -0.0457237 0)
(1.10189 -0.0462874 0)
(1.10119 -0.0470192 0)
(1.10042 -0.0479312 0)
(1.09957 -0.0490333 0)
(1.09864 -0.0503336 0)
(1.09764 -0.0518381 0)
(1.09656 -0.0535518 0)
(1.09539 -0.055478 0)
(1.09414 -0.0576193 0)
(1.0928 -0.0599773 0)
(1.09135 -0.0625533 0)
(1.08979 -0.0653472 0)
(1.08811 -0.0683587 0)
(1.0863 -0.0715857 0)
(1.08435 -0.0750252 0)
(1.08224 -0.0786719 0)
(1.07995 -0.0825188 0)
(1.07747 -0.0865556 0)
(1.0748 -0.09077 0)
(1.07189 -0.0951449 0)
(1.06876 -0.0996608 0)
(1.06536 -0.104292 0)
(1.06168 -0.10901 0)
(1.05771 -0.113779 0)
(1.05343 -0.11856 0)
(1.0488 -0.123306 0)
(1.04382 -0.127967 0)
(1.03845 -0.132485 0)
(1.03267 -0.136802 0)
(1.02645 -0.140857 0)
(1.01974 -0.144589 0)
(1.01253 -0.147938 0)
(1.00475 -0.150845 0)
(0.996386 -0.153258 0)
(0.987366 -0.155119 0)
(0.977669 -0.156386 0)
(0.967212 -0.157003 0)
(0.955979 -0.156942 0)
(0.943875 -0.156158 0)
(0.930899 -0.154656 0)
(0.916969 -0.152415 0)
(0.902095 -0.149492 0)
(0.886263 -0.145886 0)
(0.869467 -0.14169 0)
(0.851829 -0.136902 0)
(0.833243 -0.131645 0)
(0.814072 -0.125917 0)
(0.793952 -0.119878 0)
(0.77368 -0.113547 0)
(0.752394 -0.1071 0)
(0.73161 -0.10057 0)
(0.709562 -0.0940997 0)
(0.68894 -0.0877531 0)
(0.666447 -0.0815873 0)
(0.646685 -0.0757571 0)
(0.623868 -0.0701487 0)
(0.605704 -0.0651131 0)
(0.582369 -0.0602191 0)
(0.566625 -0.0561997 0)
(0.542093 -0.0520589 0)
(0.529835 -0.049235 0)
(0.502725 -0.045756 0)
(0.495597 -0.044292 0)
(0.46354 -0.0412485 0)
(1.07461 -0.00698902 0)
(1.08069 -0.0118895 0)
(1.08564 -0.0169757 0)
(1.08939 -0.0217148 0)
(1.09209 -0.0257585 0)
(1.09404 -0.0290579 0)
(1.09557 -0.0317464 0)
(1.09689 -0.0339834 0)
(1.09811 -0.0358764 0)
(1.09923 -0.0374735 0)
(1.10025 -0.0387891 0)
(1.10113 -0.0398317 0)
(1.10188 -0.0406192 0)
(1.10251 -0.0411811 0)
(1.10301 -0.0415544 0)
(1.1034 -0.041778 0)
(1.10368 -0.0418898 0)
(1.10385 -0.0419252 0)
(1.10391 -0.0419175 0)
(1.10384 -0.0418981 0)
(1.10366 -0.0418968 0)
(1.10336 -0.0419417 0)
(1.10294 -0.0420585 0)
(1.10241 -0.0422706 0)
(1.10177 -0.0425985 0)
(1.10102 -0.0430604 0)
(1.10017 -0.0436717 0)
(1.09922 -0.0444457 0)
(1.09818 -0.0453937 0)
(1.09703 -0.0465248 0)
(1.09579 -0.047846 0)
(1.09445 -0.0493624 0)
(1.09301 -0.0510776 0)
(1.09147 -0.052994 0)
(1.08981 -0.0551129 0)
(1.08804 -0.057435 0)
(1.08614 -0.0599602 0)
(1.0841 -0.0626879 0)
(1.08191 -0.0656162 0)
(1.07956 -0.0687423 0)
(1.07703 -0.0720618 0)
(1.0743 -0.0755686 0)
(1.07136 -0.0792541 0)
(1.06818 -0.0831071 0)
(1.06474 -0.0871134 0)
(1.06101 -0.0912552 0)
(1.05697 -0.0955107 0)
(1.05257 -0.099854 0)
(1.04778 -0.104254 0)
(1.04256 -0.108674 0)
(1.03685 -0.113072 0)
(1.03062 -0.117399 0)
(1.02379 -0.121601 0)
(1.0163 -0.125618 0)
(1.00809 -0.129389 0)
(0.999053 -0.13285 0)
(0.98913 -0.135935 0)
(0.978225 -0.138582 0)
(0.966263 -0.140732 0)
(0.953156 -0.142329 0)
(0.938847 -0.143323 0)
(0.923264 -0.143667 0)
(0.906372 -0.143315 0)
(0.888126 -0.142227 0)
(0.868515 -0.140374 0)
(0.847527 -0.137745 0)
(0.82519 -0.134359 0)
(0.80155 -0.130263 0)
(0.776705 -0.12552 0)
(0.750777 -0.120207 0)
(0.723938 -0.114396 0)
(0.696359 -0.108185 0)
(0.668253 -0.101645 0)
(0.639773 -0.0949074 0)
(0.611204 -0.088054 0)
(0.582644 -0.0812532 0)
(0.554515 -0.0745619 0)
(0.526736 -0.0681517 0)
(0.499948 -0.0620139 0)
(0.473642 -0.056311 0)
(0.44893 -0.05096 0)
(0.424486 -0.0461273 0)
(0.402424 -0.0416782 0)
(0.379834 -0.0377841 0)
(0.360937 -0.0343031 0)
(0.339612 -0.0313431 0)
(0.32461 -0.0288861 0)
(0.302984 -0.0267497 0)
(0.293619 -0.0254317 0)
(0.268214 -0.023821 0)
(1.06829 -0.014435 0)
(1.07416 -0.0183988 0)
(1.07922 -0.0224869 0)
(1.08342 -0.0264255 0)
(1.08677 -0.0299738 0)
(1.08942 -0.0330048 0)
(1.09157 -0.035519 0)
(1.09341 -0.0375887 0)
(1.09506 -0.0392953 0)
(1.09657 -0.0406961 0)
(1.09794 -0.0418222 0)
(1.09916 -0.0426892 0)
(1.10023 -0.0433121 0)
(1.10113 -0.0437124 0)
(1.10187 -0.0439199 0)
(1.10244 -0.0439698 0)
(1.10285 -0.0438992 0)
(1.1031 -0.0437454 0)
(1.10318 -0.0435443 0)
(1.1031 -0.0433299 0)
(1.10285 -0.0431346 0)
(1.10243 -0.0429883 0)
(1.10185 -0.0429185 0)
(1.10111 -0.042949 0)
(1.10021 -0.0431002 0)
(1.09917 -0.0433889 0)
(1.09798 -0.0438296 0)
(1.09664 -0.0444345 0)
(1.09517 -0.0452139 0)
(1.09355 -0.0461758 0)
(1.09178 -0.0473262 0)
(1.08987 -0.0486689 0)
(1.08781 -0.0502063 0)
(1.08558 -0.0519391 0)
(1.08318 -0.0538672 0)
(1.08059 -0.0559891 0)
(1.07779 -0.058303 0)
(1.07476 -0.0608056 0)
(1.07148 -0.0634932 0)
(1.06793 -0.0663603 0)
(1.06407 -0.0694003 0)
(1.05988 -0.0726041 0)
(1.05531 -0.0759607 0)
(1.05033 -0.0794553 0)
(1.04489 -0.0830703 0)
(1.03894 -0.0867837 0)
(1.03242 -0.0905698 0)
(1.02528 -0.0943976 0)
(1.01745 -0.0982323 0)
(1.00886 -0.102033 0)
(0.999419 -0.105751 0)
(0.989055 -0.109334 0)
(0.977676 -0.112719 0)
(0.965186 -0.115843 0)
(0.951486 -0.118637 0)
(0.936478 -0.121033 0)
(0.920062 -0.122964 0)
(0.90215 -0.124368 0)
(0.882659 -0.125186 0)
(0.861533 -0.125373 0)
(0.838729 -0.12489 0)
(0.814244 -0.123709 0)
(0.788096 -0.121802 0)
(0.760346 -0.119152 0)
(0.731065 -0.115746 0)
(0.700373 -0.111601 0)
(0.668392 -0.106763 0)
(0.635305 -0.10131 0)
(0.601335 -0.0953375 0)
(0.566771 -0.0889575 0)
(0.531946 -0.0822996 0)
(0.497196 -0.0754996 0)
(0.462888 -0.0686795 0)
(0.429312 -0.0619567 0)
(0.396798 -0.0554461 0)
(0.365583 -0.0492566 0)
(0.33603 -0.0434738 0)
(0.308293 -0.0382009 0)
(0.282683 -0.0334829 0)
(0.259137 -0.0293738 0)
(0.237902 -0.0258265 0)
(0.218591 -0.0228609 0)
(0.201526 -0.0203477 0)
(0.185865 -0.0183291 0)
(0.17235 -0.0165922 0)
(0.15932 -0.015292 0)
(0.148795 -0.0141164 0)
(0.136973 -0.0134477 0)
(0.129953 -0.0128339 0)
(0.116349 -0.0127743 0)
(1.06568 -0.020432 0)
(1.07142 -0.0236174 0)
(1.07654 -0.026859 0)
(1.08099 -0.030011 0)
(1.08475 -0.0329272 0)
(1.08788 -0.0354958 0)
(1.0905 -0.0376688 0)
(1.09274 -0.0394573 0)
(1.09472 -0.0409028 0)
(1.09648 -0.0420492 0)
(1.09805 -0.0429292 0)
(1.09941 -0.0435637 0)
(1.10056 -0.0439686 0)
(1.10148 -0.0441619 0)
(1.10216 -0.0441675 0)
(1.10258 -0.044016 0)
(1.10276 -0.0437419 0)
(1.10268 -0.0433822 0)
(1.10235 -0.042974 0)
(1.10176 -0.0425534 0)
(1.10091 -0.0421548 0)
(1.0998 -0.04181 0)
(1.09844 -0.0415482 0)
(1.09684 -0.0413936 0)
(1.095 -0.0413655 0)
(1.09293 -0.0414788 0)
(1.09063 -0.0417457 0)
(1.0881 -0.0421761 0)
(1.08534 -0.0427781 0)
(1.08234 -0.0435574 0)
(1.0791 -0.0445181 0)
(1.07561 -0.0456618 0)
(1.07184 -0.0469887 0)
(1.06779 -0.0484972 0)
(1.06343 -0.0501842 0)
(1.05873 -0.0520453 0)
(1.05367 -0.0540754 0)
(1.0482 -0.0562676 0)
(1.04229 -0.0586146 0)
(1.03589 -0.0611067 0)
(1.02895 -0.0637335 0)
(1.02143 -0.0664814 0)
(1.01326 -0.0693349 0)
(1.00439 -0.0722745 0)
(0.994736 -0.0752775 0)
(0.984235 -0.0783157 0)
(0.972807 -0.0813575 0)
(0.960369 -0.0843654 0)
(0.946835 -0.0873006 0)
(0.932114 -0.0901168 0)
(0.916117 -0.0927636 0)
(0.898751 -0.0951806 0)
(0.879929 -0.0973066 0)
(0.859558 -0.0990742 0)
(0.837561 -0.100421 0)
(0.813856 -0.101283 0)
(0.788395 -0.101606 0)
(0.761132 -0.101336 0)
(0.73207 -0.100436 0)
(0.701222 -0.0988692 0)
(0.668649 -0.0966145 0)
(0.634465 -0.0936602 0)
(0.59885 -0.0900159 0)
(0.562018 -0.0856993 0)
(0.524263 -0.0807662 0)
(0.485924 -0.0753123 0)
(0.447294 -0.0694306 0)
(0.408779 -0.0632442 0)
(0.370723 -0.0568684 0)
(0.333696 -0.0504735 0)
(0.298135 -0.0441926 0)
(0.264579 -0.0382049 0)
(0.233504 -0.0327042 0)
(0.205257 -0.0278732 0)
(0.179935 -0.0237745 0)
(0.157604 -0.020418 0)
(0.138188 -0.0177421 0)
(0.121413 -0.0156416 0)
(0.107013 -0.013966 0)
(0.0945962 -0.0125989 0)
(0.0838409 -0.0114393 0)
(0.0743322 -0.0104524 0)
(0.0658965 -0.00957715 0)
(0.0581732 -0.00881863 0)
(0.0512144 -0.00810468 0)
(0.0446015 -0.0075212 0)
(0.0387497 -0.00700185 0)
(0.0328971 -0.00683102 0)
(0.0286024 -0.006755 0)
(0.0221908 -0.0074509 0)
(1.06641 -0.0266559 0)
(1.07197 -0.0291796 0)
(1.07697 -0.0317082 0)
(1.08133 -0.034175 0)
(1.08502 -0.0364967 0)
(1.08809 -0.0385887 0)
(1.09058 -0.0403871 0)
(1.09258 -0.0418653 0)
(1.09416 -0.0430302 0)
(1.09537 -0.0439052 0)
(1.09623 -0.0445153 0)
(1.09673 -0.0448804 0)
(1.09686 -0.0450169 0)
(1.0966 -0.0449413 0)
(1.09593 -0.0446747 0)
(1.09485 -0.0442447 0)
(1.09336 -0.0436843 0)
(1.09145 -0.0430301 0)
(1.08913 -0.0423205 0)
(1.08641 -0.0415937 0)
(1.0833 -0.0408868 0)
(1.0798 -0.0402341 0)
(1.07593 -0.0396667 0)
(1.07169 -0.0392104 0)
(1.06711 -0.0388843 0)
(1.06218 -0.0387022 0)
(1.05692 -0.0386747 0)
(1.05131 -0.0388086 0)
(1.04534 -0.0391078 0)
(1.03902 -0.0395735 0)
(1.03231 -0.0402051 0)
(1.02521 -0.0409998 0)
(1.01768 -0.0419536 0)
(1.0097 -0.0430609 0)
(1.00122 -0.044315 0)
(0.992218 -0.045708 0)
(0.982636 -0.0472309 0)
(0.972426 -0.0488731 0)
(0.961534 -0.0506232 0)
(0.949899 -0.0524675 0)
(0.93746 -0.0543912 0)
(0.924147 -0.0563767 0)
(0.909894 -0.0584044 0)
(0.894625 -0.0604516 0)
(0.878268 -0.0624916 0)
(0.860743 -0.0644938 0)
(0.841974 -0.066422 0)
(0.821884 -0.068237 0)
(0.800397 -0.0698972 0)
(0.77744 -0.0713519 0)
(0.752957 -0.0725441 0)
(0.726901 -0.0734145 0)
(0.69924 -0.073905 0)
(0.669955 -0.0739609 0)
(0.639053 -0.0735352 0)
(0.606564 -0.0725879 0)
(0.572564 -0.0710931 0)
(0.537156 -0.0690347 0)
(0.500523 -0.0664152 0)
(0.462883 -0.0632284 0)
(0.424488 -0.0594662 0)
(0.385678 -0.055129 0)
(0.346886 -0.0502649 0)
(0.308594 -0.0449442 0)
(0.271393 -0.0393809 0)
(0.235888 -0.0338798 0)
(0.20262 -0.0287384 0)
(0.172093 -0.0242088 0)
(0.144594 -0.0204008 0)
(0.120596 -0.0173518 0)
(0.100142 -0.0149665 0)
(0.0829022 -0.0130451 0)
(0.0683725 -0.0114437 0)
(0.056002 -0.0100864 0)
(0.0451624 -0.00893275 0)
(0.0355208 -0.00803657 0)
(0.0269102 -0.00739309 0)
(0.0191999 -0.00688318 0)
(0.012363 -0.00641187 0)
(0.00630105 -0.00593615 0)
(0.000913302 -0.00543504 0)
(-0.00392724 -0.00491634 0)
(-0.00829727 -0.00438646 0)
(-0.0123043 -0.00388096 0)
(-0.0159646 -0.00342243 0)
(-0.0193591 -0.00310264 0)
(-0.0223999 -0.00297442 0)
(-0.0252038 -0.00318785 0)
(-0.0276299 -0.00368059 0)
(-0.0306771 -0.00472819 0)
(1.06605 -0.0309154 0)
(1.07004 -0.0328537 0)
(1.07321 -0.0347638 0)
(1.07549 -0.0366183 0)
(1.07687 -0.0383626 0)
(1.07735 -0.0399288 0)
(1.07699 -0.0412563 0)
(1.07582 -0.0423059 0)
(1.07391 -0.0430649 0)
(1.07131 -0.04354 0)
(1.06804 -0.0437466 0)
(1.06414 -0.0437015 0)
(1.05961 -0.0434208 0)
(1.05447 -0.0429216 0)
(1.04873 -0.0422247 0)
(1.04241 -0.0413571 0)
(1.03554 -0.040352 0)
(1.02815 -0.0392481 0)
(1.02027 -0.0380871 0)
(1.01192 -0.0369112 0)
(1.00314 -0.0357604 0)
(0.993956 -0.0346702 0)
(0.984386 -0.0336705 0)
(0.974446 -0.0327862 0)
(0.964162 -0.0320413 0)
(0.953542 -0.0314535 0)
(0.942585 -0.0310332 0)
(0.931283 -0.0307824 0)
(0.919619 -0.0306974 0)
(0.907573 -0.0307703 0)
(0.895119 -0.0309909 0)
(0.882224 -0.0313475 0)
(0.868854 -0.0318283 0)
(0.854965 -0.032421 0)
(0.840515 -0.0331136 0)
(0.825452 -0.0338931 0)
(0.809727 -0.0347472 0)
(0.793281 -0.0356614 0)
(0.776063 -0.0366218 0)
(0.758009 -0.0376122 0)
(0.739068 -0.0386164 0)
(0.719174 -0.0396151 0)
(0.698282 -0.0405897 0)
(0.676328 -0.0415171 0)
(0.653279 -0.0423757 0)
(0.629081 -0.0431372 0)
(0.603721 -0.0437742 0)
(0.577181 -0.0442493 0)
(0.549453 -0.0445117 0)
(0.520557 -0.0445015 0)
(0.490543 -0.0441586 0)
(0.459493 -0.0434275 0)
(0.427514 -0.0422618 0)
(0.394759 -0.0406298 0)
(0.361416 -0.038524 0)
(0.327735 -0.0359688 0)
(0.294013 -0.0330174 0)
(0.260595 -0.0297795 0)
(0.227921 -0.0264071 0)
(0.196504 -0.0230698 0)
(0.166876 -0.01991 0)
(0.139585 -0.0170331 0)
(0.115061 -0.0144597 0)
(0.0937377 -0.0122804 0)
(0.0754285 -0.0104473 0)
(0.0597477 -0.00889146 0)
(0.0462322 -0.00757239 0)
(0.0344565 -0.00650708 0)
(0.0239661 -0.00574811 0)
(0.0145392 -0.0053339 0)
(0.00619807 -0.00514343 0)
(-0.00106957 -0.00490363 0)
(-0.00738184 -0.00443347 0)
(-0.0128548 -0.00376254 0)
(-0.017643 -0.00306483 0)
(-0.0218776 -0.00249641 0)
(-0.0256367 -0.00212955 0)
(-0.0290341 -0.00193944 0)
(-0.0321259 -0.00187117 0)
(-0.0349479 -0.00184295 0)
(-0.0375152 -0.00178681 0)
(-0.0398481 -0.00167298 0)
(-0.0419614 -0.00149577 0)
(-0.043881 -0.00128574 0)
(-0.0456184 -0.00108978 0)
(-0.047193 -0.000996317 0)
(-0.0486042 -0.00109118 0)
(-0.0499562 -0.00146564 0)
(-0.0514449 -0.00210716 0)
(-0.0531338 -0.00292182 0)
(1.02401 -0.036801 0)
(1.01909 -0.0373633 0)
(1.01285 -0.0379171 0)
(1.00529 -0.0384475 0)
(0.996428 -0.0389128 0)
(0.986333 -0.0392598 0)
(0.975094 -0.0394414 0)
(0.962821 -0.039422 0)
(0.949619 -0.0391777 0)
(0.935607 -0.0386999 0)
(0.920899 -0.0379933 0)
(0.905602 -0.037071 0)
(0.889812 -0.03595 0)
(0.873616 -0.0346503 0)
(0.857099 -0.0331948 0)
(0.840344 -0.0316112 0)
(0.823428 -0.0299317 0)
(0.806422 -0.0281942 0)
(0.789388 -0.0264389 0)
(0.772378 -0.0247061 0)
(0.755431 -0.0230329 0)
(0.738577 -0.0214516 0)
(0.721831 -0.0199878 0)
(0.705186 -0.0186617 0)
(0.688643 -0.0174922 0)
(0.672196 -0.0164919 0)
(0.655829 -0.0156659 0)
(0.639515 -0.0150114 0)
(0.623218 -0.0145198 0)
(0.606893 -0.0141778 0)
(0.590494 -0.013969 0)
(0.573968 -0.013876 0)
(0.557264 -0.0138809 0)
(0.540329 -0.0139659 0)
(0.523112 -0.0141136 0)
(0.505562 -0.0143066 0)
(0.487633 -0.0145282 0)
(0.469279 -0.0147613 0)
(0.450464 -0.0149894 0)
(0.431155 -0.0151958 0)
(0.41133 -0.0153646 0)
(0.39097 -0.0154795 0)
(0.370081 -0.0155262 0)
(0.348664 -0.0154901 0)
(0.326761 -0.0153614 0)
(0.304404 -0.0151287 0)
(0.281705 -0.0147907 0)
(0.25879 -0.0143367 0)
(0.235786 -0.0137482 0)
(0.212869 -0.0130183 0)
(0.190252 -0.0121539 0)
(0.168184 -0.0111717 0)
(0.146933 -0.010094 0)
(0.126764 -0.00894342 0)
(0.107904 -0.00774553 0)
(0.0905327 -0.00649711 0)
(0.0747789 -0.00529815 0)
(0.0605595 -0.00421379 0)
(0.0477763 -0.00331181 0)
(0.0363198 -0.0026762 0)
(0.0260768 -0.00237339 0)
(0.0168909 -0.0023955 0)
(0.00851984 -0.00262137 0)
(0.00112188 -0.00290073 0)
(-0.00535619 -0.00291179 0)
(-0.010939 -0.00250652 0)
(-0.0156568 -0.00179185 0)
(-0.0196189 -0.00102591 0)
(-0.0229804 -0.000484288 0)
(-0.0259001 -0.000271339 0)
(-0.0285561 -0.000289721 0)
(-0.0310231 -0.000406519 0)
(-0.0332679 -0.000469816 0)
(-0.0352217 -0.00042754 0)
(-0.0368674 -0.000323132 0)
(-0.0382463 -0.00022306 0)
(-0.0394346 -0.000171466 0)
(-0.0405191 -0.000189824 0)
(-0.041553 -0.000250434 0)
(-0.0425588 -0.000310465 0)
(-0.0435301 -0.000339886 0)
(-0.0444435 -0.000326568 0)
(-0.0452714 -0.000271162 0)
(-0.0459968 -0.00018976 0)
(-0.0466185 -0.00011052 0)
(-0.0471591 -8.49942e-05 0)
(-0.0476728 -0.00018244 0)
(-0.0483074 -0.000479771 0)
(-0.0493096 -0.000967774 0)
(-0.050539 -0.00144129 0)
(0.714912 -0.0206487 0)
(0.685969 -0.020223 0)
(0.656925 -0.0198093 0)
(0.6278 -0.0194013 0)
(0.598659 -0.0189754 0)
(0.56958 -0.0185004 0)
(0.540695 -0.0179486 0)
(0.512176 -0.0172961 0)
(0.484185 -0.0165191 0)
(0.456901 -0.0156053 0)
(0.430493 -0.0145569 0)
(0.405119 -0.0133898 0)
(0.380918 -0.0121286 0)
(0.358006 -0.0108025 0)
(0.336478 -0.00944325 0)
(0.3164 -0.00808423 0)
(0.297814 -0.00676009 0)
(0.280726 -0.00550494 0)
(0.26511 -0.00434977 0)
(0.250904 -0.00331953 0)
(0.238019 -0.002432 0)
(0.226341 -0.00169677 0)
(0.21574 -0.00111676 0)
(0.206077 -0.000682938 0)
(0.197217 -0.000373108 0)
(0.189029 -0.000164856 0)
(0.181384 -4.03084e-05 0)
(0.174158 1.49352e-05 0)
(0.167237 1.40766e-05 0)
(0.160519 -2.97384e-05 0)
(0.153916 -0.000103553 0)
(0.147356 -0.000195128 0)
(0.140778 -0.000293351 0)
(0.13414 -0.000388303 0)
(0.127409 -0.000471235 0)
(0.120567 -0.000534489 0)
(0.113607 -0.000571536 0)
(0.106533 -0.000577033 0)
(0.0993586 -0.000546963 0)
(0.0921083 -0.000478807 0)
(0.0848146 -0.000371765 0)
(0.0775174 -0.00022713 0)
(0.0702631 -4.85132e-05 0)
(0.0631015 0.000157541 0)
(0.0560857 0.000381574 0)
(0.0492654 0.000609412 0)
(0.042687 0.000820409 0)
(0.0363812 0.000976811 0)
(0.0303634 0.0010372 0)
(0.0246384 0.000973226 0)
(0.0192004 0.000774585 0)
(0.0140367 0.000453002 0)
(0.00913896 4.68717e-05 0)
(0.00451865 -0.000374291 0)
(0.000194884 -0.000717889 0)
(-0.00382971 -0.000908347 0)
(-0.00739504 -0.000966796 0)
(-0.0103823 -0.000836739 0)
(-0.0127388 -0.000527956 0)
(-0.0144877 -0.000119324 0)
(-0.0157464 0.000275797 0)
(-0.0166945 0.000551474 0)
(-0.0175733 0.000680121 0)
(-0.0185227 0.000701072 0)
(-0.0195532 0.000647755 0)
(-0.0205136 0.000577842 0)
(-0.0212314 0.000515339 0)
(-0.0216255 0.000465799 0)
(-0.021743 0.00041263 0)
(-0.0217242 0.000328673 0)
(-0.0217249 0.000212412 0)
(-0.0218344 0.000108161 0)
(-0.0220386 5.42553e-05 0)
(-0.0222556 5.50633e-05 0)
(-0.0224159 8.68544e-05 0)
(-0.0224985 0.000120087 0)
(-0.0225255 0.000135728 0)
(-0.0225423 0.000128207 0)
(-0.0225882 0.000103986 0)
(-0.0226793 7.32058e-05 0)
(-0.0228081 4.64806e-05 0)
(-0.0229519 3.14279e-05 0)
(-0.0230819 3.18097e-05 0)
(-0.0231734 4.62955e-05 0)
(-0.0232134 6.90467e-05 0)
(-0.0232117 8.57631e-05 0)
(-0.0232133 6.88593e-05 0)
(-0.0233352 -2.31975e-05 0)
(-0.0238086 -0.000203047 0)
(-0.0246889 -0.000373175 0)
)
;

boundaryField
{
    fixedWalls
    {
        type            noSlip;
    }
    inflowWall
    {
        type            fixedValue;
        value           uniform (1 0 0);
    }
    outflowWall
    {
        type            zeroGradient;
    }
    frontAndBack
    {
        type            empty;
    }
}


// ************************************************************************* //
