/*--------------------------------*- C++ -*----------------------------------*\
| =========                 |                                                 |
| \\      /  F ield         | OpenFOAM: The Open Source CFD Toolbox           |
|  \\    /   O peration     | Version:  2306                                  |
|   \\  /    A nd           | Website:  www.openfoam.com                      |
|    \\/     M anipulation  |                                                 |
\*---------------------------------------------------------------------------*/
FoamFile
{
    version     2.0;
    format      ascii;
    arch        "LSB;label=32;scalar=64";
    class       surfaceScalarField;
    location    "8";
    object      phi;
}
// * * * * * * * * * * * * * * * * * * * * * * * * * * * * * * * * * * * * * //

dimensions      [0 3 -1 0 0 0 0];

oriented        oriented;

internalField   nonuniform List<scalar> 
3680
(
4.93468e-05
6.53214e-07
4.7974e-05
1.3728e-06
4.66971e-05
1.2769e-06
4.52597e-05
1.43739e-06
4.41207e-05
1.13902e-06
4.27162e-05
1.40451e-06
4.17303e-05
9.85888e-07
4.04271e-05
1.30316e-06
3.97908e-05
6.36272e-07
9.91368e-07
3.87995e-05
5.03392e-05
3.13967e-07
5.08676e-05
8.4448e-07
5.11318e-05
1.0127e-06
5.14643e-05
1.10488e-06
5.15914e-05
1.0119e-06
5.19733e-05
1.02262e-06
5.20575e-05
9.0164e-07
5.25068e-05
8.53903e-07
5.25e-05
6.43071e-07
4.38568e-07
5.30528e-05
5.01633e-05
1.50702e-07
5.05552e-05
4.52543e-07
5.09756e-05
5.92354e-07
5.14189e-05
6.61568e-07
5.18156e-05
6.15146e-07
5.22662e-05
5.72031e-07
5.26929e-05
4.74942e-07
5.31616e-05
3.85226e-07
5.35779e-05
2.26789e-07
2.13694e-08
5.39951e-05
5.00932e-05
5.749e-08
5.03763e-05
1.69492e-07
5.07338e-05
2.34806e-07
5.11456e-05
2.49731e-07
5.1549e-05
2.11757e-07
5.19712e-05
1.49851e-07
5.2382e-05
6.41125e-08
5.28099e-05
-4.26052e-08
5.32197e-05
-1.82987e-07
-3.50828e-07
5.35919e-05
5.00738e-05
-1.62965e-08
5.02912e-05
-4.79257e-08
5.0611e-05
-8.49812e-08
5.09885e-05
-1.27821e-07
5.138e-05
-1.79685e-07
5.17739e-05
-2.44046e-07
5.21645e-05
-3.26474e-07
5.25509e-05
-4.29035e-07
5.29207e-05
-5.5278e-07
-6.97165e-07
5.3267e-05
5.00732e-05
-8.94687e-08
5.02829e-05
-2.57691e-07
5.05978e-05
-3.99831e-07
5.09653e-05
-4.95335e-07
5.13444e-05
-5.58815e-07
5.17217e-05
-6.2131e-07
5.20916e-05
-6.96408e-07
5.24529e-05
-7.9034e-07
5.28029e-05
-9.02706e-07
-1.0292e-06
5.31349e-05
5.00942e-05
-1.83683e-07
5.03556e-05
-5.19109e-07
5.06984e-05
-7.42557e-07
5.10684e-05
-8.65402e-07
5.1441e-05
-9.31366e-07
5.1805e-05
-9.85329e-07
5.2162e-05
-1.05344e-06
5.25138e-05
-1.14208e-06
5.28551e-05
-1.24406e-06
-1.35121e-06
5.31771e-05
5.01665e-05
-3.50182e-07
5.05181e-05
-8.70731e-07
5.0921e-05
-1.14545e-06
5.13e-05
-1.24438e-06
5.16491e-05
-1.28046e-06
5.19868e-05
-1.32308e-06
5.23212e-05
-1.38778e-06
5.26432e-05
-1.46408e-06
5.29391e-05
-1.53996e-06
-1.60992e-06
5.31978e-05
5.03676e-05
-7.17826e-07
5.08005e-05
-1.30363e-06
5.10994e-05
-1.44436e-06
5.12772e-05
-1.42218e-06
5.14062e-05
-1.40945e-06
5.15055e-05
-1.42236e-06
5.15577e-05
-1.43997e-06
5.15462e-05
-1.45258e-06
5.14628e-05
-1.45655e-06
-1.45519e-06
5.13081e-05
4.92822e-05
4.79785e-05
4.65342e-05
4.5112e-05
4.37026e-05
4.22802e-05
4.08402e-05
3.93876e-05
3.79311e-05
3.64759e-05
1.42904e-08
-1.42904e-08
1.0489e-08
3.80096e-09
-8.43471e-09
1.89237e-08
-3.71558e-08
2.87212e-08
-7.2852e-08
3.56962e-08
-1.14238e-07
4.1386e-08
-1.60919e-07
4.66814e-08
-2.12643e-07
5.1724e-08
-2.69118e-07
5.64746e-08
-3.30008e-07
6.08896e-08
-3.94946e-07
6.49381e-08
-4.63552e-07
6.86061e-08
-5.35444e-07
7.18924e-08
-6.10248e-07
7.48039e-08
-6.87602e-07
7.7354e-08
-7.67164e-07
7.9562e-08
-8.48614e-07
8.14501e-08
-9.31655e-07
8.30408e-08
-1.01601e-06
8.43575e-08
-1.10145e-06
8.54327e-08
-1.18775e-06
8.63057e-08
-1.27477e-06
8.7021e-08
-1.3624e-06
8.76272e-08
-1.45057e-06
8.81758e-08
-1.5393e-06
8.87207e-08
-1.62862e-06
8.93206e-08
-1.71866e-06
9.00411e-08
-1.80961e-06
9.09527e-08
-1.90174e-06
9.21274e-08
-1.99538e-06
9.36379e-08
-2.09093e-06
9.55548e-08
-2.18887e-06
9.79426e-08
-2.28973e-06
1.0086e-07
-2.3941e-06
1.0437e-07
-2.50266e-06
1.08557e-07
-2.61619e-06
1.13534e-07
-2.73563e-06
1.19437e-07
-2.86206e-06
1.26431e-07
-2.9968e-06
1.34736e-07
-3.14142e-06
1.44625e-07
-3.29787e-06
1.56449e-07
-3.46852e-06
1.70648e-07
-3.65624e-06
1.87722e-07
-3.86434e-06
2.08102e-07
-4.0963e-06
2.3196e-07
-4.35536e-06
2.59053e-07
-4.64391e-06
2.88551e-07
-4.96291e-06
3.19006e-07
-5.31131e-06
3.48397e-07
-5.68541e-06
3.74102e-07
-6.07819e-06
3.92778e-07
-6.47938e-06
4.01187e-07
-6.87605e-06
3.96678e-07
-7.25374e-06
3.77688e-07
-7.59652e-06
3.42782e-07
-7.888e-06
2.91477e-07
-8.11427e-06
2.26264e-07
-8.26549e-06
1.51227e-07
-8.32824e-06
6.2748e-08
-8.29431e-06
-3.39323e-08
-8.16271e-06
-1.31595e-07
-7.93118e-06
-2.31534e-07
-7.59909e-06
-3.32094e-07
-7.17039e-06
-4.28699e-07
-6.65101e-06
-5.19381e-07
-6.04799e-06
-6.03015e-07
-5.3703e-06
-6.77694e-07
-4.62677e-06
-7.43528e-07
-3.82955e-06
-7.97215e-07
-2.98573e-06
-8.43819e-07
-2.11279e-06
-8.72941e-07
-1.21522e-06
-8.97571e-07
-3.09434e-07
-9.05787e-07
6.02153e-07
-9.11587e-07
1.5028e-06
-9.00646e-07
2.3958e-06
-8.93004e-07
3.26225e-06
-8.66451e-07
4.11128e-06
-8.49023e-07
4.92302e-06
-8.11739e-07
5.71285e-06
-7.89833e-07
6.45951e-06
-7.46665e-07
7.18513e-06
-7.25621e-07
7.86649e-06
-6.81351e-07
8.53274e-06
-6.66258e-07
9.15831e-06
-6.25564e-07
9.77971e-06
-6.21401e-07
1.03686e-05
-5.88853e-07
1.09714e-05
-6.02814e-07
1.15557e-05
-5.84318e-07
-6.42776e-07
-1.13024e-08
-2.9875e-09
-6.56663e-08
5.81648e-08
-1.50186e-07
1.03444e-07
-2.56638e-07
1.35173e-07
-3.80163e-07
1.59221e-07
-5.18383e-07
1.79606e-07
-6.69637e-07
1.97936e-07
-8.3244e-07
2.14527e-07
-1.00537e-06
2.29404e-07
-1.18706e-06
2.42575e-07
-1.37617e-06
2.54056e-07
-1.57146e-06
2.63895e-07
-1.77174e-06
2.72169e-07
-1.97591e-06
2.7898e-07
-2.18301e-06
2.84448e-07
-2.39215e-06
2.88708e-07
-2.6026e-06
2.91899e-07
-2.81373e-06
2.94162e-07
-3.025e-06
2.95633e-07
-3.23604e-06
2.96469e-07
-3.44657e-06
2.96839e-07
-3.65647e-06
2.96919e-07
-3.86573e-06
2.96889e-07
-4.07449e-06
2.96932e-07
-4.28299e-06
2.97226e-07
-4.49163e-06
2.97956e-07
-4.7009e-06
2.99316e-07
-4.91145e-06
3.01503e-07
-5.12403e-06
3.04704e-07
-5.33949e-06
3.09096e-07
-5.55877e-06
3.14836e-07
-5.78288e-06
3.22056e-07
-6.01288e-06
3.30853e-07
-6.24981e-06
3.41305e-07
-6.49475e-06
3.53496e-07
-6.74874e-06
3.67526e-07
-7.01277e-06
3.8346e-07
-7.28765e-06
4.01313e-07
-7.574e-06
4.21087e-07
-7.87212e-06
4.42745e-07
-8.18188e-06
4.66212e-07
-8.50264e-06
4.91401e-07
-8.83309e-06
5.18172e-07
-9.17112e-06
5.46137e-07
-9.51349e-06
5.74333e-07
-9.85566e-06
6.0122e-07
-1.01916e-05
6.24492e-07
-1.05138e-05
6.41176e-07
-1.08133e-05
6.47885e-07
-1.10804e-05
6.4123e-07
-1.13043e-05
6.1667e-07
-1.14736e-05
5.7049e-07
-1.15766e-05
4.99656e-07
-1.16027e-05
4.03864e-07
-1.15427e-05
2.82781e-07
-1.13878e-05
1.36539e-07
-1.11271e-05
-3.4464e-08
-1.0765e-05
-2.10834e-07
-1.02974e-05
-4.04852e-07
-9.72416e-06
-6.07179e-07
-9.04146e-06
-8.1429e-07
-8.25516e-06
-1.01783e-06
-7.36916e-06
-1.2181e-06
-6.39057e-06
-1.40729e-06
-5.3277e-06
-1.58225e-06
-4.19003e-06
-1.74068e-06
-2.98697e-06
-1.88075e-06
-1.73055e-06
-1.99995e-06
-4.30313e-07
-2.09745e-06
8.98448e-07
-2.17258e-06
2.249e-06
-2.2235e-06
3.61124e-06
-2.2598e-06
4.97286e-06
-2.26741e-06
6.32957e-06
-2.2683e-06
7.66741e-06
-2.23849e-06
8.98603e-06
-2.21162e-06
1.02725e-05
-2.15296e-06
1.15306e-05
-2.10704e-06
1.27477e-05
-2.0289e-06
1.3932e-05
-1.97409e-06
1.50715e-05
-1.88614e-06
1.61785e-05
-1.83271e-06
1.72414e-05
-1.74419e-06
1.82774e-05
-1.70224e-06
1.92736e-05
-1.62178e-06
2.0254e-05
-1.60181e-06
2.12032e-05
-1.53802e-06
2.2154e-05
-1.55362e-06
2.3086e-05
-1.51633e-06
-1.57581e-06
-5.07408e-08
4.77533e-08
-1.88421e-07
1.95845e-07
-3.72192e-07
2.87214e-07
-5.83083e-07
3.46065e-07
-8.12145e-07
3.88283e-07
-1.05691e-06
4.24373e-07
-1.3157e-06
4.56728e-07
-1.58591e-06
4.84736e-07
-1.86486e-06
5.08349e-07
-2.15003e-06
5.27748e-07
-2.43916e-06
5.43182e-07
-2.73022e-06
5.54961e-07
-3.0215e-06
5.63446e-07
-3.31153e-06
5.69016e-07
-3.59914e-06
5.72051e-07
-3.88336e-06
5.72928e-07
-4.16347e-06
5.72008e-07
-4.43894e-06
5.69632e-07
-4.70937e-06
5.66065e-07
-4.97454e-06
5.61643e-07
-5.23439e-06
5.5669e-07
-5.48899e-06
5.51513e-07
-5.7385e-06
5.46402e-07
-5.9832e-06
5.41628e-07
-6.22341e-06
5.37439e-07
-6.45952e-06
5.34065e-07
-6.69193e-06
5.3173e-07
-6.92108e-06
5.3065e-07
-7.14737e-06
5.30996e-07
-7.37117e-06
5.32892e-07
-7.59275e-06
5.36418e-07
-7.81228e-06
5.41585e-07
-8.02975e-06
5.4833e-07
-8.24497e-06
5.56517e-07
-8.45745e-06
5.65986e-07
-8.66653e-06
5.76602e-07
-8.87122e-06
5.88151e-07
-9.07013e-06
6.0022e-07
-9.26144e-06
6.12394e-07
-9.44284e-06
6.24152e-07
-9.61149e-06
6.3486e-07
-9.76389e-06
6.43796e-07
-9.89594e-06
6.50225e-07
-1.0003e-05
6.53231e-07
-1.00799e-05
6.51151e-07
-1.01205e-05
6.41878e-07
-1.01186e-05
6.22618e-07
-1.00674e-05
5.89952e-07
-9.95926e-06
5.39735e-07
-9.78818e-06
4.7015e-07
-9.54819e-06
3.76675e-07
-9.23431e-06
2.56612e-07
-8.84016e-06
1.05511e-07
-8.36315e-06
-7.31547e-08
-7.80359e-06
-2.76779e-07
-7.16058e-06
-5.06468e-07
-6.43439e-06
-7.60649e-07
-5.61742e-06
-1.02781e-06
-4.71434e-06
-1.30793e-06
-3.73162e-06
-1.5899e-06
-2.67118e-06
-1.87472e-06
-1.53968e-06
-2.14933e-06
-3.40241e-07
-2.41754e-06
9.13995e-07
-2.66152e-06
2.22156e-06
-2.88981e-06
3.57011e-06
-3.08923e-06
4.95497e-06
-3.26561e-06
6.36369e-06
-3.40867e-06
7.79028e-06
-3.52404e-06
9.2252e-06
-3.6075e-06
1.06605e-05
-3.65879e-06
1.20867e-05
-3.68599e-06
1.34978e-05
-3.67858e-06
1.48857e-05
-3.65616e-06
1.62462e-05
-3.59894e-06
1.75728e-05
-3.53826e-06
1.88634e-05
-3.44352e-06
2.01143e-05
-3.35795e-06
2.13244e-05
-3.23903e-06
2.24933e-05
-3.14297e-06
2.36205e-05
-3.01339e-06
2.4709e-05
-2.92115e-06
2.57584e-05
-2.79364e-06
2.67753e-05
-2.71918e-06
2.77591e-05
-2.60552e-06
2.87199e-05
-2.56262e-06
2.96564e-05
-2.47449e-06
3.05803e-05
-2.47752e-06
3.14894e-05
-2.42542e-06
-2.49503e-06
-1.38954e-07
1.86707e-07
-3.94145e-07
4.51036e-07
-6.88852e-07
5.81921e-07
-1.00074e-06
6.57949e-07
-1.3275e-06
7.1505e-07
-1.66623e-06
7.63102e-07
-2.01187e-06
8.02361e-07
-2.35961e-06
8.32484e-07
-2.70541e-06
8.54146e-07
-3.04618e-06
8.6852e-07
-3.37943e-06
8.76425e-07
-3.70324e-06
8.78769e-07
-4.01625e-06
8.76461e-07
-4.31753e-06
8.703e-07
-4.60648e-06
8.60999e-07
-4.88276e-06
8.49203e-07
-5.14623e-06
8.35485e-07
-5.39692e-06
8.20322e-07
-5.63498e-06
8.04117e-07
-5.86061e-06
7.87274e-07
-6.07408e-06
7.70167e-07
-6.27569e-06
7.53123e-07
-6.46572e-06
7.36431e-07
-6.64444e-06
7.20344e-07
-6.81206e-06
7.05056e-07
-6.9687e-06
6.90712e-07
-7.11441e-06
6.7744e-07
-7.24914e-06
6.65374e-07
-7.3727e-06
6.54556e-07
-7.48476e-06
6.44957e-07
-7.58483e-06
6.36485e-07
-7.67221e-06
6.28961e-07
-7.74599e-06
6.22111e-07
-7.80502e-06
6.15554e-07
-7.84788e-06
6.0884e-07
-7.87286e-06
6.01582e-07
-7.87813e-06
5.93419e-07
-7.86146e-06
5.83559e-07
-7.8203e-06
5.71225e-07
-7.75169e-06
5.5555e-07
-7.65233e-06
5.35498e-07
-7.51848e-06
5.09944e-07
-7.34578e-06
4.7752e-07
-7.13021e-06
4.37664e-07
-6.86739e-06
3.88337e-07
-6.55276e-06
3.27246e-07
-6.18157e-06
2.51426e-07
-5.75012e-06
1.58501e-07
-5.25242e-06
4.20361e-08
-4.68856e-06
-9.37072e-08
-4.05622e-06
-2.55674e-07
-3.3543e-06
-4.45306e-07
-2.58286e-06
-6.65924e-07
-1.74272e-06
-9.13295e-07
-8.30548e-07
-1.18895e-06
1.4877e-07
-1.48579e-06
1.19304e-06
-1.80492e-06
2.29764e-06
-2.13241e-06
3.4616e-06
-2.47188e-06
4.67895e-06
-2.80726e-06
5.94769e-06
-3.14346e-06
7.25968e-06
-3.46133e-06
8.61151e-06
-3.76937e-06
9.99561e-06
-4.04563e-06
1.14073e-05
-4.30154e-06
1.28361e-05
-4.51801e-06
1.42775e-05
-4.70696e-06
1.5721e-05
-4.85218e-06
1.71616e-05
-4.9647e-06
1.85892e-05
-5.03504e-06
2.00005e-05
-5.07015e-06
2.1384e-05
-5.06946e-06
2.27397e-05
-5.0343e-06
2.40565e-05
-4.97293e-06
2.53371e-05
-4.87951e-06
2.65712e-05
-4.77242e-06
2.77643e-05
-4.63656e-06
2.89076e-05
-4.50124e-06
3.00085e-05
-4.33998e-06
3.10601e-05
-4.19454e-06
3.20714e-05
-4.02474e-06
3.30369e-05
-3.88666e-06
3.39673e-05
-3.72401e-06
3.48578e-05
-3.60964e-06
3.57206e-05
-3.46837e-06
3.65511e-05
-3.39306e-06
3.73631e-05
-3.28649e-06
3.8151e-05
-3.26543e-06
3.89335e-05
-3.20792e-06
-3.26131e-06
-1.95976e-07
3.82683e-07
-5.67188e-07
8.22248e-07
-9.85673e-07
1.00041e-06
-1.41308e-06
1.08535e-06
-1.8331e-06
1.13507e-06
-2.23704e-06
1.16705e-06
-2.62121e-06
1.18652e-06
-2.98452e-06
1.1958e-06
-3.32527e-06
1.1949e-06
-3.64208e-06
1.18532e-06
-3.93436e-06
1.16871e-06
-4.20212e-06
1.14653e-06
-4.44573e-06
1.12007e-06
-4.66585e-06
1.09042e-06
-4.86331e-06
1.05846e-06
-5.03905e-06
1.02494e-06
-5.19403e-06
9.90469e-07
-5.32922e-06
9.55512e-07
-5.44546e-06
9.20361e-07
-5.54356e-06
8.8537e-07
-5.62423e-06
8.50835e-07
-5.68807e-06
8.16966e-07
-5.73556e-06
7.83917e-07
-5.76702e-06
7.51811e-07
-5.78266e-06
7.20687e-07
-5.78246e-06
6.90513e-07
-5.76622e-06
6.61203e-07
-5.73361e-06
6.32767e-07
-5.68414e-06
6.05079e-07
-5.61708e-06
5.77902e-07
-5.53155e-06
5.50957e-07
-5.42647e-06
5.23873e-07
-5.30053e-06
4.96178e-07
-5.15226e-06
4.67278e-07
-4.97988e-06
4.36461e-07
-4.78133e-06
4.0303e-07
-4.55474e-06
3.66837e-07
-4.29789e-06
3.26706e-07
-4.00825e-06
2.81587e-07
-3.68311e-06
2.30409e-07
-3.3194e-06
1.71781e-07
-2.91386e-06
1.04405e-07
-2.46194e-06
2.5602e-08
-1.96239e-06
-6.18813e-08
-1.41175e-06
-1.62308e-07
-8.0646e-07
-2.78042e-07
-1.43626e-07
-4.11407e-07
5.79478e-07
-5.64603e-07
1.36222e-06
-7.4071e-07
2.20775e-06
-9.39233e-07
3.11715e-06
-1.16507e-06
4.08813e-06
-1.41629e-06
5.11925e-06
-1.69704e-06
6.2069e-06
-2.00095e-06
7.34946e-06
-2.33151e-06
8.5415e-06
-2.67782e-06
9.78074e-06
-3.04416e-06
1.10621e-05
-3.41378e-06
1.23829e-05
-3.79272e-06
1.37365e-05
-4.16083e-06
1.51193e-05
-4.52623e-06
1.65237e-05
-4.86576e-06
1.79446e-05
-5.19029e-06
1.93745e-05
-5.47546e-06
2.08076e-05
-5.73471e-06
2.22348e-05
-5.94523e-06
2.3651e-05
-6.12308e-06
2.50466e-05
-6.24777e-06
2.64183e-05
-6.33642e-06
2.7756e-05
-6.37279e-06
2.90597e-05
-6.37383e-06
3.03186e-05
-6.32833e-06
3.15359e-05
-6.25166e-06
3.27012e-05
-6.13816e-06
3.38212e-05
-5.99953e-06
3.48853e-05
-5.83655e-06
3.5904e-05
-5.65522e-06
3.68663e-05
-5.46361e-06
3.77862e-05
-5.2598e-06
3.8652e-05
-5.06038e-06
3.94807e-05
-4.85343e-06
4.02597e-05
-4.66567e-06
4.10087e-05
-4.47305e-06
4.17136e-05
-4.31454e-06
4.23969e-05
-4.15167e-06
4.30422e-05
-4.03827e-06
4.36746e-05
-3.91896e-06
4.4275e-05
-3.86577e-06
4.48706e-05
-3.8036e-06
-3.83165e-06
-4.21698e-07
8.04381e-07
-9.61413e-07
1.36196e-06
-1.45377e-06
1.49276e-06
-1.88677e-06
1.51835e-06
-2.28186e-06
1.53016e-06
-2.64426e-06
1.52945e-06
-2.96951e-06
1.51177e-06
-3.25178e-06
1.47807e-06
-3.48776e-06
1.43089e-06
-3.67977e-06
1.37732e-06
-3.83091e-06
1.31986e-06
-3.94436e-06
1.25997e-06
-4.02318e-06
1.19889e-06
-4.07028e-06
1.13752e-06
-4.08835e-06
1.07653e-06
-4.0798e-06
1.01639e-06
-4.04681e-06
9.5748e-07
-3.99134e-06
9.00048e-07
-3.91497e-06
8.43992e-07
-3.81906e-06
7.89456e-07
-3.70474e-06
7.36515e-07
-3.57292e-06
6.85141e-07
-3.42421e-06
6.35211e-07
-3.25903e-06
5.86635e-07
-3.07755e-06
5.39208e-07
-2.87969e-06
4.92649e-07
-2.66502e-06
4.46534e-07
-2.43308e-06
4.00825e-07
-2.18312e-06
3.55123e-07
-1.91415e-06
3.08928e-07
-1.625e-06
2.61811e-07
-1.31434e-06
2.13214e-07
-9.80641e-07
1.62476e-07
-6.2211e-07
1.08747e-07
-2.36548e-07
5.08985e-08
1.78626e-07
-1.21434e-08
6.23427e-07
-7.79644e-08
1.10114e-06
-1.51011e-07
1.61428e-06
-2.31551e-07
2.16527e-06
-3.20577e-07
2.75664e-06
-4.19588e-07
3.3907e-06
-5.29658e-07
4.06865e-06
-6.52349e-07
4.79503e-06
-7.88258e-07
5.57261e-06
-9.39892e-07
6.40301e-06
-1.10844e-06
7.28811e-06
-1.2965e-06
8.22826e-06
-1.50475e-06
9.22421e-06
-1.73666e-06
1.02756e-05
-1.99061e-06
1.13813e-05
-2.27077e-06
1.25384e-05
-2.57343e-06
1.37442e-05
-2.90286e-06
1.49943e-05
-3.25098e-06
1.62847e-05
-3.62192e-06
1.76097e-05
-4.00288e-06
1.89642e-05
-4.39865e-06
2.03423e-05
-4.79182e-06
2.17378e-05
-5.18827e-06
2.31441e-05
-5.56714e-06
2.45542e-05
-5.93633e-06
2.59609e-05
-6.27241e-06
2.73567e-05
-6.5861e-06
2.87342e-05
-6.85297e-06
3.00867e-05
-7.08723e-06
3.14065e-05
-7.26501e-06
3.26884e-05
-7.40495e-06
3.39253e-05
-7.48465e-06
3.5115e-05
-7.5262e-06
3.62512e-05
-7.50896e-06
3.7335e-05
-7.4576e-06
3.83602e-05
-7.35355e-06
3.93314e-05
-7.22289e-06
4.02426e-05
-7.04935e-06
4.11018e-05
-6.85873e-06
4.19025e-05
-6.63724e-06
4.2656e-05
-6.40874e-06
4.33547e-05
-6.16225e-06
4.40129e-05
-5.91803e-06
4.46211e-05
-5.66861e-06
4.51968e-05
-5.42911e-06
4.57278e-05
-5.19667e-06
4.62346e-05
-4.97981e-06
4.67018e-05
-4.78175e-06
4.7153e-05
-4.60285e-06
4.7569e-05
-4.45429e-06
4.79765e-05
-4.32646e-06
4.83516e-05
-4.24085e-06
4.87237e-05
-4.17568e-06
-4.17219e-06
-2.66434e-07
1.07082e-06
-8.60212e-07
1.95574e-06
-1.478e-06
2.11054e-06
-1.99474e-06
2.0351e-06
-2.38342e-06
1.91884e-06
-2.64709e-06
1.79312e-06
-2.80369e-06
1.66837e-06
-2.87372e-06
1.5481e-06
-2.87457e-06
1.43174e-06
-2.81751e-06
1.32026e-06
-2.71092e-06
1.21327e-06
-2.56161e-06
1.11067e-06
-2.37547e-06
1.01274e-06
-2.15752e-06
9.19579e-07
-1.91203e-06
8.31032e-07
-1.64259e-06
7.46954e-07
-1.35222e-06
6.67108e-07
-1.04351e-06
5.91336e-07
-7.18251e-07
5.18735e-07
-3.78155e-07
4.49359e-07
-2.44879e-08
3.82848e-07
3.41933e-07
3.18721e-07
7.20521e-07
2.56622e-07
1.11101e-06
1.9615e-07
1.51344e-06
1.36777e-07
1.92835e-06
7.77385e-08
2.35702e-06
1.78569e-08
2.79943e-06
-4.15757e-08
3.25667e-06
-1.02118e-07
3.73035e-06
-1.64753e-07
4.22198e-06
-2.29826e-07
4.73328e-06
-2.98084e-07
5.26604e-06
-3.70278e-07
5.82213e-06
-4.47346e-07
6.40311e-06
-5.30084e-07
7.01024e-06
-6.19272e-07
7.6478e-06
-7.15527e-07
8.31714e-06
-8.20347e-07
9.02039e-06
-9.34799e-07
9.7598e-06
-1.05999e-06
1.05373e-05
-1.19713e-06
1.1355e-05
-1.34736e-06
1.22148e-05
-1.5121e-06
1.31188e-05
-1.69223e-06
1.40683e-05
-1.88941e-06
1.50643e-05
-2.10448e-06
1.61073e-05
-2.33952e-06
1.7197e-05
-2.59446e-06
1.83321e-05
-2.87172e-06
1.9511e-05
-3.16949e-06
2.07305e-05
-3.49027e-06
2.1987e-05
-3.82997e-06
2.32752e-05
-4.19102e-06
2.459e-05
-4.56582e-06
2.59243e-05
-4.95619e-06
2.72719e-05
-5.35044e-06
2.86239e-05
-5.75072e-06
2.9974e-05
-6.14186e-06
3.13127e-05
-6.52696e-06
3.26332e-05
-6.88767e-06
3.39263e-05
-7.2294e-06
3.51853e-05
-7.53148e-06
3.64021e-05
-7.80288e-06
3.7571e-05
-8.02187e-06
3.86858e-05
-8.20203e-06
3.9742e-05
-8.32121e-06
4.0736e-05
-8.39893e-06
4.16651e-05
-8.41371e-06
4.25295e-05
-8.39063e-06
4.33282e-05
-8.30764e-06
4.40644e-05
-8.19382e-06
4.47376e-05
-8.02678e-06
4.53539e-05
-7.8392e-06
4.59127e-05
-7.60815e-06
4.64225e-05
-7.36854e-06
4.68818e-05
-7.09656e-06
4.73012e-05
-6.82808e-06
4.76773e-05
-6.53839e-06
4.80225e-05
-6.26323e-06
4.83312e-05
-5.97728e-06
4.86173e-05
-5.71525e-06
4.88724e-05
-5.45178e-06
4.91124e-05
-5.2198e-06
4.93254e-05
-4.99474e-06
4.95295e-05
-4.80692e-06
4.97089e-05
-4.63368e-06
4.98842e-05
-4.50176e-06
5.00349e-05
-4.39158e-06
5.01839e-05
-4.32471e-06
-4.29036e-06
-1.49119e-06
2.56201e-06
-1.94038e-06
2.40494e-06
-2.10464e-06
2.27479e-06
-2.1208e-06
2.05127e-06
-2.0089e-06
1.80693e-06
-1.79295e-06
1.57717e-06
-1.49223e-06
1.36765e-06
-1.12137e-06
1.17724e-06
-6.9288e-07
1.00326e-06
-2.1937e-07
8.46745e-07
2.90013e-07
7.03886e-07
8.27169e-07
5.73511e-07
1.38538e-06
4.54527e-07
1.9595e-06
3.45469e-07
2.54549e-06
2.45042e-07
3.14009e-06
1.52345e-07
3.74035e-06
6.68527e-08
4.3437e-06
-1.20137e-08
4.95173e-06
-8.92892e-08
5.56178e-06
-1.60699e-07
6.17318e-06
-2.28549e-07
6.78587e-06
-2.9397e-07
7.40016e-06
-3.57666e-07
8.01663e-06
-4.20317e-07
8.63576e-06
-4.82354e-07
9.25813e-06
-5.44638e-07
9.88492e-06
-6.08934e-07
1.05185e-05
-6.75152e-07
1.11605e-05
-7.44102e-07
1.18125e-05
-8.1676e-07
1.24764e-05
-8.93762e-07
1.31543e-05
-9.76003e-07
1.38482e-05
-1.06416e-06
1.45601e-05
-1.15924e-06
1.52919e-05
-1.2619e-06
1.60459e-05
-1.37327e-06
1.68243e-05
-1.4939e-06
1.7629e-05
-1.625e-06
1.84615e-05
-1.76738e-06
1.93239e-05
-1.92234e-06
2.02173e-05
-2.09058e-06
2.11433e-05
-2.27333e-06
2.21025e-05
-2.47132e-06
2.30959e-05
-2.68563e-06
2.41235e-05
-2.91695e-06
2.5185e-05
-3.16601e-06
2.62789e-05
-3.43343e-06
2.74037e-05
-3.71926e-06
2.85558e-05
-4.02387e-06
2.97324e-05
-4.34604e-06
3.09277e-05
-4.68556e-06
3.2137e-05
-5.03931e-06
3.33525e-05
-5.40646e-06
3.45684e-05
-5.78174e-06
3.5775e-05
-6.16284e-06
3.69656e-05
-6.54097e-06
3.81295e-05
-6.91462e-06
3.92602e-05
-7.27261e-06
4.03474e-05
-7.61417e-06
4.13856e-05
-7.92584e-06
4.23656e-05
-8.20939e-06
4.32838e-05
-8.44966e-06
4.41335e-05
-8.65259e-06
4.49134e-05
-8.8018e-06
4.56201e-05
-8.90875e-06
4.62549e-05
-8.95595e-06
4.6817e-05
-8.96107e-06
4.73094e-05
-8.90614e-06
4.7736e-05
-8.81718e-06
4.8101e-05
-8.67267e-06
4.84103e-05
-8.50312e-06
4.8668e-05
-8.28451e-06
4.88819e-05
-8.05301e-06
4.90547e-05
-7.78098e-06
4.91954e-05
-7.50926e-06
4.93049e-05
-7.20601e-06
4.93927e-05
-6.91591e-06
4.94571e-05
-6.60278e-06
4.95084e-05
-6.3145e-06
4.95418e-05
-6.01066e-06
4.95684e-05
-5.74187e-06
4.95805e-05
-5.4639e-06
4.95903e-05
-5.22959e-06
4.9587e-05
-4.99141e-06
4.9584e-05
-4.80395e-06
4.95674e-05
-4.61707e-06
4.95522e-05
-4.48653e-06
4.95211e-05
-4.3605e-06
4.94914e-05
-4.295e-06
-4.23335e-06
-8.93393e-07
3.4554e-06
-7.40839e-07
2.25238e-06
-2.53483e-07
1.78744e-06
4.54026e-07
1.34376e-06
1.31644e-06
9.44519e-07
2.26771e-06
6.25904e-07
3.26142e-06
3.73943e-07
4.27002e-06
1.68634e-07
5.28065e-06
-7.37706e-09
6.27649e-06
-1.49091e-07
7.26182e-06
-2.81451e-07
8.23164e-06
-3.963e-07
9.1828e-06
-4.9664e-07
1.01144e-05
-5.86092e-07
1.10259e-05
-6.66514e-07
1.19174e-05
-7.39156e-07
1.27894e-05
-8.0516e-07
1.36432e-05
-8.65832e-07
1.44768e-05
-9.22827e-07
1.52925e-05
-9.76451e-07
1.60917e-05
-1.02768e-06
1.68755e-05
-1.07776e-06
1.76455e-05
-1.12771e-06
1.84036e-05
-1.17842e-06
1.91517e-05
-1.23039e-06
1.98917e-05
-1.28469e-06
2.06258e-05
-1.343e-06
2.13564e-05
-1.40576e-06
2.20858e-05
-1.47349e-06
2.28161e-05
-1.54711e-06
2.35497e-05
-1.62732e-06
2.42887e-05
-1.71505e-06
2.50354e-05
-1.81084e-06
2.57917e-05
-1.91554e-06
2.65595e-05
-2.0297e-06
2.73406e-05
-2.15432e-06
2.81365e-05
-2.28982e-06
2.89487e-05
-2.43723e-06
2.97783e-05
-2.59698e-06
3.06261e-05
-2.77016e-06
3.14926e-05
-2.95706e-06
3.23779e-05
-3.15867e-06
3.32817e-05
-3.37506e-06
3.42032e-05
-3.60712e-06
3.51411e-05
-3.8549e-06
3.60937e-05
-4.11858e-06
3.70577e-05
-4.3974e-06
3.80299e-05
-4.69148e-06
3.90054e-05
-4.99941e-06
3.99797e-05
-5.32031e-06
4.09459e-05
-5.65179e-06
4.18983e-05
-5.9917e-06
4.28285e-05
-6.33659e-06
4.37294e-05
-6.68273e-06
4.45921e-05
-7.02546e-06
4.54104e-05
-7.35931e-06
4.61753e-05
-7.67949e-06
4.6882e-05
-7.97931e-06
4.75226e-05
-8.2548e-06
4.80951e-05
-8.4983e-06
4.85938e-05
-8.70807e-06
4.90199e-05
-8.87586e-06
4.9371e-05
-9.0036e-06
4.96515e-05
-9.08234e-06
4.98618e-05
-9.11904e-06
5.00093e-05
-9.10349e-06
5.00971e-05
-9.04884e-06
5.0134e-05
-8.94302e-06
5.01244e-05
-8.80759e-06
5.00775e-05
-8.62579e-06
4.99986e-05
-8.42426e-06
4.98953e-05
-8.18115e-06
4.9773e-05
-7.93075e-06
4.96365e-05
-7.64448e-06
4.94915e-05
-7.36429e-06
4.93393e-05
-7.05377e-06
4.91861e-05
-6.76267e-06
4.90293e-05
-6.44598e-06
4.88762e-05
-6.1614e-06
4.87204e-05
-5.85491e-06
4.85709e-05
-5.5924e-06
4.84176e-05
-5.31062e-06
4.82717e-05
-5.08364e-06
4.81193e-05
-4.83901e-06
4.79741e-05
-4.65879e-06
4.78186e-05
-4.46151e-06
4.76689e-05
-4.33683e-06
4.75035e-05
-4.19514e-06
4.73414e-05
-4.13286e-06
-4.04853e-06
3.64468e-06
-1.89279e-07
6.36175e-06
-4.64692e-07
8.76376e-06
-6.14575e-07
1.08746e-05
-7.67089e-07
1.27373e-05
-9.18136e-07
1.44159e-05
-1.05276e-06
1.59553e-05
-1.16543e-06
1.73729e-05
-1.24899e-06
1.86923e-05
-1.3268e-06
1.99384e-05
-1.39516e-06
2.11114e-05
-1.45448e-06
2.22211e-05
-1.506e-06
2.32752e-05
-1.55069e-06
2.42787e-05
-1.58956e-06
2.52357e-05
-1.62355e-06
2.615e-05
-1.65344e-06
2.70249e-05
-1.68008e-06
2.78634e-05
-1.70429e-06
2.86677e-05
-1.72712e-06
2.94408e-05
-1.74958e-06
3.01856e-05
-1.77253e-06
3.09048e-05
-1.79692e-06
3.16008e-05
-1.82375e-06
3.22764e-05
-1.85394e-06
3.29343e-05
-1.88832e-06
3.35774e-05
-1.92781e-06
3.42078e-05
-1.97338e-06
3.48279e-05
-2.02583e-06
3.544e-05
-2.08568e-06
3.60465e-05
-2.15361e-06
3.66494e-05
-2.23019e-06
3.72506e-05
-2.31624e-06
3.7852e-05
-2.41222e-06
3.84549e-05
-2.51845e-06
3.90607e-05
-2.63549e-06
3.96703e-05
-2.76398e-06
4.02847e-05
-2.90421e-06
4.09043e-05
-3.0568e-06
4.15293e-05
-3.22194e-06
4.21594e-05
-3.40024e-06
4.2794e-05
-3.59173e-06
4.34322e-05
-3.79686e-06
4.40726e-05
-4.0154e-06
4.47131e-05
-4.24764e-06
4.53511e-05
-4.49291e-06
4.59836e-05
-4.75108e-06
4.6607e-05
-5.02082e-06
4.72172e-05
-5.30162e-06
4.78092e-05
-5.59144e-06
4.8378e-05
-5.88911e-06
4.89178e-05
-6.19158e-06
4.9423e-05
-6.49688e-06
4.98872e-05
-6.80086e-06
5.03052e-05
-7.10073e-06
5.06711e-05
-7.39138e-06
5.09812e-05
-7.6694e-06
5.1231e-05
-7.92922e-06
5.1419e-05
-8.16733e-06
5.15427e-05
-8.37855e-06
5.16042e-05
-8.55974e-06
5.16032e-05
-8.70712e-06
5.15456e-05
-8.81821e-06
5.14333e-05
-8.89134e-06
5.12752e-05
-8.9242e-06
5.10743e-05
-8.91817e-06
5.08413e-05
-8.87042e-06
5.05793e-05
-8.78686e-06
5.02999e-05
-8.66361e-06
5.00039e-05
-8.51168e-06
4.97015e-05
-8.32337e-06
4.93925e-05
-8.11527e-06
4.90853e-05
-7.87393e-06
4.8778e-05
-7.62346e-06
4.84765e-05
-7.343e-06
4.81782e-05
-7.06594e-06
4.78863e-05
-6.76187e-06
4.75987e-05
-6.47509e-06
4.7316e-05
-6.16321e-06
4.70377e-05
-5.88311e-06
4.6761e-05
-5.57824e-06
4.64886e-05
-5.32006e-06
4.62137e-05
-5.0357e-06
4.59432e-05
-4.81311e-06
4.5665e-05
-4.56082e-06
4.53914e-05
-4.38519e-06
4.5104e-05
-4.17407e-06
4.4821e-05
-4.05389e-06
4.45159e-05
-3.89005e-06
4.42131e-05
-3.82997e-06
-3.72103e-06
3.85881e-05
2.21273e-08
3.8551e-05
-4.27634e-07
3.86834e-05
-7.46969e-07
3.89011e-05
-9.84769e-07
3.91661e-05
-1.18315e-06
3.94726e-05
-1.35922e-06
3.98216e-05
-1.51449e-06
4.02145e-05
-1.64187e-06
4.06306e-05
-1.74293e-06
4.1061e-05
-1.82551e-06
4.14979e-05
-1.8914e-06
4.19361e-05
-1.94423e-06
4.23716e-05
-1.98611e-06
4.28008e-05
-2.01882e-06
4.32213e-05
-2.04403e-06
4.36311e-05
-2.06325e-06
4.40289e-05
-2.07793e-06
4.44141e-05
-2.08948e-06
4.47863e-05
-2.09929e-06
4.51455e-05
-2.10877e-06
4.54921e-05
-2.11918e-06
4.5827e-05
-2.13174e-06
4.61508e-05
-2.14758e-06
4.64647e-05
-2.16781e-06
4.67698e-05
-2.19345e-06
4.70674e-05
-2.22539e-06
4.73584e-05
-2.26446e-06
4.7644e-05
-2.31144e-06
4.79253e-05
-2.36695e-06
4.82033e-05
-2.43156e-06
4.84789e-05
-2.50577e-06
4.87527e-05
-2.59006e-06
4.90252e-05
-2.68478e-06
4.9297e-05
-2.79026e-06
4.95683e-05
-2.90679e-06
4.9839e-05
-3.03468e-06
5.0109e-05
-3.17417e-06
5.03777e-05
-3.32546e-06
5.06444e-05
-3.48866e-06
5.0908e-05
-3.6639e-06
5.11674e-05
-3.85111e-06
5.14208e-05
-4.05023e-06
5.16664e-05
-4.26096e-06
5.19017e-05
-4.48298e-06
5.21244e-05
-4.71559e-06
5.23314e-05
-4.95812e-06
5.252e-05
-5.20936e-06
5.26865e-05
-5.46819e-06
5.28279e-05
-5.73278e-06
5.29403e-05
-6.0015e-06
5.30205e-05
-6.27178e-06
5.3065e-05
-6.54145e-06
5.30713e-05
-6.80717e-06
5.30369e-05
-7.06633e-06
5.29604e-05
-7.31487e-06
5.28411e-05
-7.55002e-06
5.26792e-05
-7.76733e-06
5.24762e-05
-7.96435e-06
5.22343e-05
-8.13664e-06
5.1957e-05
-8.28243e-06
5.16478e-05
-8.39798e-06
5.13125e-05
-8.48292e-06
5.0955e-05
-8.53378e-06
5.05816e-05
-8.55082e-06
5.01951e-05
-8.53165e-06
4.9802e-05
-8.47734e-06
4.94026e-05
-8.38747e-06
4.90027e-05
-8.26373e-06
4.85992e-05
-8.1082e-06
4.81976e-05
-7.9217e-06
4.77919e-05
-7.70963e-06
4.73883e-05
-7.47033e-06
4.69789e-05
-7.21404e-06
4.65705e-05
-6.93454e-06
4.61536e-05
-6.64912e-06
4.57365e-05
-6.34469e-06
4.53092e-05
-6.04787e-06
4.48809e-05
-5.73486e-06
4.44421e-05
-5.44436e-06
4.40017e-05
-5.13781e-06
4.35517e-05
-4.87003e-06
4.30989e-05
-4.58289e-06
4.2638e-05
-4.35228e-06
4.21718e-05
-4.09458e-06
4.16997e-05
-3.91308e-06
4.12171e-05
-3.69147e-06
4.07313e-05
-3.56807e-06
4.02262e-05
-3.38498e-06
3.972e-05
-3.32381e-06
-3.18418e-06
5.29748e-05
1.00163e-07
5.28768e-05
-3.29689e-07
5.28448e-05
-7.14995e-07
5.28655e-05
-1.00545e-06
5.29074e-05
-1.22503e-06
5.29513e-05
-1.40308e-06
5.29934e-05
-1.55661e-06
5.30416e-05
-1.6901e-06
5.31014e-05
-1.80276e-06
5.31706e-05
-1.89468e-06
5.32468e-05
-1.96758e-06
5.33267e-05
-2.02413e-06
5.34078e-05
-2.06719e-06
5.34882e-05
-2.09925e-06
5.35666e-05
-2.12245e-06
5.3642e-05
-2.13865e-06
5.37136e-05
-2.14956e-06
5.3781e-05
-2.15681e-06
5.38436e-05
-2.16196e-06
5.39014e-05
-2.16657e-06
5.39544e-05
-2.17209e-06
5.40025e-05
-2.1799e-06
5.40462e-05
-2.19124e-06
5.40857e-05
-2.20731e-06
5.41214e-05
-2.22914e-06
5.41536e-05
-2.25765e-06
5.41828e-05
-2.29364e-06
5.42092e-05
-2.33782e-06
5.4233e-05
-2.39081e-06
5.42546e-05
-2.45311e-06
5.4274e-05
-2.52514e-06
5.42912e-05
-2.60725e-06
5.43061e-05
-2.69971e-06
5.43186e-05
-2.80276e-06
5.43284e-05
-2.91659e-06
5.4335e-05
-3.04133e-06
5.4338e-05
-3.17711e-06
5.43365e-05
-3.32398e-06
5.43298e-05
-3.48194e-06
5.43168e-05
-3.65092e-06
5.42965e-05
-3.83078e-06
5.42675e-05
-4.02127e-06
5.42286e-05
-4.22204e-06
5.41782e-05
-4.43258e-06
5.41148e-05
-4.65223e-06
5.40368e-05
-4.88014e-06
5.39427e-05
-5.11526e-06
5.38308e-05
-5.35629e-06
5.36998e-05
-5.6017e-06
5.35479e-05
-5.84969e-06
5.33744e-05
-6.09819e-06
5.31778e-05
-6.34494e-06
5.29581e-05
-6.58743e-06
5.27146e-05
-6.82286e-06
5.24479e-05
-7.0481e-06
5.21581e-05
-7.2602e-06
5.18465e-05
-7.4558e-06
5.15142e-05
-7.63199e-06
5.11628e-05
-7.7853e-06
5.07936e-05
-7.91326e-06
5.04083e-05
-8.01267e-06
5.00074e-05
-8.082e-06
4.95918e-05
-8.11815e-06
4.91614e-05
-8.12043e-06
4.87157e-05
-8.08596e-06
4.8254e-05
-8.0156e-06
4.77742e-05
-7.90767e-06
4.72757e-05
-7.76523e-06
4.67554e-05
-7.58794e-06
4.6214e-05
-7.38027e-06
4.5647e-05
-7.14266e-06
4.5058e-05
-6.88129e-06
4.44425e-05
-6.59858e-06
4.38075e-05
-6.29951e-06
4.31471e-05
-5.98879e-06
4.24721e-05
-5.66969e-06
4.17748e-05
-5.35056e-06
4.10697e-05
-5.02971e-06
4.03463e-05
-4.72098e-06
3.96226e-05
-4.41414e-06
3.88847e-05
-4.13215e-06
3.8153e-05
-3.85111e-06
3.74097e-05
-3.60896e-06
3.66761e-05
-3.36097e-06
3.59323e-05
-3.16931e-06
3.51979e-05
-2.9571e-06
3.44548e-05
-2.82502e-06
3.37159e-05
-2.64605e-06
3.2972e-05
-2.57988e-06
-2.42364e-06
5.43141e-05
-2.18845e-07
5.4498e-05
-5.13649e-07
5.46029e-05
-8.19835e-07
5.46904e-05
-1.09294e-06
5.47775e-05
-1.31221e-06
5.48586e-05
-1.4841e-06
5.4926e-05
-1.62401e-06
5.49786e-05
-1.74271e-06
5.50204e-05
-1.84462e-06
5.50562e-05
-1.93039e-06
5.50885e-05
-1.99988e-06
5.51181e-05
-2.05382e-06
5.51449e-05
-2.09398e-06
5.51683e-05
-2.12259e-06
5.51877e-05
-2.14188e-06
5.52029e-05
-2.15387e-06
5.52137e-05
-2.16039e-06
5.52201e-05
-2.16314e-06
5.52218e-05
-2.16372e-06
5.5219e-05
-2.1637e-06
5.52115e-05
-2.16459e-06
5.51994e-05
-2.16781e-06
5.51828e-05
-2.17466e-06
5.51618e-05
-2.18636e-06
5.51367e-05
-2.20396e-06
5.51074e-05
-2.22838e-06
5.50742e-05
-2.26041e-06
5.50371e-05
-2.3007e-06
5.49961e-05
-2.34986e-06
5.49513e-05
-2.40834e-06
5.49027e-05
-2.47651e-06
5.48501e-05
-2.55466e-06
5.47934e-05
-2.64298e-06
5.47323e-05
-2.74167e-06
5.46666e-05
-2.85085e-06
5.45958e-05
-2.9706e-06
5.45197e-05
-3.10095e-06
5.44376e-05
-3.2419e-06
5.4349e-05
-3.39339e-06
5.42534e-05
-3.55528e-06
5.415e-05
-3.72738e-06
5.40381e-05
-3.90938e-06
5.39169e-05
-4.10089e-06
5.37857e-05
-4.30135e-06
5.36436e-05
-4.51009e-06
5.34897e-05
-4.72622e-06
5.33231e-05
-4.94865e-06
5.31428e-05
-5.17605e-06
5.29479e-05
-5.40683e-06
5.27374e-05
-5.63916e-06
5.25102e-05
-5.87098e-06
5.22651e-05
-6.09989e-06
5.2001e-05
-6.32328e-06
5.17163e-05
-6.53816e-06
5.14096e-05
-6.7414e-06
5.10791e-05
-6.92972e-06
5.07232e-05
-7.0999e-06
5.03399e-05
-7.24864e-06
4.99273e-05
-7.37274e-06
4.94831e-05
-7.46908e-06
4.90053e-05
-7.53485e-06
4.84908e-05
-7.56748e-06
4.79372e-05
-7.56455e-06
4.73411e-05
-7.52434e-06
4.67005e-05
-7.44539e-06
4.60127e-05
-7.32783e-06
4.52773e-05
-7.17224e-06
4.44935e-05
-6.98145e-06
4.36629e-05
-6.75733e-06
4.27865e-05
-6.50381e-06
4.18666e-05
-6.22279e-06
4.09068e-05
-5.92147e-06
3.99117e-05
-5.60352e-06
3.88883e-05
-5.27613e-06
3.78413e-05
-4.9418e-06
3.67801e-05
-4.60843e-06
3.57071e-05
-4.27758e-06
3.46344e-05
-3.95698e-06
3.35609e-05
-3.64753e-06
3.2502e-05
-3.35516e-06
3.14505e-05
-3.08073e-06
3.04255e-05
-2.82611e-06
2.94114e-05
-2.59483e-06
2.84322e-05
-2.38173e-06
2.74617e-05
-2.19883e-06
2.65314e-05
-2.02683e-06
2.56035e-05
-1.89707e-06
2.47182e-05
-1.76079e-06
2.38291e-05
-1.69079e-06
-1.57221e-06
5.39195e-05
-5.46507e-07
5.41737e-05
-7.67848e-07
5.43572e-05
-1.00329e-06
5.4493e-05
-1.22879e-06
5.46053e-05
-1.42446e-06
5.47056e-05
-1.58442e-06
5.47951e-05
-1.71349e-06
5.4872e-05
-1.81963e-06
5.49362e-05
-1.90882e-06
5.49896e-05
-1.98375e-06
5.50347e-05
-2.04499e-06
5.50735e-05
-2.09267e-06
5.5107e-05
-2.12749e-06
5.51354e-05
-2.15091e-06
5.51583e-05
-2.16478e-06
5.51755e-05
-2.17108e-06
5.51868e-05
-2.1717e-06
5.51921e-05
-2.16845e-06
5.51914e-05
-2.163e-06
5.51847e-05
-2.15699e-06
5.5172e-05
-2.15194e-06
5.51535e-05
-2.14931e-06
5.51293e-05
-2.15047e-06
5.50996e-05
-2.15662e-06
5.50644e-05
-2.16884e-06
5.50241e-05
-2.18804e-06
5.49787e-05
-2.21498e-06
5.49283e-05
-2.25029e-06
5.4873e-05
-2.29455e-06
5.48128e-05
-2.34816e-06
5.47477e-05
-2.41142e-06
5.46775e-05
-2.48451e-06
5.46022e-05
-2.56761e-06
5.45213e-05
-2.66079e-06
5.44345e-05
-2.76412e-06
5.43415e-05
-2.87759e-06
5.42418e-05
-3.00118e-06
5.41346e-05
-3.13478e-06
5.40195e-05
-3.27826e-06
5.38956e-05
-3.43141e-06
5.37622e-05
-3.59392e-06
5.36182e-05
-3.76539e-06
5.34626e-05
-3.94531e-06
5.32943e-05
-4.13302e-06
5.31119e-05
-4.32769e-06
5.29139e-05
-4.52828e-06
5.26988e-05
-4.73352e-06
5.24646e-05
-4.94187e-06
5.22093e-05
-5.15153e-06
5.19306e-05
-5.36045e-06
5.16259e-05
-5.56623e-06
5.12922e-05
-5.76618e-06
5.09261e-05
-5.95722e-06
5.0524e-05
-6.13609e-06
5.0082e-05
-6.29933e-06
4.95957e-05
-6.44351e-06
4.90611e-05
-6.56524e-06
4.84739e-05
-6.66144e-06
4.78303e-05
-6.72919e-06
4.71271e-05
-6.76588e-06
4.63614e-05
-6.76916e-06
4.55307e-05
-6.73674e-06
4.46327e-05
-6.6665e-06
4.36652e-05
-6.55692e-06
4.26275e-05
-6.40767e-06
4.152e-05
-6.22033e-06
4.03463e-05
-5.9985e-06
3.91113e-05
-5.74644e-06
3.7822e-05
-5.46804e-06
3.64851e-05
-5.16689e-06
3.51091e-05
-4.84686e-06
3.37022e-05
-4.51453e-06
3.22753e-05
-4.17658e-06
3.08393e-05
-3.84013e-06
2.94072e-05
-3.50976e-06
2.79898e-05
-3.191e-06
2.65982e-05
-2.88596e-06
2.52415e-05
-2.60029e-06
2.39284e-05
-2.33445e-06
2.26667e-05
-2.09347e-06
2.14603e-05
-1.87433e-06
2.03159e-05
-1.68172e-06
1.92306e-05
-1.50953e-06
1.82121e-05
-1.36322e-06
1.72474e-05
-1.23413e-06
1.63499e-05
-1.1293e-06
1.54922e-05
-1.03935e-06
1.47031e-05
-9.71683e-07
1.3934e-05
-9.21726e-07
-8.84133e-07
5.35803e-05
-8.59744e-07
5.38485e-05
-1.03608e-06
5.40644e-05
-1.2192e-06
5.42344e-05
-1.39883e-06
5.43739e-05
-1.56387e-06
5.44953e-05
-1.70582e-06
5.46043e-05
-1.82252e-06
5.47021e-05
-1.91748e-06
5.47886e-05
-1.99526e-06
5.48637e-05
-2.05888e-06
5.49285e-05
-2.10979e-06
5.49843e-05
-2.14847e-06
5.50321e-05
-2.17532e-06
5.50724e-05
-2.19117e-06
5.5105e-05
-2.1974e-06
5.51297e-05
-2.19576e-06
5.51461e-05
-2.18815e-06
5.51541e-05
-2.17644e-06
5.51536e-05
-2.16245e-06
5.51445e-05
-2.14791e-06
5.5127e-05
-2.13448e-06
5.51014e-05
-2.12365e-06
5.50677e-05
-2.11681e-06
5.50263e-05
-2.11519e-06
5.49773e-05
-2.11983e-06
5.49208e-05
-2.13159e-06
5.48571e-05
-2.15121e-06
5.47861e-05
-2.17931e-06
5.47079e-05
-2.21639e-06
5.46226e-05
-2.26284e-06
5.45299e-05
-2.31872e-06
5.44295e-05
-2.38413e-06
5.4321e-05
-2.45912e-06
5.42039e-05
-2.54364e-06
5.40774e-05
-2.63762e-06
5.39407e-05
-2.74093e-06
5.3793e-05
-2.8534e-06
5.3633e-05
-2.9748e-06
5.34595e-05
-3.10482e-06
5.32712e-05
-3.24311e-06
5.30665e-05
-3.38918e-06
5.28436e-05
-3.54246e-06
5.26005e-05
-3.70221e-06
5.2335e-05
-3.86753e-06
5.20446e-05
-4.03734e-06
5.17267e-05
-4.21036e-06
5.13782e-05
-4.38503e-06
5.09959e-05
-4.55955e-06
5.05762e-05
-4.73186e-06
5.01154e-05
-4.89964e-06
4.96093e-05
-5.06014e-06
4.90534e-05
-5.21023e-06
4.84427e-05
-5.34655e-06
4.77722e-05
-5.46563e-06
4.70369e-05
-5.56402e-06
4.62317e-05
-5.63834e-06
4.53519e-05
-5.68544e-06
4.43931e-05
-5.70264e-06
4.3352e-05
-5.68809e-06
4.22274e-05
-5.64125e-06
4.1019e-05
-5.56073e-06
3.97277e-05
-5.44552e-06
3.83558e-05
-5.2946e-06
3.69053e-05
-5.10637e-06
3.53792e-05
-4.8816e-06
3.37844e-05
-4.62549e-06
3.21311e-05
-4.3452e-06
3.04327e-05
-4.04802e-06
2.87028e-05
-3.73824e-06
2.69572e-05
-3.42126e-06
2.52127e-05
-3.10235e-06
2.34848e-05
-2.7866e-06
2.17894e-05
-2.48118e-06
2.01433e-05
-2.19408e-06
1.85636e-05
-1.92999e-06
1.70642e-05
-1.69167e-06
1.5659e-05
-1.4807e-06
1.43566e-05
-1.29787e-06
1.31635e-05
-1.14141e-06
1.20802e-05
-1.01018e-06
1.11054e-05
-8.99562e-07
1.02314e-05
-8.07712e-07
9.45089e-06
-7.28976e-07
8.75171e-06
-6.64044e-07
8.12365e-06
-6.06069e-07
7.55528e-06
-5.60937e-07
7.03579e-06
-5.19857e-07
6.56306e-06
-4.98949e-07
6.12258e-06
-4.81253e-07
-4.91459e-07
5.34401e-05
-1.16496e-06
5.37104e-05
-1.30637e-06
5.39414e-05
-1.45022e-06
5.41347e-05
-1.59212e-06
5.4297e-05
-1.72618e-06
5.44373e-05
-1.84611e-06
5.45623e-05
-1.94752e-06
5.46747e-05
-2.02983e-06
5.47747e-05
-2.09527e-06
5.48621e-05
-2.1463e-06
5.49369e-05
-2.18457e-06
5.49993e-05
-2.21092e-06
5.50499e-05
-2.22586e-06
5.50887e-05
-2.23e-06
5.51157e-05
-2.2244e-06
5.51305e-05
-2.21053e-06
5.51326e-05
-2.19025e-06
5.51217e-05
-2.16561e-06
5.50978e-05
-2.13851e-06
5.50607e-05
-2.11085e-06
5.50107e-05
-2.08448e-06
5.49482e-05
-2.06108e-06
5.48734e-05
-2.04205e-06
5.47867e-05
-2.02853e-06
5.46883e-05
-2.0214e-06
5.45781e-05
-2.02141e-06
5.44562e-05
-2.02933e-06
5.43227e-05
-2.04575e-06
5.41773e-05
-2.07105e-06
5.40199e-05
-2.10536e-06
5.38498e-05
-2.14865e-06
5.36664e-05
-2.20078e-06
5.34689e-05
-2.26159e-06
5.32561e-05
-2.33085e-06
5.30268e-05
-2.40827e-06
5.27794e-05
-2.49352e-06
5.25122e-05
-2.58622e-06
5.22233e-05
-2.68593e-06
5.19106e-05
-2.79213e-06
5.15718e-05
-2.90424e-06
5.12041e-05
-3.02154e-06
5.08049e-05
-3.14323e-06
5.0371e-05
-3.26832e-06
4.98991e-05
-3.39567e-06
4.93857e-05
-3.52386e-06
4.88266e-05
-3.65133e-06
4.82179e-05
-3.77626e-06
4.7555e-05
-3.89667e-06
4.68338e-05
-4.01065e-06
4.60498e-05
-4.1157e-06
4.51985e-05
-4.20883e-06
4.4275e-05
-4.28672e-06
4.32746e-05
-4.34613e-06
4.21928e-05
-4.38385e-06
4.10258e-05
-4.39704e-06
3.97706e-05
-4.38308e-06
3.8425e-05
-4.33987e-06
3.69877e-05
-4.26536e-06
3.54584e-05
-4.1588e-06
3.38419e-05
-4.02475e-06
3.21441e-05
-3.86293e-06
3.03726e-05
-3.67394e-06
2.85394e-05
-3.46146e-06
2.66559e-05
-3.22287e-06
2.47348e-05
-2.96044e-06
2.27933e-05
-2.68403e-06
2.08516e-05
-2.40354e-06
1.89329e-05
-2.12929e-06
1.70606e-05
-1.86591e-06
1.52568e-05
-1.61744e-06
1.35525e-05
-1.39808e-06
1.19695e-05
-1.20362e-06
1.05234e-05
-1.03505e-06
9.22355e-06
-8.94268e-07
8.07804e-06
-7.84471e-07
7.07863e-06
-6.92253e-07
6.21633e-06
-6.18404e-07
5.47672e-06
-5.58259e-07
4.84193e-06
-5.06623e-07
4.2924e-06
-4.60648e-07
3.81115e-06
-4.18315e-07
3.38317e-06
-3.79738e-07
2.99815e-06
-3.43948e-07
2.64609e-06
-3.1199e-07
2.32254e-06
-2.82518e-07
2.02117e-06
-2.59563e-07
1.74529e-06
-2.43979e-07
1.49122e-06
-2.44881e-07
1.26374e-06
-2.53773e-07
-2.97989e-07
5.34716e-05
-1.4594e-06
5.37332e-05
-1.56797e-06
5.396e-05
-1.67707e-06
5.41531e-05
-1.7852e-06
5.43153e-05
-1.88843e-06
5.44508e-05
-1.98161e-06
5.45638e-05
-2.06046e-06
5.46571e-05
-2.12316e-06
5.47318e-05
-2.16992e-06
5.47874e-05
-2.20199e-06
5.48235e-05
-2.22065e-06
5.48396e-05
-2.22697e-06
5.48354e-05
-2.2217e-06
5.4811e-05
-2.20558e-06
5.47662e-05
-2.17963e-06
5.4701e-05
-2.14526e-06
5.4615e-05
-2.10426e-06
5.45083e-05
-2.05899e-06
5.43812e-05
-2.01139e-06
5.42339e-05
-1.96352e-06
5.40668e-05
-1.91739e-06
5.38807e-05
-1.87495e-06
5.36766e-05
-1.83794e-06
5.3455e-05
-1.80699e-06
5.3216e-05
-1.78238e-06
5.29595e-05
-1.76489e-06
5.26855e-05
-1.75529e-06
5.23937e-05
-1.75402e-06
5.20839e-05
-1.76121e-06
5.17552e-05
-1.77671e-06
5.14068e-05
-1.80024e-06
5.10374e-05
-1.83141e-06
5.06456e-05
-1.86978e-06
5.02296e-05
-1.91485e-06
4.97875e-05
-1.96611e-06
4.93169e-05
-2.02296e-06
4.88155e-05
-2.08479e-06
4.82805e-05
-2.15093e-06
4.7709e-05
-2.22065e-06
4.70979e-05
-2.29313e-06
4.64439e-05
-2.36751e-06
4.57434e-05
-2.44278e-06
4.4993e-05
-2.51787e-06
4.41888e-05
-2.59149e-06
4.33271e-05
-2.66219e-06
4.24039e-05
-2.72811e-06
4.14148e-05
-2.78715e-06
4.03559e-05
-2.83779e-06
3.92243e-05
-2.87905e-06
3.80171e-05
-2.90852e-06
3.67314e-05
-2.92314e-06
3.53651e-05
-2.92037e-06
3.39168e-05
-2.89783e-06
3.23864e-05
-2.85343e-06
3.07749e-05
-2.7856e-06
2.90856e-05
-2.69373e-06
2.73238e-05
-2.57805e-06
2.54972e-05
-2.43878e-06
2.36166e-05
-2.27823e-06
2.16939e-05
-2.10207e-06
1.97474e-05
-1.91635e-06
1.77983e-05
-1.7249e-06
1.5868e-05
-1.53114e-06
1.39849e-05
-1.33978e-06
1.21809e-05
-1.15643e-06
1.04841e-05
-9.87171e-07
8.91857e-06
-8.38049e-07
7.50478e-06
-7.15501e-07
6.26715e-06
-6.28281e-07
5.20798e-06
-5.58268e-07
4.31188e-06
-5.0198e-07
3.55701e-06
-4.48742e-07
2.91626e-06
-3.94298e-07
2.36232e-06
-3.40329e-07
1.87016e-06
-2.92316e-07
1.43235e-06
-2.54444e-07
1.04125e-06
-2.27296e-07
6.93975e-07
-2.10987e-07
3.85893e-07
-1.98541e-07
1.11925e-07
-1.86679e-07
-1.32861e-07
-1.73529e-07
-3.53734e-07
-1.58864e-07
-5.54728e-07
-1.42954e-07
-7.39389e-07
-1.2733e-07
-9.09167e-07
-1.1274e-07
-1.0655e-06
-1.03226e-07
-1.20715e-06
-1.02337e-07
-1.33651e-06
-1.15518e-07
-1.44838e-06
-1.41905e-07
-1.86593e-07
5.34143e-05
-1.67587e-06
5.35874e-05
-1.74105e-06
5.37168e-05
-1.80652e-06
5.38025e-05
-1.87089e-06
5.38453e-05
-1.93127e-06
5.3847e-05
-1.98321e-06
5.38088e-05
-2.02236e-06
5.37337e-05
-2.048e-06
5.36237e-05
-2.05993e-06
5.34799e-05
-2.05819e-06
5.33026e-05
-2.04338e-06
5.30925e-05
-2.01683e-06
5.28502e-05
-1.97943e-06
5.25769e-05
-1.93221e-06
5.22737e-05
-1.87646e-06
5.19421e-05
-1.81372e-06
5.15838e-05
-1.74588e-06
5.11998e-05
-1.67507e-06
5.07918e-05
-1.60338e-06
5.03612e-05
-1.5329e-06
4.99093e-05
-1.46547e-06
4.94372e-05
-1.40282e-06
4.89469e-05
-1.34772e-06
4.84394e-05
-1.29942e-06
4.79142e-05
-1.25723e-06
4.73717e-05
-1.22242e-06
4.68118e-05
-1.19533e-06
4.62337e-05
-1.17599e-06
4.56367e-05
-1.16417e-06
4.50195e-05
-1.15945e-06
4.43805e-05
-1.16126e-06
4.3718e-05
-1.16894e-06
4.303e-05
-1.18182e-06
4.23144e-05
-1.19917e-06
4.15685e-05
-1.22028e-06
4.079e-05
-1.2444e-06
3.9976e-05
-1.2708e-06
3.91237e-05
-1.29866e-06
3.82303e-05
-1.32721e-06
3.72927e-05
-1.35557e-06
3.63081e-05
-1.38293e-06
3.52737e-05
-1.40832e-06
3.41867e-05
-1.43088e-06
3.30448e-05
-1.44957e-06
3.18461e-05
-1.4635e-06
3.05891e-05
-1.47117e-06
2.92714e-05
-1.46942e-06
2.78943e-05
-1.46067e-06
2.64588e-05
-1.44354e-06
2.49664e-05
-1.41614e-06
2.34204e-05
-1.37711e-06
2.18257e-05
-1.32566e-06
2.01892e-05
-1.26131e-06
1.85204e-05
-1.18464e-06
1.68305e-05
-1.09574e-06
1.51335e-05
-9.96764e-07
1.34471e-05
-8.91657e-07
1.17936e-05
-7.8522e-07
1.01989e-05
-6.83518e-07
8.6896e-06
-5.928e-07
7.29173e-06
-5.18488e-07
6.03379e-06
-4.66956e-07
4.92916e-06
-4.26519e-07
3.97424e-06
-3.84863e-07
3.15633e-06
-3.38512e-07
2.45435e-06
-2.85196e-07
1.84611e-06
-2.29812e-07
1.31224e-06
-1.81623e-07
8.30951e-07
-1.46995e-07
4.05157e-07
-1.32475e-07
3.23805e-08
-1.29203e-07
-2.91207e-07
-1.25154e-07
-5.72752e-07
-1.12754e-07
-8.18729e-07
-9.43518e-08
-1.03504e-06
-7.60012e-08
-1.22708e-06
-6.24121e-08
-1.39846e-06
-5.59103e-08
-1.5551e-06
-5.43524e-08
-1.69827e-06
-5.53715e-08
-1.82879e-06
-5.61557e-08
-1.94743e-06
-5.4888e-08
-2.05521e-06
-5.108e-08
-2.15311e-06
-4.50568e-08
-2.24246e-06
-3.79766e-08
-2.32371e-06
-3.14971e-08
-2.39823e-06
-2.87039e-08
-2.46723e-06
-3.33397e-08
-2.53347e-06
-4.92755e-08
-2.59861e-06
-7.67615e-08
-1.06857e-07
5.10859e-05
-1.45368e-06
5.07991e-05
-1.45425e-06
5.04487e-05
-1.45612e-06
5.00352e-05
-1.4574e-06
4.95599e-05
-1.45602e-06
4.90263e-05
-1.4496e-06
4.84388e-05
-1.43483e-06
4.78026e-05
-1.41179e-06
4.71237e-05
-1.38104e-06
4.64073e-05
-1.34183e-06
4.56585e-05
-1.29451e-06
4.48815e-05
-1.23992e-06
4.40811e-05
-1.17898e-06
4.32616e-05
-1.11274e-06
4.24275e-05
-1.04236e-06
4.1583e-05
-9.69192e-07
4.07318e-05
-8.94734e-07
3.98774e-05
-8.20651e-07
3.90227e-05
-7.48628e-07
3.817e-05
-6.80252e-07
3.73214e-05
-6.16889e-07
3.64782e-05
-5.59608e-07
3.56396e-05
-5.09089e-07
3.48056e-05
-4.6543e-07
3.39769e-05
-4.28473e-07
3.31525e-05
-3.98085e-07
3.23313e-05
-3.74054e-07
3.15113e-05
-3.56014e-07
3.06905e-05
-3.43421e-07
2.98667e-05
-3.35601e-07
2.90372e-05
-3.31813e-07
2.81996e-05
-3.31302e-07
2.73511e-05
-3.33339e-07
2.64892e-05
-3.3723e-07
2.56112e-05
-3.42324e-07
2.47148e-05
-3.48001e-07
2.37977e-05
-3.53684e-07
2.28579e-05
-3.58825e-07
2.18936e-05
-3.62924e-07
2.09035e-05
-3.65515e-07
1.98868e-05
-3.66204e-07
1.88431e-05
-3.64641e-07
1.77729e-05
-3.60601e-07
1.66772e-05
-3.53914e-07
1.55583e-05
-3.4464e-07
1.44201e-05
-3.32908e-07
1.327e-05
-3.19367e-07
1.21142e-05
-3.04829e-07
1.09606e-05
-2.89954e-07
9.81974e-06
-2.75295e-07
8.70385e-06
-2.61226e-07
7.62604e-06
-2.47842e-07
6.59926e-06
-2.34537e-07
5.63504e-06
-2.20423e-07
4.74518e-06
-2.05876e-07
3.93358e-06
-1.8517e-07
3.19933e-06
-1.57402e-07
2.53998e-06
-1.25873e-07
1.95049e-06
-9.40286e-08
1.42471e-06
-6.70191e-08
9.55169e-07
-4.89442e-08
5.30169e-07
-4.19558e-08
1.49499e-07
-4.58488e-08
-1.83959e-07
-5.14045e-08
-4.72197e-07
-5.02742e-08
-7.17647e-07
-3.97458e-08
-9.24217e-07
-2.32427e-08
-1.0983e-06
-7.54411e-09
-1.24622e-06
9.31908e-10
-1.37983e-06
1.12865e-09
-1.50481e-06
-4.22075e-09
-1.61986e-06
-1.00999e-08
-1.72112e-06
-1.15007e-08
-1.8065e-06
-8.96504e-09
-1.87759e-06
-4.91202e-09
-1.93829e-06
-1.71183e-09
-1.99333e-06
-8.69998e-10
-2.04549e-06
-2.19435e-09
-2.09636e-06
-4.50647e-09
-2.1459e-06
-6.61427e-09
-2.19305e-06
-7.737e-09
-2.23655e-06
-7.58314e-09
-2.27539e-06
-6.20825e-09
-2.30935e-06
-4.02481e-09
-2.33907e-06
-1.77362e-09
-2.36683e-06
-9.39656e-10
-2.39651e-06
-3.6618e-09
-2.43295e-06
-1.28398e-08
-2.48084e-06
-2.88695e-08
-4.39273e-08
3.50222e-05
3.3568e-05
3.21119e-05
3.06545e-05
2.91984e-05
2.77488e-05
2.6314e-05
2.49022e-05
2.35212e-05
2.21793e-05
2.08848e-05
1.96449e-05
1.84659e-05
1.73532e-05
1.63108e-05
1.53416e-05
1.44469e-05
1.36263e-05
1.28776e-05
1.21974e-05
1.15805e-05
1.10209e-05
1.05118e-05
1.00464e-05
9.61789e-06
9.21981e-06
8.84575e-06
8.48974e-06
8.14632e-06
7.81071e-06
7.4789e-06
7.1476e-06
6.81426e-06
6.47703e-06
6.13471e-06
5.78671e-06
5.43302e-06
5.0742e-06
4.71127e-06
4.34576e-06
3.97956e-06
3.61491e-06
3.25431e-06
2.9004e-06
2.55576e-06
2.22285e-06
1.90348e-06
1.59866e-06
1.3087e-06
1.03341e-06
7.7218e-07
5.24338e-07
2.89801e-07
6.93787e-08
-1.36498e-07
-3.21668e-07
-4.7907e-07
-6.04944e-07
-6.98972e-07
-7.65991e-07
-8.14935e-07
-8.56891e-07
-9.0274e-07
-9.54145e-07
-1.00442e-06
-1.04416e-06
-1.06741e-06
-1.07495e-06
-1.07402e-06
-1.07289e-06
-1.07711e-06
-1.08721e-06
-1.09871e-06
-1.10768e-06
-1.11259e-06
-1.1143e-06
-1.11517e-06
-1.11737e-06
-1.12187e-06
-1.12849e-06
-1.13622e-06
-1.14381e-06
-1.15001e-06
-1.15404e-06
-1.15581e-06
-1.15675e-06
-1.16041e-06
-1.17325e-06
-1.20212e-06
)
;

boundaryField
{
    fixedWalls
    {
        type            calculated;
        value           uniform 0;
    }
    inflowWall
    {
        type            calculated;
        value           nonuniform List<scalar> 10(-5e-05 -5e-05 -5e-05 -5e-05 -5e-05 -5e-05 -5e-05 -5e-05 -5e-05 -5e-05);
    }
    outflowWall
    {
        type            calculated;
        value           nonuniform List<scalar> 
20
(
1.21985e-05
2.4019e-05
3.24086e-05
3.96997e-05
4.5441e-05
4.90642e-05
5.03021e-05
4.94344e-05
4.71566e-05
4.38856e-05
3.91832e-05
3.22115e-05
2.29777e-05
1.32459e-05
5.72991e-06
1.07027e-06
-1.55977e-06
-2.67835e-06
-2.54377e-06
-1.24605e-06
)
;
    }
    frontAndBack
    {
        type            empty;
        value           nonuniform List<scalar> 0();
    }
}


// ************************************************************************* //
