/*--------------------------------*- C++ -*----------------------------------*\
| =========                 |                                                 |
| \\      /  F ield         | OpenFOAM: The Open Source CFD Toolbox           |
|  \\    /   O peration     | Version:  2306                                  |
|   \\  /    A nd           | Website:  www.openfoam.com                      |
|    \\/     M anipulation  |                                                 |
\*---------------------------------------------------------------------------*/
FoamFile
{
    version     2.0;
    format      ascii;
    arch        "LSB;label=32;scalar=64";
    class       volScalarField;
    location    "3.7";
    object      p;
}
// * * * * * * * * * * * * * * * * * * * * * * * * * * * * * * * * * * * * * //

dimensions      [0 2 -2 0 0 0 0];

internalField   nonuniform List<scalar> 
1900
(
0.057614
0.0333888
0.0129929
-0.00235404
-0.0133823
-0.023951
-0.0344098
-0.0465995
-0.0591865
-0.0732849
0.0283534
0.0201539
0.00883437
-0.00272368
-0.0137563
-0.0239548
-0.0344028
-0.0449345
-0.0564536
-0.0675273
0.0192641
0.0147725
0.00725455
-0.00211718
-0.0122055
-0.02219
-0.0319753
-0.041534
-0.050968
-0.0600641
0.0135667
0.0104929
0.00484182
-0.00280841
-0.0116626
-0.0209059
-0.0301009
-0.0390194
-0.0476179
-0.0557807
0.0113471
0.00881164
0.00407279
-0.00257545
-0.0105544
-0.0191579
-0.0278325
-0.036255
-0.0442744
-0.0518007
0.0119859
0.00950547
0.00489552
-0.00156833
-0.00930504
-0.0176061
-0.0259121
-0.0339055
-0.0414614
-0.0485508
0.0154457
0.0125004
0.007221
0.000140505
-0.0079159
-0.0161974
-0.0242381
-0.0318602
-0.0390551
-0.0458572
0.0221483
0.017854
0.0109587
0.00249372
-0.00632068
-0.0147375
-0.0225607
-0.0298837
-0.0368553
-0.0435373
0.0322923
0.0241946
0.0137617
0.00330584
-0.00599398
-0.0140961
-0.0214525
-0.0284854
-0.035358
-0.0420294
0.0611439
0.0384732
0.0187701
0.00471316
-0.00493615
-0.0126206
-0.0198358
-0.0270365
-0.034172
-0.0410366
-0.0965464
-0.09658
-0.0966246
-0.0966783
-0.0967382
-0.0968039
-0.0968751
-0.0969506
-0.0970291
-0.0971091
-0.0971892
-0.0972676
-0.0973428
-0.0974132
-0.0974773
-0.0975336
-0.0975809
-0.0976178
-0.0976434
-0.0976566
-0.0976568
-0.0976433
-0.0976156
-0.0975734
-0.0975165
-0.0974449
-0.0973585
-0.0972575
-0.0971422
-0.0970131
-0.0968711
-0.0967172
-0.096553
-0.0963801
-0.0961996
-0.0960114
-0.0958126
-0.0955961
-0.0953482
-0.0950476
-0.0946645
-0.094162
-0.0934977
-0.0926257
-0.0914971
-0.090057
-0.088241
-0.0859727
-0.0831657
-0.0797268
-0.0755589
-0.0705846
-0.0647619
-0.0580811
-0.0505838
-0.0423488
-0.0334852
-0.0241409
-0.014493
-0.00474319
0.00490836
0.0142588
0.023119
0.0313187
0.0387136
0.045195
0.0506863
0.0551495
0.0585727
0.060979
0.0624088
0.0629306
0.0626177
0.0615613
0.0598485
0.0575776
0.0548318
0.0517015
0.0482547
0.0445669
0.0406854
0.0366695
0.0325438
0.0283532
0.0240993
0.019818
0.0154851
0.011139
0.00672026
0.00229708
-0.0965421
-0.0965736
-0.0966005
-0.0966418
-0.0966927
-0.096752
-0.096818
-0.0968891
-0.0969637
-0.0970404
-0.0971175
-0.0971935
-0.0972667
-0.0973355
-0.0973982
-0.0974534
-0.0974998
-0.0975359
-0.0975607
-0.0975732
-0.0975725
-0.0975579
-0.0975289
-0.097485
-0.097426
-0.0973516
-0.0972619
-0.0971567
-0.0970361
-0.0969005
-0.0967499
-0.0965849
-0.0964059
-0.0962134
-0.0960076
-0.095788
-0.095552
-0.0952942
-0.0950049
-0.0946691
-0.0942659
-0.0937682
-0.0931425
-0.0923485
-0.0913375
-0.0900506
-0.088414
-0.0863365
-0.0837108
-0.0804223
-0.0763697
-0.0714857
-0.0657721
-0.0592053
-0.0517937
-0.0436054
-0.034759
-0.0254115
-0.0157411
-0.00595644
0.00373813
0.013133
0.0220327
0.0302756
0.0377032
0.0442104
0.0497231
0.054207
0.0576477
0.0600702
0.0615139
0.0620509
0.0617555
0.060724
0.0590392
0.0568023
0.0540915
0.0510026
0.0475966
0.0439567
0.0401205
0.0361574
0.0320796
0.0279457
0.0237412
0.0195198
0.0152388
0.0109538
0.00659459
0.00224512
-0.0964245
-0.0965058
-0.0965511
-0.0966043
-0.0966604
-0.0967216
-0.0967892
-0.0968621
-0.0969389
-0.0970181
-0.0970981
-0.0971771
-0.0972534
-0.0973253
-0.0973911
-0.0974494
-0.0974985
-0.0975372
-0.0975641
-0.0975782
-0.0975786
-0.0975645
-0.0975356
-0.0974913
-0.0974315
-0.097356
-0.097265
-0.0971587
-0.0970372
-0.0969007
-0.0967495
-0.0965832
-0.0964019
-0.0962053
-0.095993
-0.0957636
-0.0955149
-0.0952433
-0.0949438
-0.0946091
-0.0942283
-0.0937845
-0.0932536
-0.0925984
-0.0917637
-0.0906782
-0.0892521
-0.087377
-0.0849344
-0.0818176
-0.0779274
-0.0731714
-0.0674834
-0.0608904
-0.0534363
-0.0452092
-0.0363269
-0.0269466
-0.0172374
-0.00744879
0.0022348
0.0116154
0.0204967
0.0287141
0.0361149
0.0425954
0.0480778
0.0525313
0.0559431
0.0583429
0.0597708
0.0603035
0.0600126
0.0589986
0.0573418
0.0551477
0.0524902
0.0494688
0.0461398
0.0425899
0.0388518
0.0349982
0.0310368
0.0270287
0.0229567
0.0188744
0.0147402
0.0106058
0.00640906
0.00221047
-0.0965075
-0.0965809
-0.0965847
-0.0966102
-0.0966555
-0.0967172
-0.0967901
-0.0968704
-0.0969553
-0.0970428
-0.097131
-0.0972177
-0.0973012
-0.0973796
-0.0974511
-0.0975141
-0.0975671
-0.0976087
-0.0976376
-0.0976527
-0.0976533
-0.0976386
-0.0976083
-0.0975619
-0.0974994
-0.0974207
-0.0973261
-0.0972158
-0.0970901
-0.0969492
-0.0967931
-0.0966214
-0.0964329
-0.0962269
-0.0960028
-0.0957609
-0.0955013
-0.0952243
-0.0949292
-0.0946129
-0.0942687
-0.0938864
-0.093446
-0.0929103
-0.0922125
-0.0912685
-0.0899845
-0.0882472
-0.0859228
-0.0828884
-0.079046
-0.0743264
-0.0686856
-0.0621361
-0.0547238
-0.0465431
-0.0377207
-0.028417
-0.0188201
-0.00914725
0.000396178
0.00961541
0.0183191
0.0263473
0.033558
0.0398542
0.0451628
0.0494577
0.0527315
0.0550194
0.0563649
0.0568476
0.0565398
0.0555425
0.0539355
0.051823
0.0492768
0.0463935
0.0432271
0.0398604
0.0363253
0.0326894
0.0289619
0.0251975
0.0213838
0.0175661
0.0137115
0.00985976
0.00595901
0.00204879
-0.0961808
-0.096386
-0.0964763
-0.09658
-0.0966783
-0.0967711
-0.0968632
-0.0969578
-0.0970548
-0.0971526
-0.0972493
-0.0973432
-0.0974325
-0.0975153
-0.09759
-0.0976551
-0.097709
-0.0977503
-0.0977777
-0.0977901
-0.0977869
-0.0977676
-0.0977319
-0.0976798
-0.0976112
-0.0975264
-0.0974259
-0.0973102
-0.0971798
-0.0970348
-0.0968751
-0.0967
-0.0965078
-0.0962968
-0.096067
-0.0958197
-0.0955564
-0.0952798
-0.0949914
-0.0946905
-0.0943711
-0.0940232
-0.093628
-0.0931573
-0.0925134
-0.0916198
-0.0903638
-0.0886367
-0.0863163
-0.0832872
-0.079452
-0.0747467
-0.0691398
-0.0626475
-0.0553251
-0.0472716
-0.0386197
-0.0295341
-0.0202024
-0.010829
-0.0016192
0.00723689
0.0155602
0.0232005
0.03003
0.0359616
0.0409338
0.0449284
0.0479472
0.0500309
0.0512289
0.0516214
0.0512827
0.0503104
0.0487837
0.0468006
0.0444314
0.0417639
0.0388514
0.0357668
0.0325433
0.029238
0.0258642
0.0224655
0.0190367
0.0156112
0.0121674
0.00873152
0.00526834
0.00180446
-0.097014
-0.0970359
-0.0969339
-0.0968881
-0.096898
-0.0969553
-0.0970427
-0.0971431
-0.0972456
-0.0973469
-0.0974451
-0.0975383
-0.0976252
-0.0977041
-0.0977737
-0.0978326
-0.0978797
-0.0979135
-0.0979329
-0.097937
-0.0979251
-0.0978971
-0.097853
-0.0977931
-0.0977174
-0.0976258
-0.0975194
-0.0973989
-0.0972648
-0.0971171
-0.0969555
-0.0967789
-0.0965853
-0.0963717
-0.0961412
-0.0958958
-0.095636
-0.0953639
-0.0950811
-0.0947868
-0.0944729
-0.0941204
-0.0937035
-0.0931838
-0.092488
-0.0915278
-0.0901976
-0.0883878
-0.0859837
-0.0828809
-0.0789941
-0.074271
-0.0686926
-0.0622831
-0.0551065
-0.0472682
-0.038906
-0.0301858
-0.0212916
-0.0124169
-0.0037533
0.00452144
0.0122466
0.019288
0.0255368
0.0309205
0.035395
0.0389527
0.0416083
0.0434075
0.0444068
0.0446844
0.0443162
0.0433922
0.0419899
0.0401963
0.0380788
0.0357126
0.0331492
0.0304484
0.0276436
0.0247796
0.0218724
0.0189538
0.0160249
0.0131071
0.0101894
0.00728678
0.00437942
0.00148265
-0.0956833
-0.0963318
-0.0965341
-0.0967905
-0.0970059
-0.0971689
-0.0972909
-0.0973914
-0.0974837
-0.0975713
-0.0976547
-0.0977328
-0.0978043
-0.0978682
-0.0979232
-0.0979683
-0.0980026
-0.0980247
-0.0980332
-0.0980271
-0.0980059
-0.0979695
-0.0979178
-0.0978509
-0.0977689
-0.0976712
-0.0975603
-0.0974372
-0.0973013
-0.0971526
-0.0969905
-0.0968141
-0.0966216
-0.096409
-0.0961723
-0.0959147
-0.0956396
-0.0953471
-0.0950355
-0.0947001
-0.09433
-0.093906
-0.0933967
-0.0927567
-0.0919159
-0.0907885
-0.0892759
-0.0872768
-0.0846921
-0.0814355
-0.0774398
-0.0726686
-0.0671178
-0.0608236
-0.0538601
-0.0463389
-0.0383997
-0.0302056
-0.0219321
-0.0137585
-0.00585552
0.0016216
0.00853892
0.0147856
0.020278
0.0249633
0.0288177
0.0318463
0.0340766
0.0355576
0.0363498
0.0365259
0.0361598
0.0353303
0.0341099
0.0325716
0.0307773
0.0287877
0.0266502
0.024411
0.0221019
0.0197552
0.0173888
0.015023
0.0126641
0.0103232
0.00799789
0.0056938
0.00340366
0.00113435
-0.100401
-0.0990206
-0.0983919
-0.0979583
-0.0977317
-0.0976421
-0.0976298
-0.0976535
-0.0976914
-0.097736
-0.0977843
-0.0978331
-0.0978804
-0.0979246
-0.0979637
-0.0979958
-0.0980198
-0.0980323
-0.0980317
-0.0980181
-0.0979912
-0.097951
-0.097897
-0.0978286
-0.0977456
-0.0976464
-0.0975288
-0.0973961
-0.0972494
-0.0970874
-0.0969081
-0.0967092
-0.0964879
-0.0962413
-0.0959671
-0.0956647
-0.0953334
-0.0949706
-0.0945713
-0.0941265
-0.0936213
-0.0930323
-0.0923245
-0.0914498
-0.0903443
-0.0889314
-0.0871256
-0.0848413
-0.0819991
-0.0785355
-0.0744068
-0.0695961
-0.0641168
-0.0580179
-0.0513803
-0.0443163
-0.0369614
-0.0294693
-0.0219988
-0.0147086
-0.00774429
-0.00123299
0.00472483
0.0100478
0.0146814
0.0185949
0.0217842
0.0242651
0.0260731
0.027256
0.0278729
0.027987
0.0276659
0.0269752
0.0259799
0.0247382
0.023305
0.0217267
0.0200453
0.0182941
0.0165031
0.0146932
0.0128833
0.0110839
0.00930552
0.00755077
0.00582444
0.0041239
0.00245051
0.000800033
-0.0945521
-0.0956447
-0.0964836
-0.0970961
-0.0974127
-0.0975306
-0.0975641
-0.0975761
-0.0975909
-0.09762
-0.0976584
-0.0976988
-0.0977389
-0.0977776
-0.0978132
-0.0978437
-0.0978687
-0.0978875
-0.0978937
-0.0978831
-0.0978551
-0.09781
-0.0977492
-0.0976712
-0.0975738
-0.0974548
-0.0973133
-0.0971494
-0.0969627
-0.0967516
-0.0965134
-0.0962449
-0.0959426
-0.0956024
-0.0952206
-0.0947934
-0.094317
-0.093786
-0.0931925
-0.0925242
-0.0917631
-0.0908844
-0.089855
-0.0886312
-0.0871589
-0.0853762
-0.0832169
-0.0806167
-0.0775179
-0.0738761
-0.0696676
-0.0648966
-0.0595943
-0.0538207
-0.0476606
-0.0412223
-0.0346288
-0.0280139
-0.0215097
-0.0152439
-0.00932812
-0.00386029
0.00108718
0.00546156
0.00923537
0.0123968
0.0149556
0.0169327
0.0183658
0.0192968
0.0197792
0.0198645
0.0196124
0.0190756
0.0183115
0.0173656
0.0162859
0.0151056
0.0138623
0.0125773
0.0112786
0.0099767
0.00869204
0.00742557
0.00619264
0.00498691
0.00382114
0.00268356
0.00158588
0.00051099
-0.117256
-0.10232
-0.100392
-0.0989146
-0.0979992
-0.0975702
-0.097395
-0.0973315
-0.0973096
-0.0973105
-0.0973461
-0.0974058
-0.0974697
-0.0975289
-0.0975815
-0.0976263
-0.0976608
-0.0976814
-0.0976825
-0.0976597
-0.0976118
-0.0975395
-0.0974424
-0.0973181
-0.0971636
-0.0969759
-0.0967528
-0.0964923
-0.0961926
-0.0958514
-0.0954662
-0.0950341
-0.094551
-0.0940128
-0.0934151
-0.0927532
-0.092022
-0.0912152
-0.0903239
-0.0893356
-0.0882327
-0.0869905
-0.0855769
-0.0839553
-0.0820847
-0.0799207
-0.0774187
-0.0745379
-0.0712454
-0.067522
-0.0633657
-0.0587955
-0.0538511
-0.048592
-0.0430949
-0.0374521
-0.0317656
-0.0261424
-0.0206854
-0.0154904
-0.0106382
-0.00619804
-0.00221882
0.00126898
0.00425581
0.00674064
0.00873917
0.0102727
0.0113779
0.0120906
0.0124581
0.0125222
0.0123347
0.0119383
0.0113836
0.0107055
0.00994643
0.00912857
0.00828485
0.00742543
0.00657625
0.00573709
0.00493001
0.00414616
0.00340667
0.00269486
0.0020331
0.00139725
0.000812683
0.000244974
-0.0847741
-0.0912462
-0.093755
-0.0945939
-0.0950359
-0.095432
-0.0957978
-0.0961042
-0.0963687
-0.0965988
-0.0967957
-0.0969619
-0.0971004
-0.0972147
-0.0973069
-0.0973765
-0.0974203
-0.0974339
-0.0974122
-0.097351
-0.0972477
-0.097101
-0.0969094
-0.0966714
-0.0963847
-0.0960473
-0.0956573
-0.095213
-0.0947127
-0.094154
-0.0935332
-0.0928464
-0.0920902
-0.0912614
-0.0903565
-0.0893714
-0.0883014
-0.0871405
-0.0858806
-0.0845112
-0.0830178
-0.0813822
-0.0795825
-0.0775938
-0.0753896
-0.0729429
-0.0702282
-0.0672246
-0.0639183
-0.0603058
-0.0563961
-0.0522124
-0.0477919
-0.0431846
-0.0384519
-0.0336666
-0.0289084
-0.0242602
-0.0198014
-0.0156051
-0.0117306
-0.00822298
-0.00510942
-0.00240495
-0.0001103
0.00177958
0.00328229
0.00441989
0.00522739
0.00573837
0.00599562
0.00603499
0.00590157
0.00562946
0.00526178
0.00482492
0.004355
0.00386601
0.00338538
0.00291379
0.00247279
0.00205221
0.0016734
0.00131842
0.00101351
0.000731659
0.000505173
0.000294773
0.000141941
-7.61324e-06
-0.0787839
-0.0865658
-0.0905511
-0.091977
-0.0924098
-0.0927428
-0.0932347
-0.0938426
-0.0944527
-0.09499
-0.0954329
-0.0957904
-0.0960807
-0.0963181
-0.0965094
-0.0966544
-0.0967486
-0.0967859
-0.0967601
-0.0966662
-0.0965009
-0.096262
-0.0959487
-0.0955609
-0.0950983
-0.0945609
-0.0939487
-0.0932617
-0.0924996
-0.0916618
-0.090747
-0.0897537
-0.0886807
-0.0875265
-0.0862892
-0.0849666
-0.0835556
-0.0820522
-0.0804511
-0.0787456
-0.0769268
-0.0749842
-0.072905
-0.0706749
-0.0682782
-0.0656995
-0.0629254
-0.0599467
-0.0567596
-0.0533679
-0.0497844
-0.046032
-0.0421448
-0.0381677
-0.0341538
-0.0301603
-0.0262463
-0.0224726
-0.0188977
-0.0155748
-0.0125453
-0.00983917
-0.00747314
-0.00545329
-0.00377148
-0.00241157
-0.00135125
-0.000566405
-2.47057e-05
0.000307046
0.00046945
0.000498005
0.000431421
0.000296208
0.000122664
-7.21337e-05
-0.000262307
-0.00043964
-0.000584824
-0.000702838
-0.000779906
-0.000832267
-0.000844381
-0.000838832
-0.000789278
-0.000728025
-0.000616603
-0.000504597
-0.000335557
-0.000183413
-0.0685452
-0.0757476
-0.0810915
-0.0845715
-0.0867021
-0.0881447
-0.0893477
-0.0904893
-0.0915814
-0.0925784
-0.093443
-0.0941656
-0.0947569
-0.0952335
-0.0956086
-0.0958883
-0.0960729
-0.0961591
-0.0961428
-0.0960205
-0.0957902
-0.0954516
-0.0950057
-0.0944546
-0.0938011
-0.0930479
-0.0921981
-0.0912545
-0.0902195
-0.0890954
-0.0878839
-0.0865862
-0.0852028
-0.0837342
-0.0821802
-0.0805403
-0.0788132
-0.0769976
-0.075091
-0.0730906
-0.0709928
-0.0687931
-0.0664867
-0.0640681
-0.0615322
-0.0588741
-0.0560898
-0.0531772
-0.0501379
-0.0469783
-0.0437108
-0.0403564
-0.0369452
-0.033518
-0.0301227
-0.0268102
-0.0236299
-0.0206256
-0.0178323
-0.0152768
-0.0129801
-0.0109618
-0.00923792
-0.00781215
-0.00666545
-0.00576193
-0.00506503
-0.00454713
-0.00418442
-0.00395117
-0.0038113
-0.00372765
-0.00366723
-0.00361332
-0.00355502
-0.0034896
-0.00340757
-0.00330637
-0.00317593
-0.00302037
-0.00283261
-0.00262413
-0.00238476
-0.00213265
-0.00185031
-0.00156521
-0.00124464
-0.000933531
-0.000573423
-0.000246318
-0.0632895
-0.0699079
-0.0753759
-0.0795871
-0.0826645
-0.0849193
-0.0866931
-0.088225
-0.0896227
-0.090904
-0.0920487
-0.0930365
-0.093861
-0.0945279
-0.0950471
-0.0954263
-0.0956688
-0.0957744
-0.0957409
-0.0955663
-0.09525
-0.0947933
-0.094199
-0.0934717
-0.0926165
-0.0916391
-0.0905455
-0.0893414
-0.0880324
-0.0866236
-0.0851191
-0.0835226
-0.0818367
-0.0800632
-0.0782038
-0.0762595
-0.0742315
-0.0721207
-0.0699282
-0.067655
-0.0653024
-0.0628719
-0.0603656
-0.0577859
-0.0551363
-0.0524204
-0.0496422
-0.0468062
-0.0439182
-0.0409854
-0.0380182
-0.0350322
-0.0320511
-0.0291101
-0.0262556
-0.0235415
-0.0210167
-0.0187133
-0.0166388
-0.0147801
-0.0131231
-0.0116748
-0.0104612
-0.00949635
-0.00875609
-0.00818046
-0.00770531
-0.00729907
-0.0069598
-0.00668892
-0.00646919
-0.00626887
-0.00605704
-0.00581757
-0.00554722
-0.00525472
-0.00494907
-0.00463867
-0.00432309
-0.00400339
-0.00367399
-0.00333724
-0.00298709
-0.00263052
-0.00225844
-0.00188365
-0.0014877
-0.00109546
-0.000666942
-0.000261028
-0.0587505
-0.0650174
-0.070474
-0.0750235
-0.0786717
-0.0815514
-0.0838735
-0.0858384
-0.0875792
-0.0891545
-0.0905721
-0.0918183
-0.0928798
-0.0937513
-0.0944345
-0.0949342
-0.0952536
-0.0953941
-0.0953557
-0.0951384
-0.0947439
-0.0941757
-0.0934392
-0.0925415
-0.0914904
-0.0902944
-0.0889623
-0.0875032
-0.085926
-0.0842389
-0.0824489
-0.0805619
-0.0785827
-0.0765149
-0.0743618
-0.0721264
-0.0698122
-0.0674228
-0.0649628
-0.0624378
-0.059854
-0.0572184
-0.0545394
-0.0518261
-0.0490894
-0.0463412
-0.0435939
-0.0408592
-0.0381474
-0.0354663
-0.0328225
-0.0302234
-0.0276802
-0.0252134
-0.0228614
-0.0206819
-0.0187339
-0.0170497
-0.0156068
-0.0143395
-0.0131875
-0.0121446
-0.0112494
-0.0105377
-0.010002
-0.00957554
-0.00917072
-0.00874203
-0.00830082
-0.00788026
-0.00749745
-0.00714535
-0.0068102
-0.00647963
-0.00614067
-0.00578765
-0.00542192
-0.00504891
-0.00467155
-0.00429218
-0.00390987
-0.00352596
-0.00313803
-0.00274801
-0.00235168
-0.00195278
-0.0015428
-0.00112973
-0.000691826
-0.000259371
-0.0551541
-0.0612161
-0.0666508
-0.0713799
-0.0753798
-0.078704
-0.0814744
-0.0838369
-0.0859125
-0.0877734
-0.0894458
-0.0909273
-0.0922047
-0.0932665
-0.0941067
-0.0947237
-0.0951182
-0.0952906
-0.0952417
-0.0949732
-0.0944894
-0.0937978
-0.0929078
-0.09183
-0.0905754
-0.0891553
-0.0875816
-0.0858663
-0.0840215
-0.0820581
-0.0799864
-0.0778149
-0.0755506
-0.0731996
-0.070767
-0.0682582
-0.0656788
-0.0630358
-0.0603377
-0.0575948
-0.0548192
-0.0520244
-0.0492242
-0.0464329
-0.0436662
-0.0409431
-0.0382852
-0.0357109
-0.0332319
-0.0308526
-0.0285734
-0.0263922
-0.024305
-0.0223085
-0.0204193
-0.0186839
-0.0171673
-0.0159212
-0.0149101
-0.0140354
-0.013213
-0.0124209
-0.0116814
-0.0110117
-0.0104447
-0.00997304
-0.00954379
-0.009123
-0.00871946
-0.00832392
-0.00792277
-0.00751138
-0.00709092
-0.00666526
-0.00624257
-0.00583048
-0.00543142
-0.00504243
-0.00466139
-0.0042848
-0.00390827
-0.00352942
-0.00314618
-0.00275833
-0.00236395
-0.00196382
-0.00155433
-0.00113627
-0.000701851
-0.000263848
-0.0522645
-0.0582209
-0.0636448
-0.0684704
-0.0726773
-0.0762979
-0.079409
-0.0821097
-0.0844937
-0.0866276
-0.0885444
-0.0902496
-0.0917329
-0.0929791
-0.0939753
-0.0947131
-0.0951878
-0.0953971
-0.0953408
-0.0950211
-0.0944448
-0.0936239
-0.0925742
-0.0913117
-0.0898516
-0.0882089
-0.0863986
-0.0844362
-0.0823368
-0.0801148
-0.0777834
-0.0753541
-0.0728366
-0.0702394
-0.0675701
-0.0648364
-0.0620467
-0.0592109
-0.0563415
-0.0534537
-0.0505661
-0.0476994
-0.0448748
-0.0421095
-0.0394158
-0.0368156
-0.0343352
-0.0319928
-0.0297929
-0.0277278
-0.0257875
-0.0239644
-0.0222496
-0.0206461
-0.0191562
-0.0177855
-0.0165712
-0.0155232
-0.0146256
-0.0138445
-0.0131458
-0.0125228
-0.0119749
-0.0114997
-0.0110099
-0.0104557
-0.00985072
-0.00925915
-0.00871493
-0.00822866
-0.0077986
-0.00740185
-0.00701566
-0.00662866
-0.00623803
-0.0058448
-0.00545218
-0.00506413
-0.00467994
-0.00429783
-0.00391579
-0.00353234
-0.00314559
-0.00275458
-0.0023583
-0.0019562
-0.00154609
-0.00112779
-0.000700934
-0.000259722
-0.0498896
-0.0558207
-0.0612467
-0.0661232
-0.0704507
-0.0742676
-0.0776341
-0.0806179
-0.083283
-0.0856799
-0.0878381
-0.0897655
-0.0914534
-0.0928847
-0.0940407
-0.0949062
-0.0954699
-0.0957256
-0.0956713
-0.0953098
-0.0946495
-0.0937058
-0.0925017
-0.0910602
-0.0894039
-0.0875543
-0.0855324
-0.0833584
-0.0810509
-0.0786273
-0.076103
-0.0734911
-0.070803
-0.0680487
-0.0652374
-0.062378
-0.0594808
-0.0565574
-0.0536222
-0.050693
-0.047792
-0.0449446
-0.0421789
-0.0395184
-0.0369777
-0.0345776
-0.0323337
-0.030247
-0.0283047
-0.026481
-0.0247472
-0.0230912
-0.0215319
-0.0201123
-0.0188761
-0.0178551
-0.0170238
-0.016262
-0.0154415
-0.0145277
-0.0135679
-0.0126727
-0.0119257
-0.0113074
-0.0107759
-0.0102753
-0.00977186
-0.00926965
-0.00878214
-0.00832522
-0.00789548
-0.00748041
-0.0070711
-0.00666405
-0.00625995
-0.00586069
-0.00546617
-0.00507598
-0.0046893
-0.00430459
-0.00392
-0.00353392
-0.00314496
-0.00275204
-0.0023541
-0.00194995
-0.00153817
-0.0011202
-0.000698471
-0.000254521
-0.048371
-0.0542674
-0.0596589
-0.0645371
-0.0689263
-0.0728676
-0.0764113
-0.0796072
-0.0824975
-0.0851171
-0.0874862
-0.0896089
-0.0914758
-0.0930686
-0.0943653
-0.0953448
-0.09599
-0.0962898
-0.0962404
-0.0958461
-0.0951186
-0.0940758
-0.0927395
-0.0911391
-0.0893072
-0.0872768
-0.0850782
-0.0827389
-0.0802825
-0.077729
-0.0750947
-0.072393
-0.0696349
-0.0668295
-0.0639849
-0.0611094
-0.0582118
-0.0553027
-0.0523954
-0.0495067
-0.0466584
-0.0438767
-0.0411943
-0.0386462
-0.0362714
-0.0340942
-0.0321185
-0.030323
-0.0286642
-0.0270861
-0.0255227
-0.0239349
-0.0223264
-0.0207465
-0.0192741
-0.0179885
-0.0169027
-0.0159654
-0.0151155
-0.0142947
-0.0135014
-0.0127612
-0.0120899
-0.011497
-0.0109447
-0.0104025
-0.0098625
-0.00933469
-0.00883194
-0.00836041
-0.00791642
-0.00749258
-0.00708075
-0.00667544
-0.00627411
-0.00587624
-0.00548206
-0.00509141
-0.00470345
-0.0043169
-0.00393027
-0.00354214
-0.00315119
-0.00275631
-0.00235644
-0.00195037
-0.00153726
-0.00111902
-0.000697573
-0.000252399
-0.0474641
-0.0533783
-0.0587704
-0.063667
-0.0681079
-0.0721364
-0.075797
-0.0791339
-0.0821849
-0.084973
-0.0875067
-0.0897819
-0.0917851
-0.0934963
-0.0948928
-0.0959528
-0.0966585
-0.0969988
-0.0969706
-0.0965798
-0.0958412
-0.0947776
-0.0934173
-0.0917923
-0.0899364
-0.0878827
-0.085663
-0.0833057
-0.0808356
-0.0782735
-0.0756365
-0.0729381
-0.0701894
-0.0673993
-0.0645758
-0.0617263
-0.0588586
-0.0559819
-0.0531075
-0.0502496
-0.0474264
-0.0446601
-0.041977
-0.0394059
-0.0369737
-0.0347001
-0.032592
-0.0306419
-0.0288338
-0.0271233
-0.0254579
-0.0238272
-0.0222389
-0.0207347
-0.0193705
-0.0181793
-0.0171566
-0.0162384
-0.0153566
-0.014485
-0.0136367
-0.0128466
-0.012144
-0.0115192
-0.0109457
-0.0103969
-0.00986298
-0.00934738
-0.00885638
-0.0083916
-0.00794931
-0.00752306
-0.00710727
-0.0066986
-0.00629556
-0.00589751
-0.00550389
-0.00511395
-0.00472657
-0.00434039
-0.00395393
-0.00356579
-0.00317466
-0.00277938
-0.00237887
-0.0019721
-0.00155824
-0.00113754
-0.00070956
-0.000257916
)
;

boundaryField
{
    fixedWalls
    {
        type            zeroGradient;
    }
    inflowWall
    {
        type            zeroGradient;
    }
    outflowWall
    {
        type            fixedValue;
        value           uniform 0;
    }
    frontAndBack
    {
        type            empty;
    }
}


// ************************************************************************* //
