/*--------------------------------*- C++ -*----------------------------------*\
| =========                 |                                                 |
| \\      /  F ield         | OpenFOAM: The Open Source CFD Toolbox           |
|  \\    /   O peration     | Version:  2306                                  |
|   \\  /    A nd           | Website:  www.openfoam.com                      |
|    \\/     M anipulation  |                                                 |
\*---------------------------------------------------------------------------*/
FoamFile
{
    version     2.0;
    format      ascii;
    arch        "LSB;label=32;scalar=64";
    class       surfaceScalarField;
    location    "4.96";
    object      phi;
}
// * * * * * * * * * * * * * * * * * * * * * * * * * * * * * * * * * * * * * //

dimensions      [0 3 -1 0 0 0 0];

oriented        oriented;

internalField   nonuniform List<scalar> 
3680
(
4.93469e-05
6.53115e-07
4.79741e-05
1.37282e-06
4.66975e-05
1.27657e-06
4.52603e-05
1.43719e-06
4.41219e-05
1.1384e-06
4.27179e-05
1.40404e-06
4.17332e-05
9.84715e-07
4.04311e-05
1.30202e-06
3.97977e-05
6.33465e-07
9.8832e-07
3.88094e-05
5.03392e-05
3.13888e-07
5.08677e-05
8.4432e-07
5.1132e-05
1.01232e-06
5.14648e-05
1.10433e-06
5.15922e-05
1.01104e-06
5.19748e-05
1.02143e-06
5.20596e-05
8.9988e-07
5.25102e-05
8.51425e-07
5.2504e-05
6.39672e-07
4.34059e-07
5.30583e-05
5.01633e-05
1.50611e-07
5.05553e-05
4.52297e-07
5.09758e-05
5.91864e-07
5.14192e-05
6.60855e-07
5.18162e-05
6.14077e-07
5.2267e-05
5.70599e-07
5.2694e-05
4.72948e-07
5.31628e-05
3.82555e-07
5.35795e-05
2.22996e-07
1.51245e-08
5.39984e-05
5.00932e-05
5.73939e-08
5.03763e-05
1.69193e-07
5.07339e-05
2.34256e-07
5.11459e-05
2.48903e-07
5.15494e-05
2.10594e-07
5.19717e-05
1.48257e-07
5.23826e-05
6.20145e-08
5.2811e-05
-4.5765e-08
5.3221e-05
-1.8704e-07
-3.56142e-07
5.35923e-05
5.00738e-05
-1.6395e-08
5.02912e-05
-4.82432e-08
5.0611e-05
-8.55323e-08
5.09886e-05
-1.28667e-07
5.138e-05
-1.80869e-07
5.1774e-05
-2.45684e-07
5.21647e-05
-3.28689e-07
5.2551e-05
-4.32029e-07
5.29206e-05
-5.5665e-07
-7.02111e-07
5.32665e-05
5.00732e-05
-8.95606e-08
5.02829e-05
-2.57989e-07
5.05977e-05
-4.00351e-07
5.09652e-05
-4.96133e-07
5.13443e-05
-5.59942e-07
5.17214e-05
-6.22849e-07
5.20912e-05
-6.98471e-07
5.24522e-05
-7.93063e-07
5.28018e-05
-9.06239e-07
-1.03372e-06
5.31334e-05
5.00942e-05
-1.83761e-07
5.03556e-05
-5.19363e-07
5.06982e-05
-7.43007e-07
5.10682e-05
-8.66086e-07
5.14406e-05
-9.32333e-07
5.18044e-05
-9.86655e-07
5.21611e-05
-1.05521e-06
5.25125e-05
-1.14442e-06
5.28533e-05
-1.2471e-06
-1.35511e-06
5.31747e-05
5.01665e-05
-3.5024e-07
5.0518e-05
-8.70921e-07
5.09208e-05
-1.14579e-06
5.12996e-05
-1.2449e-06
5.16485e-05
-1.2812e-06
5.19859e-05
-1.32409e-06
5.23199e-05
-1.38914e-06
5.26413e-05
-1.46589e-06
5.29365e-05
-1.54232e-06
-1.61296e-06
5.31944e-05
5.03676e-05
-7.1786e-07
5.08004e-05
-1.30374e-06
5.10992e-05
-1.44454e-06
5.12768e-05
-1.42246e-06
5.14054e-05
-1.40986e-06
5.15043e-05
-1.42293e-06
5.15559e-05
-1.44074e-06
5.15436e-05
-1.4536e-06
5.14591e-05
-1.45787e-06
-1.4569e-06
5.13031e-05
4.92821e-05
4.79784e-05
4.65339e-05
4.51114e-05
4.37015e-05
4.22786e-05
4.08379e-05
3.93843e-05
3.79264e-05
3.64695e-05
1.43857e-08
-1.43857e-08
1.08827e-08
3.50291e-09
-7.72563e-09
1.86084e-08
-3.60826e-08
2.8357e-08
-7.14138e-08
3.53312e-08
-1.12411e-07
4.09976e-08
-1.58666e-07
4.62549e-08
-2.09918e-07
5.1252e-08
-2.65874e-07
5.59561e-08
-3.26202e-07
6.03279e-08
-3.90541e-07
6.43392e-08
-4.58519e-07
6.79777e-08
-5.29763e-07
7.12441e-08
-6.0391e-07
7.41471e-08
-6.80612e-07
7.67019e-08
-7.59541e-07
7.89286e-08
-8.40391e-07
8.08505e-08
-9.22884e-07
8.24928e-08
-1.00677e-06
8.38829e-08
-1.09183e-06
8.50587e-08
-1.17789e-06
8.60681e-08
-1.26486e-06
8.6966e-08
-1.35267e-06
8.78125e-08
-1.44134e-06
8.86714e-08
-1.53095e-06
8.96107e-08
-1.62166e-06
9.07063e-08
-1.7137e-06
9.20401e-08
-1.80739e-06
9.36941e-08
-1.90314e-06
9.57435e-08
-2.00139e-06
9.82566e-08
-2.10268e-06
1.01289e-07
-2.20757e-06
1.0489e-07
-2.31669e-06
1.09114e-07
-2.43075e-06
1.14064e-07
-2.55068e-06
1.19927e-07
-2.67767e-06
1.26994e-07
-2.81335e-06
1.35673e-07
-2.95988e-06
1.46537e-07
-3.12021e-06
1.60323e-07
-3.29812e-06
1.77915e-07
-3.49838e-06
2.00258e-07
-3.72656e-06
2.28179e-07
-3.98861e-06
2.62056e-07
-4.29009e-06
3.01478e-07
-4.63501e-06
3.44918e-07
-5.02465e-06
3.89641e-07
-5.45655e-06
4.31897e-07
-5.92387e-06
4.67326e-07
-6.41512e-06
4.91251e-07
-6.91435e-06
4.99222e-07
-7.40248e-06
4.88133e-07
-7.85935e-06
4.56868e-07
-8.26476e-06
4.05419e-07
-8.59989e-06
3.3513e-07
-8.84851e-06
2.48611e-07
-8.99817e-06
1.49668e-07
-9.03573e-06
3.75543e-08
-8.95885e-06
-7.68808e-08
-8.76618e-06
-1.9267e-07
-8.4579e-06
-3.08282e-07
-8.03644e-06
-4.21452e-07
-7.5085e-06
-5.27947e-07
-6.88402e-06
-6.24477e-07
-6.17228e-06
-7.11743e-07
-5.38495e-06
-7.87324e-07
-4.53434e-06
-8.50613e-07
-3.63393e-06
-9.00414e-07
-2.695e-06
-9.38923e-07
-1.73444e-06
-9.60563e-07
-7.61738e-07
-9.72703e-07
2.09526e-07
-9.71264e-07
1.17201e-06
-9.62481e-07
2.11289e-06
-9.40886e-07
3.02836e-06
-9.15463e-07
3.90666e-06
-8.78308e-07
4.74831e-06
-8.41648e-07
5.54285e-06
-7.94533e-07
6.29533e-06
-7.52482e-07
6.99608e-06
-7.00753e-07
7.65499e-06
-6.58911e-07
8.2622e-06
-6.07214e-07
8.83249e-06
-5.70285e-07
9.35513e-06
-5.22645e-07
9.8496e-06
-4.94468e-07
1.03042e-05
-4.54575e-07
1.07427e-05
-4.38494e-07
1.11521e-05
-4.09467e-07
1.15623e-05
-4.10209e-07
1.19572e-05
-3.94882e-07
-4.29085e-07
-1.08907e-08
-3.49492e-09
-6.45946e-08
5.72068e-08
-1.48271e-07
1.02284e-07
-2.53884e-07
1.3397e-07
-3.7656e-07
1.58007e-07
-5.13924e-07
1.78361e-07
-6.64313e-07
1.96644e-07
-8.2625e-07
2.13189e-07
-9.98336e-07
2.28042e-07
-1.17923e-06
2.41219e-07
-1.36764e-06
2.52752e-07
-1.56236e-06
2.62695e-07
-1.76225e-06
2.71132e-07
-1.96627e-06
2.78173e-07
-2.17351e-06
2.83945e-07
-2.38317e-06
2.88586e-07
-2.59457e-06
2.92245e-07
-2.80715e-06
2.95075e-07
-3.0205e-06
2.9723e-07
-3.23433e-06
2.9889e-07
-3.44851e-06
3.00255e-07
-3.66308e-06
3.01536e-07
-3.87822e-06
3.02953e-07
-4.09428e-06
3.04725e-07
-4.31174e-06
3.07076e-07
-4.53128e-06
3.10239e-07
-4.75369e-06
3.14456e-07
-4.97996e-06
3.19958e-07
-5.21116e-06
3.26946e-07
-5.4485e-06
3.35596e-07
-5.69326e-06
3.4605e-07
-5.94678e-06
3.58407e-07
-6.21042e-06
3.72754e-07
-6.48556e-06
3.8921e-07
-6.77361e-06
4.07976e-07
-7.07594e-06
4.29321e-07
-7.3938e-06
4.5353e-07
-7.7282e-06
4.80939e-07
-8.07975e-06
5.11872e-07
-8.44839e-06
5.46561e-07
-8.83316e-06
5.85025e-07
-9.23184e-06
6.26862e-07
-9.64065e-06
6.70863e-07
-1.00538e-05
7.14645e-07
-1.04634e-05
7.54496e-07
-1.08592e-05
7.85489e-07
-1.12293e-05
8.01908e-07
-1.15602e-05
7.98268e-07
-1.18383e-05
7.694e-07
-1.20495e-05
7.10362e-07
-1.21796e-05
6.18273e-07
-1.22162e-05
4.93433e-07
-1.21491e-05
3.3835e-07
-1.19676e-05
1.53591e-07
-1.16627e-05
-5.62551e-08
-1.12423e-05
-2.70749e-07
-1.07032e-05
-5.0154e-07
-1.00425e-05
-7.3758e-07
-9.26129e-06
-9.73883e-07
-8.36718e-06
-1.20239e-06
-7.36665e-06
-1.42198e-06
-6.2683e-06
-1.6263e-06
-5.08466e-06
-1.80812e-06
-3.82637e-06
-1.97003e-06
-2.50578e-06
-2.10791e-06
-1.13727e-06
-2.21913e-06
2.67959e-07
-2.30564e-06
1.69239e-06
-2.36335e-06
3.12921e-06
-2.39738e-06
4.56538e-06
-2.40887e-06
5.98958e-06
-2.39547e-06
7.39268e-06
-2.36557e-06
8.76482e-06
-2.31303e-06
1.01002e-05
-2.25079e-06
1.13909e-05
-2.1691e-06
1.26345e-05
-2.08521e-06
1.38252e-05
-1.98526e-06
1.49635e-05
-1.89074e-06
1.60458e-05
-1.78304e-06
1.70751e-05
-1.68818e-06
1.80498e-05
-1.58199e-06
1.89754e-05
-1.49584e-06
1.98517e-05
-1.399e-06
2.06868e-05
-1.32948e-06
2.14808e-05
-1.24859e-06
2.22453e-05
-1.20303e-06
2.29797e-05
-1.14386e-06
2.37e-05
-1.13051e-06
2.44035e-05
-1.09834e-06
-1.11894e-06
-5.01683e-08
4.66734e-08
-1.86882e-07
1.93921e-07
-3.69646e-07
2.85048e-07
-5.7959e-07
3.43914e-07
-8.07809e-07
3.86226e-07
-1.05182e-06
4.22369e-07
-1.30999e-06
4.54814e-07
-1.57975e-06
4.82955e-07
-1.85848e-06
5.06774e-07
-2.14374e-06
5.26473e-07
-2.4333e-06
5.42316e-07
-2.72523e-06
5.54621e-07
-3.01785e-06
5.63759e-07
-3.3098e-06
5.70118e-07
-3.59994e-06
5.74089e-07
-3.88741e-06
5.76054e-07
-4.17155e-06
5.76381e-07
-4.4519e-06
5.7543e-07
-4.72817e-06
5.73496e-07
-5.00022e-06
5.70937e-07
-5.26808e-06
5.68122e-07
-5.53195e-06
5.65402e-07
-5.7921e-06
5.63109e-07
-6.04893e-06
5.6155e-07
-6.30286e-06
5.61004e-07
-6.55436e-06
5.61739e-07
-6.80392e-06
5.64014e-07
-7.052e-06
5.68045e-07
-7.29902e-06
5.73958e-07
-7.54523e-06
5.81813e-07
-7.79077e-06
5.91589e-07
-8.03554e-06
6.03172e-07
-8.27915e-06
6.16369e-07
-8.5209e-06
6.3096e-07
-8.75973e-06
6.46805e-07
-8.99428e-06
6.63871e-07
-9.22265e-06
6.81904e-07
-9.44238e-06
7.00661e-07
-9.6503e-06
7.19799e-07
-9.84251e-06
7.3877e-07
-1.00142e-05
7.56698e-07
-1.01598e-05
7.72455e-07
-1.02727e-05
7.83793e-07
-1.03456e-05
7.8755e-07
-1.03706e-05
7.79479e-07
-1.03395e-05
7.54344e-07
-1.02435e-05
7.06006e-07
-1.00747e-05
6.2944e-07
-9.82667e-06
5.21345e-07
-9.49453e-06
3.78228e-07
-9.073e-06
1.96739e-07
-8.55542e-06
-2.41439e-08
-7.94807e-06
-2.68997e-07
-7.24887e-06
-5.45613e-07
-6.45746e-06
-8.47666e-07
-5.56657e-06
-1.16163e-06
-4.58327e-06
-1.48484e-06
-3.51421e-06
-1.80664e-06
-2.36298e-06
-2.12512e-06
-1.1368e-06
-2.42857e-06
1.59431e-07
-2.71821e-06
1.50851e-06
-2.97538e-06
2.91149e-06
-3.2111e-06
4.35291e-06
-3.41144e-06
5.82624e-06
-3.58124e-06
7.31841e-06
-3.7113e-06
8.82139e-06
-3.80862e-06
1.03248e-05
-3.86675e-06
1.18188e-05
-3.89136e-06
1.32926e-05
-3.88273e-06
1.47401e-05
-3.84294e-06
1.61516e-05
-3.7771e-06
1.75232e-05
-3.68464e-06
1.88478e-05
-3.57532e-06
2.01236e-05
-3.44491e-06
2.1346e-05
-3.30761e-06
2.25154e-05
-3.15473e-06
2.36296e-05
-3.00494e-06
2.46908e-05
-2.84422e-06
2.56987e-05
-2.69612e-06
2.66571e-05
-2.54033e-06
2.75674e-05
-2.40619e-06
2.84344e-05
-2.26597e-06
2.92614e-05
-2.15649e-06
3.00534e-05
-2.04061e-06
3.08156e-05
-1.96523e-06
3.15531e-05
-1.88134e-06
3.22714e-05
-1.84876e-06
3.29753e-05
-1.80228e-06
-1.82468e-06
-1.38474e-07
1.85147e-07
-3.929e-07
4.48347e-07
-6.86846e-07
5.78994e-07
-9.9814e-07
6.55208e-07
-1.32455e-06
7.12636e-07
-1.66324e-06
7.61058e-07
-2.00916e-06
8.00737e-07
-2.35757e-06
8.31364e-07
-2.70443e-06
8.53636e-07
-3.0467e-06
8.68745e-07
-3.38191e-06
8.77525e-07
-3.70816e-06
8.80869e-07
-4.0241e-06
8.79696e-07
-4.32879e-06
8.74809e-07
-4.62163e-06
8.66927e-07
-4.90227e-06
8.56694e-07
-5.17056e-06
8.44675e-07
-5.42649e-06
8.31354e-07
-5.67015e-06
8.17162e-07
-5.90174e-06
8.02525e-07
-6.12146e-06
7.87845e-07
-6.32954e-06
7.73484e-07
-6.52619e-06
7.59759e-07
-6.71157e-06
7.46929e-07
-6.88575e-06
7.35183e-07
-7.04868e-06
7.24668e-07
-7.20019e-06
7.15526e-07
-7.34001e-06
7.07863e-07
-7.46766e-06
7.01605e-07
-7.58244e-06
6.96598e-07
-7.68344e-06
6.92585e-07
-7.76946e-06
6.89193e-07
-7.83902e-06
6.85931e-07
-7.89028e-06
6.82219e-07
-7.92104e-06
6.77567e-07
-7.92885e-06
6.71681e-07
-7.91083e-06
6.63877e-07
-7.86361e-06
6.53449e-07
-7.78338e-06
6.39565e-07
-7.6658e-06
6.21187e-07
-7.50597e-06
5.96875e-07
-7.29828e-06
5.64759e-07
-7.0373e-06
5.22813e-07
-6.71795e-06
4.68208e-07
-6.33497e-06
3.96489e-07
-5.88402e-06
3.03403e-07
-5.36104e-06
1.83018e-07
-4.76115e-06
2.95523e-08
-4.08734e-06
-1.52461e-07
-3.3383e-06
-3.70818e-07
-2.51414e-06
-6.27423e-07
-1.61946e-06
-9.1882e-07
-6.4744e-07
-1.24102e-06
3.96012e-07
-1.58907e-06
1.5061e-06
-1.95775e-06
2.67963e-06
-2.33517e-06
3.91455e-06
-2.71977e-06
5.20566e-06
-3.09775e-06
6.54936e-06
-3.46882e-06
7.93798e-06
-3.81719e-06
9.36579e-06
-4.14602e-06
1.08271e-05
-4.43673e-06
1.2313e-05
-4.69699e-06
1.38135e-05
-4.91194e-06
1.53218e-05
-5.08947e-06
1.6827e-05
-5.21649e-06
1.83217e-05
-5.30335e-06
1.97958e-05
-5.34084e-06
2.12434e-05
-5.33902e-06
2.26543e-05
-5.29363e-06
2.40254e-05
-5.21405e-06
2.5348e-05
-5.09966e-06
2.66215e-05
-4.95813e-06
2.7839e-05
-4.79286e-06
2.90026e-05
-4.60848e-06
3.01073e-05
-4.4123e-06
3.11572e-05
-4.20463e-06
3.21491e-05
-3.99688e-06
3.30889e-05
-3.78396e-06
3.39747e-05
-3.58192e-06
3.48136e-05
-3.37921e-06
3.56049e-05
-3.19753e-06
3.63567e-05
-3.01774e-06
3.70688e-05
-2.86864e-06
3.77503e-05
-2.72205e-06
3.84008e-05
-2.61579e-06
3.90305e-05
-2.51098e-06
3.96386e-05
-2.45689e-06
4.02388e-05
-2.40253e-06
-2.41401e-06
-1.95626e-07
3.80773e-07
-5.66598e-07
8.1932e-07
-9.85041e-07
9.97437e-07
-1.41273e-06
1.0829e-06
-1.83341e-06
1.13331e-06
-2.23836e-06
1.16601e-06
-2.62386e-06
1.18623e-06
-2.9888e-06
1.19631e-06
-3.33146e-06
1.19629e-06
-3.65037e-06
1.18766e-06
-3.94492e-06
1.17207e-06
-4.21503e-06
1.15098e-06
-4.461e-06
1.12567e-06
-4.68344e-06
1.09725e-06
-4.88309e-06
1.06658e-06
-5.0608e-06
1.03441e-06
-5.21745e-06
1.00132e-06
-5.35385e-06
9.67756e-07
-5.47074e-06
9.34053e-07
-5.56879e-06
9.0057e-07
-5.64855e-06
8.67609e-07
-5.71047e-06
8.35403e-07
-5.75483e-06
8.0412e-07
-5.78177e-06
7.73866e-07
-5.79121e-06
7.44627e-07
-5.78287e-06
7.16327e-07
-5.75624e-06
6.88892e-07
-5.71071e-06
6.62335e-07
-5.64544e-06
6.36333e-07
-5.55934e-06
6.10502e-07
-5.45112e-06
5.84369e-07
-5.31926e-06
5.5733e-07
-5.16199e-06
5.28656e-07
-4.97726e-06
4.9749e-07
-4.76253e-06
4.62841e-07
-4.51543e-06
4.24578e-07
-4.23318e-06
3.81626e-07
-3.91261e-06
3.32881e-07
-3.55019e-06
2.77149e-07
-3.14205e-06
2.13046e-07
-2.68392e-06
1.38747e-07
-2.17073e-06
5.15626e-08
-1.59925e-06
-4.86662e-08
-9.67366e-07
-1.63675e-07
-2.71124e-07
-2.99752e-07
4.92367e-07
-4.60088e-07
1.32393e-06
-6.48544e-07
2.22049e-06
-8.67008e-07
3.18594e-06
-1.11791e-06
4.21732e-06
-1.4022e-06
5.31134e-06
-1.72144e-06
6.46357e-06
-2.07105e-06
7.67178e-06
-2.44922e-06
8.93022e-06
-2.84751e-06
1.02364e-05
-3.26394e-06
1.15859e-05
-3.68465e-06
1.29751e-05
-4.10894e-06
1.4398e-05
-4.52065e-06
1.58496e-05
-4.92041e-06
1.73226e-05
-5.29022e-06
1.88099e-05
-5.63333e-06
2.03044e-05
-5.93125e-06
2.17978e-05
-6.19039e-06
2.32807e-05
-6.39481e-06
2.47455e-05
-6.55428e-06
2.61834e-05
-6.65445e-06
2.75882e-05
-6.7081e-06
2.89514e-05
-6.70405e-06
3.02695e-05
-6.65713e-06
3.1535e-05
-6.55917e-06
3.27471e-05
-6.42615e-06
3.38999e-05
-6.25242e-06
3.49954e-05
-6.05363e-06
3.6029e-05
-5.82649e-06
3.70055e-05
-5.585e-06
3.79212e-05
-5.32799e-06
3.87832e-05
-5.06655e-06
3.9588e-05
-4.80172e-06
4.03447e-05
-4.54066e-06
4.10499e-05
-4.28711e-06
4.17142e-05
-4.04347e-06
4.23336e-05
-3.81694e-06
4.29202e-05
-3.60437e-06
4.34691e-05
-3.41754e-06
4.39939e-05
-3.24683e-06
4.44881e-05
-3.11003e-06
4.49671e-05
-2.98999e-06
4.54227e-05
-2.91243e-06
4.58717e-05
-2.85154e-06
-2.84847e-06
-4.22155e-07
8.02928e-07
-9.62562e-07
1.35973e-06
-1.45575e-06
1.49063e-06
-1.88984e-06
1.51698e-06
-2.28627e-06
1.52975e-06
-2.6502e-06
1.52994e-06
-2.97704e-06
1.51307e-06
-3.26083e-06
1.4801e-06
-3.49816e-06
1.43362e-06
-3.69124e-06
1.38073e-06
-3.84312e-06
1.32395e-06
-3.95685e-06
1.26471e-06
-4.03541e-06
1.20423e-06
-4.0816e-06
1.14344e-06
-4.09801e-06
1.08299e-06
-4.08696e-06
1.02335e-06
-4.05051e-06
9.64872e-07
-3.99045e-06
9.07697e-07
-3.90822e-06
8.5182e-07
-3.80502e-06
7.97371e-07
-3.68182e-06
7.44404e-07
-3.53931e-06
6.92896e-07
-3.37792e-06
6.42733e-07
-3.19783e-06
5.93778e-07
-2.99892e-06
5.45713e-07
-2.78076e-06
4.98164e-07
-2.54259e-06
4.50731e-07
-2.28376e-06
4.03499e-07
-2.00308e-06
3.55655e-07
-1.69922e-06
3.06642e-07
-1.37069e-06
2.55833e-07
-1.01577e-06
2.02415e-07
-6.32523e-07
1.4541e-07
-2.18624e-07
8.35909e-08
2.29301e-07
1.49157e-08
7.11567e-07
-5.76879e-08
1.23134e-06
-1.38147e-07
1.7919e-06
-2.27676e-07
2.39632e-06
-3.27274e-07
3.04781e-06
-4.38442e-07
3.74943e-06
-5.62871e-07
4.50324e-06
-7.02255e-07
5.31297e-06
-8.58389e-07
6.18286e-06
-1.03357e-06
7.11405e-06
-1.23094e-06
8.10704e-06
-1.45308e-06
9.16148e-06
-1.70299e-06
1.02762e-05
-1.98176e-06
1.14496e-05
-2.29132e-06
1.26778e-05
-2.63039e-06
1.39566e-05
-3.00021e-06
1.52807e-05
-3.39518e-06
1.66456e-05
-3.8141e-06
1.80451e-05
-4.247e-06
1.94732e-05
-4.69203e-06
2.0924e-05
-5.13544e-06
2.23905e-05
-5.5754e-06
2.38655e-05
-5.99573e-06
2.5341e-05
-6.39587e-06
2.6809e-05
-6.75825e-06
2.82607e-05
-7.08496e-06
2.96881e-05
-7.35865e-06
3.10827e-05
-7.58504e-06
3.24368e-05
-7.74889e-06
3.37435e-05
-7.86097e-06
3.49969e-05
-7.90786e-06
3.6193e-05
-7.90425e-06
3.73276e-05
-7.83865e-06
3.83996e-05
-7.72915e-06
3.94064e-05
-7.56589e-06
4.03496e-05
-7.36936e-06
4.12279e-05
-7.1307e-06
4.20457e-05
-6.87143e-06
4.28022e-05
-6.58304e-06
4.35041e-05
-6.28684e-06
4.41503e-05
-5.97429e-06
4.47493e-05
-5.66547e-06
4.52993e-05
-5.35175e-06
4.581e-05
-5.05133e-06
4.62785e-05
-4.7557e-06
4.67159e-05
-4.48077e-06
4.71176e-05
-4.21866e-06
4.74958e-05
-3.98258e-06
4.78443e-05
-3.76604e-06
4.81766e-05
-3.57915e-06
4.84843e-05
-3.41768e-06
4.87825e-05
-3.2882e-06
4.90599e-05
-3.18986e-06
4.93335e-05
-3.1251e-06
-3.10377e-06
-2.66826e-07
1.06975e-06
-8.62217e-07
1.95512e-06
-1.48186e-06
2.11027e-06
-2.00033e-06
2.03546e-06
-2.39047e-06
1.91988e-06
-2.65519e-06
1.79466e-06
-2.81237e-06
1.67025e-06
-2.88236e-06
1.5501e-06
-2.8826e-06
1.43386e-06
-2.82417e-06
1.3223e-06
-2.71546e-06
1.21525e-06
-2.56317e-06
1.11241e-06
-2.37304e-06
1.01411e-06
-2.15005e-06
9.20444e-07
-1.89834e-06
8.31282e-07
-1.62141e-06
7.46417e-07
-1.32218e-06
6.65642e-07
-1.003e-06
5.8852e-07
-6.65627e-07
5.14449e-07
-3.1158e-07
4.43324e-07
5.80641e-08
3.7476e-07
4.42614e-07
3.08345e-07
8.41699e-07
2.43648e-07
1.2553e-06
1.80175e-07
1.68393e-06
1.17088e-07
2.12857e-06
5.35244e-08
2.59067e-06
-1.13723e-08
3.06981e-06
-7.56426e-08
3.56827e-06
-1.42808e-07
4.08784e-06
-2.1292e-07
4.63035e-06
-2.86676e-07
5.19785e-06
-3.65087e-07
5.79243e-06
-4.49177e-07
6.41613e-06
-5.40104e-07
7.06981e-06
-6.38761e-07
7.75809e-06
-7.45969e-07
8.48306e-06
-8.63121e-07
9.24713e-06
-9.9175e-07
1.00529e-05
-1.13299e-06
1.09028e-05
-1.28839e-06
1.17992e-05
-1.45931e-06
1.27445e-05
-1.64753e-06
1.37407e-05
-1.85459e-06
1.47894e-05
-2.08227e-06
1.5891e-05
-2.33253e-06
1.7045e-05
-2.60708e-06
1.82497e-05
-2.90765e-06
1.95024e-05
-3.2345e-06
2.07994e-05
-3.58829e-06
2.21359e-05
-3.96692e-06
2.35054e-05
-4.36974e-06
2.49016e-05
-4.79133e-06
2.63162e-05
-5.2287e-06
2.77417e-05
-5.6725e-06
2.91685e-05
-6.11886e-06
3.05887e-05
-6.55567e-06
3.19923e-05
-6.97891e-06
3.33709e-05
-7.37438e-06
3.47145e-05
-7.7395e-06
3.60155e-05
-8.05918e-06
3.72648e-05
-8.33429e-06
3.84564e-05
-8.55027e-06
3.95835e-05
-8.71205e-06
4.06416e-05
-8.80707e-06
4.16273e-05
-8.84659e-06
4.25394e-05
-8.82002e-06
4.33782e-05
-8.74308e-06
4.41448e-05
-8.60524e-06
4.4842e-05
-8.42634e-06
4.54724e-05
-8.19622e-06
4.60409e-05
-7.93792e-06
4.65508e-05
-7.64061e-06
4.70087e-05
-7.32928e-06
4.74173e-05
-6.99162e-06
4.7784e-05
-6.65354e-06
4.81105e-05
-6.30082e-06
4.84047e-05
-5.95964e-06
4.86667e-05
-5.61373e-06
4.89045e-05
-5.28922e-06
4.91167e-05
-4.96792e-06
4.93118e-05
-4.6758e-06
4.94862e-05
-4.39303e-06
4.9649e-05
-4.1454e-06
4.97947e-05
-3.91181e-06
4.99335e-05
-3.71788e-06
5.00575e-05
-3.5417e-06
5.0178e-05
-3.4087e-06
5.02847e-05
-3.29659e-06
5.03898e-05
-3.23015e-06
-3.19087e-06
-1.49379e-06
2.56355e-06
-1.94444e-06
2.40577e-06
-2.10969e-06
2.27552e-06
-2.1263e-06
2.05206e-06
-2.01411e-06
1.80769e-06
-1.79705e-06
1.5776e-06
-1.49437e-06
1.36758e-06
-1.12057e-06
1.1763e-06
-6.88283e-07
1.00157e-06
-2.09899e-07
8.43916e-07
3.05331e-07
7.00019e-07
8.49591e-07
5.68153e-07
1.41613e-06
4.4757e-07
1.99985e-06
3.36725e-07
2.59685e-06
2.34279e-07
3.20395e-06
1.39322e-07
3.81818e-06
5.1404e-08
4.43834e-06
-3.16363e-08
5.06446e-06
-1.11674e-07
5.69471e-06
-1.86921e-07
6.32864e-06
-2.59171e-07
6.96642e-06
-3.29438e-07
7.60843e-06
-3.98364e-07
8.25475e-06
-4.66139e-07
8.90695e-06
-5.35109e-07
9.56623e-06
-6.0576e-07
1.02334e-05
-6.78547e-07
1.09119e-05
-7.54111e-07
1.16028e-05
-8.33747e-07
1.23084e-05
-9.18463e-07
1.30307e-05
-1.00906e-06
1.37723e-05
-1.1066e-06
1.45351e-05
-1.21201e-06
1.53214e-05
-1.32644e-06
1.61335e-05
-1.45087e-06
1.6974e-05
-1.58643e-06
1.78449e-05
-1.73399e-06
1.87481e-05
-1.89501e-06
1.96856e-05
-2.07046e-06
2.0659e-05
-2.26179e-06
2.16696e-05
-2.4699e-06
2.27184e-05
-2.69633e-06
2.38057e-05
-2.94195e-06
2.49316e-05
-3.20813e-06
2.60945e-05
-3.49543e-06
2.72923e-05
-3.80485e-06
2.85211e-05
-4.13646e-06
2.97766e-05
-4.49002e-06
3.10525e-05
-4.86424e-06
3.23424e-05
-5.25681e-06
3.36375e-05
-5.66482e-06
3.49301e-05
-6.08391e-06
3.62093e-05
-6.5079e-06
3.74661e-05
-6.92931e-06
3.86894e-05
-7.34212e-06
3.98704e-05
-7.73674e-06
4.09986e-05
-8.10706e-06
4.20666e-05
-8.44238e-06
4.30655e-05
-8.7384e-06
4.39908e-05
-8.98446e-06
4.48364e-05
-9.17991e-06
4.56011e-05
-9.31493e-06
4.62827e-05
-9.39367e-06
4.68829e-05
-9.40728e-06
4.74023e-05
-9.36598e-06
4.78467e-05
-9.26445e-06
4.82208e-05
-9.1172e-06
4.85312e-05
-8.91567e-06
4.87844e-05
-8.67951e-06
4.89871e-05
-8.39895e-06
4.91468e-05
-8.09758e-06
4.92692e-05
-7.76302e-06
4.93618e-05
-7.42185e-06
4.94284e-05
-7.05828e-06
4.94762e-05
-6.70129e-06
4.95067e-05
-6.33129e-06
4.95264e-05
-5.97937e-06
4.95347e-05
-5.62206e-06
4.9538e-05
-5.29249e-06
4.95335e-05
-4.96336e-06
4.95275e-05
-4.66988e-06
4.95156e-05
-4.38106e-06
4.95044e-05
-4.13425e-06
4.94876e-05
-3.895e-06
4.94727e-05
-3.70293e-06
4.94513e-05
-3.52036e-06
4.94319e-05
-3.38923e-06
4.94043e-05
-3.26908e-06
4.93784e-05
-3.20422e-06
-3.14779e-06
-8.94963e-07
3.45851e-06
-7.41945e-07
2.25275e-06
-2.53081e-07
1.78666e-06
4.5696e-07
1.34202e-06
1.32297e-06
9.4168e-07
2.27886e-06
6.21708e-07
3.27827e-06
3.6817e-07
4.29376e-06
1.60808e-07
5.31169e-06
-1.63666e-08
6.31661e-06
-1.60999e-07
7.31084e-06
-2.94216e-07
8.29195e-06
-4.12954e-07
9.25559e-06
-5.16066e-07
1.0201e-05
-6.08658e-07
1.11279e-05
-6.92642e-07
1.20365e-05
-7.69265e-07
1.29276e-05
-8.39704e-07
1.38014e-05
-9.05448e-07
1.46575e-05
-9.67801e-07
1.54979e-05
-1.02733e-06
1.63239e-05
-1.08514e-06
1.71369e-05
-1.14242e-06
1.79385e-05
-1.19994e-06
1.8731e-05
-1.25866e-06
1.95164e-05
-1.32052e-06
2.02968e-05
-1.38616e-06
2.10746e-05
-1.45639e-06
2.18526e-05
-1.53211e-06
2.26331e-05
-1.61419e-06
2.34183e-05
-1.70374e-06
2.42109e-05
-1.80163e-06
2.50132e-05
-1.90884e-06
2.58272e-05
-2.02607e-06
2.66551e-05
-2.15435e-06
2.74987e-05
-2.29445e-06
2.83597e-05
-2.44741e-06
2.92396e-05
-2.61386e-06
3.01394e-05
-2.79488e-06
3.106e-05
-2.99107e-06
3.20017e-05
-3.20349e-06
3.29644e-05
-3.43255e-06
3.39472e-05
-3.67918e-06
3.4949e-05
-3.94373e-06
3.59678e-05
-4.22696e-06
3.70003e-05
-4.52786e-06
3.80422e-05
-4.84679e-06
3.90883e-05
-5.18249e-06
4.01322e-05
-5.534e-06
4.11666e-05
-5.89859e-06
4.21835e-05
-6.27374e-06
4.31737e-05
-6.65495e-06
4.41276e-05
-7.03786e-06
4.50357e-05
-7.41599e-06
4.58897e-05
-7.78328e-06
4.66801e-05
-8.13259e-06
4.74005e-05
-8.45713e-06
4.80435e-05
-8.75007e-06
4.86059e-05
-9.00475e-06
4.90836e-05
-9.21613e-06
4.94777e-05
-9.37851e-06
4.97877e-05
-9.48997e-06
5.00189e-05
-9.54608e-06
5.01743e-05
-9.54907e-06
5.02626e-05
-9.49564e-06
5.02896e-05
-9.39297e-06
5.02653e-05
-9.24016e-06
5.01967e-05
-9.04857e-06
5.0094e-05
-8.81301e-06
4.99639e-05
-8.54935e-06
4.98148e-05
-8.2499e-06
4.96523e-05
-7.93505e-06
4.94823e-05
-7.59301e-06
4.9309e-05
-7.24857e-06
4.91355e-05
-6.88479e-06
4.89652e-05
-6.53096e-06
4.87981e-05
-6.16424e-06
4.86375e-05
-5.81878e-06
4.84809e-05
-5.46548e-06
4.83322e-05
-5.14374e-06
4.81865e-05
-4.81771e-06
4.8049e-05
-4.53234e-06
4.79126e-05
-4.24467e-06
4.77839e-05
-4.00561e-06
4.76538e-05
-3.76484e-06
4.75305e-05
-3.57967e-06
4.74024e-05
-3.3922e-06
4.72795e-05
-3.2664e-06
4.71475e-05
-3.137e-06
4.70182e-05
-3.07496e-06
-3.0047e-06
3.65091e-06
-1.92407e-07
6.37243e-06
-4.68763e-07
8.77927e-06
-6.20184e-07
1.08957e-05
-7.7441e-07
1.27647e-05
-9.27282e-07
1.44503e-05
-1.06397e-06
1.59974e-05
-1.17891e-06
1.74231e-05
-1.26492e-06
1.87524e-05
-1.34562e-06
2.00084e-05
-1.41703e-06
2.11938e-05
-1.47954e-06
2.23157e-05
-1.53488e-06
2.33833e-05
-1.5837e-06
2.44017e-05
-1.62703e-06
2.53749e-05
-1.66588e-06
2.63068e-05
-1.70112e-06
2.72007e-05
-1.7336e-06
2.80595e-05
-1.76423e-06
2.88857e-05
-1.79408e-06
2.96825e-05
-1.82413e-06
3.04527e-05
-1.85532e-06
3.11989e-05
-1.88864e-06
3.19242e-05
-1.92515e-06
3.26314e-05
-1.96592e-06
3.3323e-05
-2.0121e-06
3.40015e-05
-2.06468e-06
3.46696e-05
-2.12448e-06
3.53298e-05
-2.19231e-06
3.59845e-05
-2.26889e-06
3.66358e-05
-2.35508e-06
3.7286e-05
-2.45179e-06
3.79369e-05
-2.55974e-06
3.859e-05
-2.67918e-06
3.92466e-05
-2.81097e-06
3.99079e-05
-2.95567e-06
4.05743e-05
-3.1139e-06
4.12465e-05
-3.28605e-06
4.19243e-05
-3.4727e-06
4.26074e-05
-3.6741e-06
4.32946e-05
-3.8907e-06
4.39846e-05
-4.12254e-06
4.46752e-05
-4.36985e-06
4.53638e-05
-4.63228e-06
4.60465e-05
-4.90962e-06
4.67193e-05
-5.20074e-06
4.73774e-05
-5.50483e-06
4.80149e-05
-5.82003e-06
4.86255e-05
-6.14463e-06
4.92025e-05
-6.47553e-06
4.97386e-05
-6.80984e-06
5.02267e-05
-7.14303e-06
5.06598e-05
-7.47103e-06
5.10319e-05
-7.78806e-06
5.1338e-05
-8.08933e-06
5.15738e-05
-8.36843e-06
5.17374e-05
-8.62072e-06
5.18276e-05
-8.84027e-06
5.18464e-05
-9.02357e-06
5.17964e-05
-9.16617e-06
5.16839e-05
-9.26594e-06
5.15141e-05
-9.32022e-06
5.12964e-05
-9.32839e-06
5.10374e-05
-9.29004e-06
5.07481e-05
-9.20628e-06
5.04354e-05
-9.08029e-06
5.01088e-05
-8.91358e-06
4.97723e-05
-8.71211e-06
4.94349e-05
-8.47552e-06
4.9098e-05
-8.21248e-06
4.87682e-05
-7.92011e-06
4.84444e-05
-7.61121e-06
4.81308e-05
-7.27946e-06
4.78249e-05
-6.94271e-06
4.75296e-05
-6.58945e-06
4.72417e-05
-6.24307e-06
4.69627e-05
-5.88524e-06
4.66901e-05
-5.54619e-06
4.64241e-05
-5.19943e-06
4.61636e-05
-4.88327e-06
4.59072e-05
-4.56133e-06
4.56561e-05
-4.28126e-06
4.54065e-05
-3.99502e-06
4.51622e-05
-3.76132e-06
4.49161e-05
-3.51875e-06
4.46754e-05
-3.33896e-06
4.44285e-05
-3.14529e-06
4.41864e-05
-3.02434e-06
4.39318e-05
-2.88233e-06
4.36793e-05
-2.82248e-06
-2.7383e-06
3.86001e-05
1.68035e-08
3.85662e-05
-4.34777e-07
3.87024e-05
-7.56431e-07
3.89245e-05
-9.96467e-07
3.91944e-05
-1.19718e-06
3.95063e-05
-1.37586e-06
3.98613e-05
-1.53398e-06
4.0261e-05
-1.66454e-06
4.06848e-05
-1.76945e-06
4.11231e-05
-1.8554e-06
4.15689e-05
-1.92529e-06
4.20165e-05
-1.98245e-06
4.24619e-05
-2.02913e-06
4.29019e-05
-2.06705e-06
4.33339e-05
-2.0979e-06
4.3756e-05
-2.12323e-06
4.4167e-05
-2.14455e-06
4.45661e-05
-2.16331e-06
4.4953e-05
-2.18096e-06
4.53277e-05
-2.1989e-06
4.56909e-05
-2.21846e-06
4.60431e-05
-2.2409e-06
4.63855e-05
-2.26749e-06
4.67189e-05
-2.29939e-06
4.70445e-05
-2.33769e-06
4.73633e-05
-2.38345e-06
4.76764e-05
-2.43755e-06
4.79848e-05
-2.50079e-06
4.82898e-05
-2.57387e-06
4.85922e-05
-2.65746e-06
4.88926e-05
-2.75218e-06
4.91914e-05
-2.85854e-06
4.94891e-05
-2.97691e-06
4.97859e-05
-3.10771e-06
5.00815e-05
-3.25128e-06
5.03755e-05
-3.40792e-06
5.06673e-05
-3.57784e-06
5.09558e-05
-3.76118e-06
5.12396e-05
-3.95797e-06
5.15171e-05
-4.16818e-06
5.17862e-05
-4.39158e-06
5.20442e-05
-4.62786e-06
5.22883e-05
-4.8764e-06
5.25151e-05
-5.13643e-06
5.27212e-05
-5.4068e-06
5.29025e-05
-5.68612e-06
5.30549e-05
-5.9725e-06
5.31742e-05
-6.26386e-06
5.32561e-05
-6.55749e-06
5.32968e-05
-6.85051e-06
5.3293e-05
-7.13922e-06
5.32419e-05
-7.41996e-06
5.31421e-05
-7.68831e-06
5.29931e-05
-7.94032e-06
5.2796e-05
-8.17126e-06
5.25527e-05
-8.37745e-06
5.22667e-05
-8.55426e-06
5.19427e-05
-8.6996e-06
5.15866e-05
-8.81003e-06
5.12047e-05
-8.88401e-06
5.08031e-05
-8.91867e-06
5.03885e-05
-8.91376e-06
4.99657e-05
-8.86723e-06
4.95399e-05
-8.78053e-06
4.91131e-05
-8.65345e-06
4.86884e-05
-8.4889e-06
4.82645e-05
-8.28828e-06
4.78439e-05
-8.05491e-06
4.74232e-05
-7.79178e-06
4.70048e-05
-7.50164e-06
4.65834e-05
-7.18982e-06
4.61622e-05
-6.85832e-06
4.57357e-05
-6.51618e-06
4.53087e-05
-6.16247e-06
4.48756e-05
-5.80993e-06
4.44428e-05
-5.45245e-06
4.40046e-05
-5.10801e-06
4.35686e-05
-4.76339e-06
4.3129e-05
-4.44371e-06
4.26936e-05
-4.12587e-06
4.22568e-05
-3.8445e-06
4.18253e-05
-3.56349e-06
4.13944e-05
-3.33047e-06
4.09681e-05
-3.09246e-06
4.05438e-05
-2.91461e-06
4.01206e-05
-2.72213e-06
3.96996e-05
-2.60334e-06
3.92731e-05
-2.45577e-06
3.88479e-05
-2.39735e-06
-2.29667e-06
5.29804e-05
9.46326e-08
5.28846e-05
-3.38953e-07
5.28543e-05
-7.2607e-07
5.28765e-05
-1.01875e-06
5.29203e-05
-1.24089e-06
5.29662e-05
-1.4218e-06
5.30106e-05
-1.57843e-06
5.30614e-05
-1.7153e-06
5.31235e-05
-1.8316e-06
5.31956e-05
-1.92741e-06
5.32748e-05
-2.0045e-06
5.33579e-05
-2.06562e-06
5.34424e-05
-2.11364e-06
5.35265e-05
-2.1511e-06
5.36087e-05
-2.18014e-06
5.36882e-05
-2.20266e-06
5.3764e-05
-2.2204e-06
5.38357e-05
-2.23502e-06
5.39029e-05
-2.24814e-06
5.39654e-05
-2.26136e-06
5.40231e-05
-2.27618e-06
5.40762e-05
-2.29403e-06
5.4125e-05
-2.31624e-06
5.41696e-05
-2.34404e-06
5.42105e-05
-2.37854e-06
5.42478e-05
-2.42076e-06
5.42818e-05
-2.4716e-06
5.43129e-05
-2.53182e-06
5.43411e-05
-2.60208e-06
5.43665e-05
-2.68294e-06
5.43892e-05
-2.77486e-06
5.44089e-05
-2.87824e-06
5.44254e-05
-2.99342e-06
5.44384e-05
-3.12063e-06
5.44472e-05
-3.26007e-06
5.44511e-05
-3.41186e-06
5.44493e-05
-3.57606e-06
5.44408e-05
-3.75264e-06
5.44243e-05
-3.9415e-06
5.43985e-05
-4.14242e-06
5.4362e-05
-4.35504e-06
5.4313e-05
-4.57887e-06
5.42499e-05
-4.81324e-06
5.41707e-05
-5.05726e-06
5.40737e-05
-5.30978e-06
5.39569e-05
-5.56936e-06
5.38186e-05
-5.83424e-06
5.36571e-05
-6.10228e-06
5.34708e-05
-6.37127e-06
5.32589e-05
-6.6386e-06
5.30208e-05
-6.9011e-06
5.27563e-05
-7.1554e-06
5.24658e-05
-7.39788e-06
5.21503e-05
-7.62484e-06
5.18115e-05
-7.83243e-06
5.1451e-05
-8.01693e-06
5.10713e-05
-8.17454e-06
5.06739e-05
-8.3022e-06
5.02606e-05
-8.39676e-06
4.98323e-05
-8.45575e-06
4.93901e-05
-8.47644e-06
4.89334e-05
-8.45709e-06
4.84615e-05
-8.39532e-06
4.79725e-05
-8.29148e-06
4.74644e-05
-8.14531e-06
4.69352e-05
-7.95974e-06
4.63826e-05
-7.73568e-06
4.5805e-05
-7.47736e-06
4.52013e-05
-7.18803e-06
4.45732e-05
-6.87351e-06
4.392e-05
-6.53665e-06
4.32462e-05
-6.1845e-06
4.25514e-05
-5.82146e-06
4.18432e-05
-5.4542e-06
4.11208e-05
-5.08756e-06
4.03944e-05
-4.72609e-06
3.96621e-05
-4.37561e-06
3.89358e-05
-4.0371e-06
3.82105e-05
-3.71846e-06
3.74998e-05
-3.41516e-06
3.67949e-05
-3.13959e-06
3.61105e-05
-2.87906e-06
3.54339e-05
-2.65387e-06
3.47804e-05
-2.43903e-06
3.41342e-05
-2.26836e-06
3.35098e-05
-2.09781e-06
3.28897e-05
-1.98318e-06
3.22862e-05
-1.85232e-06
3.16843e-05
-1.79542e-06
-1.69349e-06
5.4318e-05
-2.24959e-07
5.45011e-05
-5.21996e-07
5.46056e-05
-8.30619e-07
5.46931e-05
-1.10621e-06
5.47802e-05
-1.32799e-06
5.4861e-05
-1.50258e-06
5.4928e-05
-1.64548e-06
5.49802e-05
-1.76746e-06
5.50215e-05
-1.87295e-06
5.50567e-05
-1.9626e-06
5.50885e-05
-2.03628e-06
5.51176e-05
-2.09475e-06
5.51438e-05
-2.13981e-06
5.51664e-05
-2.17373e-06
5.51851e-05
-2.19877e-06
5.51994e-05
-2.21697e-06
5.52092e-05
-2.2302e-06
5.52143e-05
-2.24018e-06
5.52148e-05
-2.24857e-06
5.52104e-05
-2.25697e-06
5.52011e-05
-2.26695e-06
5.51871e-05
-2.27998e-06
5.51683e-05
-2.29743e-06
5.51448e-05
-2.32056e-06
5.51167e-05
-2.35049e-06
5.50842e-05
-2.38822e-06
5.50472e-05
-2.43463e-06
5.50059e-05
-2.49045e-06
5.49601e-05
-2.55631e-06
5.49099e-05
-2.63272e-06
5.48551e-05
-2.72007e-06
5.47955e-05
-2.8187e-06
5.4731e-05
-2.92886e-06
5.46611e-05
-3.05073e-06
5.45854e-05
-3.18443e-06
5.45036e-05
-3.33001e-06
5.4415e-05
-3.48745e-06
5.4319e-05
-3.65668e-06
5.4215e-05
-3.83749e-06
5.41022e-05
-4.02961e-06
5.39798e-05
-4.23264e-06
5.38469e-05
-4.44603e-06
5.37027e-05
-4.66905e-06
5.35463e-05
-4.90077e-06
5.33765e-05
-5.13999e-06
5.31923e-05
-5.38521e-06
5.29927e-05
-5.6346e-06
5.27764e-05
-5.88605e-06
5.25424e-05
-6.13721e-06
5.22891e-05
-6.38535e-06
5.20152e-05
-6.62723e-06
5.17191e-05
-6.8593e-06
5.1399e-05
-7.07778e-06
5.1053e-05
-7.27882e-06
5.06791e-05
-7.45856e-06
5.02753e-05
-7.61312e-06
4.98395e-05
-7.73865e-06
4.93687e-05
-7.83149e-06
4.88604e-05
-7.8884e-06
4.8311e-05
-7.90632e-06
4.77172e-05
-7.88263e-06
4.70753e-05
-7.81519e-06
4.63827e-05
-7.70273e-06
4.56372e-05
-7.54602e-06
4.4839e-05
-7.34712e-06
4.39885e-05
-7.1092e-06
4.30873e-05
-6.83452e-06
4.21368e-05
-6.52686e-06
4.11416e-05
-6.1928e-06
4.01076e-05
-5.83951e-06
3.90426e-05
-5.47168e-06
3.79548e-05
-5.09668e-06
3.68523e-05
-4.71899e-06
3.5744e-05
-4.34584e-06
3.46374e-05
-3.98098e-06
3.35427e-05
-3.6314e-06
3.24659e-05
-3.29878e-06
3.14172e-05
-2.98844e-06
3.03984e-05
-2.69965e-06
2.94194e-05
-2.43619e-06
2.84764e-05
-2.19655e-06
2.758e-05
-1.98271e-06
2.67197e-05
-1.79355e-06
2.59084e-05
-1.62772e-06
2.51271e-05
-1.4871e-06
2.43936e-05
-1.36422e-06
2.36798e-05
-1.26946e-06
2.30101e-05
-1.18261e-06
2.23477e-05
-1.13303e-06
-1.07015e-06
5.39204e-05
-5.53082e-07
5.41743e-05
-7.75923e-07
5.43572e-05
-1.01346e-06
5.44923e-05
-1.24135e-06
5.46038e-05
-1.4395e-06
5.47033e-05
-1.60209e-06
5.47918e-05
-1.73401e-06
5.48677e-05
-1.84329e-06
5.49306e-05
-1.93593e-06
5.49827e-05
-2.01464e-06
5.50264e-05
-2.07998e-06
5.50637e-05
-2.13209e-06
5.50956e-05
-2.17172e-06
5.51222e-05
-2.20032e-06
5.51433e-05
-2.21978e-06
5.51584e-05
-2.23213e-06
5.51675e-05
-2.23927e-06
5.51703e-05
-2.24305e-06
5.51669e-05
-2.24517e-06
5.51573e-05
-2.24732e-06
5.51414e-05
-2.25107e-06
5.51194e-05
-2.25793e-06
5.50913e-05
-2.26931e-06
5.50572e-05
-2.2865e-06
5.50173e-05
-2.31062e-06
5.49717e-05
-2.34264e-06
5.49205e-05
-2.38343e-06
5.48638e-05
-2.4337e-06
5.48015e-05
-2.49406e-06
5.47338e-05
-2.56493e-06
5.46603e-05
-2.64664e-06
5.45811e-05
-2.73944e-06
5.44957e-05
-2.84349e-06
5.44039e-05
-2.95889e-06
5.43051e-05
-3.08568e-06
5.41989e-05
-3.22381e-06
5.40846e-05
-3.37318e-06
5.39616e-05
-3.53359e-06
5.38288e-05
-3.70478e-06
5.36855e-05
-3.88632e-06
5.35306e-05
-4.07768e-06
5.33627e-05
-4.27816e-06
5.31805e-05
-4.48686e-06
5.29824e-05
-4.70268e-06
5.27666e-05
-4.92418e-06
5.2531e-05
-5.14963e-06
5.22733e-05
-5.37688e-06
5.19908e-05
-5.60356e-06
5.16805e-05
-5.82689e-06
5.13389e-05
-6.0437e-06
5.09619e-05
-6.25028e-06
5.05453e-05
-6.44269e-06
5.00843e-05
-6.61673e-06
4.95738e-05
-6.76836e-06
4.90089e-05
-6.89365e-06
4.83849e-05
-6.98913e-06
4.76977e-05
-7.05141e-06
4.69437e-05
-7.07749e-06
4.61198e-05
-7.06448e-06
4.52228e-05
-7.00938e-06
4.42498e-05
-6.90963e-06
4.31982e-05
-6.76356e-06
4.20674e-05
-6.57196e-06
4.08604e-05
-6.33901e-06
3.95837e-05
-6.07041e-06
3.82447e-05
-5.77018e-06
3.68512e-05
-5.44109e-06
3.54118e-05
-5.08742e-06
3.39361e-05
-4.71711e-06
3.24363e-05
-4.33971e-06
3.09281e-05
-3.96344e-06
2.94262e-05
-3.59476e-06
2.79453e-05
-3.23811e-06
2.64979e-05
-2.89841e-06
2.50966e-05
-2.57973e-06
2.3752e-05
-2.28675e-06
2.24738e-05
-2.02057e-06
2.12688e-05
-1.78351e-06
2.01427e-05
-1.57354e-06
1.90985e-05
-1.39197e-06
1.81362e-05
-1.2342e-06
1.72551e-05
-1.10164e-06
1.64491e-05
-9.87566e-07
1.57163e-05
-8.94891e-07
1.50441e-05
-8.14887e-07
1.44334e-05
-7.53496e-07
1.38641e-05
-7.00215e-07
1.33461e-05
-6.64573e-07
1.28486e-05
-6.35546e-07
-6.19573e-07
5.35795e-05
-8.66e-07
5.38474e-05
-1.04384e-06
5.40627e-05
-1.22875e-06
5.42318e-05
-1.41047e-06
5.43701e-05
-1.57785e-06
5.44904e-05
-1.72235e-06
5.45982e-05
-1.8418e-06
5.46947e-05
-1.93977e-06
5.47796e-05
-2.02087e-06
5.48531e-05
-2.08814e-06
5.49162e-05
-2.14303e-06
5.49701e-05
-2.18603e-06
5.50159e-05
-2.21754e-06
5.5054e-05
-2.23842e-06
5.50843e-05
-2.25007e-06
5.51065e-05
-2.25427e-06
5.51201e-05
-2.25293e-06
5.5125e-05
-2.24795e-06
5.5121e-05
-2.2412e-06
5.51082e-05
-2.23447e-06
5.50866e-05
-2.22945e-06
5.50563e-05
-2.22766e-06
5.50175e-05
-2.23053e-06
5.49704e-05
-2.23934e-06
5.49149e-05
-2.25519e-06
5.48513e-05
-2.27902e-06
5.47796e-05
-2.31168e-06
5.46997e-05
-2.35386e-06
5.46118e-05
-2.40615e-06
5.45157e-05
-2.46876e-06
5.44109e-05
-2.5419e-06
5.42972e-05
-2.62568e-06
5.41738e-05
-2.72013e-06
5.40401e-05
-2.82518e-06
5.38951e-05
-2.94071e-06
5.37378e-05
-3.06651e-06
5.3567e-05
-3.20231e-06
5.33811e-05
-3.34771e-06
5.31786e-05
-3.50226e-06
5.29575e-05
-3.6653e-06
5.2716e-05
-3.83608e-06
5.24514e-05
-4.01359e-06
5.21612e-05
-4.19665e-06
5.18423e-05
-4.38377e-06
5.14913e-05
-4.57325e-06
5.11046e-05
-4.76295e-06
5.06782e-05
-4.95043e-06
5.02076e-05
-5.13293e-06
4.9688e-05
-5.30727e-06
4.91139e-05
-5.46968e-06
4.84797e-05
-5.61607e-06
4.77793e-05
-5.74224e-06
4.70066e-05
-5.84403e-06
4.61556e-05
-5.91735e-06
4.52205e-05
-5.95854e-06
4.4196e-05
-5.9647e-06
4.30793e-05
-5.93466e-06
4.18696e-05
-5.86785e-06
4.05677e-05
-5.76253e-06
3.91752e-05
-5.61688e-06
3.7693e-05
-5.42747e-06
3.61225e-05
-5.19301e-06
3.44692e-05
-4.91865e-06
3.2744e-05
-4.61389e-06
3.0963e-05
-4.28936e-06
2.9142e-05
-3.94916e-06
2.72991e-05
-3.59824e-06
2.54538e-05
-3.24206e-06
2.36237e-05
-2.88707e-06
2.18277e-05
-2.54369e-06
2.00872e-05
-2.22292e-06
1.84233e-05
-1.93088e-06
1.68552e-05
-1.67001e-06
1.53991e-05
-1.44235e-06
1.40671e-05
-1.24775e-06
1.28655e-05
-1.08511e-06
1.17957e-05
-9.5081e-07
1.08527e-05
-8.4052e-07
1.00287e-05
-7.49501e-07
9.3117e-06
-6.74974e-07
8.6901e-06
-6.12594e-07
8.14948e-06
-5.6103e-07
7.67798e-06
-5.16066e-07
7.26184e-06
-4.78745e-07
6.89132e-06
-4.44375e-07
6.55566e-06
-4.17834e-07
6.24798e-06
-3.92529e-07
5.96317e-06
-3.7977e-07
5.69364e-06
-3.66014e-07
-3.69379e-07
5.34381e-05
-1.17067e-06
5.37077e-05
-1.31346e-06
5.39379e-05
-1.45893e-06
5.41301e-05
-1.60271e-06
5.42912e-05
-1.73891e-06
5.44301e-05
-1.86124e-06
5.45535e-05
-1.96525e-06
5.46642e-05
-2.05045e-06
5.47624e-05
-2.11906e-06
5.48479e-05
-2.17359e-06
5.49205e-05
-2.21567e-06
5.49806e-05
-2.24615e-06
5.50286e-05
-2.26553e-06
5.50646e-05
-2.27444e-06
5.50885e-05
-2.27397e-06
5.50999e-05
-2.26561e-06
5.50981e-05
-2.2512e-06
5.50829e-05
-2.23274e-06
5.5054e-05
-2.21229e-06
5.50113e-05
-2.19179e-06
5.4955e-05
-2.17315e-06
5.48854e-05
-2.15804e-06
5.48027e-05
-2.14786e-06
5.47071e-05
-2.14366e-06
5.45983e-05
-2.14641e-06
5.44764e-05
-2.15713e-06
5.43414e-05
-2.17665e-06
5.41931e-05
-2.20558e-06
5.40311e-05
-2.24422e-06
5.38551e-05
-2.2927e-06
5.36642e-05
-2.35097e-06
5.34574e-05
-2.41892e-06
5.32336e-05
-2.49631e-06
5.29912e-05
-2.58285e-06
5.27287e-05
-2.67815e-06
5.24439e-05
-2.78177e-06
5.21348e-05
-2.89314e-06
5.17987e-05
-3.01163e-06
5.14329e-05
-3.13647e-06
5.10344e-05
-3.26676e-06
5.05997e-05
-3.40142e-06
5.01252e-05
-3.53914e-06
4.9607e-05
-3.67839e-06
4.90405e-05
-3.81726e-06
4.84209e-05
-3.95365e-06
4.7743e-05
-4.08512e-06
4.7002e-05
-4.20939e-06
4.61927e-05
-4.32367e-06
4.53098e-05
-4.42432e-06
4.43473e-05
-4.50722e-06
4.32996e-05
-4.56831e-06
4.2161e-05
-4.60371e-06
4.09272e-05
-4.61019e-06
3.95945e-05
-4.58466e-06
3.81605e-05
-4.52453e-06
3.66221e-05
-4.42626e-06
3.49806e-05
-4.29317e-06
3.32429e-05
-4.13014e-06
3.14165e-05
-3.93619e-06
2.95142e-05
-3.71458e-06
2.75478e-05
-3.46103e-06
2.55285e-05
-3.17374e-06
2.34755e-05
-2.86564e-06
2.14118e-05
-2.55017e-06
1.93635e-05
-2.24108e-06
1.73579e-05
-1.94355e-06
1.54234e-05
-1.66372e-06
1.36001e-05
-1.41881e-06
1.19155e-05
-1.20246e-06
1.03889e-05
-1.01711e-06
9.03267e-06
-8.6665e-07
7.8567e-06
-7.54917e-07
6.85071e-06
-6.64018e-07
6.0029e-06
-5.94538e-07
5.29349e-06
-5.3834e-07
4.69748e-06
-4.89095e-07
4.19054e-06
-4.43871e-07
3.75279e-06
-4.02769e-07
3.36986e-06
-3.66577e-07
3.03105e-06
-3.36157e-07
2.7292e-06
-3.10751e-07
2.45782e-06
-2.8965e-07
2.21385e-06
-2.72091e-07
1.99205e-06
-2.56944e-07
1.79004e-06
-2.4237e-07
1.60283e-06
-2.30616e-07
1.43109e-06
-2.2079e-07
1.26955e-06
-2.1823e-07
1.12074e-06
-2.17205e-07
-2.38531e-07
5.34684e-05
-1.46432e-06
5.3729e-05
-1.57411e-06
5.39547e-05
-1.68464e-06
5.41465e-05
-1.79446e-06
5.43072e-05
-1.89963e-06
5.44409e-05
-1.99495e-06
5.45518e-05
-2.07617e-06
5.46429e-05
-2.14151e-06
5.4715e-05
-2.1912e-06
5.47679e-05
-2.2265e-06
5.48009e-05
-2.24866e-06
5.48135e-05
-2.25872e-06
5.48054e-05
-2.25742e-06
5.47765e-05
-2.24554e-06
5.47266e-05
-2.22408e-06
5.46555e-05
-2.19451e-06
5.45629e-05
-2.15858e-06
5.44486e-05
-2.11842e-06
5.43126e-05
-2.07631e-06
5.41551e-05
-2.03431e-06
5.39765e-05
-1.99448e-06
5.37774e-05
-1.95896e-06
5.35589e-05
-1.92935e-06
5.33207e-05
-1.90547e-06
5.30626e-05
-1.88836e-06
5.27847e-05
-1.87916e-06
5.24865e-05
-1.87855e-06
5.21678e-05
-1.88686e-06
5.18277e-05
-1.90413e-06
5.14653e-05
-1.93021e-06
5.1079e-05
-1.96475e-06
5.06674e-05
-2.00731e-06
5.02285e-05
-2.05734e-06
4.97599e-05
-2.11426e-06
4.92591e-05
-2.17734e-06
4.87232e-05
-2.24588e-06
4.8149e-05
-2.319e-06
4.75332e-05
-2.39582e-06
4.6872e-05
-2.47527e-06
4.61615e-05
-2.55627e-06
4.53976e-05
-2.63751e-06
4.45761e-05
-2.71764e-06
4.36926e-05
-2.79489e-06
4.27427e-05
-2.86735e-06
4.17214e-05
-2.93232e-06
4.06231e-05
-2.98686e-06
3.94446e-05
-3.03081e-06
3.81826e-05
-3.0617e-06
3.68336e-05
-3.07532e-06
3.53946e-05
-3.06826e-06
3.38638e-05
-3.03749e-06
3.22406e-05
-2.98048e-06
3.05259e-05
-2.89549e-06
2.87243e-05
-2.78306e-06
2.68422e-05
-2.6425e-06
2.48903e-05
-2.47427e-06
2.28782e-05
-2.28108e-06
2.08235e-05
-2.07548e-06
1.87507e-05
-1.8634e-06
1.66831e-05
-1.64694e-06
1.46525e-05
-1.43051e-06
1.26985e-05
-1.2197e-06
1.08564e-05
-1.02358e-06
9.15721e-06
-8.50928e-07
7.62847e-06
-7.12341e-07
6.30596e-06
-6.21035e-07
5.19623e-06
-5.53998e-07
4.27852e-06
-5.01097e-07
3.52254e-06
-4.46475e-07
2.89121e-06
-3.85788e-07
2.34986e-06
-3.25302e-07
1.87035e-06
-2.75405e-07
1.44545e-06
-2.39116e-07
1.0717e-06
-2.20788e-07
7.43836e-07
-2.10479e-07
4.5608e-07
-2.0134e-07
2.02616e-07
-1.90407e-07
-2.21622e-08
-1.77991e-07
-2.2298e-07
-1.65759e-07
-4.03697e-07
-1.5544e-07
-5.67115e-07
-1.47333e-07
-7.16322e-07
-1.40443e-07
-8.53994e-07
-1.34419e-07
-9.82089e-07
-1.28848e-07
-1.10115e-06
-1.23306e-07
-1.21241e-06
-1.19357e-07
-1.31504e-06
-1.18159e-07
-1.41101e-06
-1.22264e-07
-1.49562e-06
-1.326e-07
-1.55058e-07
5.34098e-05
-1.6797e-06
5.35815e-05
-1.74585e-06
5.37093e-05
-1.81245e-06
5.37931e-05
-1.87818e-06
5.38337e-05
-1.94024e-06
5.38326e-05
-1.99385e-06
5.37913e-05
-2.03493e-06
5.37125e-05
-2.06268e-06
5.35982e-05
-2.07694e-06
5.34496e-05
-2.07784e-06
5.32668e-05
-2.06586e-06
5.30502e-05
-2.04211e-06
5.28005e-05
-2.00773e-06
5.25186e-05
-1.96366e-06
5.22057e-05
-1.91115e-06
5.18629e-05
-1.85175e-06
5.14916e-05
-1.78728e-06
5.10931e-05
-1.71988e-06
5.06684e-05
-1.65169e-06
5.02189e-05
-1.58482e-06
4.97457e-05
-1.5212e-06
4.92499e-05
-1.46316e-06
4.87334e-05
-1.41288e-06
4.81958e-05
-1.3679e-06
4.76374e-05
-1.32999e-06
4.70581e-05
-1.29982e-06
4.64572e-05
-1.27767e-06
4.58339e-05
-1.26351e-06
4.51868e-05
-1.25703e-06
4.45143e-05
-1.25774e-06
4.38145e-05
-1.26496e-06
4.30851e-05
-1.27795e-06
4.23237e-05
-1.2959e-06
4.15274e-05
-1.31798e-06
4.06934e-05
-1.34327e-06
3.98183e-05
-1.37086e-06
3.88991e-05
-1.39976e-06
3.79323e-05
-1.42899e-06
3.69145e-05
-1.45746e-06
3.58423e-05
-1.48413e-06
3.47126e-05
-1.50782e-06
3.35225e-05
-1.52747e-06
3.22694e-05
-1.5418e-06
3.09516e-05
-1.54962e-06
2.95674e-05
-1.54805e-06
2.81154e-05
-1.53487e-06
2.65983e-05
-1.51372e-06
2.50174e-05
-1.48081e-06
2.33762e-05
-1.43414e-06
2.16804e-05
-1.37248e-06
1.99383e-05
-1.2954e-06
1.81614e-05
-1.20352e-06
1.63623e-05
-1.0964e-06
1.45581e-05
-9.78883e-07
1.27716e-05
-8.55999e-07
1.1032e-05
-7.34672e-07
9.3755e-06
-6.24581e-07
7.83513e-06
-5.35114e-07
6.44411e-06
-4.72379e-07
5.23519e-06
-4.38017e-07
4.20475e-06
-4.00066e-07
3.33757e-06
-3.52531e-07
2.60624e-06
-2.92248e-07
1.98142e-06
-2.26105e-07
1.43918e-06
-1.70101e-07
9.53327e-07
-1.35186e-07
5.27469e-07
-1.2814e-07
1.58694e-07
-1.32322e-07
-1.58366e-07
-1.29415e-07
-4.31665e-07
-1.12489e-07
-6.68634e-07
-8.83324e-08
-8.76116e-07
-6.79221e-08
-1.05846e-06
-5.67711e-08
-1.22388e-06
-5.5365e-08
-1.37588e-06
-5.84804e-08
-1.51497e-06
-6.22496e-08
-1.64148e-06
-6.38977e-08
-1.75632e-06
-6.31543e-08
-1.86104e-06
-6.10419e-08
-1.95771e-06
-5.87692e-08
-2.0481e-06
-5.69447e-08
-2.13305e-06
-5.54893e-08
-2.21339e-06
-5.40756e-08
-2.2897e-06
-5.25425e-08
-2.36196e-06
-5.10427e-08
-2.43053e-06
-5.07861e-08
-2.49532e-06
-5.33763e-08
-2.55639e-06
-6.11914e-08
-2.61397e-06
-7.50232e-08
-9.08643e-08
5.10792e-05
-1.45585e-06
5.07903e-05
-1.45698e-06
5.04374e-05
-1.4595e-06
5.00208e-05
-1.46156e-06
4.95416e-05
-1.46107e-06
4.90034e-05
-1.45563e-06
4.84105e-05
-1.44207e-06
4.77679e-05
-1.42006e-06
4.70815e-05
-1.39058e-06
4.63564e-05
-1.35272e-06
4.55974e-05
-1.3068e-06
4.48088e-05
-1.2536e-06
4.39952e-05
-1.19405e-06
4.31607e-05
-1.12918e-06
4.23096e-05
-1.06011e-06
4.14461e-05
-9.88168e-07
4.05736e-05
-9.14849e-07
3.96956e-05
-8.4182e-07
3.88147e-05
-7.70773e-07
3.79332e-05
-7.03347e-07
3.70529e-05
-6.40929e-07
3.61744e-05
-5.84608e-07
3.52964e-05
-5.34953e-07
3.44205e-05
-4.9198e-07
3.35462e-05
-4.55682e-07
3.26724e-05
-4.26011e-07
3.17975e-05
-4.02763e-07
3.09195e-05
-3.85514e-07
3.00361e-05
-3.73643e-07
2.91448e-05
-3.66393e-07
2.82427e-05
-3.62947e-07
2.73273e-05
-3.62474e-07
2.63955e-05
-3.64162e-07
2.54448e-05
-3.67223e-07
2.44724e-05
-3.70902e-07
2.3476e-05
-3.74477e-07
2.24535e-05
-3.77273e-07
2.14032e-05
-3.78663e-07
2.03238e-05
-3.78098e-07
1.92148e-05
-3.75117e-07
1.80764e-05
-3.69384e-07
1.69097e-05
-3.60724e-07
1.5717e-05
-3.49158e-07
1.45024e-05
-3.35015e-07
1.32733e-05
-3.18918e-07
1.20406e-05
-3.0221e-07
1.0813e-05
-2.8607e-07
9.60345e-06
-2.71279e-07
8.4275e-06
-2.58194e-07
7.30157e-06
-2.46556e-07
6.24139e-06
-2.35212e-07
5.26114e-06
-2.23268e-07
4.37196e-06
-2.07217e-07
3.57236e-06
-1.79292e-07
2.86016e-06
-1.43789e-07
2.22953e-06
-1.04051e-07
1.6723e-06
-6.73526e-08
1.17971e-06
-4.25228e-08
7.40456e-07
-3.31212e-08
3.43285e-07
-4.08452e-08
-3.76093e-09
-5.30201e-08
-2.9988e-07
-5.64117e-08
-5.48311e-07
-4.3816e-08
-7.52617e-07
-2.17999e-08
-9.20869e-07
-1.84885e-09
-1.06359e-06
7.53581e-09
-1.19526e-06
3.53243e-09
-1.32166e-06
-5.92041e-09
-1.43792e-06
-1.31578e-08
-1.53734e-06
-1.3068e-08
-1.61759e-06
-8.08971e-09
-1.68265e-06
-2.85986e-09
-1.73906e-06
-3.56091e-10
-1.79291e-06
-1.518e-09
-1.8467e-06
-4.68943e-09
-1.90099e-06
-7.96156e-09
-1.95466e-06
-1.02259e-08
-2.00647e-06
-1.1341e-08
-2.05581e-06
-1.17077e-08
-2.10276e-06
-1.18137e-08
-2.14781e-06
-1.18959e-08
-2.19135e-06
-1.19493e-08
-2.23353e-06
-1.18954e-08
-2.27439e-06
-1.16878e-08
-2.31399e-06
-1.14407e-08
-2.35303e-06
-1.17467e-08
-2.39266e-06
-1.3746e-08
-2.43453e-06
-1.93223e-08
-2.48061e-06
-2.89415e-08
-3.7763e-08
3.50137e-05
3.35567e-05
3.20972e-05
3.06356e-05
2.91746e-05
2.77189e-05
2.62768e-05
2.48568e-05
2.34662e-05
2.21135e-05
2.08067e-05
1.95531e-05
1.8359e-05
1.72299e-05
1.61698e-05
1.51816e-05
1.42667e-05
1.34249e-05
1.26541e-05
1.19508e-05
1.13099e-05
1.07253e-05
1.01903e-05
9.69832e-06
9.24264e-06
8.81663e-06
8.41387e-06
8.02836e-06
7.65471e-06
7.28832e-06
6.92537e-06
6.5629e-06
6.19874e-06
5.83151e-06
5.46061e-06
5.08613e-06
4.70886e-06
4.3302e-06
3.9521e-06
3.57698e-06
3.2076e-06
2.84688e-06
2.49772e-06
2.1627e-06
1.84379e-06
1.54158e-06
1.25551e-06
9.84227e-07
7.26032e-07
4.79476e-07
2.44264e-07
2.09962e-08
-1.86221e-07
-3.65513e-07
-5.09302e-07
-6.13353e-07
-6.80705e-07
-7.23228e-07
-7.56349e-07
-7.97195e-07
-8.50215e-07
-9.06626e-07
-9.50442e-07
-9.72242e-07
-9.74091e-07
-9.66555e-07
-9.63023e-07
-9.68943e-07
-9.82101e-07
-9.95169e-07
-1.00326e-06
-1.00612e-06
-1.00647e-06
-1.00799e-06
-1.01268e-06
-1.02064e-06
-1.03087e-06
-1.04221e-06
-1.05392e-06
-1.06573e-06
-1.07763e-06
-1.08958e-06
-1.10147e-06
-1.11316e-06
-1.1246e-06
-1.13635e-06
-1.15009e-06
-1.16942e-06
-1.19836e-06
)
;

boundaryField
{
    fixedWalls
    {
        type            calculated;
        value           uniform 0;
    }
    inflowWall
    {
        type            calculated;
        value           nonuniform List<scalar> 10(-5e-05 -5e-05 -5e-05 -5e-05 -5e-05 -5e-05 -5e-05 -5e-05 -5e-05 -5e-05);
    }
    outflowWall
    {
        type            calculated;
        value           nonuniform List<scalar> 
20
(
1.23863e-05
2.50933e-05
3.3681e-05
4.08282e-05
4.63061e-05
4.95888e-05
5.04769e-05
4.93353e-05
4.68751e-05
4.34129e-05
3.84063e-05
3.10811e-05
2.17244e-05
1.2398e-05
5.44345e-06
9.8989e-07
-1.57909e-06
-2.67816e-06
-2.53371e-06
-1.23612e-06
)
;
    }
    frontAndBack
    {
        type            empty;
        value           nonuniform List<scalar> 0();
    }
}


// ************************************************************************* //
