/*--------------------------------*- C++ -*----------------------------------*\
| =========                 |                                                 |
| \\      /  F ield         | OpenFOAM: The Open Source CFD Toolbox           |
|  \\    /   O peration     | Version:  2306                                  |
|   \\  /    A nd           | Website:  www.openfoam.com                      |
|    \\/     M anipulation  |                                                 |
\*---------------------------------------------------------------------------*/
FoamFile
{
    version     2.0;
    format      ascii;
    arch        "LSB;label=32;scalar=64";
    class       volVectorField;
    location    "3.06";
    object      U;
}
// * * * * * * * * * * * * * * * * * * * * * * * * * * * * * * * * * * * * * //

dimensions      [0 1 -1 0 0 0 0];

internalField   nonuniform List<vector> 
1900
(
(0.984293 0.00727934 0)
(0.961747 0.0216957 0)
(0.952373 0.018153 0)
(0.918714 0.0253105 0)
(0.903512 0.0154004 0)
(0.863142 0.02575 0)
(0.852467 0.0115297 0)
(0.81217 0.0267101 0)
(0.810062 0.00443477 0)
(0.770967 0.0258883 0)
(1.00257 0.0115552 0)
(1.00445 0.0258525 0)
(1.01946 0.0289415 0)
(1.02199 0.0304238 0)
(1.03494 0.0279542 0)
(1.03404 0.0283492 0)
(1.04419 0.0256816 0)
(1.04296 0.0249449 0)
(1.05145 0.0204486 0)
(1.05259 0.0158825 0)
(1.00048 0.00387903 0)
(1.00419 0.0111399 0)
(1.01256 0.0139663 0)
(1.02115 0.0157419 0)
(1.03157 0.014641 0)
(1.04058 0.0143231 0)
(1.05005 0.0122344 0)
(1.05848 0.0107368 0)
(1.06699 0.00703476 0)
(1.07486 0.00278183 0)
(1.00007 0.00207051 0)
(1.00313 0.00582324 0)
(1.00889 0.00801928 0)
(1.0165 0.00897976 0)
(1.02529 0.00847491 0)
(1.03434 0.00734236 0)
(1.04328 0.00552045 0)
(1.05185 0.0033045 0)
(1.06003 0.000410776 0)
(1.06771 -0.00319355 0)
(1.00003 0.000417677 0)
(1.00261 0.00115037 0)
(1.00738 0.00139622 0)
(1.01402 0.00109366 0)
(1.02192 0.000168375 0)
(1.03036 -0.00123099 0)
(1.03879 -0.00306847 0)
(1.04692 -0.00532675 0)
(1.05458 -0.00805247 0)
(1.06171 -0.0113146 0)
(1.00003 -0.0010672 0)
(1.00255 -0.00304767 0)
(1.00719 -0.0047857 0)
(1.01365 -0.00624398 0)
(1.02132 -0.00756867 0)
(1.02947 -0.00896309 0)
(1.03756 -0.0106142 0)
(1.04528 -0.0126359 0)
(1.05253 -0.0150692 0)
(1.05928 -0.0178857 0)
(1.00003 -0.0027163 0)
(1.00303 -0.0074499 0)
(1.00835 -0.0110899 0)
(1.01544 -0.013543 0)
(1.02344 -0.0151881 0)
(1.03159 -0.016576 0)
(1.03944 -0.0181134 0)
(1.04681 -0.0199795 0)
(1.05371 -0.0221687 0)
(1.06015 -0.0245922 0)
(1.00004 -0.00477382 0)
(1.00441 -0.0122473 0)
(1.01136 -0.0169417 0)
(1.01978 -0.0193853 0)
(1.02836 -0.0207276 0)
(1.03634 -0.0219186 0)
(1.04352 -0.0234075 0)
(1.04996 -0.0252228 0)
(1.05579 -0.0272242 0)
(1.06105 -0.0292797 0)
(1.00006 -0.0121216 0)
(1.00721 -0.0259607 0)
(1.01557 -0.0314448 0)
(1.02285 -0.0326016 0)
(1.02789 -0.0326952 0)
(1.03066 -0.033083 0)
(1.03164 -0.0338774 0)
(1.03129 -0.0348167 0)
(1.02982 -0.0356856 0)
(1.02724 -0.0364261 0)
(0.980776 -0.00916435 0)
(0.964581 -0.0188242 0)
(0.945445 -0.0220511 0)
(0.920763 -0.0221933 0)
(0.891952 -0.0217507 0)
(0.86161 -0.0215942 0)
(0.83133 -0.0216321 0)
(0.801591 -0.0216297 0)
(0.772316 -0.0214632 0)
(0.743263 -0.0211487 0)
(0.000191015 -8.57105e-05 0)
(0.000284866 2.4142e-06 0)
(-2.32212e-05 4.82936e-05 0)
(-0.000531344 7.00635e-05 0)
(-0.00117849 7.8795e-05 0)
(-0.00192229 8.87443e-05 0)
(-0.00275403 0.000104977 0)
(-0.00367704 0.000125302 0)
(-0.00469121 0.000146602 0)
(-0.00579133 0.000167057 0)
(-0.00696996 0.000186151 0)
(-0.00821959 0.000203939 0)
(-0.00953326 0.000220508 0)
(-0.0109046 0.00023581 0)
(-0.0123279 0.000249746 0)
(-0.0137978 0.000262246 0)
(-0.01531 0.000273324 0)
(-0.0168609 0.000283088 0)
(-0.0184482 0.000291683 0)
(-0.0200706 0.000299182 0)
(-0.0217279 0.000305554 0)
(-0.0234207 0.000310534 0)
(-0.0251505 0.000313471 0)
(-0.026919 0.00031318 0)
(-0.0287275 0.000307774 0)
(-0.0305772 0.000294475 0)
(-0.0324686 0.000269474 0)
(-0.034402 0.00022804 0)
(-0.036379 0.000165205 0)
(-0.0384061 7.73919e-05 0)
(-0.0405012 -3.48534e-05 0)
(-0.0427023 -0.000163296 0)
(-0.0450788 -0.000287703 0)
(-0.0477428 -0.000372055 0)
(-0.0508592 -0.000362769 0)
(-0.0546524 -0.000189481 0)
(-0.0594013 0.000227504 0)
(-0.0654179 0.000959646 0)
(-0.0730044 0.00204132 0)
(-0.0823917 0.00343934 0)
(-0.093669 0.00504001 0)
(-0.106722 0.00666232 0)
(-0.121198 0.00809938 0)
(-0.136539 0.00917023 0)
(-0.152058 0.00974777 0)
(-0.16703 0.00978175 0)
(-0.180777 0.00932841 0)
(-0.192687 0.00853138 0)
(-0.202186 0.00747382 0)
(-0.208918 0.00624798 0)
(-0.212631 0.00489014 0)
(-0.213198 0.00337549 0)
(-0.210616 0.00171215 0)
(-0.204954 3.16254e-05 0)
(-0.196262 -0.00162112 0)
(-0.18473 -0.00318333 0)
(-0.170633 -0.00459687 0)
(-0.154219 -0.00586958 0)
(-0.135796 -0.00695374 0)
(-0.115703 -0.00783117 0)
(-0.0942924 -0.00849695 0)
(-0.0719124 -0.00895057 0)
(-0.0489629 -0.00916608 0)
(-0.0257666 -0.00920498 0)
(-0.0026783 -0.00907768 0)
(0.0200818 -0.00879066 0)
(0.0421471 -0.00835598 0)
(0.0634205 -0.00779979 0)
(0.083548 -0.00716299 0)
(0.10253 -0.00648033 0)
(0.120057 -0.00576264 0)
(0.136249 -0.00503299 0)
(0.15083 -0.00429718 0)
(0.164035 -0.00358186 0)
(0.175599 -0.00288668 0)
(0.185865 -0.00223925 0)
(0.19455 -0.00163042 0)
(0.202112 -0.00108959 0)
(0.208214 -0.000597086 0)
(0.213442 -0.000187026 0)
(0.217359 0.000174399 0)
(0.220706 0.000442677 0)
(0.222891 0.000671641 0)
(0.224853 0.000799473 0)
(0.22578 0.000906257 0)
(0.226862 0.000901671 0)
(0.226996 0.000917159 0)
(0.227674 0.000780238 0)
(0.227478 0.000748485 0)
(0.228133 0.000458183 0)
(3.52118e-05 -0.000463064 0)
(-0.0005858 0.000210565 0)
(-0.00209345 0.000763436 0)
(-0.00399667 0.00113317 0)
(-0.00624427 0.00136895 0)
(-0.0087615 0.001551 0)
(-0.0115194 0.00172512 0)
(-0.0145047 0.00189763 0)
(-0.0176994 0.00206229 0)
(-0.0210812 0.0022141 0)
(-0.0246275 0.0023517 0)
(-0.028317 0.00247561 0)
(-0.0321309 0.00258689 0)
(-0.0360532 0.00268667 0)
(-0.04007 0.00277626 0)
(-0.0441707 0.00285715 0)
(-0.0483477 0.00293113 0)
(-0.0525967 0.00300026 0)
(-0.0569173 0.00306666 0)
(-0.0613125 0.00313244 0)
(-0.065789 0.00319985 0)
(-0.0703574 0.00327097 0)
(-0.0750323 0.00334749 0)
(-0.0798324 0.0034309 0)
(-0.0847811 0.00352273 0)
(-0.0899078 0.00362498 0)
(-0.0952487 0.00374087 0)
(-0.100848 0.00387641 0)
(-0.106761 0.00404286 0)
(-0.113051 0.00426011 0)
(-0.119796 0.0045598 0)
(-0.127086 0.00498584 0)
(-0.135018 0.0055955 0)
(-0.143688 0.00645519 0)
(-0.153176 0.00763046 0)
(-0.163521 0.00917054 0)
(-0.174707 0.0110852 0)
(-0.186633 0.0133201 0)
(-0.199109 0.0157399 0)
(-0.211848 0.018133 0)
(-0.224482 0.0202469 0)
(-0.236578 0.021814 0)
(-0.24766 0.0226021 0)
(-0.257254 0.0224635 0)
(-0.264911 0.0213372 0)
(-0.270207 0.0192606 0)
(-0.272773 0.0163556 0)
(-0.272375 0.0127823 0)
(-0.26882 0.0086436 0)
(-0.26214 0.00410595 0)
(-0.252313 -0.000684713 0)
(-0.239441 -0.00554841 0)
(-0.223478 -0.0103936 0)
(-0.204615 -0.015067 0)
(-0.182955 -0.0194995 0)
(-0.158771 -0.0235587 0)
(-0.132374 -0.0270763 0)
(-0.104024 -0.030182 0)
(-0.0740457 -0.0327687 0)
(-0.0427995 -0.0348433 0)
(-0.0106412 -0.0363886 0)
(0.0222094 -0.0373746 0)
(0.0552821 -0.0378556 0)
(0.0883107 -0.0378331 0)
(0.120807 -0.0373664 0)
(0.152857 -0.0364773 0)
(0.183792 -0.0352223 0)
(0.213908 -0.0336426 0)
(0.242409 -0.0318035 0)
(0.269843 -0.0297696 0)
(0.295334 -0.027592 0)
(0.319677 -0.0253321 0)
(0.341854 -0.0230207 0)
(0.362931 -0.020721 0)
(0.381701 -0.0184428 0)
(0.399552 -0.016253 0)
(0.415001 -0.0141366 0)
(0.429836 -0.0121677 0)
(0.442175 -0.0103037 0)
(0.45433 -0.00863105 0)
(0.46385 -0.00707636 0)
(0.473758 -0.00574622 0)
(0.480786 -0.00452924 0)
(0.488954 -0.00356512 0)
(0.493827 -0.00269165 0)
(0.500824 -0.00209779 0)
(0.50385 -0.00155496 0)
(0.510312 -0.00131993 0)
(0.511729 -0.00107296 0)
(0.518338 -0.00117084 0)
(-0.000147582 0.000507281 0)
(-0.0018898 0.0023697 0)
(-0.00529637 0.00353792 0)
(-0.00915907 0.00428044 0)
(-0.013438 0.00482743 0)
(-0.0180282 0.00531307 0)
(-0.0228967 0.00577912 0)
(-0.0280227 0.00622398 0)
(-0.0333656 0.00663263 0)
(-0.038882 0.00699693 0)
(-0.0445329 0.00731626 0)
(-0.0502841 0.00759349 0)
(-0.0561066 0.00783332 0)
(-0.0619772 0.00804108 0)
(-0.0678777 0.00822257 0)
(-0.0737955 0.00838394 0)
(-0.0797226 0.00853174 0)
(-0.0856553 0.00867315 0)
(-0.0915943 0.00881611 0)
(-0.097543 0.00896872 0)
(-0.103508 0.00913833 0)
(-0.109498 0.00933203 0)
(-0.115523 0.00955658 0)
(-0.121593 0.00981885 0)
(-0.12772 0.0101263 0)
(-0.133913 0.0104876 0)
(-0.140181 0.0109125 0)
(-0.146529 0.0114131 0)
(-0.152958 0.0120039 0)
(-0.159463 0.0127019 0)
(-0.166033 0.013527 0)
(-0.172648 0.0145038 0)
(-0.179272 0.0156577 0)
(-0.18585 0.0170096 0)
(-0.192295 0.018564 0)
(-0.198486 0.0202994 0)
(-0.204266 0.0221539 0)
(-0.209437 0.024015 0)
(-0.213765 0.0257179 0)
(-0.216972 0.0270525 0)
(-0.218788 0.027779 0)
(-0.218955 0.0276596 0)
(-0.21723 0.0264803 0)
(-0.213435 0.0241454 0)
(-0.207431 0.0206504 0)
(-0.199104 0.0160754 0)
(-0.188401 0.0105206 0)
(-0.175421 0.00413651 0)
(-0.160033 -0.00291152 0)
(-0.142466 -0.0104331 0)
(-0.122523 -0.0182024 0)
(-0.100396 -0.0259617 0)
(-0.0761426 -0.0334931 0)
(-0.0500491 -0.0406527 0)
(-0.0221399 -0.0473817 0)
(0.00734807 -0.0534275 0)
(0.0384522 -0.0587627 0)
(0.0705973 -0.0632925 0)
(0.103602 -0.0670072 0)
(0.137186 -0.0698583 0)
(0.171037 -0.0718892 0)
(0.205001 -0.0729954 0)
(0.23861 -0.0733484 0)
(0.271947 -0.0729097 0)
(0.304277 -0.0717858 0)
(0.336023 -0.0699878 0)
(0.366235 -0.0676475 0)
(0.395677 -0.0648023 0)
(0.423153 -0.0615856 0)
(0.449814 -0.0580379 0)
(0.474185 -0.0542902 0)
(0.497852 -0.0503823 0)
(0.518978 -0.0464301 0)
(0.539646 -0.0424601 0)
(0.557553 -0.0385703 0)
(0.575385 -0.0347708 0)
(0.590224 -0.031145 0)
(0.605507 -0.0276844 0)
(0.617503 -0.0244628 0)
(0.63061 -0.0214526 0)
(0.640023 -0.0187246 0)
(0.651387 -0.0162314 0)
(0.658479 -0.0140481 0)
(0.668575 -0.0121049 0)
(0.673591 -0.0104895 0)
(0.682931 -0.0091051 0)
(0.686085 -0.00805941 0)
(0.695222 -0.00722344 0)
(0.696681 -0.00672835 0)
(0.706199 -0.00640192 0)
(-0.00088094 0.0012173 0)
(-0.00462204 0.00503736 0)
(-0.0103585 0.00745301 0)
(-0.0162634 0.00903574 0)
(-0.0225093 0.0101748 0)
(-0.029049 0.0110793 0)
(-0.035807 0.0118445 0)
(-0.0426952 0.0125044 0)
(-0.0496295 0.0130592 0)
(-0.0565422 0.0135127 0)
(-0.0633825 0.0138757 0)
(-0.0701098 0.0141616 0)
(-0.0766921 0.0143825 0)
(-0.0831069 0.0145502 0)
(-0.0893378 0.0146764 0)
(-0.095374 0.0147724 0)
(-0.101208 0.0148487 0)
(-0.106835 0.014916 0)
(-0.112251 0.0149847 0)
(-0.117456 0.0150643 0)
(-0.122448 0.0151627 0)
(-0.127222 0.0152857 0)
(-0.131775 0.0154379 0)
(-0.136095 0.0156223 0)
(-0.140169 0.0158414 0)
(-0.143979 0.016098 0)
(-0.147502 0.0163948 0)
(-0.150708 0.0167354 0)
(-0.153559 0.0171254 0)
(-0.156012 0.017572 0)
(-0.15801 0.0180844 0)
(-0.159484 0.018675 0)
(-0.160352 0.0193571 0)
(-0.160523 0.0201407 0)
(-0.159884 0.02101 0)
(-0.158307 0.0219189 0)
(-0.155642 0.0227788 0)
(-0.151724 0.0234564 0)
(-0.146375 0.0237815 0)
(-0.13943 0.0235605 0)
(-0.130785 0.0225913 0)
(-0.120389 0.0206963 0)
(-0.108149 0.0176044 0)
(-0.094068 0.0133107 0)
(-0.0782031 0.00780895 0)
(-0.0606233 0.00121023 0)
(-0.0413156 -0.00636658 0)
(-0.0204894 -0.0147572 0)
(0.00209433 -0.0237357 0)
(0.0261404 -0.0329854 0)
(0.0517462 -0.042304 0)
(0.0787336 -0.0515344 0)
(0.107214 -0.0605396 0)
(0.136843 -0.0690772 0)
(0.167827 -0.0771314 0)
(0.199603 -0.0842864 0)
(0.232279 -0.0905897 0)
(0.265506 -0.0958992 0)
(0.299121 -0.1002 0)
(0.332805 -0.103353 0)
(0.366282 -0.105415 0)
(0.399414 -0.10631 0)
(0.431761 -0.106178 0)
(0.463435 -0.104992 0)
(0.493793 -0.102929 0)
(0.523275 -0.0999862 0)
(0.551002 -0.0963784 0)
(0.577798 -0.0921183 0)
(0.60249 -0.0874346 0)
(0.626343 -0.0823334 0)
(0.647823 -0.0770456 0)
(0.668699 -0.0715566 0)
(0.686982 -0.0660884 0)
(0.70502 -0.0605935 0)
(0.720254 -0.0552832 0)
(0.735715 -0.0500734 0)
(0.74813 -0.045169 0)
(0.761356 -0.0404483 0)
(0.771227 -0.0361167 0)
(0.782606 -0.0320155 0)
(0.790217 -0.0283583 0)
(0.800163 -0.0249502 0)
(0.805787 -0.0220208 0)
(0.814725 -0.0193395 0)
(0.818612 -0.017158 0)
(0.826974 -0.0152109 0)
(0.829344 -0.013775 0)
(0.837572 -0.0125535 0)
(0.83862 -0.0118472 0)
(0.847167 -0.0113318 0)
(-0.0012034 0.00680389 0)
(-0.00661146 0.0135252 0)
(-0.015044 0.0161001 0)
(-0.023406 0.0172147 0)
(-0.031849 0.0179926 0)
(-0.0401238 0.0187443 0)
(-0.0480931 0.019445 0)
(-0.0557073 0.0200074 0)
(-0.0629287 0.0203953 0)
(-0.0697171 0.0206266 0)
(-0.0760462 0.0207279 0)
(-0.0819026 0.0207243 0)
(-0.0872818 0.0206369 0)
(-0.0921856 0.0204847 0)
(-0.0966196 0.0202846 0)
(-0.100591 0.0200509 0)
(-0.104109 0.0197964 0)
(-0.107179 0.0195313 0)
(-0.109807 0.0192656 0)
(-0.111997 0.019007 0)
(-0.11375 0.018761 0)
(-0.115065 0.0185305 0)
(-0.115934 0.0183157 0)
(-0.116346 0.0181146 0)
(-0.116281 0.0179235 0)
(-0.115719 0.0177396 0)
(-0.11463 0.0175588 0)
(-0.112978 0.017375 0)
(-0.110719 0.0171845 0)
(-0.107803 0.0169861 0)
(-0.104165 0.0167813 0)
(-0.0997273 0.0165694 0)
(-0.0943926 0.0163493 0)
(-0.08808 0.0161391 0)
(-0.0806744 0.0159056 0)
(-0.0720656 0.015595 0)
(-0.062136 0.0151234 0)
(-0.0507711 0.0143744 0)
(-0.0378546 0.0131939 0)
(-0.0232786 0.0113899 0)
(-0.00699428 0.00876489 0)
(0.0108204 0.00513392 0)
(0.0301471 0.000409928 0)
(0.0510107 -0.00543912 0)
(0.0732815 -0.0124189 0)
(0.0968398 -0.0204641 0)
(0.121776 -0.0294456 0)
(0.147831 -0.0391129 0)
(0.175144 -0.0493252 0)
(0.203476 -0.059828 0)
(0.232942 -0.0704323 0)
(0.263276 -0.0809013 0)
(0.294618 -0.09105 0)
(0.3266 -0.100639 0)
(0.359311 -0.109502 0)
(0.392294 -0.11739 0)
(0.425568 -0.124207 0)
(0.458677 -0.129783 0)
(0.491589 -0.134097 0)
(0.523869 -0.137018 0)
(0.555426 -0.138614 0)
(0.585973 -0.138824 0)
(0.615353 -0.137802 0)
(0.643489 -0.135534 0)
(0.670112 -0.132239 0)
(0.695413 -0.127929 0)
(0.718953 -0.122871 0)
(0.74124 -0.117081 0)
(0.761599 -0.11085 0)
(0.7809 -0.104173 0)
(0.798156 -0.0973437 0)
(0.814656 -0.0903212 0)
(0.829011 -0.0833924 0)
(0.842995 -0.0764678 0)
(0.854719 -0.069827 0)
(0.866521 -0.0633298 0)
(0.875906 -0.0572533 0)
(0.885883 -0.0514072 0)
(0.893223 -0.0460743 0)
(0.901732 -0.0410162 0)
(0.907303 -0.03653 0)
(0.914693 -0.0323315 0)
(0.918742 -0.0287408 0)
(0.92535 -0.0254289 0)
(0.928099 -0.0227468 0)
(0.934253 -0.0203216 0)
(0.935895 -0.0185411 0)
(0.941919 -0.0169904 0)
(0.942623 -0.0160993 0)
(0.948843 -0.0154146 0)
(-0.0036228 0.00648975 0)
(-0.0133227 0.0167984 0)
(-0.0242969 0.021527 0)
(-0.0334212 0.0242275 0)
(-0.0417784 0.0258555 0)
(-0.0495487 0.0267525 0)
(-0.0566685 0.0271067 0)
(-0.0629877 0.0270916 0)
(-0.0683947 0.0268365 0)
(-0.0728772 0.0264092 0)
(-0.0764815 0.0258556 0)
(-0.0792586 0.0252081 0)
(-0.0812603 0.0244937 0)
(-0.0825357 0.0237344 0)
(-0.08313 0.0229479 0)
(-0.0830834 0.0221477 0)
(-0.0824302 0.0213443 0)
(-0.0811965 0.0205434 0)
(-0.0794048 0.019752 0)
(-0.0770719 0.018975 0)
(-0.0742085 0.0182124 0)
(-0.0708199 0.017462 0)
(-0.0669046 0.0167184 0)
(-0.0624543 0.0159736 0)
(-0.0574504 0.0152175 0)
(-0.0518769 0.014445 0)
(-0.0457083 0.0136503 0)
(-0.0389077 0.0128184 0)
(-0.0314339 0.0119369 0)
(-0.0232374 0.010996 0)
(-0.0142598 0.00998692 0)
(-0.00443128 0.00889835 0)
(0.00638474 0.00771061 0)
(0.0182319 0.00639277 0)
(0.031196 0.00491249 0)
(0.0453936 0.00323601 0)
(0.0609262 0.00129194 0)
(0.0778803 -0.00102041 0)
(0.096329 -0.00382905 0)
(0.116327 -0.00727488 0)
(0.137849 -0.0114722 0)
(0.160852 -0.0166634 0)
(0.185323 -0.0228586 0)
(0.211119 -0.0300984 0)
(0.23819 -0.0383596 0)
(0.266332 -0.0475547 0)
(0.295574 -0.0575861 0)
(0.325671 -0.06827 0)
(0.356671 -0.0794216 0)
(0.388282 -0.0908006 0)
(0.420567 -0.102193 0)
(0.453151 -0.113331 0)
(0.486105 -0.124002 0)
(0.51896 -0.133938 0)
(0.551773 -0.142951 0)
(0.584002 -0.150799 0)
(0.61571 -0.157355 0)
(0.646344 -0.162441 0)
(0.676008 -0.166033 0)
(0.704202 -0.168029 0)
(0.731074 -0.168507 0)
(0.756245 -0.16744 0)
(0.77989 -0.165 0)
(0.801783 -0.161214 0)
(0.822078 -0.156328 0)
(0.84072 -0.150393 0)
(0.85778 -0.143704 0)
(0.873396 -0.136306 0)
(0.887492 -0.128513 0)
(0.900428 -0.120334 0)
(0.911912 -0.112082 0)
(0.92256 -0.103714 0)
(0.931803 -0.0955342 0)
(0.940556 -0.087441 0)
(0.947906 -0.0797307 0)
(0.955122 -0.0722428 0)
(0.960886 -0.0652728 0)
(0.966885 -0.0586033 0)
(0.971322 -0.0525392 0)
(0.976384 -0.0468095 0)
(0.979714 -0.0417384 0)
(0.984082 -0.0370038 0)
(0.986485 -0.0329587 0)
(0.990379 -0.0292313 0)
(0.992003 -0.0262122 0)
(0.995623 -0.0234808 0)
(0.996594 -0.0214735 0)
(1.00013 -0.0197206 0)
(1.00055 -0.0187127 0)
(1.00418 -0.0179321 0)
(-0.00177668 0.0284269 0)
(-0.00957692 0.0400635 0)
(-0.0242329 0.0400847 0)
(-0.0358366 0.0377769 0)
(-0.0450995 0.0360141 0)
(-0.0517459 0.0345991 0)
(-0.0560566 0.033192 0)
(-0.0584105 0.0317118 0)
(-0.05916 0.0301731 0)
(-0.0585762 0.0285988 0)
(-0.0568427 0.0270125 0)
(-0.0541023 0.0254297 0)
(-0.0504737 0.0238659 0)
(-0.0460567 0.0223321 0)
(-0.0409346 0.0208342 0)
(-0.0351759 0.0193745 0)
(-0.02884 0.0179536 0)
(-0.0219588 0.0165609 0)
(-0.014571 0.0152016 0)
(-0.00670226 0.0138771 0)
(0.00163706 0.01258 0)
(0.0104403 0.0113008 0)
(0.0197108 0.010029 0)
(0.0294571 0.00875139 0)
(0.0397197 0.0074477 0)
(0.0505079 0.00609107 0)
(0.0618347 0.00465994 0)
(0.0737547 0.00314633 0)
(0.0863121 0.00153844 0)
(0.0995563 -0.000183479 0)
(0.11355 -0.00203952 0)
(0.128346 -0.00405729 0)
(0.144039 -0.00624661 0)
(0.160677 -0.00864669 0)
(0.17835 -0.0113049 0)
(0.197172 -0.0142716 0)
(0.217226 -0.01761 0)
(0.238573 -0.0214036 0)
(0.261264 -0.0257488 0)
(0.285325 -0.030758 0)
(0.310756 -0.0365222 0)
(0.337495 -0.0431251 0)
(0.3655 -0.0506288 0)
(0.394602 -0.0590541 0)
(0.424726 -0.0683706 0)
(0.455634 -0.0784914 0)
(0.487252 -0.0892941 0)
(0.519288 -0.100599 0)
(0.551666 -0.1122 0)
(0.584013 -0.123855 0)
(0.616268 -0.135328 0)
(0.647985 -0.146348 0)
(0.679138 -0.156679 0)
(0.70922 -0.166061 0)
(0.738263 -0.174295 0)
(0.765736 -0.181163 0)
(0.79177 -0.18654 0)
(0.815849 -0.19028 0)
(0.838239 -0.192364 0)
(0.858489 -0.192738 0)
(0.876997 -0.191498 0)
(0.893398 -0.188667 0)
(0.90818 -0.184442 0)
(0.921056 -0.178899 0)
(0.932548 -0.172305 0)
(0.942432 -0.164752 0)
(0.951199 -0.156544 0)
(0.958691 -0.147751 0)
(0.965313 -0.138682 0)
(0.970982 -0.129356 0)
(0.975977 -0.120073 0)
(0.980306 -0.110791 0)
(0.984089 -0.101801 0)
(0.987454 -0.0929945 0)
(0.990334 -0.0846578 0)
(0.993015 -0.0766192 0)
(0.995216 -0.0691685 0)
(0.997415 -0.062075 0)
(0.999094 -0.0556437 0)
(1.00096 -0.0495878 0)
(1.00222 -0.0442382 0)
(1.00386 -0.0392535 0)
(1.00479 -0.0350004 0)
(1.00629 -0.0310832 0)
(1.00694 -0.0279146 0)
(1.00836 -0.0250438 0)
(1.00877 -0.0229393 0)
(1.01018 -0.0210928 0)
(1.01038 -0.0200387 0)
(1.01182 -0.0192069 0)
(-0.0198122 0.00795268 0)
(-0.0383729 0.0316539 0)
(-0.0418056 0.0391141 0)
(-0.0440671 0.0399939 0)
(-0.0430668 0.0383726 0)
(-0.0396689 0.0356281 0)
(-0.034322 0.0325657 0)
(-0.0273491 0.0295097 0)
(-0.0190167 0.0265766 0)
(-0.00959548 0.0238195 0)
(0.0007289 0.0212205 0)
(0.0117915 0.0187576 0)
(0.0234524 0.0164208 0)
(0.0356025 0.0142022 0)
(0.0481569 0.0120933 0)
(0.0610588 0.010084 0)
(0.0742281 0.00816778 0)
(0.0876991 0.00633523 0)
(0.101419 0.00455976 0)
(0.115358 0.00281805 0)
(0.129534 0.00109917 0)
(0.143952 -0.000606695 0)
(0.158633 -0.00231645 0)
(0.173596 -0.00405195 0)
(0.188879 -0.00583758 0)
(0.204511 -0.00769837 0)
(0.220522 -0.00966345 0)
(0.236981 -0.0117589 0)
(0.253939 -0.0140069 0)
(0.271446 -0.0164318 0)
(0.289558 -0.0190588 0)
(0.308334 -0.0219164 0)
(0.327836 -0.0250329 0)
(0.348129 -0.0284358 0)
(0.369273 -0.0321564 0)
(0.391336 -0.0362478 0)
(0.414367 -0.0407675 0)
(0.438405 -0.045785 0)
(0.463469 -0.0513672 0)
(0.489547 -0.0575909 0)
(0.516607 -0.0645128 0)
(0.544556 -0.0721835 0)
(0.573294 -0.0806205 0)
(0.602638 -0.0898099 0)
(0.63243 -0.0996879 0)
(0.662406 -0.110153 0)
(0.692382 -0.121056 0)
(0.722031 -0.13222 0)
(0.751146 -0.143437 0)
(0.779344 -0.154474 0)
(0.806455 -0.165088 0)
(0.83207 -0.175022 0)
(0.856104 -0.184038 0)
(0.87815 -0.191902 0)
(0.898262 -0.198426 0)
(0.916072 -0.203437 0)
(0.931811 -0.206836 0)
(0.945155 -0.208538 0)
(0.956532 -0.208558 0)
(0.965656 -0.206902 0)
(0.973133 -0.20369 0)
(0.978685 -0.199002 0)
(0.983037 -0.193047 0)
(0.985879 -0.185946 0)
(0.987989 -0.177967 0)
(0.988995 -0.169224 0)
(0.989678 -0.160005 0)
(0.98959 -0.150382 0)
(0.989484 -0.140638 0)
(0.988851 -0.130781 0)
(0.988395 -0.121085 0)
(0.987565 -0.111493 0)
(0.987017 -0.102274 0)
(0.986187 -0.0933058 0)
(0.985682 -0.0848595 0)
(0.984946 -0.0767512 0)
(0.984544 -0.069262 0)
(0.983936 -0.0621495 0)
(0.98365 -0.055717 0)
(0.983172 -0.0496663 0)
(0.982997 -0.0443322 0)
(0.982635 -0.0393613 0)
(0.982556 -0.0351287 0)
(0.982286 -0.0312257 0)
(0.98228 -0.0280768 0)
(0.982071 -0.0252163 0)
(0.98211 -0.0231276 0)
(0.981926 -0.0212857 0)
(0.981976 -0.0202424 0)
(0.981769 -0.0194079 0)
(-0.0192055 0.108271 0)
(-0.0184871 0.0728032 0)
(-0.0117352 0.0580026 0)
(0.000820085 0.0461017 0)
(0.0173137 0.0362758 0)
(0.0360474 0.0287012 0)
(0.0560513 0.0227306 0)
(0.0766587 0.0177951 0)
(0.0975469 0.0135154 0)
(0.118322 0.00971339 0)
(0.139005 0.00632288 0)
(0.159524 0.00329906 0)
(0.179812 0.000575021 0)
(0.199846 -0.00191725 0)
(0.219612 -0.00422958 0)
(0.239132 -0.00639749 0)
(0.258383 -0.00844911 0)
(0.277424 -0.0104075 0)
(0.296246 -0.012298 0)
(0.31486 -0.01415 0)
(0.333318 -0.0159906 0)
(0.351663 -0.0178433 0)
(0.369935 -0.0197325 0)
(0.388177 -0.0216851 0)
(0.40644 -0.0237292 0)
(0.424775 -0.0258914 0)
(0.443237 -0.0281952 0)
(0.461882 -0.0306703 0)
(0.480768 -0.0333468 0)
(0.499948 -0.0362519 0)
(0.519471 -0.0394105 0)
(0.539387 -0.0428484 0)
(0.559738 -0.0465908 0)
(0.580568 -0.0506655 0)
(0.601905 -0.0551023 0)
(0.623779 -0.0599386 0)
(0.646196 -0.065213 0)
(0.669157 -0.0709691 0)
(0.692623 -0.0772463 0)
(0.716551 -0.0840844 0)
(0.740845 -0.0915105 0)
(0.76538 -0.099542 0)
(0.78999 -0.108165 0)
(0.814475 -0.117339 0)
(0.838607 -0.126978 0)
(0.862122 -0.136969 0)
(0.884759 -0.147154 0)
(0.906215 -0.157353 0)
(0.926236 -0.167356 0)
(0.944532 -0.176944 0)
(0.960924 -0.185881 0)
(0.975169 -0.193943 0)
(0.987218 -0.200917 0)
(0.996904 -0.206619 0)
(1.00436 -0.210898 0)
(1.00949 -0.21365 0)
(1.01263 -0.214818 0)
(1.01374 -0.214389 0)
(1.01334 -0.212414 0)
(1.01136 -0.208962 0)
(1.00847 -0.204166 0)
(1.0045 -0.198149 0)
(1.00022 -0.191109 0)
(0.995292 -0.183187 0)
(0.990533 -0.174611 0)
(0.985416 -0.165496 0)
(0.980804 -0.156075 0)
(0.975974 -0.146411 0)
(0.97185 -0.136731 0)
(0.967524 -0.127033 0)
(0.964001 -0.117548 0)
(0.960213 -0.108207 0)
(0.957277 -0.099255 0)
(0.953978 -0.0905606 0)
(0.95157 -0.0823859 0)
(0.948692 -0.0745346 0)
(0.946751 -0.0672953 0)
(0.944224 -0.0604061 0)
(0.942699 -0.0541903 0)
(0.940457 -0.0483213 0)
(0.939303 -0.0431661 0)
(0.937284 -0.0383333 0)
(0.936464 -0.0342428 0)
(0.934601 -0.0304369 0)
(0.934072 -0.027396 0)
(0.932287 -0.0245934 0)
(0.932003 -0.0225788 0)
(0.930203 -0.0207543 0)
(0.930101 -0.0197493 0)
(0.928178 -0.0188905 0)
(0.0701921 0.00708845 0)
(0.090386 0.00645748 0)
(0.154286 0.00589091 0)
(0.19954 0.00259763 0)
(0.23873 -0.00182881 0)
(0.274466 -0.00609563 0)
(0.307522 -0.00981564 0)
(0.337817 -0.013007 0)
(0.366056 -0.0157765 0)
(0.392548 -0.0182053 0)
(0.417646 -0.0203727 0)
(0.441551 -0.0223351 0)
(0.464381 -0.0241336 0)
(0.486244 -0.0258026 0)
(0.507236 -0.0273686 0)
(0.527454 -0.0288574 0)
(0.546966 -0.0302894 0)
(0.565848 -0.0316932 0)
(0.584156 -0.0330902 0)
(0.601948 -0.0345014 0)
(0.619288 -0.0359524 0)
(0.636235 -0.0374707 0)
(0.652849 -0.0390829 0)
(0.669187 -0.0408151 0)
(0.685305 -0.0426927 0)
(0.701256 -0.0447404 0)
(0.717096 -0.0469825 0)
(0.732869 -0.0494431 0)
(0.748627 -0.0521468 0)
(0.764409 -0.055117 0)
(0.780247 -0.0583774 0)
(0.796169 -0.0619499 0)
(0.812192 -0.0658555 0)
(0.828328 -0.0701148 0)
(0.844575 -0.0747484 0)
(0.860924 -0.0797778 0)
(0.877341 -0.0852249 0)
(0.893787 -0.0911106 0)
(0.910184 -0.0974524 0)
(0.926447 -0.104262 0)
(0.942442 -0.111539 0)
(0.958024 -0.11927 0)
(0.973009 -0.127417 0)
(0.987209 -0.135917 0)
(1.0004 -0.144673 0)
(1.01238 -0.153563 0)
(1.02292 -0.162432 0)
(1.03183 -0.171107 0)
(1.03893 -0.179391 0)
(1.0441 -0.187088 0)
(1.04727 -0.194 0)
(1.04842 -0.199955 0)
(1.04763 -0.204792 0)
(1.04498 -0.208395 0)
(1.04071 -0.210672 0)
(1.03498 -0.211582 0)
(1.02816 -0.21111 0)
(1.02041 -0.209292 0)
(1.01217 -0.206186 0)
(1.00352 -0.201889 0)
(0.994921 -0.19652 0)
(0.98627 -0.190212 0)
(0.978048 -0.183111 0)
(0.969927 -0.175345 0)
(0.96245 -0.167067 0)
(0.955049 -0.158377 0)
(0.948387 -0.14943 0)
(0.941667 -0.140289 0)
(0.935736 -0.131112 0)
(0.929565 -0.121917 0)
(0.92424 -0.112881 0)
(0.918482 -0.103969 0)
(0.913667 -0.0953829 0)
(0.908238 -0.0870282 0)
(0.903911 -0.0791403 0)
(0.898789 -0.0715537 0)
(0.894978 -0.0645447 0)
(0.890163 -0.0578669 0)
(0.88691 -0.0518457 0)
(0.88239 -0.0461462 0)
(0.879728 -0.0411572 0)
(0.875463 -0.036453 0)
(0.873405 -0.0325023 0)
(0.869314 -0.0287831 0)
(0.86785 -0.0258558 0)
(0.863813 -0.0230928 0)
(0.862909 -0.0211613 0)
(0.858764 -0.0193195 0)
(0.858363 -0.018359 0)
(0.853908 -0.017413 0)
(0.774361 -0.00945979 0)
(0.776155 -0.0210535 0)
(0.777231 -0.0274208 0)
(0.779175 -0.0312629 0)
(0.783128 -0.0340588 0)
(0.788864 -0.0364182 0)
(0.796109 -0.0384713 0)
(0.804228 -0.0401925 0)
(0.813009 -0.0415944 0)
(0.822226 -0.0427227 0)
(0.831698 -0.0436547 0)
(0.841298 -0.0444621 0)
(0.850928 -0.0451912 0)
(0.860519 -0.0458691 0)
(0.870015 -0.0465136 0)
(0.879377 -0.0471419 0)
(0.888576 -0.0477718 0)
(0.897592 -0.0484248 0)
(0.906416 -0.0491228 0)
(0.915045 -0.0498887 0)
(0.923484 -0.0507478 0)
(0.931743 -0.051727 0)
(0.939838 -0.0528527 0)
(0.947785 -0.0541503 0)
(0.955601 -0.0556443 0)
(0.963305 -0.0573571 0)
(0.970912 -0.0593108 0)
(0.978437 -0.061525 0)
(0.98589 -0.064019 0)
(0.993277 -0.0668101 0)
(1.0006 -0.0699156 0)
(1.00784 -0.07335 0)
(1.01501 -0.077127 0)
(1.02207 -0.0812581 0)
(1.02901 -0.0857543 0)
(1.03578 -0.0906251 0)
(1.04233 -0.095879 0)
(1.0486 -0.101521 0)
(1.05452 -0.107553 0)
(1.05998 -0.113965 0)
(1.06488 -0.120739 0)
(1.06911 -0.127835 0)
(1.07252 -0.135199 0)
(1.075 -0.142754 0)
(1.0764 -0.150404 0)
(1.07663 -0.15803 0)
(1.07558 -0.165498 0)
(1.0732 -0.172659 0)
(1.06947 -0.179358 0)
(1.06442 -0.185444 0)
(1.05812 -0.190775 0)
(1.05069 -0.195224 0)
(1.0423 -0.198683 0)
(1.03314 -0.201074 0)
(1.02343 -0.202345 0)
(1.01339 -0.20248 0)
(1.00321 -0.201478 0)
(0.993053 -0.199375 0)
(0.983054 -0.19621 0)
(0.973233 -0.192062 0)
(0.963673 -0.187003 0)
(0.954256 -0.181127 0)
(0.945075 -0.174516 0)
(0.935889 -0.167271 0)
(0.926878 -0.159484 0)
(0.917682 -0.151255 0)
(0.908649 -0.142683 0)
(0.899288 -0.133862 0)
(0.890183 -0.124907 0)
(0.880664 -0.115905 0)
(0.871593 -0.106986 0)
(0.862047 -0.0982048 0)
(0.853223 -0.0896987 0)
(0.843857 -0.0814672 0)
(0.835548 -0.0736658 0)
(0.826579 -0.0662296 0)
(0.819047 -0.0593444 0)
(0.810636 -0.0528629 0)
(0.804085 -0.0470137 0)
(0.796298 -0.0415493 0)
(0.790852 -0.0367641 0)
(0.783638 -0.0323053 0)
(0.779343 -0.0285625 0)
(0.772546 -0.0250645 0)
(0.7694 -0.0223203 0)
(0.762782 -0.0197222 0)
(0.760759 -0.0179256 0)
(0.753995 -0.0161662 0)
(0.753054 -0.015276 0)
(0.745743 -0.0143087 0)
(1.05756 0.00786261 0)
(1.06073 -0.000675477 0)
(1.06156 -0.00798555 0)
(1.06093 -0.0138003 0)
(1.06018 -0.0185994 0)
(1.06 -0.0227939 0)
(1.06056 -0.0265597 0)
(1.06168 -0.0299106 0)
(1.06315 -0.0328449 0)
(1.06482 -0.0353873 0)
(1.06661 -0.0375825 0)
(1.06846 -0.0394858 0)
(1.07034 -0.0411494 0)
(1.07225 -0.0426199 0)
(1.07414 -0.0439367 0)
(1.07601 -0.0451361 0)
(1.07782 -0.046252 0)
(1.07957 -0.0473186 0)
(1.08124 -0.0483699 0)
(1.08282 -0.04944 0)
(1.0843 -0.0505629 0)
(1.08569 -0.0517722 0)
(1.08698 -0.0531009 0)
(1.08818 -0.0545796 0)
(1.08928 -0.0562378 0)
(1.09028 -0.0581014 0)
(1.09119 -0.0601952 0)
(1.09199 -0.0625398 0)
(1.0927 -0.0651552 0)
(1.09329 -0.0680563 0)
(1.09375 -0.0712565 0)
(1.09409 -0.074765 0)
(1.09427 -0.0785912 0)
(1.09427 -0.0827405 0)
(1.09408 -0.0872188 0)
(1.09366 -0.0920277 0)
(1.09297 -0.0971683 0)
(1.09198 -0.102636 0)
(1.09064 -0.108421 0)
(1.08889 -0.114505 0)
(1.08669 -0.120857 0)
(1.08396 -0.127436 0)
(1.08067 -0.134181 0)
(1.07676 -0.141018 0)
(1.07218 -0.147859 0)
(1.06693 -0.154603 0)
(1.061 -0.161139 0)
(1.0544 -0.167349 0)
(1.04717 -0.173116 0)
(1.03937 -0.178327 0)
(1.03107 -0.182874 0)
(1.02235 -0.186659 0)
(1.01328 -0.189592 0)
(1.00391 -0.1916 0)
(0.9943 -0.192624 0)
(0.984448 -0.192624 0)
(0.97434 -0.191582 0)
(0.96393 -0.189506 0)
(0.953139 -0.18642 0)
(0.941881 -0.182368 0)
(0.93007 -0.177383 0)
(0.917627 -0.171515 0)
(0.904518 -0.164822 0)
(0.890697 -0.157404 0)
(0.876243 -0.149368 0)
(0.861138 -0.140843 0)
(0.845593 -0.131938 0)
(0.829574 -0.122786 0)
(0.813432 -0.113509 0)
(0.79705 -0.104264 0)
(0.780941 -0.0951741 0)
(0.764826 -0.0863642 0)
(0.749408 -0.0779159 0)
(0.734144 -0.0698983 0)
(0.719975 -0.0623634 0)
(0.705985 -0.0553349 0)
(0.693459 -0.0488588 0)
(0.68098 -0.0429098 0)
(0.670332 -0.037545 0)
(0.659412 -0.0326822 0)
(0.650724 -0.0284127 0)
(0.641206 -0.0245787 0)
(0.634426 -0.0213315 0)
(0.625982 -0.018421 0)
(0.621011 -0.0160944 0)
(0.613195 -0.0139908 0)
(0.609942 -0.0124904 0)
(0.602186 -0.0110968 0)
(0.600603 -0.0103589 0)
(0.592204 -0.00961307 0)
(1.08207 -0.00371032 0)
(1.08808 -0.0114188 0)
(1.0924 -0.0188996 0)
(1.09505 -0.0251612 0)
(1.09655 -0.0300607 0)
(1.0975 -0.0339219 0)
(1.09832 -0.0371025 0)
(1.09914 -0.0398292 0)
(1.09998 -0.042196 0)
(1.10076 -0.044229 0)
(1.10146 -0.0459426 0)
(1.10206 -0.0473648 0)
(1.10256 -0.0485367 0)
(1.10297 -0.0495072 0)
(1.1033 -0.0503241 0)
(1.10354 -0.0510327 0)
(1.1037 -0.0516733 0)
(1.10376 -0.0522848 0)
(1.10371 -0.0529029 0)
(1.10356 -0.0535634 0)
(1.10329 -0.0542999 0)
(1.10291 -0.0551461 0)
(1.10241 -0.0561332 0)
(1.10179 -0.0572914 0)
(1.10105 -0.0586477 0)
(1.10019 -0.0602268 0)
(1.0992 -0.0620506 0)
(1.09808 -0.0641372 0)
(1.09683 -0.0665025 0)
(1.09545 -0.0691577 0)
(1.09392 -0.0721131 0)
(1.09225 -0.075374 0)
(1.09042 -0.0789468 0)
(1.08843 -0.0828328 0)
(1.08625 -0.0870348 0)
(1.08389 -0.0915493 0)
(1.08132 -0.0963734 0)
(1.07852 -0.101496 0)
(1.07548 -0.106904 0)
(1.07216 -0.112571 0)
(1.06855 -0.118468 0)
(1.06461 -0.124547 0)
(1.06031 -0.130752 0)
(1.05563 -0.13701 0)
(1.05053 -0.143238 0)
(1.04497 -0.149341 0)
(1.03892 -0.155219 0)
(1.03233 -0.160767 0)
(1.02516 -0.165878 0)
(1.01736 -0.170453 0)
(1.00887 -0.174395 0)
(0.999634 -0.177614 0)
(0.989561 -0.180023 0)
(0.978571 -0.181531 0)
(0.966563 -0.182048 0)
(0.95343 -0.181492 0)
(0.939064 -0.179816 0)
(0.923371 -0.177016 0)
(0.906286 -0.173134 0)
(0.887785 -0.16822 0)
(0.8679 -0.162313 0)
(0.846697 -0.15546 0)
(0.824272 -0.147735 0)
(0.800757 -0.13928 0)
(0.776363 -0.130276 0)
(0.751333 -0.120916 0)
(0.72597 -0.111355 0)
(0.700535 -0.101743 0)
(0.675336 -0.0922232 0)
(0.65057 -0.0829593 0)
(0.626586 -0.0740846 0)
(0.60352 -0.0657317 0)
(0.581744 -0.057969 0)
(0.561218 -0.0508517 0)
(0.542314 -0.0443655 0)
(0.524756 -0.0385147 0)
(0.508992 -0.0332502 0)
(0.494476 -0.0285671 0)
(0.481824 -0.0244085 0)
(0.470159 -0.0207756 0)
(0.460399 -0.0176099 0)
(0.451194 -0.0149023 0)
(0.443973 -0.0125971 0)
(0.436689 -0.0106632 0)
(0.431622 -0.00907446 0)
(0.425616 -0.00776516 0)
(0.422374 -0.00677122 0)
(0.416893 -0.00597324 0)
(0.415282 -0.00549324 0)
(0.409424 -0.00515302 0)
(1.07469 -0.00760189 0)
(1.08075 -0.0126964 0)
(1.08567 -0.0180046 0)
(1.08937 -0.0229771 0)
(1.092 -0.0272621 0)
(1.09387 -0.0308162 0)
(1.09531 -0.0337788 0)
(1.09653 -0.0363132 0)
(1.09763 -0.0385282 0)
(1.09863 -0.0404734 0)
(1.09951 -0.0421637 0)
(1.10025 -0.0436104 0)
(1.10085 -0.0448331 0)
(1.10132 -0.0458646 0)
(1.10165 -0.0467435 0)
(1.10186 -0.0475115 0)
(1.10194 -0.048208 0)
(1.10189 -0.0488721 0)
(1.10171 -0.0495389 0)
(1.10139 -0.0502445 0)
(1.10093 -0.0510215 0)
(1.10032 -0.0519033 0)
(1.09956 -0.0529197 0)
(1.09866 -0.0541007 0)
(1.0976 -0.055472 0)
(1.0964 -0.0570584 0)
(1.09505 -0.0588799 0)
(1.09355 -0.0609547 0)
(1.0919 -0.0632965 0)
(1.0901 -0.0659165 0)
(1.08814 -0.0688229 0)
(1.08602 -0.0720207 0)
(1.08372 -0.0755143 0)
(1.08124 -0.0793032 0)
(1.07856 -0.0833879 0)
(1.07567 -0.0877616 0)
(1.07254 -0.0924186 0)
(1.06914 -0.097342 0)
(1.06545 -0.102515 0)
(1.06142 -0.107906 0)
(1.05702 -0.11348 0)
(1.05217 -0.119186 0)
(1.04682 -0.124968 0)
(1.0409 -0.13075 0)
(1.03431 -0.13645 0)
(1.02695 -0.141968 0)
(1.01871 -0.1472 0)
(1.00945 -0.15203 0)
(0.999035 -0.156347 0)
(0.987323 -0.160042 0)
(0.974163 -0.163015 0)
(0.95943 -0.165182 0)
(0.942991 -0.166457 0)
(0.924763 -0.166746 0)
(0.904645 -0.165941 0)
(0.882574 -0.163936 0)
(0.858485 -0.160675 0)
(0.832363 -0.156186 0)
(0.804242 -0.150568 0)
(0.774277 -0.143928 0)
(0.742738 -0.136367 0)
(0.709928 -0.127974 0)
(0.67614 -0.118869 0)
(0.641618 -0.109234 0)
(0.60673 -0.0993409 0)
(0.571938 -0.0894614 0)
(0.53779 -0.0798043 0)
(0.504747 -0.0705357 0)
(0.473172 -0.0617916 0)
(0.44334 -0.0536698 0)
(0.415545 -0.0462242 0)
(0.389996 -0.0395156 0)
(0.366921 -0.033581 0)
(0.346371 -0.0284344 0)
(0.328405 -0.0240342 0)
(0.312823 -0.0203255 0)
(0.299568 -0.0172122 0)
(0.288285 -0.0146219 0)
(0.278941 -0.0124521 0)
(0.271081 -0.0106508 0)
(0.264781 -0.009129 0)
(0.259475 -0.00787242 0)
(0.255419 -0.00679896 0)
(0.251898 -0.00592818 0)
(0.249427 -0.0051752 0)
(0.247039 -0.00458277 0)
(0.245641 -0.00407693 0)
(0.24378 -0.00368414 0)
(0.243112 -0.00340744 0)
(0.241092 -0.00317896 0)
(1.06824 -0.0150625 0)
(1.07406 -0.0191817 0)
(1.07908 -0.0234477 0)
(1.08321 -0.0275847 0)
(1.08648 -0.0313505 0)
(1.08903 -0.0346191 0)
(1.09106 -0.037394 0)
(1.09277 -0.0397507 0)
(1.09428 -0.0417721 0)
(1.09563 -0.0435167 0)
(1.09685 -0.0450158 0)
(1.0979 -0.0462862 0)
(1.09878 -0.0473433 0)
(1.09949 -0.0482106 0)
(1.10002 -0.0489188 0)
(1.10037 -0.0495057 0)
(1.10053 -0.05001 0)
(1.10052 -0.0504722 0)
(1.10031 -0.0509302 0)
(1.09991 -0.0514223 0)
(1.0993 -0.0519829 0)
(1.09849 -0.0526468 0)
(1.09747 -0.0534436 0)
(1.09624 -0.0544036 0)
(1.0948 -0.0555511 0)
(1.09314 -0.056911 0)
(1.09126 -0.0585012 0)
(1.08917 -0.0603404 0)
(1.08684 -0.0624394 0)
(1.08429 -0.0648101 0)
(1.08148 -0.0674569 0)
(1.07841 -0.0703848 0)
(1.07504 -0.0735927 0)
(1.07137 -0.0770793 0)
(1.06734 -0.0808381 0)
(1.06293 -0.0848597 0)
(1.05808 -0.0891303 0)
(1.05275 -0.0936277 0)
(1.04685 -0.0983261 0)
(1.04032 -0.103184 0)
(1.03308 -0.10816 0)
(1.02502 -0.113188 0)
(1.01602 -0.118206 0)
(1.00597 -0.123129 0)
(0.994714 -0.127868 0)
(0.982096 -0.132306 0)
(0.967965 -0.13633 0)
(0.952118 -0.139804 0)
(0.934404 -0.142611 0)
(0.914611 -0.14463 0)
(0.892614 -0.145767 0)
(0.868249 -0.145949 0)
(0.84146 -0.145115 0)
(0.81224 -0.143214 0)
(0.780617 -0.140163 0)
(0.746716 -0.135877 0)
(0.710611 -0.130339 0)
(0.672424 -0.123629 0)
(0.632297 -0.11589 0)
(0.590647 -0.107279 0)
(0.548098 -0.098029 0)
(0.505371 -0.0883767 0)
(0.463103 -0.0785482 0)
(0.421658 -0.0687637 0)
(0.381449 -0.0592907 0)
(0.343177 -0.0503057 0)
(0.307785 -0.0420613 0)
(0.275848 -0.0348119 0)
(0.247619 -0.0286952 0)
(0.22321 -0.0237343 0)
(0.202527 -0.0198606 0)
(0.185233 -0.0168979 0)
(0.170976 -0.0146191 0)
(0.159359 -0.0128451 0)
(0.149979 -0.0114281 0)
(0.142398 -0.0102636 0)
(0.136288 -0.0092685 0)
(0.131321 -0.00840025 0)
(0.127322 -0.00762063 0)
(0.124061 -0.0069227 0)
(0.121482 -0.006288 0)
(0.119396 -0.00572714 0)
(0.117837 -0.00521907 0)
(0.116598 -0.00477806 0)
(0.115779 -0.00437088 0)
(0.11512 -0.00401757 0)
(0.114766 -0.00366943 0)
(0.114398 -0.00335761 0)
(0.114204 -0.00304458 0)
(0.113775 -0.00269253 0)
(1.06551 -0.0210076 0)
(1.0712 -0.0243304 0)
(1.07625 -0.027732 0)
(1.08061 -0.0310683 0)
(1.08426 -0.0341926 0)
(1.08727 -0.0369921 0)
(1.08975 -0.0394191 0)
(1.09184 -0.0414862 0)
(1.09365 -0.0432367 0)
(1.09522 -0.044716 0)
(1.0966 -0.0459573 0)
(1.09775 -0.0469819 0)
(1.09868 -0.0478053 0)
(1.09935 -0.0484458 0)
(1.09975 -0.048928 0)
(1.09988 -0.0492837 0)
(1.09973 -0.0495492 0)
(1.09928 -0.0497643 0)
(1.09853 -0.0499688 0)
(1.09746 -0.0502031 0)
(1.09608 -0.0505044 0)
(1.09437 -0.0509083 0)
(1.09233 -0.0514445 0)
(1.08995 -0.0521419 0)
(1.08722 -0.0530227 0)
(1.08415 -0.0541097 0)
(1.0807 -0.0554176 0)
(1.07689 -0.0569626 0)
(1.07267 -0.0587516 0)
(1.06805 -0.060794 0)
(1.06296 -0.0630883 0)
(1.0574 -0.0656369 0)
(1.0513 -0.0684304 0)
(1.04463 -0.0714643 0)
(1.03729 -0.0747213 0)
(1.02925 -0.0781884 0)
(1.0204 -0.0818385 0)
(1.01067 -0.0856456 0)
(0.99993 -0.0895676 0)
(0.988099 -0.093557 0)
(0.975017 -0.0975501 0)
(0.960575 -0.101472 0)
(0.944591 -0.10524 0)
(0.926932 -0.108765 0)
(0.907414 -0.111948 0)
(0.885887 -0.114663 0)
(0.862185 -0.116796 0)
(0.836137 -0.118213 0)
(0.807628 -0.118823 0)
(0.776494 -0.118508 0)
(0.742743 -0.11723 0)
(0.706214 -0.114884 0)
(0.667101 -0.111436 0)
(0.625428 -0.106854 0)
(0.581641 -0.101124 0)
(0.536289 -0.0943497 0)
(0.489814 -0.0866555 0)
(0.442618 -0.0782591 0)
(0.394978 -0.0692221 0)
(0.347878 -0.0598182 0)
(0.302278 -0.0501468 0)
(0.25965 -0.0407011 0)
(0.221186 -0.0322546 0)
(0.187252 -0.0254954 0)
(0.15798 -0.0204244 0)
(0.133905 -0.0168658 0)
(0.114899 -0.0145104 0)
(0.100052 -0.0128148 0)
(0.0881879 -0.0113917 0)
(0.0783678 -0.0101934 0)
(0.0700335 -0.00928607 0)
(0.0628888 -0.00864699 0)
(0.0567459 -0.00816458 0)
(0.05149 -0.00773159 0)
(0.0470432 -0.00730076 0)
(0.0432862 -0.00685585 0)
(0.0401185 -0.00639622 0)
(0.0374446 -0.00593889 0)
(0.0352086 -0.0055055 0)
(0.0333351 -0.00511965 0)
(0.0317943 -0.00478747 0)
(0.0305361 -0.00451642 0)
(0.0295562 -0.00429275 0)
(0.0287917 -0.0041069 0)
(0.028236 -0.00392628 0)
(0.0277985 -0.00373565 0)
(0.0274724 -0.00349921 0)
(0.0271583 -0.00320193 0)
(0.0268406 -0.00282047 0)
(0.02649 -0.00244185 0)
(1.06614 -0.0271598 0)
(1.07163 -0.0298061 0)
(1.07653 -0.0324788 0)
(1.08077 -0.0351124 0)
(1.08433 -0.0376253 0)
(1.08724 -0.0399317 0)
(1.08956 -0.0419674 0)
(1.09136 -0.0437064 0)
(1.09271 -0.0451563 0)
(1.09367 -0.046342 0)
(1.09425 -0.0472887 0)
(1.09445 -0.0480165 0)
(1.09423 -0.0485407 0)
(1.09357 -0.0488769 0)
(1.09246 -0.049045 0)
(1.09088 -0.0490725 0)
(1.08881 -0.0489925 0)
(1.08625 -0.048844 0)
(1.08318 -0.0486672 0)
(1.07959 -0.0485054 0)
(1.07549 -0.0483987 0)
(1.07087 -0.0483855 0)
(1.06573 -0.0484975 0)
(1.06005 -0.0487635 0)
(1.05382 -0.0492041 0)
(1.04704 -0.0498383 0)
(1.03966 -0.0506759 0)
(1.03169 -0.0517268 0)
(1.02306 -0.0529905 0)
(1.01376 -0.0544691 0)
(1.00371 -0.056153 0)
(0.992878 -0.0580371 0)
(0.981167 -0.0601031 0)
(0.968522 -0.0623397 0)
(0.954826 -0.0647192 0)
(0.940013 -0.0672235 0)
(0.923938 -0.0698136 0)
(0.906528 -0.0724617 0)
(0.887614 -0.0751121 0)
(0.867124 -0.0777194 0)
(0.844868 -0.0802016 0)
(0.820777 -0.0824837 0)
(0.794656 -0.0844542 0)
(0.766409 -0.0860177 0)
(0.735881 -0.0870401 0)
(0.703062 -0.0874171 0)
(0.667837 -0.0870213 0)
(0.630256 -0.0857872 0)
(0.590287 -0.0836629 0)
(0.548156 -0.080686 0)
(0.503942 -0.0768357 0)
(0.458054 -0.0720783 0)
(0.410888 -0.0663196 0)
(0.362766 -0.0593536 0)
(0.314797 -0.0511576 0)
(0.268272 -0.0422945 0)
(0.224365 -0.0336481 0)
(0.183942 -0.0261503 0)
(0.147765 -0.0203568 0)
(0.117821 -0.0164003 0)
(0.0946601 -0.0136168 0)
(0.0769503 -0.0113591 0)
(0.0629194 -0.00947674 0)
(0.0512411 -0.00808264 0)
(0.041064 -0.00733922 0)
(0.0322376 -0.00724485 0)
(0.0246908 -0.00723148 0)
(0.0182695 -0.00688466 0)
(0.0127525 -0.00619537 0)
(0.00797489 -0.00539568 0)
(0.00379462 -0.00471928 0)
(0.000131123 -0.00428844 0)
(-0.00309324 -0.00408574 0)
(-0.00597146 -0.00402094 0)
(-0.00856619 -0.00401135 0)
(-0.0109107 -0.00399424 0)
(-0.0130291 -0.00393884 0)
(-0.0149473 -0.00384729 0)
(-0.0166749 -0.00374141 0)
(-0.0182225 -0.00364643 0)
(-0.0195951 -0.00357654 0)
(-0.0208107 -0.00353537 0)
(-0.0218845 -0.00350615 0)
(-0.0228479 -0.00346481 0)
(-0.0237203 -0.00338108 0)
(-0.0245312 -0.00323737 0)
(-0.0252833 -0.00301308 0)
(-0.0259983 -0.00269819 0)
(-0.0266822 -0.00231999 0)
(-0.0272308 -0.0020276 0)
(1.06567 -0.0313302 0)
(1.06955 -0.0333704 0)
(1.07258 -0.0353996 0)
(1.07471 -0.0373918 0)
(1.07588 -0.0392933 0)
(1.07614 -0.0410379 0)
(1.07549 -0.0425663 0)
(1.07401 -0.0438375 0)
(1.07173 -0.0448384 0)
(1.0687 -0.045575 0)
(1.06494 -0.0460624 0)
(1.06047 -0.0463171 0)
(1.05529 -0.0463549 0)
(1.04941 -0.0461918 0)
(1.04282 -0.0458472 0)
(1.03552 -0.0453462 0)
(1.02754 -0.0447198 0)
(1.01887 -0.0440054 0)
(1.00955 -0.0432439 0)
(0.999563 -0.0424781 0)
(0.988935 -0.04175 0)
(0.977673 -0.0411026 0)
(0.965778 -0.0405733 0)
(0.953252 -0.0401945 0)
(0.94008 -0.0399877 0)
(0.926247 -0.0399675 0)
(0.911718 -0.0401367 0)
(0.896462 -0.0404939 0)
(0.880425 -0.0410276 0)
(0.863562 -0.0417259 0)
(0.845795 -0.0425677 0)
(0.827069 -0.0435353 0)
(0.807285 -0.0446006 0)
(0.786381 -0.0457419 0)
(0.764237 -0.0469249 0)
(0.740798 -0.0481247 0)
(0.715922 -0.0492991 0)
(0.689578 -0.0504193 0)
(0.66161 -0.0514317 0)
(0.632035 -0.0522989 0)
(0.600696 -0.0529452 0)
(0.567705 -0.0533068 0)
(0.53302 -0.0532678 0)
(0.496636 -0.0526552 0)
(0.458681 -0.0512964 0)
(0.419345 -0.0490434 0)
(0.378924 -0.0458229 0)
(0.337716 -0.0416441 0)
(0.2961 -0.0366819 0)
(0.254756 -0.0313 0)
(0.214213 -0.025843 0)
(0.175973 -0.0209391 0)
(0.141234 -0.0168632 0)
(0.111608 -0.0134948 0)
(0.0879456 -0.0107312 0)
(0.0691786 -0.00826899 0)
(0.0538582 -0.00615321 0)
(0.0410337 -0.00477558 0)
(0.0299606 -0.00457914 0)
(0.0203559 -0.00537644 0)
(0.0122368 -0.00610859 0)
(0.00547078 -0.00570052 0)
(-0.000160582 -0.0042571 0)
(-0.00489164 -0.00272644 0)
(-0.00896074 -0.00188362 0)
(-0.0125741 -0.0017132 0)
(-0.0158874 -0.00187683 0)
(-0.0189479 -0.00204389 0)
(-0.0216898 -0.00206471 0)
(-0.0240915 -0.00198762 0)
(-0.0262035 -0.00191117 0)
(-0.0281146 -0.00189091 0)
(-0.0299127 -0.00194089 0)
(-0.0316484 -0.00203657 0)
(-0.0333408 -0.00213135 0)
(-0.0349917 -0.00219722 0)
(-0.0365922 -0.00222823 0)
(-0.0381326 -0.00223539 0)
(-0.039606 -0.00223459 0)
(-0.0410128 -0.00224309 0)
(-0.0423586 -0.00227032 0)
(-0.043655 -0.00231174 0)
(-0.0449127 -0.00234812 0)
(-0.046139 -0.00235652 0)
(-0.0473293 -0.00231796 0)
(-0.0484686 -0.00222495 0)
(-0.0495304 -0.00207245 0)
(-0.0505057 -0.00186187 0)
(-0.051388 -0.00162413 0)
(-0.0520094 -0.00145834 0)
(1.02346 -0.0370817 0)
(1.01837 -0.0377138 0)
(1.01192 -0.0383481 0)
(1.00409 -0.0389727 0)
(0.994898 -0.0395443 0)
(0.984412 -0.0400132 0)
(0.972697 -0.0403316 0)
(0.959867 -0.0404652 0)
(0.946014 -0.0403889 0)
(0.93124 -0.040092 0)
(0.915649 -0.0395767 0)
(0.899334 -0.0388539 0)
(0.882379 -0.0379389 0)
(0.864858 -0.0368493 0)
(0.846847 -0.0356056 0)
(0.828414 -0.0342316 0)
(0.809626 -0.032757 0)
(0.790539 -0.0312159 0)
(0.771203 -0.0296466 0)
(0.751651 -0.0280878 0)
(0.731903 -0.0265774 0)
(0.711968 -0.0251517 0)
(0.691853 -0.0238428 0)
(0.671551 -0.0226762 0)
(0.65105 -0.0216694 0)
(0.630322 -0.0208304 0)
(0.609331 -0.0201581 0)
(0.588031 -0.0196433 0)
(0.566368 -0.01927 0)
(0.544285 -0.0190167 0)
(0.521723 -0.0188579 0)
(0.498621 -0.0187651 0)
(0.474922 -0.0187071 0)
(0.450577 -0.0186522 0)
(0.425538 -0.0185664 0)
(0.399789 -0.0184181 0)
(0.373302 -0.0181737 0)
(0.346123 -0.0178088 0)
(0.318256 -0.0172953 0)
(0.289874 -0.0166291 0)
(0.261023 -0.0157946 0)
(0.23218 -0.0148299 0)
(0.203688 -0.0137298 0)
(0.175991 -0.012448 0)
(0.149695 -0.0109823 0)
(0.125331 -0.00935129 0)
(0.103449 -0.00749015 0)
(0.0843157 -0.0055716 0)
(0.0677266 -0.00366452 0)
(0.0533659 -0.0019172 0)
(0.0409177 -0.000736164 0)
(0.0301514 -0.000545977 0)
(0.02068 -0.00153578 0)
(0.0122572 -0.00320639 0)
(0.00497328 -0.00437124 0)
(-0.00108111 -0.00401284 0)
(-0.00580416 -0.00239349 0)
(-0.00932196 -0.000630748 0)
(-0.0121856 0.000254154 0)
(-0.0148734 0.000160359 0)
(-0.0176293 -0.000234919 0)
(-0.0202711 -0.000384503 0)
(-0.0223961 -0.000213064 0)
(-0.0238982 8.01806e-06 0)
(-0.0249649 4.44459e-05 0)
(-0.0259113 -0.00012009 0)
(-0.0269322 -0.000370239 0)
(-0.0280468 -0.000542419 0)
(-0.0291804 -0.000591321 0)
(-0.0302631 -0.000565167 0)
(-0.0312767 -0.000533096 0)
(-0.0322453 -0.000537873 0)
(-0.03321 -0.000584538 0)
(-0.0342037 -0.000653405 0)
(-0.0352386 -0.000723991 0)
(-0.0363087 -0.000781383 0)
(-0.0373981 -0.000820199 0)
(-0.0384925 -0.000844538 0)
(-0.0395845 -0.000863348 0)
(-0.0406758 -0.000886356 0)
(-0.0417748 -0.00091893 0)
(-0.0428906 -0.000959086 0)
(-0.0440257 -0.00099743 0)
(-0.0451718 -0.00102217 0)
(-0.0463089 -0.00102416 0)
(-0.0474071 -0.0010014 0)
(-0.0484352 -0.000957994 0)
(-0.0493869 -0.00090278 0)
(-0.0502719 -0.000843792 0)
(-0.0509194 -0.00079648 0)
(0.71421 -0.0207621 0)
(0.68504 -0.0203671 0)
(0.655708 -0.0199898 0)
(0.626234 -0.0196254 0)
(0.596656 -0.0192497 0)
(0.567062 -0.0188329 0)
(0.537551 -0.0183438 0)
(0.508304 -0.0177631 0)
(0.479474 -0.0170661 0)
(0.451229 -0.0162376 0)
(0.423733 -0.0152762 0)
(0.397139 -0.0141933 0)
(0.371587 -0.0130087 0)
(0.347198 -0.011747 0)
(0.324075 -0.0104356 0)
(0.302295 -0.0091059 0)
(0.281909 -0.00779199 0)
(0.262935 -0.00652995 0)
(0.245358 -0.00535433 0)
(0.229124 -0.00429571 0)
(0.214153 -0.00337352 0)
(0.200343 -0.00259229 0)
(0.187578 -0.00194566 0)
(0.175732 -0.00142167 0)
(0.164673 -0.00100568 0)
(0.154271 -0.000681705 0)
(0.144399 -0.000432379 0)
(0.134944 -0.000239282 0)
(0.125806 -8.31313e-05 0)
(0.116908 5.54166e-05 0)
(0.108192 0.000195163 0)
(0.09962 0.000353452 0)
(0.0911804 0.000545282 0)
(0.0828816 0.000782236 0)
(0.0747523 0.00107076 0)
(0.0668392 0.00141068 0)
(0.0592006 0.00179187 0)
(0.051903 0.00219246 0)
(0.045005 0.00257306 0)
(0.0385575 0.00287671 0)
(0.0325638 0.00302206 0)
(0.0269987 0.00291513 0)
(0.0217415 0.00244171 0)
(0.0166635 0.00154717 0)
(0.0116631 0.000321995 0)
(0.00666275 -0.000965052 0)
(0.00162676 -0.00195875 0)
(-0.00311448 -0.00252113 0)
(-0.00703331 -0.00242847 0)
(-0.00973623 -0.00171424 0)
(-0.0110997 -0.000652979 0)
(-0.0114515 0.000377429 0)
(-0.0115444 0.00102597 0)
(-0.0121036 0.00120371 0)
(-0.0133588 0.00118089 0)
(-0.0147902 0.00112146 0)
(-0.0156974 0.00109488 0)
(-0.0157877 0.000958061 0)
(-0.0153603 0.000645969 0)
(-0.0150034 0.000239527 0)
(-0.0150498 -0.000120892 0)
(-0.0153803 -0.000248961 0)
(-0.0156802 -0.000161163 0)
(-0.0157689 9.50102e-06 0)
(-0.0157009 0.000137059 0)
(-0.0156357 0.000164364 0)
(-0.0156806 0.000127492 0)
(-0.0158528 7.33364e-05 0)
(-0.0160984 3.13943e-05 0)
(-0.0163613 7.5232e-06 0)
(-0.0166176 -5.09744e-06 0)
(-0.0168737 -1.53469e-05 0)
(-0.0171504 -2.96084e-05 0)
(-0.0174653 -4.85458e-05 0)
(-0.0178252 -6.91588e-05 0)
(-0.018226 -8.74462e-05 0)
(-0.0186572 -0.000101043 0)
(-0.0191078 -0.000109968 0)
(-0.0195712 -0.000115962 0)
(-0.0200465 -0.000121712 0)
(-0.0205385 -0.00012952 0)
(-0.0210534 -0.000140195 0)
(-0.0215944 -0.000152524 0)
(-0.022158 -0.000164021 0)
(-0.0227337 -0.000172087 0)
(-0.0233054 -0.000175961 0)
(-0.0238582 -0.000179175 0)
(-0.0243964 -0.000189902 0)
(-0.0249598 -0.000209154 0)
(-0.0254862 -0.000221183 0)
)
;

boundaryField
{
    fixedWalls
    {
        type            noSlip;
    }
    inflowWall
    {
        type            fixedValue;
        value           uniform (1 0 0);
    }
    outflowWall
    {
        type            zeroGradient;
    }
    frontAndBack
    {
        type            empty;
    }
}


// ************************************************************************* //
