/*--------------------------------*- C++ -*----------------------------------*\
| =========                 |                                                 |
| \\      /  F ield         | OpenFOAM: The Open Source CFD Toolbox           |
|  \\    /   O peration     | Version:  2306                                  |
|   \\  /    A nd           | Website:  www.openfoam.com                      |
|    \\/     M anipulation  |                                                 |
\*---------------------------------------------------------------------------*/
FoamFile
{
    version     2.0;
    format      ascii;
    arch        "LSB;label=32;scalar=64";
    class       volScalarField;
    location    "3.87";
    object      p;
}
// * * * * * * * * * * * * * * * * * * * * * * * * * * * * * * * * * * * * * //

dimensions      [0 2 -2 0 0 0 0];

internalField   nonuniform List<scalar> 
1900
(
0.0572786
0.0330544
0.0126594
-0.00268591
-0.0137121
-0.0242775
-0.034732
-0.0469154
-0.0594943
-0.0735817
0.028018
0.0198187
0.00850009
-0.00305663
-0.0140872
-0.0242831
-0.0347275
-0.0452546
-0.056768
-0.0678363
0.0189275
0.0144362
0.00691893
-0.00245182
-0.0125389
-0.0225218
-0.0323054
-0.0418626
-0.0512948
-0.060388
0.013229
0.0101553
0.00450467
-0.00314498
-0.0119983
-0.0212407
-0.0304344
-0.0393513
-0.0479477
-0.0561092
0.011008
0.00847262
0.00373385
-0.00291428
-0.0108931
-0.0194964
-0.0281708
-0.0365933
-0.0446132
-0.0521411
0.0116454
0.00916493
0.00455478
-0.00190935
-0.00964651
-0.0179482
-0.0262551
-0.0342499
-0.0418079
-0.0489001
0.0151039
0.0121585
0.00687859
-0.000202587
-0.00825998
-0.0165429
-0.0245855
-0.0322099
-0.039408
-0.0462141
0.0218055
0.0175108
0.0106149
0.00214887
-0.00666698
-0.0150858
-0.0229116
-0.0302379
-0.0372137
-0.0439008
0.0319484
0.0238504
0.0134167
0.00295952
-0.00634215
-0.0144467
-0.0218063
-0.0288432
-0.0357208
-0.0423983
0.0607996
0.0381285
0.0184245
0.00436603
-0.00528533
-0.0129725
-0.0201912
-0.0273963
-0.0345374
-0.0414086
-0.0968273
-0.0968608
-0.0969056
-0.0969595
-0.0970197
-0.0970857
-0.0971572
-0.0972329
-0.0973118
-0.0973921
-0.0974724
-0.0975509
-0.0976262
-0.0976965
-0.0977603
-0.097816
-0.0978624
-0.097898
-0.0979219
-0.0979329
-0.0979302
-0.0979131
-0.0978812
-0.0978339
-0.0977711
-0.0976926
-0.0975983
-0.0974882
-0.0973625
-0.0972214
-0.0970654
-0.0968949
-0.096711
-0.0965146
-0.0963064
-0.0960863
-0.0958522
-0.0955989
-0.0953159
-0.0949866
-0.0945864
-0.0940835
-0.0934398
-0.0926127
-0.0915565
-0.0902211
-0.08855
-0.0864766
-0.0839235
-0.0808063
-0.0770374
-0.0725314
-0.0672302
-0.0611053
-0.0541662
-0.0464783
-0.0381236
-0.0292238
-0.0199353
-0.0104419
-0.000933319
0.00839214
0.0173442
0.0257476
0.0334469
0.0403162
0.0462619
0.0512284
0.0551783
0.0581294
0.0600977
0.061138
0.061312
0.0607035
0.0593906
0.0574687
0.0550177
0.0521298
0.0488725
0.0453259
0.0415382
0.0375742
0.0334595
0.0292452
0.0249324
0.0205639
0.0161114
0.0116241
0.00703063
0.00241647
-0.0968229
-0.0968545
-0.0968815
-0.0969229
-0.0969741
-0.0970336
-0.0970999
-0.0971712
-0.0972461
-0.0973231
-0.0974005
-0.0974766
-0.0975499
-0.0976186
-0.097681
-0.0977358
-0.0977813
-0.0978162
-0.0978394
-0.0978498
-0.0978464
-0.0978285
-0.0977954
-0.0977467
-0.097682
-0.0976011
-0.0975037
-0.0973899
-0.0972594
-0.0971124
-0.096949
-0.096769
-0.0965727
-0.0963601
-0.096131
-0.0958846
-0.095619
-0.0953295
-0.0950085
-0.0946436
-0.0942174
-0.0937065
-0.0930817
-0.0923073
-0.0913408
-0.0901312
-0.0886163
-0.0867198
-0.0843473
-0.0813923
-0.0777518
-0.0733492
-0.0681447
-0.0621279
-0.0552953
-0.0476723
-0.0393501
-0.0304592
-0.0211588
-0.0116392
-0.0020952
0.00727356
0.0162647
0.0247048
0.0324458
0.0393407
0.0453068
0.050293
0.0542643
0.0572308
0.0592126
0.0602677
0.0604556
0.0598665
0.0585766
0.0566851
0.0542655
0.0514159
0.0481962
0.044695
0.0409499
0.0370373
0.0329688
0.0288112
0.0245476
0.0202407
0.0158419
0.0114153
0.00688563
0.00235121
-0.0967052
-0.0967865
-0.096832
-0.0968855
-0.0969417
-0.0970032
-0.097071
-0.0971442
-0.0972213
-0.0973008
-0.0973811
-0.0974604
-0.0975368
-0.0976087
-0.0976744
-0.0977323
-0.0977807
-0.0978183
-0.0978438
-0.097856
-0.0978539
-0.0978367
-0.0978039
-0.097755
-0.0976896
-0.0976076
-0.097509
-0.0973939
-0.0972624
-0.0971147
-0.0969506
-0.0967701
-0.0965726
-0.0963578
-0.0961248
-0.0958722
-0.0955977
-0.0952976
-0.094967
-0.0945989
-0.0941841
-0.0937085
-0.0931519
-0.0924847
-0.0916642
-0.0906316
-0.0893114
-0.0876119
-0.0854229
-0.0826328
-0.0791592
-0.0748986
-0.0697732
-0.0637635
-0.0568984
-0.04924
-0.0408839
-0.0319633
-0.0226238
-0.0130854
-0.00354383
0.0058121
0.0147863
0.0232088
0.0309194
0.037792
0.0437291
0.0486845
0.052626
0.0555662
0.0575265
0.0585702
0.0587558
0.0581769
0.0569068
0.0550495
0.0526746
0.0498844
0.046734
0.0433158
0.0396626
0.0358543
0.0318984
0.0278635
0.0237313
0.0195627
0.0153134
0.0110428
0.00668582
0.00231213
-0.0967878
-0.0968613
-0.0968654
-0.0968912
-0.0969367
-0.0969988
-0.097072
-0.0971526
-0.0972379
-0.0973258
-0.0974144
-0.0975014
-0.0975851
-0.0976636
-0.097735
-0.0977977
-0.0978502
-0.0978909
-0.0979185
-0.0979319
-0.0979301
-0.0979125
-0.0978784
-0.0978275
-0.0977594
-0.0976743
-0.097572
-0.097453
-0.0973175
-0.0971657
-0.0969975
-0.0968126
-0.0966101
-0.0963886
-0.0961473
-0.0958853
-0.095602
-0.0952965
-0.0949673
-0.094611
-0.0942219
-0.0937918
-0.0933065
-0.0927378
-0.0920372
-0.0911361
-0.0899497
-0.088386
-0.0863246
-0.0836418
-0.0802214
-0.0760045
-0.0709164
-0.0649494
-0.0581239
-0.0505066
-0.0422001
-0.033343
-0.0240975
-0.0146631
-0.00524457
0.00396603
0.0127769
0.021021
0.0285453
0.0352362
0.040999
0.0457906
0.0495852
0.0524008
0.0542633
0.0552391
0.0553887
0.0548067
0.0535661
0.0517702
0.0494879
0.0468183
0.0438154
0.040567
0.0371061
0.0335066
0.0297786
0.0259832
0.0221084
0.0182054
0.0142408
0.0102607
0.00621159
0.00213934
-0.096461
-0.0966663
-0.096757
-0.096861
-0.0969596
-0.0970528
-0.0971452
-0.0972403
-0.0973377
-0.0974358
-0.097533
-0.0976272
-0.0977168
-0.0977998
-0.0978745
-0.0979393
-0.0979928
-0.0980334
-0.0980597
-0.0980706
-0.0980653
-0.0980432
-0.098004
-0.0979474
-0.0978734
-0.097782
-0.0976738
-0.0975492
-0.0974089
-0.0972531
-0.0970817
-0.0968942
-0.0966892
-0.0964647
-0.0962198
-0.0959543
-0.0956687
-0.0953634
-0.0950391
-0.0946946
-0.0943253
-0.0939229
-0.0934775
-0.0929613
-0.0923158
-0.0914667
-0.0903193
-0.0887693
-0.0867113
-0.0840297
-0.0806189
-0.0764072
-0.0713418
-0.0654151
-0.0586567
-0.0511402
-0.0429737
-0.0343005
-0.0252877
-0.0161243
-0.00701019
0.00186371
0.0103149
0.0181855
0.0253351
0.0316609
0.0370816
0.0415601
0.0450809
0.0476678
0.0493545
0.0502089
0.0502953
0.0497051
0.0485128
0.0468153
0.0446816
0.042202
0.039431
0.0364458
0.0332817
0.0300012
0.0266194
0.0231854
0.0196953
0.0161875
0.0126411
0.0090873
0.00549082
0.00188321
-0.0972936
-0.0973159
-0.0972143
-0.097169
-0.0971793
-0.097237
-0.0973248
-0.0974256
-0.0975285
-0.0976303
-0.0977288
-0.0978225
-0.0979097
-0.0979888
-0.0980585
-0.0981174
-0.0981642
-0.0981975
-0.0982161
-0.0982189
-0.0982051
-0.0981746
-0.0981271
-0.0980627
-0.0979815
-0.0978833
-0.097769
-0.0976394
-0.0974952
-0.0973365
-0.0971632
-0.0969745
-0.0967685
-0.0965426
-0.0962972
-0.096034
-0.0957521
-0.0954517
-0.0951332
-0.0947957
-0.0944334
-0.0940315
-0.0935684
-0.0930187
-0.0923276
-0.0914202
-0.090204
-0.0885791
-0.0864386
-0.0836787
-0.0802052
-0.0759546
-0.07089
-0.0650121
-0.0583592
-0.0510119
-0.0430849
-0.0347241
-0.0260968
-0.0173848
-0.00877496
-0.000447048
0.00743272
0.0147207
0.0212956
0.0270688
0.0319779
0.0359967
0.039123
0.0413871
0.0428323
0.0435261
0.0435365
0.0429487
0.0418371
0.0402882
0.0383696
0.0361591
0.03371
0.0310862
0.0283238
0.025472
0.0225495
0.0195923
0.0166038
0.0136091
0.0105987
0.00759138
0.00456824
0.00154824
-0.0959642
-0.0966122
-0.0968149
-0.0970715
-0.0972871
-0.0974504
-0.0975727
-0.0976736
-0.0977663
-0.0978544
-0.0979383
-0.0980168
-0.0980888
-0.098153
-0.0982082
-0.0982534
-0.0982875
-0.0983093
-0.0983171
-0.0983099
-0.0982871
-0.0982482
-0.0981932
-0.0981219
-0.0980344
-0.0979302
-0.0978113
-0.0976788
-0.0975326
-0.0973727
-0.0971989
-0.0970102
-0.0968051
-0.0965801
-0.0963304
-0.0960562
-0.0957602
-0.0954417
-0.0950982
-0.0947256
-0.0943149
-0.0938517
-0.0933115
-0.0926592
-0.0918401
-0.0907819
-0.0893969
-0.0875917
-0.0852706
-0.082346
-0.078743
-0.0744124
-0.069333
-0.063519
-0.05702
-0.0499241
-0.0423504
-0.0344449
-0.0263692
-0.0182956
-0.0103931
-0.00282146
0.0042784
0.0107855
0.0166034
0.0216632
0.0259249
0.0293765
0.0320307
0.033923
0.0351039
0.0356378
0.0355931
0.0350451
0.0340649
0.0327255
0.0310904
0.0292223
0.0271715
0.0249873
0.0227048
0.0203597
0.017973
0.015568
0.0131538
0.0107442
0.00833853
0.00594499
0.00355791
0.00118641
-0.100681
-0.0993001
-0.0986717
-0.0982384
-0.098012
-0.0979227
-0.0979107
-0.0979349
-0.0979734
-0.0980186
-0.0980675
-0.0981169
-0.0981648
-0.0982094
-0.0982488
-0.0982811
-0.0983051
-0.0983174
-0.0983163
-0.0983015
-0.0982728
-0.0982299
-0.0981726
-0.0980998
-0.0980113
-0.0979057
-0.0977812
-0.0976399
-0.0974835
-0.0973113
-0.0971215
-0.096912
-0.0966803
-0.096423
-0.0961374
-0.0958214
-0.0954735
-0.0950908
-0.094668
-0.0941974
-0.0936665
-0.0930569
-0.0923403
-0.091478
-0.0904177
-0.0890937
-0.0874296
-0.0853448
-0.0827606
-0.0796096
-0.0758401
-0.0714231
-0.0663552
-0.0606657
-0.0544144
-0.0476937
-0.0406203
-0.0333344
-0.0259854
-0.0187281
-0.0117092
-0.00506407
0.00109778
0.00668467
0.0116297
0.0158877
0.0194409
0.0222912
0.0244627
0.0259928
0.0269336
0.0273421
0.0272824
0.0268177
0.0260126
0.0249259
0.0236145
0.0221266
0.0205077
0.0187933
0.0170166
0.015201
0.0133688
0.0115324
0.00970535
0.00789169
0.00609854
0.00432445
0.00257274
0.000840049
-0.0948338
-0.0959246
-0.0967631
-0.0973756
-0.0976924
-0.0978107
-0.0978447
-0.0978574
-0.0978728
-0.0979025
-0.0979415
-0.0979822
-0.0980228
-0.0980619
-0.0980978
-0.0981285
-0.0981533
-0.0981717
-0.0981778
-0.0981668
-0.0981379
-0.098091
-0.0980269
-0.0979453
-0.0978439
-0.0977203
-0.0975735
-0.0974034
-0.09721
-0.096992
-0.096747
-0.0964722
-0.0961641
-0.0958187
-0.0954316
-0.0949985
-0.094515
-0.0939758
-0.0933734
-0.092697
-0.0919313
-0.0910557
-0.0900428
-0.0888566
-0.0874511
-0.0857723
-0.08376
-0.0813527
-0.0784927
-0.075132
-0.0712369
-0.0667985
-0.0618326
-0.0563829
-0.0505169
-0.0443272
-0.0379232
-0.0314295
-0.0249737
-0.0186832
-0.0126729
-0.0070474
-0.00188935
0.00273704
0.00679318
0.0102559
0.0131248
0.0154106
0.017143
0.0183566
0.0191002
0.0194209
0.0193758
0.0190154
0.0183974
0.0175678
0.0165774
0.0154612
0.0142601
0.012997
0.0117035
0.0103913
0.00908426
0.00778444
0.0065101
0.00525544
0.00403582
0.00283953
0.00168061
0.000541441
-0.117529
-0.102598
-0.10067
-0.0991936
-0.0982785
-0.0978499
-0.0976752
-0.0976123
-0.0975916
-0.0975936
-0.0976305
-0.0976914
-0.0977559
-0.0978158
-0.0978694
-0.0979154
-0.0979511
-0.097973
-0.0979754
-0.0979537
-0.0979058
-0.0978325
-0.097734
-0.0976087
-0.0974535
-0.0972652
-0.0970415
-0.0967806
-0.0964807
-0.0961399
-0.0957557
-0.0953256
-0.0948456
-0.0943116
-0.0937189
-0.0930625
-0.0923371
-0.0915363
-0.0906522
-0.0896737
-0.088586
-0.0873685
-0.085994
-0.0844305
-0.0826419
-0.0805885
-0.0782288
-0.0755226
-0.0724354
-0.0689424
-0.0650334
-0.0607167
-0.05602
-0.0509908
-0.0456934
-0.0402089
-0.0346296
-0.0290571
-0.0235921
-0.0183328
-0.0133641
-0.0087611
-0.00458135
-0.000866848
0.00236434
0.00510357
0.00735945
0.00914555
0.0104924
0.0114307
0.0120049
0.0122532
0.0122258
0.0119629
0.011516
0.0109204
0.0102217
0.00944395
0.00862388
0.00777313
0.00692102
0.00606812
0.00523951
0.0044263
0.00365254
0.00290096
0.00219698
0.00151528
0.000884243
0.000267301
-0.0850599
-0.091527
-0.0940353
-0.0948756
-0.0953196
-0.0957176
-0.0960855
-0.096394
-0.0966605
-0.0968924
-0.0970914
-0.0972597
-0.0974005
-0.0975173
-0.0976122
-0.0976849
-0.0977322
-0.0977494
-0.0977314
-0.0976739
-0.0975742
-0.0974308
-0.0972428
-0.097009
-0.0967273
-0.0963955
-0.0960118
-0.0955744
-0.095082
-0.0945326
-0.0939229
-0.0932488
-0.092507
-0.091694
-0.0908062
-0.0898394
-0.0887887
-0.0876484
-0.0864112
-0.0850677
-0.0836054
-0.0820089
-0.0802589
-0.0783337
-0.0762097
-0.0738622
-0.0712667
-0.0684017
-0.0652511
-0.061807
-0.0580723
-0.0540625
-0.0498066
-0.0453466
-0.0407357
-0.036038
-0.0313267
-0.0266803
-0.0221772
-0.0178923
-0.01389
-0.0102233
-0.00692716
-0.00402428
-0.00152118
0.00058197
0.00229745
0.00364079
0.00464178
0.00532994
0.00574616
0.0059242
0.00590828
0.00573113
0.00543668
0.00505181
0.0046157
0.00414434
0.00366942
0.00319344
0.00274176
0.00230456
0.00190593
0.00152641
0.00119485
0.000882316
0.00062472
0.000379891
0.00019332
6.03263e-06
-0.0790882
-0.0868683
-0.0908526
-0.0922784
-0.092712
-0.0930467
-0.0935408
-0.0941516
-0.0947653
-0.095307
-0.0957546
-0.096117
-0.0964123
-0.0966549
-0.0968517
-0.0970026
-0.0971032
-0.0971473
-0.0971289
-0.0970429
-0.0968859
-0.096656
-0.0963525
-0.0959753
-0.0955244
-0.095
-0.094402
-0.0937306
-0.0929856
-0.0921666
-0.0912723
-0.0903013
-0.0892522
-0.0881232
-0.0869123
-0.0856172
-0.0842346
-0.0827608
-0.0811907
-0.0795184
-0.0777361
-0.0758346
-0.0738029
-0.0716286
-0.0692981
-0.0667972
-0.0641125
-0.0612341
-0.0581563
-0.0548794
-0.0514118
-0.0477708
-0.0439837
-0.0400885
-0.0361326
-0.0321694
-0.028255
-0.0244472
-0.0208035
-0.0173788
-0.0142191
-0.0113602
-0.00882498
-0.00662612
-0.00476293
-0.00322434
-0.00199076
-0.00104169
-0.000348707
0.000117364
0.000394447
0.000516601
0.000523744
0.000444003
0.00031009
0.000139669
-3.95022e-05
-0.00021785
-0.000371977
-0.000504602
-0.000597891
-0.000667508
-0.000695413
-0.00070711
-0.000674208
-0.000632354
-0.000539246
-0.000449659
-0.000301844
-0.000178139
-0.0688626
-0.0760603
-0.0814042
-0.0848875
-0.0870226
-0.0884698
-0.0896775
-0.0908242
-0.091922
-0.0929254
-0.0937968
-0.0945266
-0.0951253
-0.0956097
-0.0959931
-0.0962817
-0.0964759
-0.0965724
-0.0965672
-0.096457
-0.0962399
-0.0959155
-0.0954851
-0.0949509
-0.0943158
-0.0935826
-0.0927545
-0.0918342
-0.0908244
-0.0897271
-0.0885442
-0.0872765
-0.0859248
-0.084489
-0.0829688
-0.0813634
-0.0796716
-0.0778916
-0.0760213
-0.0740579
-0.0719982
-0.0698384
-0.0675743
-0.0652014
-0.062715
-0.0601109
-0.0573856
-0.054537
-0.0515656
-0.0484756
-0.0452764
-0.0419841
-0.0386234
-0.0352282
-0.0318416
-0.0285115
-0.0252868
-0.0222131
-0.0193289
-0.0166643
-0.014242
-0.0120809
-0.0101982
-0.00860573
-0.0072986
-0.00625117
-0.00542681
-0.0047936
-0.00432543
-0.00400004
-0.00378802
-0.00365567
-0.00356633
-0.00349593
-0.00342729
-0.00335607
-0.00327296
-0.0031763
-0.00305449
-0.00291046
-0.00273439
-0.00253796
-0.00230904
-0.00206706
-0.00179217
-0.00151557
-0.00120133
-0.000901335
-0.000551111
-0.000244909
-0.0636201
-0.0702404
-0.0757106
-0.0799249
-0.0830067
-0.0852669
-0.087047
-0.0885857
-0.089991
-0.0912804
-0.092434
-0.0934312
-0.0942658
-0.0949433
-0.0954736
-0.0958648
-0.0961202
-0.0962397
-0.0962211
-0.0960626
-0.0957639
-0.0953263
-0.0947529
-0.0940482
-0.0932177
-0.092267
-0.0912021
-0.0900286
-0.0887522
-0.0873777
-0.0859093
-0.0843504
-0.0827033
-0.0809699
-0.0791512
-0.0772481
-0.0752612
-0.0731913
-0.0710388
-0.0688048
-0.0664903
-0.0640966
-0.0616257
-0.05908
-0.0564628
-0.0537783
-0.0510307
-0.0482249
-0.0453667
-0.0424628
-0.0395222
-0.0365576
-0.0335877
-0.0306407
-0.0277554
-0.0249803
-0.0223661
-0.0199538
-0.0177645
-0.0157964
-0.0140341
-0.0124701
-0.0111186
-0.0100026
-0.00912244
-0.00844184
-0.00789845
-0.00744007
-0.00704681
-0.00671934
-0.00645293
-0.00622679
-0.00601008
-0.0057788
-0.00551997
-0.00523501
-0.00493023
-0.00461622
-0.00429566
-0.00397224
-0.00364085
-0.00330403
-0.00295429
-0.00259884
-0.002227
-0.00185353
-0.00145799
-0.00107076
-0.000647299
-0.000259098
-0.0590936
-0.0653637
-0.0708237
-0.0753775
-0.0790312
-0.0819179
-0.0842482
-0.0862222
-0.0879728
-0.0895587
-0.0909874
-0.0922456
-0.0933197
-0.0942044
-0.0949018
-0.0954165
-0.0957521
-0.09591
-0.0958902
-0.095693
-0.0953201
-0.0947755
-0.0940649
-0.0931953
-0.0921749
-0.091012
-0.0897155
-0.0882941
-0.0867566
-0.0851111
-0.0833644
-0.0815223
-0.0795891
-0.0775683
-0.0754626
-0.0732746
-0.071007
-0.0686627
-0.0662458
-0.0637607
-0.0612131
-0.0586095
-0.0559573
-0.0532653
-0.0505435
-0.0478036
-0.0450579
-0.0423191
-0.0395982
-0.0369046
-0.0342457
-0.0316288
-0.0290632
-0.0265637
-0.0241564
-0.0218873
-0.0198136
-0.0179827
-0.016406
-0.0150418
-0.0138244
-0.0127143
-0.0117235
-0.0108915
-0.0102378
-0.00973531
-0.00930988
-0.00888757
-0.00844401
-0.00799967
-0.00758114
-0.0071976
-0.00684014
-0.00649678
-0.00615454
-0.00580313
-0.00543839
-0.00506342
-0.00468174
-0.00429734
-0.00390994
-0.00352129
-0.00312881
-0.00273477
-0.00233434
-0.00193214
-0.00151921
-0.00110698
-0.000672454
-0.000255689
-0.0555069
-0.0615734
-0.0670134
-0.0717489
-0.0757563
-0.0790895
-0.08187
-0.0842437
-0.0863314
-0.0882052
-0.0898912
-0.0913869
-0.0926793
-0.093757
-0.0946139
-0.0952489
-0.0956626
-0.0958557
-0.095829
-0.0955843
-0.0951262
-0.0944623
-0.0936026
-0.0925579
-0.0913395
-0.0899585
-0.0884266
-0.0867558
-0.0849574
-0.0830426
-0.081021
-0.078901
-0.0766894
-0.0743916
-0.0720123
-0.0695559
-0.0670274
-0.0644324
-0.0617781
-0.0590736
-0.0563296
-0.0535583
-0.0507729
-0.047987
-0.0452154
-0.0424755
-0.0397881
-0.0371735
-0.0346466
-0.0322152
-0.029882
-0.0276473
-0.0255093
-0.0234654
-0.0215166
-0.0196922
-0.0180467
-0.0166392
-0.0154896
-0.0145324
-0.013673
-0.0128528
-0.0120717
-0.0113517
-0.0107089
-0.0101673
-0.00970327
-0.00926693
-0.00883664
-0.00842383
-0.00801485
-0.00759982
-0.00717717
-0.00674827
-0.00631728
-0.00589154
-0.0054765
-0.00507331
-0.00467875
-0.00429121
-0.00390677
-0.00352241
-0.00313485
-0.00274369
-0.00234633
-0.00194358
-0.00153194
-0.00111418
-0.000683521
-0.00026033
-0.0526263
-0.0585887
-0.0640199
-0.0688539
-0.0730703
-0.0767018
-0.079825
-0.0825389
-0.0849372
-0.0870862
-0.0890189
-0.0907408
-0.0922414
-0.0935057
-0.0945209
-0.0952791
-0.0957756
-0.0960086
-0.0959778
-0.0956858
-0.0951391
-0.0943498
-0.0933343
-0.0921093
-0.0906902
-0.0890918
-0.0873289
-0.0854165
-0.0833694
-0.0812015
-0.0789257
-0.076553
-0.0740928
-0.0715528
-0.0689401
-0.0662612
-0.0635235
-0.0607353
-0.0579072
-0.0550525
-0.0521874
-0.0493309
-0.046503
-0.0437219
-0.041001
-0.0383581
-0.0358189
-0.0334059
-0.0311301
-0.0289901
-0.0269764
-0.0250828
-0.0233013
-0.0216289
-0.0200701
-0.01862
-0.0173046
-0.0161542
-0.0151621
-0.0143039
-0.0135447
-0.0128578
-0.0122433
-0.0117095
-0.0112181
-0.0106956
-0.0101158
-0.00950653
-0.00892509
-0.008393
-0.00791535
-0.0074862
-0.0070834
-0.00668843
-0.00629258
-0.00589355
-0.0054932
-0.00509431
-0.00469964
-0.00430847
-0.00391891
-0.00352935
-0.00313804
-0.00274348
-0.00234412
-0.00193941
-0.00152752
-0.00110952
-0.000686873
-0.000256728
-0.0502594
-0.056198
-0.0616329
-0.0665197
-0.0708589
-0.0746887
-0.0780692
-0.0810683
-0.0837497
-0.0861639
-0.0883402
-0.0902865
-0.0919939
-0.0934452
-0.0946222
-0.0955097
-0.0960971
-0.0963782
-0.0963516
-0.0960204
-0.095393
-0.0944845
-0.0933181
-0.0919176
-0.0903056
-0.0885037
-0.0865324
-0.0844115
-0.0821591
-0.0797922
-0.0773256
-0.0747719
-0.0721421
-0.0694452
-0.0666897
-0.0638836
-0.0610357
-0.0581558
-0.0552565
-0.0523531
-0.0494649
-0.0466146
-0.0438284
-0.0411304
-0.0385364
-0.0360671
-0.0337417
-0.0315688
-0.0295425
-0.0276465
-0.0258552
-0.024147
-0.0225232
-0.0210133
-0.0196576
-0.0184952
-0.017531
-0.0167196
-0.0159229
-0.0150556
-0.0141154
-0.0131702
-0.012328
-0.0116147
-0.011018
-0.0104898
-0.00997852
-0.00946624
-0.00895906
-0.00846951
-0.00801105
-0.00757628
-0.00715412
-0.00673741
-0.00632364
-0.00591353
-0.00550847
-0.00510775
-0.00471099
-0.00431735
-0.0039253
-0.00353317
-0.00313941
-0.00274278
-0.00234203
-0.00193596
-0.0015234
-0.00110661
-0.000689281
-0.000252804
-0.0487473
-0.0546524
-0.0600541
-0.064944
-0.0693463
-0.0733022
-0.0768619
-0.0800747
-0.082983
-0.0856213
-0.0880099
-0.0901528
-0.0920407
-0.0936552
-0.0949745
-0.0959774
-0.0966472
-0.0969732
-0.096952
-0.0965883
-0.0958944
-0.0948888
-0.0935931
-0.0920362
-0.0902505
-0.0882689
-0.0861215
-0.0838355
-0.0814339
-0.0789362
-0.0763584
-0.0737132
-0.071011
-0.0682602
-0.0654681
-0.0626419
-0.0597893
-0.0569194
-0.0540433
-0.0511755
-0.0483344
-0.045543
-0.0428296
-0.0402264
-0.0377709
-0.035493
-0.0334062
-0.0315036
-0.0297545
-0.0281114
-0.0265237
-0.0249345
-0.0233255
-0.0217194
-0.0201774
-0.0187736
-0.0175665
-0.0165332
-0.0156242
-0.0147736
-0.0139543
-0.0131682
-0.0124378
-0.0117843
-0.0111968
-0.0106389
-0.0100888
-0.00954391
-0.00901566
-0.00851463
-0.00804251
-0.00759574
-0.00716686
-0.00674867
-0.00633654
-0.00592843
-0.00552397
-0.0051232
-0.00472574
-0.00433069
-0.00393678
-0.00354261
-0.00314682
-0.00274827
-0.00234588
-0.00193852
-0.00152553
-0.00110917
-0.000691805
-0.000251725
-0.047844
-0.0537676
-0.0591707
-0.0640797
-0.0685345
-0.0725785
-0.0762558
-0.0796106
-0.0826805
-0.0854881
-0.0880418
-0.0903375
-0.0923616
-0.0940941
-0.0955125
-0.0965952
-0.0973247
-0.0976903
-0.0976894
-0.0973282
-0.0966219
-0.0955936
-0.0942717
-0.0926882
-0.0908765
-0.0888699
-0.0866994
-0.0843933
-0.0819759
-0.0794675
-0.0768845
-0.0742402
-0.0715448
-0.0688068
-0.0660332
-0.0632306
-0.0604058
-0.0575666
-0.0547226
-0.051886
-0.0490723
-0.046301
-0.0435953
-0.0409819
-0.0384878
-0.0361356
-0.0339388
-0.0318978
-0.0299999
-0.0282273
-0.0265236
-0.0248611
-0.0232374
-0.021674
-0.0202182
-0.0189154
-0.0177819
-0.0167933
-0.0158804
-0.0149919
-0.0141178
-0.0132798
-0.0125126
-0.011829
-0.011214
-0.0106404
-0.0100875
-0.00955028
-0.00903315
-0.0085408
-0.00807383
-0.00762756
-0.00719591
-0.00677401
-0.00635899
-0.00594955
-0.00554499
-0.00514466
-0.00474773
-0.00435307
-0.00395933
-0.00356513
-0.00316913
-0.00277019
-0.0023673
-0.00195963
-0.00154656
-0.00112843
-0.000704691
-0.000257636
)
;

boundaryField
{
    fixedWalls
    {
        type            zeroGradient;
    }
    inflowWall
    {
        type            zeroGradient;
    }
    outflowWall
    {
        type            fixedValue;
        value           uniform 0;
    }
    frontAndBack
    {
        type            empty;
    }
}


// ************************************************************************* //
