/*--------------------------------*- C++ -*----------------------------------*\
| =========                 |                                                 |
| \\      /  F ield         | OpenFOAM: The Open Source CFD Toolbox           |
|  \\    /   O peration     | Version:  2306                                  |
|   \\  /    A nd           | Website:  www.openfoam.com                      |
|    \\/     M anipulation  |                                                 |
\*---------------------------------------------------------------------------*/
FoamFile
{
    version     2.0;
    format      ascii;
    arch        "LSB;label=32;scalar=64";
    class       surfaceScalarField;
    location    "3.45";
    object      phi;
}
// * * * * * * * * * * * * * * * * * * * * * * * * * * * * * * * * * * * * * //

dimensions      [0 3 -1 0 0 0 0];

oriented        oriented;

internalField   nonuniform List<scalar> 
3680
(
4.93471e-05
6.52884e-07
4.79743e-05
1.37284e-06
4.66985e-05
1.2758e-06
4.52617e-05
1.43673e-06
4.41248e-05
1.13694e-06
4.27218e-05
1.40295e-06
4.17399e-05
9.81982e-07
4.04405e-05
1.29938e-06
3.98135e-05
6.26997e-07
9.81269e-07
3.88322e-05
5.03392e-05
3.13705e-07
5.08681e-05
8.43948e-07
5.11324e-05
1.01143e-06
5.14661e-05
1.10308e-06
5.1594e-05
1.00904e-06
5.19783e-05
1.01868e-06
5.20645e-05
8.95796e-07
5.25182e-05
8.45653e-07
5.25134e-05
6.31743e-07
4.23522e-07
5.30712e-05
5.01633e-05
1.50398e-07
5.05555e-05
4.51728e-07
5.09762e-05
5.90722e-07
5.14201e-05
6.59203e-07
5.18176e-05
6.11595e-07
5.22689e-05
5.6729e-07
5.26964e-05
4.68347e-07
5.31656e-05
3.76432e-07
5.35831e-05
2.14286e-07
1.37887e-10
5.40065e-05
5.00932e-05
5.71707e-08
5.03765e-05
1.685e-07
5.07342e-05
2.32982e-07
5.11464e-05
2.46986e-07
5.15501e-05
2.07896e-07
5.19728e-05
1.44558e-07
5.2384e-05
5.71523e-08
5.28136e-05
-5.30844e-08
5.32243e-05
-1.96491e-07
-3.68575e-07
5.3593e-05
5.00738e-05
-1.66234e-08
5.02913e-05
-4.89802e-08
5.06111e-05
-8.68102e-08
5.09887e-05
-1.30632e-07
5.13802e-05
-1.83616e-07
5.17742e-05
-2.49491e-07
5.21652e-05
-3.33834e-07
5.25511e-05
-4.38997e-07
5.29203e-05
-5.65656e-07
-7.13628e-07
5.32654e-05
5.00732e-05
-8.97741e-08
5.02829e-05
-2.58681e-07
5.05976e-05
-4.0156e-07
5.0965e-05
-4.97983e-07
5.13439e-05
-5.62562e-07
5.17208e-05
-6.26426e-07
5.20903e-05
-7.03271e-07
5.24507e-05
-7.99397e-07
5.27995e-05
-9.1446e-07
-1.04423e-06
5.31301e-05
5.00942e-05
-1.83942e-07
5.03554e-05
-5.19953e-07
5.06979e-05
-7.44052e-07
5.10676e-05
-8.67674e-07
5.14396e-05
-9.34583e-07
5.1803e-05
-9.89736e-07
5.2159e-05
-1.05934e-06
5.25095e-05
-1.14987e-06
5.28492e-05
-1.25419e-06
-1.36418e-06
5.31692e-05
5.01664e-05
-3.50376e-07
5.05178e-05
-8.7136e-07
5.09204e-05
-1.14658e-06
5.12988e-05
-1.2461e-06
5.16471e-05
-1.2829e-06
5.19838e-05
-1.32644e-06
5.23168e-05
-1.3923e-06
5.2637e-05
-1.47009e-06
5.29306e-05
-1.54781e-06
-1.62001e-06
5.31864e-05
5.03676e-05
-7.17939e-07
5.08002e-05
-1.30398e-06
5.10986e-05
-1.44497e-06
5.12756e-05
-1.42313e-06
5.14035e-05
-1.41081e-06
5.15013e-05
-1.42424e-06
5.15515e-05
-1.44251e-06
5.15374e-05
-1.45597e-06
5.14506e-05
-1.46096e-06
-1.46089e-06
5.12914e-05
4.92821e-05
4.79781e-05
4.65331e-05
4.511e-05
4.36992e-05
4.22749e-05
4.08324e-05
3.93764e-05
3.79155e-05
3.64546e-05
1.37767e-08
-1.37767e-08
9.43251e-09
4.34415e-09
-9.61714e-09
1.90497e-08
-3.78763e-08
2.82592e-08
-7.2586e-08
3.47097e-08
-1.12587e-07
4.00013e-08
-1.5761e-07
4.50226e-08
-2.07458e-07
4.98484e-08
-2.6185e-07
5.43915e-08
-3.20448e-07
5.85986e-08
-3.82899e-07
6.24501e-08
-4.48842e-07
6.5944e-08
-5.17932e-07
6.90892e-08
-5.89833e-07
7.19018e-08
-6.64237e-07
7.44039e-08
-7.40861e-07
7.6624e-08
-8.19458e-07
7.85969e-08
-8.99824e-07
8.03656e-08
-9.81804e-07
8.19796e-08
-1.0653e-06
8.3497e-08
-1.15029e-06
8.49851e-08
-1.2368e-06
8.65117e-08
-1.32494e-06
8.8139e-08
-1.41486e-06
8.99201e-08
-1.50676e-06
9.18986e-08
-1.60086e-06
9.41069e-08
-1.69742e-06
9.65613e-08
-1.79669e-06
9.92645e-08
-1.89892e-06
1.0223e-07
-2.00444e-06
1.05522e-07
-2.11378e-06
1.09336e-07
-2.22788e-06
1.14107e-07
-2.34849e-06
1.20603e-07
-2.4785e-06
1.30019e-07
-2.6225e-06
1.43996e-07
-2.78705e-06
1.64547e-07
-2.98093e-06
1.93885e-07
-3.21495e-06
2.34016e-07
-3.5011e-06
2.86152e-07
-3.85105e-06
3.49946e-07
-4.27382e-06
4.22775e-07
-4.77322e-06
4.99403e-07
-5.34534e-06
5.72121e-07
-5.97763e-06
6.32282e-07
-6.64952e-06
6.71897e-07
-7.33435e-06
6.84822e-07
-8.0022e-06
6.67858e-07
-8.62306e-06
6.20861e-07
-9.1719e-06
5.4884e-07
-9.62043e-06
4.48529e-07
-9.94764e-06
3.27205e-07
-1.01427e-05
1.95102e-07
-1.01926e-05
4.98392e-08
-1.00974e-05
-9.51373e-08
-9.85897e-06
-2.3847e-07
-9.47924e-06
-3.79736e-07
-8.96442e-06
-5.1482e-07
-8.32416e-06
-6.40261e-07
-7.57253e-06
-7.51621e-07
-6.72274e-06
-8.49792e-07
-5.78965e-06
-9.33097e-07
-4.7896e-06
-1.00005e-06
-3.73889e-06
-1.05071e-06
-2.65555e-06
-1.08334e-06
-1.55581e-06
-1.09974e-06
-4.54815e-07
-1.10099e-06
6.3404e-07
-1.08885e-06
1.69801e-06
-1.06397e-06
2.72579e-06
-1.02778e-06
3.70829e-06
-9.825e-07
4.6376e-06
-9.29311e-07
5.50753e-06
-8.69931e-07
6.31306e-06
-8.05529e-07
7.05236e-06
-7.39305e-07
7.72331e-06
-6.70946e-07
8.32737e-06
-6.04059e-07
8.86459e-06
-5.37223e-07
9.33921e-06
-4.74617e-07
9.7527e-06
-4.13492e-07
1.01116e-05
-3.58852e-07
1.04179e-05
-3.06366e-07
1.06802e-05
-2.62257e-07
1.09004e-05
-2.20227e-07
1.10887e-05
-1.88311e-07
1.12463e-05
-1.57606e-07
1.13852e-05
-1.38915e-07
1.15047e-05
-1.19446e-07
1.16193e-05
-1.14588e-07
1.17239e-05
-1.04608e-07
-1.18046e-07
-1.18357e-08
-1.94101e-09
-6.61659e-08
5.86743e-08
-1.4978e-07
1.02663e-07
-2.54286e-07
1.32765e-07
-3.74889e-07
1.55313e-07
-5.09473e-07
1.74585e-07
-6.5665e-07
1.92199e-07
-8.15138e-07
2.08337e-07
-9.83667e-07
2.2292e-07
-1.161e-06
2.35935e-07
-1.34598e-06
2.47425e-07
-1.53751e-06
2.57476e-07
-1.73462e-06
2.66197e-07
-1.93643e-06
2.73717e-07
-2.14222e-06
2.80191e-07
-2.35138e-06
2.85786e-07
-2.56348e-06
2.9069e-07
-2.77822e-06
2.95108e-07
-2.9955e-06
2.99264e-07
-3.2154e-06
3.03397e-07
-3.43818e-06
3.07763e-07
-3.66429e-06
3.12624e-07
-3.89438e-06
3.18228e-07
-4.12927e-06
3.24814e-07
-4.36999e-06
3.32616e-07
-4.61776e-06
3.41876e-07
-4.87402e-06
3.52824e-07
-5.14045e-06
3.65691e-07
-5.41896e-06
3.80742e-07
-5.71176e-06
3.98322e-07
-6.02135e-06
4.18926e-07
-6.35056e-06
4.43319e-07
-6.70255e-06
4.72588e-07
-7.08063e-06
5.08101e-07
-7.48798e-06
5.51346e-07
-7.92706e-06
6.03623e-07
-8.39895e-06
6.65777e-07
-8.90256e-06
7.37625e-07
-9.43381e-06
8.17406e-07
-9.9851e-06
9.01236e-07
-1.0545e-05
9.8263e-07
-1.10983e-05
1.05276e-06
-1.1627e-05
1.10079e-06
-1.21109e-05
1.1162e-06
-1.25299e-05
1.09094e-06
-1.28646e-05
1.01952e-06
-1.30974e-05
9.0062e-07
-1.32125e-05
7.35912e-07
-1.31947e-05
5.31102e-07
-1.30377e-05
2.9146e-07
-1.2723e-05
1.25282e-08
-1.22718e-05
-2.56064e-07
-1.16791e-05
-5.42865e-07
-1.0941e-05
-8.33238e-07
-1.00609e-05
-1.11861e-06
-9.04879e-06
-1.39181e-06
-7.91468e-06
-1.64893e-06
-6.6694e-06
-1.88554e-06
-5.32945e-06
-2.09157e-06
-3.90822e-06
-2.27102e-06
-2.42129e-06
-2.42003e-06
-8.85962e-07
-2.53537e-06
6.81072e-07
-2.61774e-06
2.26381e-06
-2.66608e-06
3.8498e-06
-2.68572e-06
5.42318e-06
-2.67438e-06
6.97151e-06
-2.63719e-06
8.48193e-06
-2.57438e-06
9.94516e-06
-2.49101e-06
1.13514e-05
-2.3887e-06
1.26941e-05
-2.27207e-06
1.39676e-05
-2.14345e-06
1.51689e-05
-2.00683e-06
1.62948e-05
-1.86519e-06
1.73451e-05
-1.72122e-06
1.83191e-05
-1.57803e-06
1.92188e-05
-1.43697e-06
2.00455e-05
-1.30134e-06
2.08031e-05
-1.1711e-06
2.14942e-05
-1.04987e-06
2.21239e-05
-9.36143e-07
2.26958e-05
-8.3413e-07
2.32163e-05
-7.40725e-07
2.36891e-05
-6.61132e-07
2.41219e-05
-5.90357e-07
2.45182e-05
-5.35195e-07
2.48869e-05
-4.88145e-07
2.52308e-05
-4.58555e-07
2.55613e-05
-4.35061e-07
-4.27861e-07
-4.99562e-08
4.80152e-08
-1.86137e-07
1.94855e-07
-3.67448e-07
2.83974e-07
-5.74968e-07
3.40286e-07
-8.00079e-07
3.80424e-07
-1.04051e-06
4.1502e-07
-1.29507e-06
4.46755e-07
-1.56146e-06
4.74731e-07
-1.8373e-06
4.98761e-07
-2.12037e-06
5.18998e-07
-2.40867e-06
5.35725e-07
-2.70047e-06
5.49278e-07
-2.99432e-06
5.60044e-07
-3.28904e-06
5.68436e-07
-3.58372e-06
5.74873e-07
-3.87771e-06
5.79776e-07
-4.17057e-06
5.83553e-07
-4.46209e-06
5.86631e-07
-4.75224e-06
5.8941e-07
-5.04112e-06
5.9228e-07
-5.32903e-06
5.95674e-07
-5.61638e-06
5.99973e-07
-5.90366e-06
6.055e-07
-6.19137e-06
6.12525e-07
-6.48003e-06
6.21276e-07
-6.77011e-06
6.31962e-07
-7.06203e-06
6.44745e-07
-7.35604e-06
6.59701e-07
-7.65221e-06
6.76907e-07
-7.95034e-06
6.96451e-07
-8.24981e-06
7.18399e-07
-8.54974e-06
7.43252e-07
-8.84875e-06
7.71599e-07
-9.1448e-06
8.04144e-07
-9.43502e-06
8.41572e-07
-9.71533e-06
8.83932e-07
-9.98023e-06
9.30671e-07
-1.02226e-05
9.79993e-07
-1.04337e-05
1.02856e-06
-1.06041e-05
1.07163e-06
-1.07217e-05
1.10022e-06
-1.07751e-05
1.10609e-06
-1.07531e-05
1.07883e-06
-1.0645e-05
1.00812e-06
-1.04427e-05
8.88626e-07
-1.01394e-05
7.16242e-07
-9.73117e-06
4.92359e-07
-9.21337e-06
2.18115e-07
-8.58371e-06
-9.85557e-08
-7.84815e-06
-4.44106e-07
-7.0152e-06
-8.20415e-07
-6.06191e-06
-1.20936e-06
-5.00164e-06
-1.60314e-06
-3.84245e-06
-1.99242e-06
-2.58937e-06
-2.3717e-06
-1.24981e-06
-2.73137e-06
1.69144e-07
-3.06789e-06
1.64798e-06
-3.36438e-06
3.18633e-06
-3.62991e-06
4.76759e-06
-3.85229e-06
6.38101e-06
-4.03345e-06
8.0122e-06
-4.16656e-06
9.65099e-06
-4.25654e-06
1.12829e-05
-4.29794e-06
1.28963e-05
-4.29916e-06
1.44786e-05
-4.2567e-06
1.6021e-05
-4.17955e-06
1.75128e-05
-4.06623e-06
1.89484e-05
-3.92662e-06
2.03201e-05
-3.76033e-06
2.16253e-05
-3.5773e-06
2.28593e-05
-3.37744e-06
2.40225e-05
-3.17007e-06
2.51122e-05
-2.9549e-06
2.61314e-05
-2.74039e-06
2.70789e-05
-2.52555e-06
2.79598e-05
-2.31783e-06
2.87739e-05
-2.11546e-06
2.95278e-05
-1.92501e-06
3.02219e-05
-1.74398e-06
3.0864e-05
-1.57823e-06
3.14545e-05
-1.42463e-06
3.20022e-05
-1.28844e-06
3.25073e-05
-1.16622e-06
3.29796e-05
-1.06259e-06
3.34186e-05
-9.74196e-07
3.38352e-05
-9.04841e-07
3.42283e-05
-8.51601e-07
3.46097e-05
-8.16494e-07
-8.00266e-07
-1.37196e-07
1.85212e-07
-3.8941e-07
4.47069e-07
-6.80654e-07
5.75217e-07
-9.89048e-07
6.4868e-07
-1.31264e-06
7.04015e-07
-1.64908e-06
7.51465e-07
-1.99354e-06
7.91208e-07
-2.34146e-06
8.22652e-07
-2.68897e-06
8.46277e-07
-3.03315e-06
8.63178e-07
-3.37166e-06
8.74235e-07
-3.70263e-06
8.80241e-07
-4.0247e-06
8.82118e-07
-4.33694e-06
8.80673e-07
-4.6387e-06
8.76636e-07
-4.92959e-06
8.70663e-07
-5.20937e-06
8.63338e-07
-5.47792e-06
8.55178e-07
-5.73521e-06
8.46698e-07
-5.9813e-06
8.38367e-07
-6.21622e-06
8.306e-07
-6.43998e-06
8.23726e-07
-6.65245e-06
8.17978e-07
-6.85341e-06
8.13484e-07
-7.04242e-06
8.10283e-07
-7.21884e-06
8.08386e-07
-7.38188e-06
8.07781e-07
-7.5304e-06
8.08227e-07
-7.66297e-06
8.09473e-07
-7.77778e-06
8.11255e-07
-7.87272e-06
8.13342e-07
-7.94509e-06
8.1562e-07
-7.99154e-06
8.18051e-07
-8.00817e-06
8.20778e-07
-7.99075e-06
8.24148e-07
-7.93403e-06
8.27218e-07
-7.83199e-06
8.28628e-07
-7.67786e-06
8.25865e-07
-7.46433e-06
8.15021e-07
-7.18328e-06
7.90577e-07
-6.8277e-06
7.4464e-07
-6.39278e-06
6.71182e-07
-5.87576e-06
5.61799e-07
-5.27315e-06
4.05519e-07
-4.58398e-06
1.99454e-07
-3.80839e-06
-5.93479e-08
-2.95204e-06
-3.63991e-07
-2.01582e-06
-7.18098e-07
-1.00115e-06
-1.11323e-06
9.40479e-08
-1.53931e-06
1.26316e-06
-1.98953e-06
2.50298e-06
-2.44917e-06
3.81215e-06
-2.9123e-06
5.18695e-06
-3.36722e-06
6.62284e-06
-3.80759e-06
8.11273e-06
-4.22126e-06
9.64894e-06
-4.6041e-06
1.12261e-05
-4.94158e-06
1.28318e-05
-5.23556e-06
1.4455e-05
-5.47549e-06
1.60852e-05
-5.66369e-06
1.771e-05
-5.79129e-06
1.93186e-05
-5.8652e-06
2.08995e-05
-5.87884e-06
2.24429e-05
-5.84255e-06
2.39387e-05
-5.75251e-06
2.53803e-05
-5.62109e-06
2.67599e-05
-5.44587e-06
2.80741e-05
-5.24083e-06
2.9318e-05
-5.00418e-06
3.0491e-05
-4.75036e-06
3.15907e-05
-4.47715e-06
3.26192e-05
-4.19858e-06
3.35758e-05
-3.91142e-06
3.44644e-05
-3.629e-06
3.52855e-05
-3.34671e-06
3.60447e-05
-3.07701e-06
3.67431e-05
-2.81388e-06
3.73872e-05
-2.56905e-06
3.79784e-05
-2.33518e-06
3.85236e-05
-2.12348e-06
3.90246e-05
-1.92557e-06
3.94884e-05
-1.75226e-06
3.99166e-05
-1.59444e-06
4.03166e-05
-1.46261e-06
4.06898e-05
-1.34732e-06
4.10437e-05
-1.25874e-06
4.13797e-05
-1.1876e-06
4.1707e-05
-1.14385e-06
-1.12083e-06
-1.93409e-07
3.7862e-07
-5.61645e-07
8.15306e-07
-9.77609e-07
9.91181e-07
-1.40376e-06
1.07483e-06
-1.82422e-06
1.12448e-06
-2.23035e-06
1.15759e-06
-2.61824e-06
1.1791e-06
-2.98667e-06
1.19108e-06
-3.33376e-06
1.19337e-06
-3.65789e-06
1.18731e-06
-3.9582e-06
1.17455e-06
-4.23445e-06
1.15649e-06
-4.48672e-06
1.13439e-06
-4.71536e-06
1.10931e-06
-4.92087e-06
1.08214e-06
-5.10382e-06
1.05362e-06
-5.26482e-06
1.02433e-06
-5.40433e-06
9.94685e-07
-5.52275e-06
9.65123e-07
-5.62043e-06
9.3604e-07
-5.69755e-06
9.07727e-07
-5.75416e-06
8.80332e-07
-5.79007e-06
8.53889e-07
-5.80489e-06
8.28303e-07
-5.79796e-06
8.03353e-07
-5.76832e-06
7.78749e-07
-5.71495e-06
7.54406e-07
-5.63643e-06
7.29713e-07
-5.53104e-06
7.04081e-07
-5.3967e-06
6.76912e-07
-5.23097e-06
6.47612e-07
-5.03094e-06
6.15592e-07
-4.79312e-06
5.80238e-07
-4.513e-06
5.40658e-07
-4.18677e-06
4.97909e-07
-3.8094e-06
4.49854e-07
-3.37554e-06
3.94768e-07
-2.87966e-06
3.29982e-07
-2.31617e-06
2.51531e-07
-1.68006e-06
1.54469e-07
-9.65858e-07
3.04372e-08
-1.76722e-07
-1.17953e-07
6.91076e-07
-3.06e-07
1.63465e-06
-5.38059e-07
2.65089e-06
-8.1678e-07
3.73482e-06
-1.14328e-06
4.88666e-06
-1.51583e-06
6.10032e-06
-1.93177e-06
7.37211e-06
-2.38501e-06
8.69892e-06
-2.86612e-06
1.00771e-05
-3.36769e-06
1.1505e-05
-3.87709e-06
1.29792e-05
-4.38652e-06
1.44949e-05
-4.88287e-06
1.60461e-05
-5.35882e-06
1.76251e-05
-5.80032e-06
1.92231e-05
-6.20208e-06
2.08318e-05
-6.55026e-06
2.24396e-05
-6.84332e-06
2.40352e-05
-7.07111e-06
2.56077e-05
-7.23622e-06
2.7147e-05
-7.33051e-06
2.86431e-05
-7.36131e-06
3.00878e-05
-7.32357e-06
3.14739e-05
-7.22865e-06
3.27953e-05
-7.07395e-06
3.40481e-05
-6.87389e-06
3.52291e-05
-6.62687e-06
3.63374e-05
-6.34914e-06
3.73723e-05
-6.03905e-06
3.83353e-05
-5.71338e-06
3.92275e-05
-5.36926e-06
4.00521e-05
-5.02322e-06
4.08112e-05
-4.67055e-06
4.15094e-05
-4.32717e-06
4.2149e-05
-3.98633e-06
4.27353e-05
-3.66335e-06
4.32708e-05
-3.3494e-06
4.37612e-05
-3.05937e-06
4.42085e-05
-2.78255e-06
4.46188e-05
-2.53371e-06
4.49937e-05
-2.30049e-06
4.53393e-05
-2.09785e-06
4.56568e-05
-1.91199e-06
4.59526e-05
-1.75835e-06
4.62272e-05
-1.62197e-06
4.64874e-05
-1.51896e-06
4.67334e-05
-1.4336e-06
4.69725e-05
-1.38297e-06
-1.3552e-06
-4.20799e-07
7.99419e-07
-9.59936e-07
1.35444e-06
-1.45304e-06
1.48428e-06
-1.88869e-06
1.51048e-06
-2.28832e-06
1.52411e-06
-2.65663e-06
1.5259e-06
-2.9885e-06
1.51096e-06
-3.27746e-06
1.48005e-06
-3.51972e-06
1.43562e-06
-3.71712e-06
1.38472e-06
-3.87245e-06
1.32988e-06
-3.98851e-06
1.27254e-06
-4.06797e-06
1.21386e-06
-4.11339e-06
1.15472e-06
-4.12705e-06
1.0958e-06
-4.11097e-06
1.03754e-06
-4.06693e-06
9.80299e-07
-3.9963e-06
9.2405e-07
-3.90015e-06
8.68978e-07
-3.77934e-06
8.15227e-07
-3.63444e-06
7.62832e-07
-3.46573e-06
7.11622e-07
-3.27316e-06
6.61318e-07
-3.05638e-06
6.11519e-07
-2.81474e-06
5.61717e-07
-2.54711e-06
5.11115e-07
-2.25269e-06
4.59988e-07
-1.92992e-06
4.06942e-07
-1.57703e-06
3.51191e-07
-1.192e-06
2.91885e-07
-7.72469e-07
2.28076e-07
-3.15526e-07
1.58649e-07
1.82494e-07
8.22185e-08
7.27047e-07
-3.89585e-09
1.31807e-06
-9.31105e-08
1.9621e-06
-1.94176e-07
2.664e-06
-3.07133e-07
3.42835e-06
-4.34369e-07
4.25935e-06
-5.79469e-07
5.16011e-06
-7.46292e-07
6.13046e-06
-9.39912e-07
7.17546e-06
-1.16296e-06
8.2925e-06
-1.42303e-06
9.47825e-06
-1.72381e-06
1.07287e-05
-2.06725e-06
1.20392e-05
-2.45378e-06
1.3405e-05
-2.88166e-06
1.48201e-05
-3.34683e-06
1.6279e-05
-3.84395e-06
1.77766e-05
-4.36368e-06
1.93067e-05
-4.89779e-06
2.08638e-05
-5.43414e-06
2.24406e-05
-5.96335e-06
2.40293e-05
-6.47163e-06
2.56204e-05
-6.94992e-06
2.72042e-05
-7.38406e-06
2.87694e-05
-7.76732e-06
3.03061e-05
-8.08692e-06
3.18028e-05
-8.34005e-06
3.32499e-05
-8.51819e-06
3.46381e-05
-8.62445e-06
3.5961e-05
-8.65341e-06
3.72126e-05
-8.61294e-06
3.83896e-05
-8.50054e-06
3.94893e-05
-8.32838e-06
4.05114e-05
-8.09598e-06
4.14561e-05
-7.81867e-06
4.23258e-05
-7.4965e-06
4.31231e-05
-7.14645e-06
4.38517e-05
-6.76766e-06
4.45158e-05
-6.37749e-06
4.51196e-05
-5.97307e-06
4.56679e-05
-5.57149e-06
4.61647e-05
-5.16739e-06
4.6615e-05
-4.77745e-06
4.70223e-05
-4.39366e-06
4.73914e-05
-4.03243e-06
4.77252e-05
-3.68318e-06
4.80282e-05
-3.36235e-06
4.83025e-05
-3.05691e-06
4.85526e-05
-2.78382e-06
4.87799e-05
-2.52775e-06
4.89886e-05
-2.3066e-06
4.91796e-05
-2.1029e-06
4.93571e-05
-1.9359e-06
4.95212e-05
-1.78611e-06
4.96768e-05
-1.67453e-06
4.9823e-05
-1.57977e-06
4.99652e-05
-1.52519e-06
-1.49168e-06
-2.66249e-07
1.06567e-06
-8.63697e-07
1.95189e-06
-1.48713e-06
2.10771e-06
-2.01045e-06
2.0338e-06
-2.40576e-06
1.91942e-06
-2.67522e-06
1.79536e-06
-2.83619e-06
1.67193e-06
-2.90849e-06
1.55235e-06
-2.90944e-06
1.43657e-06
-2.84989e-06
1.32516e-06
-2.738e-06
1.21799e-06
-2.58028e-06
1.11483e-06
-2.38228e-06
1.01585e-06
-2.14867e-06
9.2112e-07
-1.88342e-06
8.30555e-07
-1.58972e-06
7.43838e-07
-1.27028e-06
6.60862e-07
-9.26932e-07
5.80698e-07
-5.61252e-07
5.03299e-07
-1.74386e-07
4.28361e-07
2.32965e-07
3.5548e-07
6.60635e-07
2.83952e-07
1.10881e-06
2.1314e-07
1.57805e-06
1.42281e-07
2.06948e-06
7.02888e-08
2.58547e-06
-4.87574e-09
3.12478e-06
-7.93206e-08
3.69051e-06
-1.58793e-07
4.28478e-06
-2.43072e-07
4.90983e-06
-3.33164e-07
5.56817e-06
-4.3027e-07
6.26256e-06
-5.35736e-07
6.9956e-06
-6.50823e-07
7.76827e-06
-7.7657e-07
8.58877e-06
-9.13607e-07
9.45902e-06
-1.06443e-06
1.03829e-05
-1.23098e-06
1.1364e-05
-1.41552e-06
1.24054e-05
-1.62089e-06
1.35093e-05
-1.85017e-06
1.46766e-05
-2.10715e-06
1.59083e-05
-2.39474e-06
1.72016e-05
-2.71629e-06
1.85523e-05
-3.07457e-06
1.99555e-05
-3.47042e-06
2.14048e-05
-3.90305e-06
2.28929e-05
-4.36982e-06
2.44121e-05
-4.86594e-06
2.5953e-05
-5.38487e-06
2.75066e-05
-5.91727e-06
2.90625e-05
-6.45375e-06
3.06109e-05
-6.98253e-06
3.21405e-05
-7.49288e-06
3.36405e-05
-7.97165e-06
3.50989e-05
-8.40831e-06
3.65052e-05
-8.79043e-06
3.78489e-05
-9.11098e-06
3.91216e-05
-9.35957e-06
4.03147e-05
-9.53318e-06
4.1423e-05
-9.62653e-06
4.24427e-05
-9.64408e-06
4.33734e-05
-9.58419e-06
4.42158e-05
-9.45535e-06
4.4973e-05
-9.2577e-06
4.56485e-05
-9.00387e-06
4.62479e-05
-8.6954e-06
4.67769e-05
-8.34768e-06
4.72423e-05
-7.96188e-06
4.76505e-05
-7.55462e-06
4.80081e-05
-7.12528e-06
4.83213e-05
-6.69067e-06
4.85958e-05
-6.24754e-06
4.88368e-05
-5.81251e-06
4.90488e-05
-5.37939e-06
4.92361e-05
-4.96473e-06
4.94018e-05
-4.55941e-06
4.95495e-05
-4.18012e-06
4.96812e-05
-3.81485e-06
4.97997e-05
-3.48088e-06
4.99063e-05
-3.16346e-06
5.00033e-05
-2.88088e-06
5.00913e-05
-2.61574e-06
5.01726e-05
-2.38785e-06
5.02469e-05
-2.17719e-06
5.03166e-05
-2.0056e-06
5.03809e-05
-1.85043e-06
5.04424e-05
-1.73607e-06
5.04998e-05
-1.63716e-06
5.05556e-05
-1.58097e-06
-1.54185e-06
-1.50055e-06
2.56622e-06
-1.95516e-06
2.4065e-06
-2.12352e-06
2.27608e-06
-2.14251e-06
2.05279e-06
-2.03138e-06
1.80829e-06
-1.81354e-06
1.57752e-06
-1.50799e-06
1.36638e-06
-1.12891e-06
1.17327e-06
-6.89021e-07
9.96687e-07
-2.00482e-07
8.36622e-07
3.27474e-07
6.90036e-07
8.87256e-07
5.55047e-07
1.47245e-06
4.30651e-07
2.07805e-06
3.15524e-07
2.70032e-06
2.08288e-07
3.33626e-06
1.0789e-07
3.98293e-06
1.41956e-08
4.64138e-06
-7.775e-08
5.30953e-06
-1.64853e-07
5.98663e-06
-2.48735e-07
6.67228e-06
-3.3017e-07
7.36732e-06
-4.11091e-07
8.07288e-06
-4.92419e-07
8.79017e-06
-5.7501e-07
9.52046e-06
-6.60002e-07
1.02641e-05
-7.48487e-07
1.10259e-05
-8.41105e-07
1.18068e-05
-9.39732e-07
1.26093e-05
-1.04559e-06
1.3436e-05
-1.15988e-06
1.42895e-05
-1.28377e-06
1.51724e-05
-1.41865e-06
1.60873e-05
-1.56566e-06
1.70371e-05
-1.72635e-06
1.80252e-05
-1.90172e-06
1.90541e-05
-2.0934e-06
2.01264e-05
-2.3032e-06
2.1244e-05
-2.53317e-06
2.24085e-05
-2.78537e-06
2.36205e-05
-3.06218e-06
2.48792e-05
-3.3658e-06
2.61826e-05
-3.69816e-06
2.75267e-05
-4.0604e-06
2.89057e-05
-4.45353e-06
3.03121e-05
-4.87682e-06
3.17372e-05
-5.32822e-06
3.31711e-05
-5.80364e-06
3.46034e-05
-6.29823e-06
3.60217e-05
-6.8032e-06
3.74135e-05
-7.30914e-06
3.87661e-05
-7.80632e-06
4.00673e-05
-8.28375e-06
4.13048e-05
-8.73032e-06
4.24678e-05
-9.13469e-06
4.35465e-05
-9.48701e-06
4.45338e-05
-9.77771e-06
4.54234e-05
-1.00005e-05
4.62128e-05
-1.0149e-05
4.69013e-05
-1.02217e-05
4.74904e-05
-1.02156e-05
4.79835e-05
-1.01371e-05
4.83885e-05
-9.98922e-06
4.87128e-05
-9.77964e-06
4.89658e-05
-9.51075e-06
4.91565e-05
-9.19451e-06
4.92948e-05
-8.83376e-06
4.93897e-05
-8.44255e-06
4.94501e-05
-8.02225e-06
4.94833e-05
-7.5879e-06
4.94964e-05
-7.13831e-06
4.94946e-05
-6.68891e-06
4.94825e-05
-6.23547e-06
4.94639e-05
-5.79383e-06
4.94411e-05
-5.35664e-06
4.94167e-05
-4.94036e-06
4.93918e-05
-4.53441e-06
4.93678e-05
-4.15616e-06
4.93448e-05
-3.79183e-06
4.9324e-05
-3.46012e-06
4.93046e-05
-3.1441e-06
4.9288e-05
-2.8642e-06
4.92725e-05
-2.60032e-06
4.92597e-05
-2.37503e-06
4.92476e-05
-2.16504e-06
4.92376e-05
-1.99562e-06
4.92274e-05
-1.84023e-06
4.92187e-05
-1.72739e-06
4.92088e-05
-1.62725e-06
4.92e-05
-1.5722e-06
-1.52643e-06
-8.99534e-07
3.46575e-06
-7.46476e-07
2.25344e-06
-2.5487e-07
1.78447e-06
4.60306e-07
1.33761e-06
1.33389e-06
9.34706e-07
2.29978e-06
6.1163e-07
3.31174e-06
3.54421e-07
4.34266e-06
1.42353e-07
5.3773e-06
-3.7955e-08
6.40258e-06
-1.88659e-07
7.41919e-06
-3.26572e-07
8.42488e-06
-4.50639e-07
9.41712e-06
-5.61598e-07
1.03944e-05
-6.61731e-07
1.13567e-05
-7.54002e-07
1.23044e-05
-8.39801e-07
1.32389e-05
-9.20321e-07
1.41589e-05
-9.97806e-07
1.50663e-05
-1.07223e-06
1.59624e-05
-1.14478e-06
1.68491e-05
-1.21696e-06
1.77284e-05
-1.29034e-06
1.86021e-05
-1.36616e-06
1.94727e-05
-1.44556e-06
2.03424e-05
-1.52968e-06
2.12138e-05
-1.61988e-06
2.209e-05
-1.7173e-06
2.29734e-05
-1.82321e-06
2.38668e-05
-1.93895e-06
2.47727e-05
-2.06578e-06
2.56936e-05
-2.20469e-06
2.66318e-05
-2.35684e-06
2.75895e-05
-2.52333e-06
2.85685e-05
-2.70537e-06
2.95707e-05
-2.90396e-06
3.05976e-05
-3.12025e-06
3.16498e-05
-3.35544e-06
3.27276e-05
-3.61091e-06
3.383e-05
-3.88786e-06
3.49556e-05
-4.18776e-06
3.61018e-05
-4.51196e-06
3.72636e-05
-4.86002e-06
3.84351e-05
-5.23191e-06
3.96085e-05
-5.62694e-06
4.07746e-05
-6.0429e-06
4.19229e-05
-6.47655e-06
4.30421e-05
-6.92278e-06
4.41193e-05
-7.37542e-06
4.51423e-05
-7.82624e-06
4.60997e-05
-8.26652e-06
4.698e-05
-8.6866e-06
4.77734e-05
-9.07716e-06
4.84716e-05
-9.42852e-06
4.90691e-05
-9.73218e-06
4.95624e-05
-9.98036e-06
4.99517e-05
-1.0167e-05
5.02389e-05
-1.02877e-05
5.04296e-05
-1.03397e-05
5.05309e-05
-1.0323e-05
5.05535e-05
-1.02383e-05
5.05077e-05
-1.00912e-05
5.04059e-05
-9.88744e-06
5.02594e-05
-9.63313e-06
5.00806e-05
-9.33196e-06
4.9879e-05
-8.99294e-06
4.96647e-05
-8.61949e-06
4.94445e-05
-8.22228e-06
4.92252e-05
-7.80302e-06
4.90108e-05
-7.37348e-06
4.88051e-05
-6.93258e-06
4.86093e-05
-6.49312e-06
4.84249e-05
-6.05108e-06
4.8252e-05
-5.62086e-06
4.80905e-05
-5.19521e-06
4.79403e-05
-4.79015e-06
4.78005e-05
-4.39464e-06
4.7671e-05
-4.02663e-06
4.75503e-05
-3.67114e-06
4.74387e-05
-3.34854e-06
4.73343e-05
-3.03967e-06
4.72379e-05
-2.76783e-06
4.71469e-05
-2.50933e-06
4.70629e-05
-2.29102e-06
4.69823e-05
-2.08442e-06
4.69075e-05
-1.92074e-06
4.68337e-05
-1.76643e-06
4.6764e-05
-1.65778e-06
4.66927e-05
-1.55587e-06
4.66233e-05
-1.50286e-06
-1.45317e-06
3.66523e-06
-1.99484e-07
6.39696e-06
-4.7828e-07
8.81477e-06
-6.3334e-07
1.09439e-05
-7.91538e-07
1.28273e-05
-9.48707e-07
1.45292e-05
-1.09019e-06
1.6094e-05
-1.21046e-06
1.75388e-05
-1.30236e-06
1.88906e-05
-1.38975e-06
2.01701e-05
-1.46818e-06
2.13818e-05
-1.53827e-06
2.25331e-05
-1.60202e-06
2.36319e-05
-1.66035e-06
2.46842e-05
-1.71406e-06
2.56943e-05
-1.7641e-06
2.66661e-05
-1.81153e-06
2.7603e-05
-1.85723e-06
2.85075e-05
-1.90231e-06
2.9383e-05
-1.94777e-06
3.02329e-05
-1.99466e-06
3.10601e-05
-2.04417e-06
3.18674e-05
-2.09761e-06
3.26575e-05
-2.15627e-06
3.34333e-05
-2.22137e-06
3.41977e-05
-2.29406e-06
3.49533e-05
-2.3755e-06
3.57028e-05
-2.46682e-06
3.64486e-05
-2.56904e-06
3.71931e-05
-2.68341e-06
3.79385e-05
-2.81113e-06
3.86862e-05
-2.95243e-06
3.94377e-05
-3.10838e-06
4.01942e-05
-3.27981e-06
4.09563e-05
-3.46744e-06
4.17242e-05
-3.67193e-06
4.24979e-05
-3.89388e-06
4.32763e-05
-4.13391e-06
4.4058e-05
-4.39255e-06
4.48404e-05
-4.67025e-06
4.56199e-05
-4.96727e-06
4.63913e-05
-5.28341e-06
4.71492e-05
-5.61786e-06
4.78865e-05
-5.96928e-06
4.85953e-05
-6.33568e-06
4.92665e-05
-6.71411e-06
4.98906e-05
-7.10064e-06
5.04579e-05
-7.4901e-06
5.09589e-05
-7.87643e-06
5.13852e-05
-8.25256e-06
5.17298e-05
-8.61105e-06
5.19871e-05
-8.94395e-06
5.21539e-05
-9.24392e-06
5.22293e-05
-9.50396e-06
5.22158e-05
-9.71866e-06
5.21183e-05
-9.88286e-06
5.19446e-05
-9.99327e-06
5.17041e-05
-1.00472e-05
5.14082e-05
-1.00439e-05
5.10685e-05
-9.98329e-06
5.06986e-05
-9.86842e-06
5.03095e-05
-9.70216e-06
4.99113e-05
-9.48922e-06
4.9512e-05
-9.23379e-06
4.91196e-05
-8.93955e-06
4.87378e-05
-8.61113e-06
4.83706e-05
-8.25231e-06
4.80182e-05
-7.86984e-06
4.76823e-05
-7.46722e-06
4.73613e-05
-7.0524e-06
4.70555e-05
-6.62679e-06
4.67619e-05
-6.19955e-06
4.64809e-05
-5.77006e-06
4.62096e-05
-5.34962e-06
4.59491e-05
-4.93468e-06
4.56972e-05
-4.53827e-06
4.54553e-05
-4.15266e-06
4.52217e-05
-3.79312e-06
4.49979e-05
-3.44725e-06
4.47827e-05
-3.13341e-06
4.45769e-05
-2.83386e-06
4.438e-05
-2.57095e-06
4.41916e-05
-2.32085e-06
4.40117e-05
-2.11111e-06
4.38383e-05
-1.91111e-06
4.36727e-05
-1.75505e-06
4.35107e-05
-1.60448e-06
4.33547e-05
-1.50174e-06
4.3198e-05
-1.39919e-06
4.30441e-05
-1.34899e-06
-1.29752e-06
3.86283e-05
4.4461e-09
3.86014e-05
-4.51418e-07
3.87466e-05
-7.78513e-07
3.89788e-05
-1.02376e-06
3.92601e-05
-1.22998e-06
3.95846e-05
-1.41472e-06
3.99537e-05
-1.57951e-06
4.0369e-05
-1.71767e-06
4.08104e-05
-1.83115e-06
4.12671e-05
-1.92489e-06
4.17328e-05
-2.00398e-06
4.22019e-05
-2.07113e-06
4.26702e-05
-2.12865e-06
4.31345e-05
-2.1784e-06
4.35925e-05
-2.22202e-06
4.40421e-05
-2.26114e-06
4.44821e-05
-2.29731e-06
4.49119e-05
-2.33209e-06
4.53312e-05
-2.36706e-06
4.57402e-05
-2.40367e-06
4.61394e-05
-2.44339e-06
4.65295e-05
-2.48767e-06
4.69112e-05
-2.53795e-06
4.72854e-05
-2.59557e-06
4.76531e-05
-2.66182e-06
4.80154e-05
-2.73781e-06
4.83733e-05
-2.82463e-06
4.87275e-05
-2.92325e-06
4.90786e-05
-3.03459e-06
4.94269e-05
-3.1594e-06
4.97728e-05
-3.29827e-06
5.01161e-05
-3.45174e-06
5.04567e-05
-3.62034e-06
5.07936e-05
-3.80442e-06
5.1126e-05
-4.00433e-06
5.14524e-05
-4.22024e-06
5.17708e-05
-4.4523e-06
5.20787e-05
-4.70045e-06
5.2373e-05
-4.96453e-06
5.26498e-05
-5.24404e-06
5.29046e-05
-5.53821e-06
5.31324e-05
-5.84573e-06
5.3328e-05
-6.16483e-06
5.34854e-05
-6.49312e-06
5.3599e-05
-6.82767e-06
5.3663e-05
-7.16471e-06
5.36727e-05
-7.49979e-06
5.36241e-05
-7.8278e-06
5.35148e-05
-8.14323e-06
5.3344e-05
-8.44026e-06
5.3113e-05
-8.71297e-06
5.28245e-05
-8.95546e-06
5.24838e-05
-9.16321e-06
5.2098e-05
-9.33285e-06
5.16755e-05
-9.4604e-06
5.12255e-05
-9.54325e-06
5.07574e-05
-9.57905e-06
5.02797e-05
-9.5662e-06
4.97998e-05
-9.50335e-06
4.93226e-05
-9.39126e-06
4.88515e-05
-9.23101e-06
4.83879e-05
-9.02566e-06
4.79316e-05
-8.77754e-06
4.74822e-05
-8.49007e-06
4.70368e-05
-8.1658e-06
4.65939e-05
-7.80936e-06
4.61501e-05
-7.42607e-06
4.57053e-05
-7.02241e-06
4.52573e-05
-6.60442e-06
4.48078e-05
-6.17725e-06
4.43554e-05
-5.74714e-06
4.39036e-05
-5.3183e-06
4.3452e-05
-4.89802e-06
4.30056e-05
-4.48824e-06
4.25639e-05
-4.09658e-06
4.21327e-05
-3.72149e-06
4.17111e-05
-3.37148e-06
4.13047e-05
-3.04092e-06
4.09116e-05
-2.74029e-06
4.05369e-05
-2.45915e-06
4.01771e-05
-2.21117e-06
3.98363e-05
-1.98006e-06
3.951e-05
-1.78478e-06
3.92011e-05
-1.60224e-06
3.89047e-05
-1.4586e-06
3.86222e-05
-1.32197e-06
3.83486e-05
-1.22816e-06
3.80835e-05
-1.13406e-06
3.78228e-05
-1.08826e-06
-1.03595e-06
5.29938e-05
8.18371e-08
5.29029e-05
-3.60474e-07
5.28762e-05
-7.51867e-07
5.29022e-05
-1.04978e-06
5.29501e-05
-1.27788e-06
5.30008e-05
-1.46542e-06
5.30506e-05
-1.62927e-06
5.31069e-05
-1.77394e-06
5.31743e-05
-1.89861e-06
5.32527e-05
-2.00332e-06
5.33388e-05
-2.09e-06
5.34291e-05
-2.16149e-06
5.35212e-05
-2.22075e-06
5.36132e-05
-2.27037e-06
5.37037e-05
-2.31254e-06
5.37918e-05
-2.34918e-06
5.38765e-05
-2.38207e-06
5.39574e-05
-2.41298e-06
5.4034e-05
-2.44364e-06
5.4106e-05
-2.47571e-06
5.41735e-05
-2.51082e-06
5.42363e-05
-2.5505e-06
5.42946e-05
-2.59626e-06
5.43485e-05
-2.64947e-06
5.43981e-05
-2.71144e-06
5.44436e-05
-2.78328e-06
5.4485e-05
-2.86601e-06
5.45222e-05
-2.9605e-06
5.45552e-05
-3.06752e-06
5.45834e-05
-3.18769e-06
5.46067e-05
-3.32157e-06
5.46245e-05
-3.46951e-06
5.4636e-05
-3.63187e-06
5.46404e-05
-3.80881e-06
5.46366e-05
-4.00049e-06
5.46232e-05
-4.20687e-06
5.45988e-05
-4.42789e-06
5.45616e-05
-4.66322e-06
5.45095e-05
-4.91249e-06
5.44404e-05
-5.17496e-06
5.43519e-05
-5.44971e-06
5.42415e-05
-5.73528e-06
5.41064e-05
-6.02977e-06
5.39444e-05
-6.33104e-06
5.37533e-05
-6.63658e-06
5.35315e-05
-6.94295e-06
5.32781e-05
-7.24639e-06
5.29929e-05
-7.54256e-06
5.26765e-05
-7.82685e-06
5.23305e-05
-8.09429e-06
5.19574e-05
-8.33986e-06
5.15605e-05
-8.55852e-06
5.1143e-05
-8.74573e-06
5.07076e-05
-8.89742e-06
5.02569e-05
-9.00973e-06
4.97928e-05
-9.07917e-06
4.93167e-05
-9.10289e-06
4.88276e-05
-9.0772e-06
4.83238e-05
-8.99948e-06
4.78017e-05
-8.86923e-06
4.72585e-05
-8.68773e-06
4.66903e-05
-8.45751e-06
4.60935e-05
-8.18073e-06
4.5466e-05
-7.86253e-06
4.48076e-05
-7.50747e-06
4.41193e-05
-7.121e-06
4.34029e-05
-6.70972e-06
4.26624e-05
-6.28193e-06
4.19022e-05
-5.84417e-06
4.11287e-05
-5.40376e-06
4.0348e-05
-4.9664e-06
3.95685e-05
-4.53882e-06
3.87959e-05
-4.12541e-06
3.80384e-05
-3.73072e-06
3.72996e-05
-3.3578e-06
3.65874e-05
-3.00932e-06
3.59031e-05
-2.68723e-06
3.52538e-05
-2.39161e-06
3.46375e-05
-2.12394e-06
3.40605e-05
-1.88219e-06
3.35173e-05
-1.66795e-06
3.30132e-05
-1.476e-06
3.25396e-05
-1.31114e-06
3.2102e-05
-1.16462e-06
3.16887e-05
-1.04535e-06
3.1306e-05
-9.39213e-07
3.09395e-05
-8.61668e-07
3.05964e-05
-7.90924e-07
3.02604e-05
-7.52269e-07
-7.09611e-07
5.43273e-05
-2.39051e-07
5.45082e-05
-5.41344e-07
5.46121e-05
-8.55706e-07
5.46994e-05
-1.13711e-06
5.47863e-05
-1.36475e-06
5.48664e-05
-1.5456e-06
5.49326e-05
-1.6954e-06
5.49836e-05
-1.82493e-06
5.50236e-05
-1.93864e-06
5.50575e-05
-2.03719e-06
5.50879e-05
-2.12041e-06
5.51155e-05
-2.18915e-06
5.51401e-05
-2.24529e-06
5.51609e-05
-2.29117e-06
5.51774e-05
-2.32909e-06
5.51894e-05
-2.36114e-06
5.51966e-05
-2.38925e-06
5.51988e-05
-2.41519e-06
5.51958e-05
-2.4407e-06
5.51876e-05
-2.46749e-06
5.5174e-05
-2.49722e-06
5.5155e-05
-2.53147e-06
5.51305e-05
-2.57176e-06
5.51005e-05
-2.61949e-06
5.5065e-05
-2.67594e-06
5.5024e-05
-2.74223e-06
5.49773e-05
-2.81937e-06
5.4925e-05
-2.90816e-06
5.48668e-05
-3.00933e-06
5.48025e-05
-3.12343e-06
5.47319e-05
-3.25095e-06
5.46546e-05
-3.39223e-06
5.45703e-05
-3.54751e-06
5.44784e-05
-3.7169e-06
5.43783e-05
-3.90046e-06
5.42695e-05
-4.09808e-06
5.41512e-05
-4.30959e-06
5.40226e-05
-4.53457e-06
5.38826e-05
-4.77254e-06
5.37303e-05
-5.02265e-06
5.35645e-05
-5.2839e-06
5.33839e-05
-5.55471e-06
5.31874e-05
-5.83323e-06
5.29734e-05
-6.11706e-06
5.27404e-05
-6.40357e-06
5.24868e-05
-6.68934e-06
5.2211e-05
-6.97057e-06
5.19111e-05
-7.2427e-06
5.15853e-05
-7.50097e-06
5.12312e-05
-7.74026e-06
5.08469e-05
-7.95554e-06
5.04301e-05
-8.1417e-06
4.9978e-05
-8.29365e-06
4.94873e-05
-8.40669e-06
4.89539e-05
-8.4764e-06
4.83735e-05
-8.49877e-06
4.77409e-05
-8.47025e-06
4.7051e-05
-8.3873e-06
4.62999e-05
-8.24841e-06
4.54859e-05
-8.05521e-06
4.46092e-05
-7.81099e-06
4.36696e-05
-7.51798e-06
4.26673e-05
-7.1784e-06
4.16054e-05
-6.8006e-06
4.0492e-05
-6.39415e-06
3.93373e-05
-5.96626e-06
3.81522e-05
-5.52463e-06
3.69473e-05
-5.07705e-06
3.57337e-05
-4.63051e-06
3.45231e-05
-4.19321e-06
3.33289e-05
-3.77218e-06
3.21639e-05
-3.3738e-06
3.10391e-05
-3.00058e-06
2.99637e-05
-2.65534e-06
2.89447e-05
-2.33885e-06
2.79884e-05
-2.05302e-06
2.70978e-05
-1.79662e-06
2.62761e-05
-1.56989e-06
2.5522e-05
-1.36981e-06
2.48357e-05
-1.19592e-06
2.42122e-05
-1.04444e-06
2.36511e-05
-9.14923e-07
2.31437e-05
-8.03776e-07
2.269e-05
-7.10845e-07
2.22777e-05
-6.33087e-07
2.19085e-05
-5.69992e-07
2.15667e-05
-5.199e-07
2.12566e-05
-4.80855e-07
2.09589e-05
-4.54584e-07
-4.34747e-07
5.39224e-05
-5.68424e-07
5.41757e-05
-7.94672e-07
5.43571e-05
-1.0371e-06
5.44906e-05
-1.27056e-06
5.46003e-05
-1.47449e-06
5.46979e-05
-1.64315e-06
5.47841e-05
-1.78166e-06
5.48574e-05
-1.89817e-06
5.49175e-05
-1.99875e-06
5.49664e-05
-2.08611e-06
5.50068e-05
-2.1608e-06
5.50406e-05
-2.22298e-06
5.50688e-05
-2.27345e-06
5.50914e-05
-2.31373e-06
5.5108e-05
-2.34576e-06
5.51185e-05
-2.37161e-06
5.51225e-05
-2.39325e-06
5.51199e-05
-2.41256e-06
5.51105e-05
-2.43133e-06
5.50943e-05
-2.45129e-06
5.50712e-05
-2.47413e-06
5.50412e-05
-2.50148e-06
5.50043e-05
-2.53488e-06
5.49606e-05
-2.57574e-06
5.491e-05
-2.62534e-06
5.48526e-05
-2.68483e-06
5.47884e-05
-2.75518e-06
5.47174e-05
-2.83719e-06
5.46396e-05
-2.93149e-06
5.45547e-05
-3.03857e-06
5.44626e-05
-3.15883e-06
5.43629e-05
-3.29252e-06
5.42551e-05
-3.43977e-06
5.41389e-05
-3.60062e-06
5.40134e-05
-3.77497e-06
5.38779e-05
-3.96258e-06
5.37314e-05
-4.16312e-06
5.35728e-05
-4.37599e-06
5.34008e-05
-4.60048e-06
5.32136e-05
-4.83547e-06
5.30094e-05
-5.0797e-06
5.2786e-05
-5.3313e-06
5.25408e-05
-5.58809e-06
5.22708e-05
-5.84707e-06
5.19724e-05
-6.10512e-06
5.16413e-05
-6.35825e-06
5.12729e-05
-6.60219e-06
5.08618e-05
-6.83156e-06
5.04019e-05
-7.04112e-06
4.98868e-05
-7.22518e-06
4.93102e-05
-7.37887e-06
4.86658e-05
-7.4973e-06
4.79486e-05
-7.57651e-06
4.71544e-05
-7.61251e-06
4.62787e-05
-7.60067e-06
4.53166e-05
-7.53665e-06
4.42625e-05
-7.41615e-06
4.31117e-05
-7.23652e-06
4.18641e-05
-7.00077e-06
4.05268e-05
-6.71797e-06
3.91099e-05
-6.39407e-06
3.7621e-05
-6.02908e-06
3.60678e-05
-5.62518e-06
3.44592e-05
-5.19203e-06
3.2811e-05
-4.74594e-06
3.11457e-05
-4.30092e-06
2.94843e-05
-3.86327e-06
2.78453e-05
-3.43802e-06
2.62457e-05
-3.03096e-06
2.4703e-05
-2.65052e-06
2.3234e-05
-2.30313e-06
2.18521e-05
-1.99196e-06
2.05693e-05
-1.71769e-06
1.93939e-05
-1.48001e-06
1.83314e-05
-1.27632e-06
1.73824e-05
-1.104e-06
1.65446e-05
-9.58864e-07
1.58125e-05
-8.37742e-07
1.51785e-05
-7.35821e-07
1.46334e-05
-6.50814e-07
1.41674e-05
-5.78486e-07
1.37708e-05
-5.18314e-07
1.34335e-05
-4.66458e-07
1.31468e-05
-4.24193e-07
1.29011e-05
-3.87304e-07
1.26896e-05
-3.58572e-07
1.25025e-05
-3.32716e-07
1.23355e-05
-3.13884e-07
1.21776e-05
-2.96677e-07
-2.84231e-07
5.35775e-05
-8.8058e-07
5.38447e-05
-1.0619e-06
5.40586e-05
-1.25097e-06
5.42256e-05
-1.43753e-06
5.43615e-05
-1.61036e-06
5.44791e-05
-1.76076e-06
5.4584e-05
-1.88655e-06
5.46773e-05
-1.99146e-06
5.47587e-05
-2.08019e-06
5.48284e-05
-2.15582e-06
5.48874e-05
-2.21981e-06
5.49371e-05
-2.27263e-06
5.49783e-05
-2.31471e-06
5.50115e-05
-2.34693e-06
5.50365e-05
-2.37077e-06
5.50529e-05
-2.38801e-06
5.50603e-05
-2.40066e-06
5.50584e-05
-2.41066e-06
5.5047e-05
-2.41993e-06
5.5026e-05
-2.43026e-06
5.49953e-05
-2.44339e-06
5.49548e-05
-2.46098e-06
5.49045e-05
-2.48461e-06
5.48444e-05
-2.51567e-06
5.47746e-05
-2.55546e-06
5.46948e-05
-2.60509e-06
5.46052e-05
-2.66557e-06
5.45056e-05
-2.73755e-06
5.43956e-05
-2.82153e-06
5.42749e-05
-2.91785e-06
5.41428e-05
-3.02674e-06
5.39985e-05
-3.14825e-06
5.38411e-05
-3.28233e-06
5.36692e-05
-3.42877e-06
5.34815e-05
-3.58724e-06
5.32762e-05
-3.75727e-06
5.30513e-05
-3.93819e-06
5.28044e-05
-4.12911e-06
5.25328e-05
-4.32887e-06
5.22333e-05
-4.53599e-06
5.19022e-05
-4.74862e-06
5.15354e-05
-4.96451e-06
5.11282e-05
-5.18091e-06
5.06754e-05
-5.39427e-06
5.01712e-05
-5.60084e-06
4.9609e-05
-5.79609e-06
4.89818e-05
-5.97496e-06
4.82817e-05
-6.13149e-06
4.75006e-05
-6.26003e-06
4.66302e-05
-6.3547e-06
4.56622e-05
-6.41087e-06
4.4589e-05
-6.42415e-06
4.34073e-05
-6.39477e-06
4.21161e-05
-6.32138e-06
4.0717e-05
-6.2015e-06
3.92104e-05
-6.03009e-06
3.75929e-05
-5.79866e-06
3.58641e-05
-5.50765e-06
3.40329e-05
-5.16958e-06
3.21178e-05
-4.80287e-06
3.01402e-05
-4.4165e-06
2.81219e-05
-4.01081e-06
2.6085e-05
-3.58825e-06
2.40505e-05
-3.15754e-06
2.20422e-05
-2.73762e-06
2.00899e-05
-2.34866e-06
1.8226e-05
-1.99936e-06
1.64794e-05
-1.69136e-06
1.48742e-05
-1.42582e-06
1.34274e-05
-1.2037e-06
1.21521e-05
-1.02788e-06
1.1047e-05
-8.86777e-07
1.01033e-05
-7.74008e-07
9.30826e-06
-6.84992e-07
8.646e-06
-6.14066e-07
8.0982e-06
-5.562e-07
7.6468e-06
-5.07462e-07
7.27464e-06
-4.65578e-07
6.96735e-06
-4.2853e-07
6.71235e-06
-3.95817e-07
6.5003e-06
-3.66433e-07
6.32286e-06
-3.40872e-07
6.17441e-06
-3.18011e-07
6.04901e-06
-2.98795e-07
5.94293e-06
-2.81227e-07
5.85097e-06
-2.6661e-07
5.76962e-06
-2.5137e-07
5.69334e-06
-2.37595e-07
5.61676e-06
-2.20104e-07
-2.05028e-07
5.34334e-05
-1.18395e-06
5.37015e-05
-1.32997e-06
5.39298e-05
-1.4792e-06
5.41196e-05
-1.62732e-06
5.42777e-05
-1.76851e-06
5.44133e-05
-1.89636e-06
5.45332e-05
-2.00642e-06
5.46399e-05
-2.09822e-06
5.47339e-05
-2.17415e-06
5.48148e-05
-2.2367e-06
5.48825e-05
-2.28752e-06
5.49373e-05
-2.32744e-06
5.49795e-05
-2.35695e-06
5.50093e-05
-2.37665e-06
5.50262e-05
-2.38768e-06
5.50297e-05
-2.39156e-06
5.50193e-05
-2.39023e-06
5.49943e-05
-2.38568e-06
5.49544e-05
-2.38005e-06
5.48995e-05
-2.37531e-06
5.48294e-05
-2.3733e-06
5.4744e-05
-2.37562e-06
5.46432e-05
-2.38378e-06
5.45267e-05
-2.39916e-06
5.43943e-05
-2.4231e-06
5.42458e-05
-2.4566e-06
5.40808e-05
-2.50055e-06
5.38987e-05
-2.55542e-06
5.36987e-05
-2.62152e-06
5.34797e-05
-2.69887e-06
5.32404e-05
-2.78746e-06
5.29791e-05
-2.88694e-06
5.26938e-05
-2.99699e-06
5.2382e-05
-3.11699e-06
5.20411e-05
-3.24631e-06
5.16678e-05
-3.38403e-06
5.12588e-05
-3.52914e-06
5.081e-05
-3.68033e-06
5.03171e-05
-3.83601e-06
4.97754e-05
-3.99421e-06
4.91791e-05
-4.15241e-06
4.85224e-05
-4.30775e-06
4.77983e-05
-4.45679e-06
4.70004e-05
-4.59644e-06
4.61223e-05
-4.72271e-06
4.51567e-05
-4.8305e-06
4.40955e-05
-4.91379e-06
4.29312e-05
-4.96719e-06
4.16567e-05
-4.98556e-06
4.02661e-05
-4.96403e-06
3.87537e-05
-4.89844e-06
3.71148e-05
-4.78525e-06
3.53506e-05
-4.63063e-06
3.3467e-05
-4.43773e-06
3.14759e-05
-4.21044e-06
2.93958e-05
-3.95001e-06
2.72312e-05
-3.63406e-06
2.49994e-05
-3.27588e-06
2.27266e-05
-2.89678e-06
2.04444e-05
-2.52066e-06
1.8185e-05
-2.15711e-06
1.59856e-05
-1.8114e-06
1.39074e-05
-1.51005e-06
1.1992e-05
-1.24207e-06
1.02688e-05
-1.01448e-06
8.75841e-06
-8.38235e-07
7.4805e-06
-7.21445e-07
6.4238e-06
-6.34655e-07
5.57127e-06
-5.73292e-07
4.88904e-06
-5.21466e-07
4.33142e-06
-4.70259e-07
3.86534e-06
-4.207e-07
3.46881e-06
-3.77474e-07
3.12735e-06
-3.43537e-07
2.8306e-06
-3.17307e-07
2.57414e-06
-2.9974e-07
2.3537e-06
-2.87027e-07
2.16467e-06
-2.76545e-07
2.00297e-06
-2.66829e-07
1.86479e-06
-2.57637e-07
1.74713e-06
-2.48779e-07
1.64636e-06
-2.40095e-07
1.56008e-06
-2.3174e-07
1.48538e-06
-2.24087e-07
1.42037e-06
-2.16216e-07
1.36171e-06
-2.07952e-07
1.30736e-06
-1.97017e-07
1.25288e-06
-1.83124e-07
1.19736e-06
-1.64577e-07
-1.521e-07
5.3461e-05
-1.47578e-06
5.37194e-05
-1.5884e-06
5.39425e-05
-1.70228e-06
5.41312e-05
-1.81601e-06
5.42884e-05
-1.92568e-06
5.44179e-05
-2.02592e-06
5.45241e-05
-2.11264e-06
5.461e-05
-2.18407e-06
5.46763e-05
-2.24047e-06
5.47228e-05
-2.28315e-06
5.47486e-05
-2.31338e-06
5.47532e-05
-2.33207e-06
5.47362e-05
-2.33988e-06
5.46971e-05
-2.33755e-06
5.46356e-05
-2.32617e-06
5.45512e-05
-2.30716e-06
5.44433e-05
-2.28236e-06
5.43115e-05
-2.25384e-06
5.41553e-05
-2.2239e-06
5.39749e-05
-2.19489e-06
5.37706e-05
-2.16904e-06
5.35425e-05
-2.14748e-06
5.32902e-05
-2.13148e-06
5.30134e-05
-2.12239e-06
5.27118e-05
-2.12145e-06
5.23847e-05
-2.12951e-06
5.20313e-05
-2.14715e-06
5.16504e-05
-2.17454e-06
5.12406e-05
-2.21169e-06
5.07999e-05
-2.2582e-06
5.03261e-05
-2.31365e-06
4.98164e-05
-2.37725e-06
4.92677e-05
-2.44831e-06
4.86764e-05
-2.52572e-06
4.80386e-05
-2.60851e-06
4.73499e-05
-2.69528e-06
4.66055e-05
-2.7848e-06
4.58005e-05
-2.87528e-06
4.49296e-05
-2.96514e-06
4.39874e-05
-3.05203e-06
4.29686e-05
-3.13359e-06
4.18669e-05
-3.20602e-06
4.06738e-05
-3.26366e-06
3.93851e-05
-3.30781e-06
3.79973e-05
-3.33488e-06
3.65054e-05
-3.33855e-06
3.49047e-05
-3.3131e-06
3.3192e-05
-3.25447e-06
3.13686e-05
-3.16217e-06
2.94363e-05
-3.0318e-06
2.74002e-05
-2.86227e-06
2.52749e-05
-2.66e-06
2.30718e-05
-2.42754e-06
2.08062e-05
-2.17205e-06
1.85127e-05
-1.91694e-06
1.62199e-05
-1.65722e-06
1.39813e-05
-1.39552e-06
1.18468e-05
-1.14133e-06
9.8621e-06
-9.12099e-07
8.07158e-06
-7.30145e-07
6.5326e-06
-6.18134e-07
5.28206e-06
-5.60861e-07
4.28634e-06
-5.14337e-07
3.49717e-06
-4.52906e-07
2.8569e-06
-3.74207e-07
2.31742e-06
-2.98752e-07
1.84328e-06
-2.47307e-07
1.43e-06
-2.21377e-07
1.07367e-06
-2.16955e-07
7.65491e-07
-2.13291e-07
4.98331e-07
-2.03098e-07
2.65564e-07
-1.87933e-07
6.10846e-08
-1.72995e-07
-1.19972e-07
-1.62481e-07
-2.79797e-07
-1.57482e-07
-4.23532e-07
-1.56005e-07
-5.53723e-07
-1.56836e-07
-6.71868e-07
-1.584e-07
-7.79111e-07
-1.59586e-07
-8.76679e-07
-1.6007e-07
-9.65615e-07
-1.59843e-07
-1.0467e-06
-1.59008e-07
-1.12084e-06
-1.57602e-07
-1.18925e-06
-1.55675e-07
-1.25281e-06
-1.52661e-07
-1.31286e-06
-1.479e-07
-1.36996e-06
-1.39915e-07
-1.42484e-06
-1.28244e-07
-1.47482e-06
-1.14597e-07
-1.07426e-07
5.33993e-05
-1.68863e-06
5.35679e-05
-1.75703e-06
5.36919e-05
-1.82627e-06
5.37711e-05
-1.89514e-06
5.38066e-05
-1.96119e-06
5.37992e-05
-2.01852e-06
5.37506e-05
-2.06412e-06
5.36633e-05
-2.09676e-06
5.35392e-05
-2.11637e-06
5.33792e-05
-2.12312e-06
5.31834e-05
-2.11762e-06
5.29521e-05
-2.10071e-06
5.26853e-05
-2.07314e-06
5.23839e-05
-2.03607e-06
5.20485e-05
-1.99077e-06
5.168e-05
-1.93869e-06
5.12793e-05
-1.88165e-06
5.08471e-05
-1.82171e-06
5.03843e-05
-1.76103e-06
4.98913e-05
-1.70192e-06
4.93698e-05
-1.6475e-06
4.88202e-05
-1.59788e-06
4.82426e-05
-1.55389e-06
4.76369e-05
-1.51677e-06
4.70028e-05
-1.48733e-06
4.63393e-05
-1.46603e-06
4.56452e-05
-1.45301e-06
4.49187e-05
-1.44805e-06
4.41577e-05
-1.45068e-06
4.33596e-05
-1.46014e-06
4.25216e-05
-1.47559e-06
4.16402e-05
-1.49592e-06
4.0712e-05
-1.52006e-06
3.9733e-05
-1.54669e-06
3.86991e-05
-1.57459e-06
3.7606e-05
-1.60225e-06
3.64496e-05
-1.62838e-06
3.52257e-05
-1.65131e-06
3.39303e-05
-1.66978e-06
3.25602e-05
-1.68192e-06
3.11131e-05
-1.68652e-06
2.95878e-05
-1.6807e-06
2.79818e-05
-1.65765e-06
2.62972e-05
-1.62321e-06
2.4537e-05
-1.57472e-06
2.27059e-05
-1.50744e-06
2.08127e-05
-1.41991e-06
1.88686e-05
-1.31031e-06
1.68857e-05
-1.17935e-06
1.48863e-05
-1.03232e-06
1.29e-05
-8.76006e-07
1.09626e-05
-7.22656e-07
9.12395e-06
-5.88853e-07
7.44562e-06
-4.93709e-07
5.97958e-06
-4.50895e-07
4.75128e-06
-4.28928e-07
3.74664e-06
-3.90878e-07
2.92654e-06
-3.21235e-07
2.24639e-06
-2.31945e-07
1.67137e-06
-1.5513e-07
1.17157e-06
-1.18331e-07
7.34414e-07
-1.23704e-07
3.61979e-07
-1.41902e-07
4.69476e-08
-1.37875e-07
-2.19138e-07
-1.08121e-07
-4.45623e-07
-7.22666e-08
-6.42164e-07
-5.07667e-08
-8.15275e-07
-4.82652e-08
-9.76182e-07
-5.60477e-08
-1.12458e-06
-6.48927e-08
-1.25864e-06
-6.90363e-08
-1.37811e-06
-6.84652e-08
-1.48509e-06
-6.60196e-08
-1.58326e-06
-6.4306e-08
-1.67606e-06
-6.46834e-08
-1.76501e-06
-6.70561e-08
-1.85128e-06
-7.05631e-08
-1.93535e-06
-7.43303e-08
-2.01719e-06
-7.77467e-08
-2.09668e-06
-8.05803e-08
-2.17374e-06
-8.27856e-08
-2.24833e-06
-8.44185e-08
-2.32041e-06
-8.5522e-08
-2.39001e-06
-8.60708e-08
-2.45694e-06
-8.57259e-08
-2.52086e-06
-8.39891e-08
-2.58054e-06
-8.02283e-08
-2.63408e-06
-7.47112e-08
-2.67963e-06
-6.90383e-08
-6.60408e-08
5.10637e-05
-1.46091e-06
5.077e-05
-1.46333e-06
5.04111e-05
-1.46737e-06
4.99873e-05
-1.47126e-06
4.94989e-05
-1.47284e-06
4.895e-05
-1.46964e-06
4.83447e-05
-1.45883e-06
4.76872e-05
-1.43923e-06
4.69835e-05
-1.41264e-06
4.62382e-05
-1.37789e-06
4.54558e-05
-1.33521e-06
4.46404e-05
-1.28525e-06
4.37961e-05
-1.22884e-06
4.2927e-05
-1.16698e-06
4.2037e-05
-1.10074e-06
4.11297e-05
-1.03141e-06
4.02085e-05
-9.60442e-07
3.92763e-05
-8.89514e-07
3.83356e-05
-8.20345e-07
3.73883e-05
-7.54597e-07
3.64344e-05
-6.93659e-07
3.54749e-05
-6.38385e-07
3.45103e-05
-5.89285e-07
3.35403e-05
-5.46721e-07
3.25638e-05
-5.10866e-07
3.15794e-05
-4.81645e-07
3.05851e-05
-4.58703e-07
2.95785e-05
-4.41432e-07
2.85569e-05
-4.29036e-07
2.75173e-05
-4.2059e-07
2.64568e-05
-4.15101e-07
2.53724e-05
-4.11542e-07
2.42613e-05
-4.08892e-07
2.31207e-05
-4.06147e-07
2.19485e-05
-4.02376e-07
2.0743e-05
-3.9672e-07
1.95031e-05
-3.885e-07
1.8229e-05
-3.7719e-07
1.69218e-05
-3.62646e-07
1.55849e-05
-3.44976e-07
1.42234e-05
-3.2504e-07
1.28467e-05
-3.03943e-07
1.14732e-05
-2.84171e-07
1.01181e-05
-2.68087e-07
8.80029e-06
-2.56958e-07
7.54298e-06
-2.50135e-07
6.36889e-06
-2.45818e-07
5.30196e-06
-2.4338e-07
4.34988e-06
-2.27267e-07
3.51149e-06
-1.93923e-07
2.78006e-06
-1.44582e-07
2.14486e-06
-8.7453e-08
1.59452e-06
-3.85164e-08
1.11555e-06
-1.47338e-08
6.8694e-07
-2.22873e-08
3.07585e-07
-4.95726e-08
-1.63195e-08
-6.69739e-08
-2.80671e-07
-5.68831e-08
-4.8778e-07
-2.48362e-08
-6.50002e-07
7.09113e-09
-7.87469e-07
1.91367e-08
-9.19005e-07
7.83182e-09
-1.05225e-06
-8.65971e-09
-1.1734e-06
-1.6724e-08
-1.26912e-06
-1.23968e-08
-1.3385e-06
-2.89415e-09
-1.39172e-06
2.46153e-09
-1.44183e-06
1.84023e-09
-1.49458e-06
-3.29617e-09
-1.55088e-06
-8.59825e-09
-1.60804e-06
-1.18726e-08
-1.66346e-06
-1.30449e-08
-1.71628e-06
-1.31981e-08
-1.76716e-06
-1.34247e-08
-1.81758e-06
-1.42635e-08
-1.86893e-06
-1.57122e-08
-1.92194e-06
-1.75475e-08
-1.97679e-06
-1.9482e-08
-2.03324e-06
-2.12945e-08
-2.09094e-06
-2.28877e-08
-2.14948e-06
-2.42401e-08
-2.20852e-06
-2.53809e-08
-2.26769e-06
-2.6353e-08
-2.32658e-06
-2.71754e-08
-2.38456e-06
-2.77463e-08
-2.44065e-06
-2.78964e-08
-2.49331e-06
-2.75758e-08
-2.54071e-06
-2.73041e-08
-2.58207e-06
-2.76833e-08
-2.81896e-08
3.49937e-05
3.35303e-05
3.2063e-05
3.05917e-05
2.91189e-05
2.76492e-05
2.61904e-05
2.47512e-05
2.33385e-05
2.19606e-05
2.06254e-05
1.93402e-05
1.81113e-05
1.69444e-05
1.58436e-05
1.48122e-05
1.38518e-05
1.29623e-05
1.21419e-05
1.13873e-05
1.06937e-05
1.00553e-05
9.466e-06
8.91928e-06
8.40841e-06
7.92677e-06
7.46806e-06
7.02663e-06
6.5976e-06
6.17701e-06
5.7619e-06
5.35036e-06
4.94147e-06
4.53532e-06
4.13295e-06
3.73623e-06
3.34773e-06
2.97054e-06
2.60789e-06
2.26292e-06
1.93788e-06
1.63393e-06
1.34976e-06
1.08168e-06
8.24719e-07
5.74584e-07
3.28766e-07
8.53861e-08
-1.4188e-07
-3.35804e-07
-4.80386e-07
-5.67839e-07
-6.06355e-07
-6.21089e-07
-6.43376e-07
-6.92949e-07
-7.59923e-07
-8.16806e-07
-8.41642e-07
-8.34551e-07
-8.15414e-07
-8.07582e-07
-8.16242e-07
-8.32966e-07
-8.45363e-07
-8.48257e-07
-8.45796e-07
-8.43955e-07
-8.47251e-07
-8.5585e-07
-8.67722e-07
-8.80767e-07
-8.93965e-07
-9.0739e-07
-9.21654e-07
-9.37366e-07
-9.54913e-07
-9.74395e-07
-9.9569e-07
-1.01858e-06
-1.04282e-06
-1.0682e-06
-1.09455e-06
-1.12173e-06
-1.14947e-06
-1.17737e-06
-1.20495e-06
-1.23225e-06
-1.25993e-06
)
;

boundaryField
{
    fixedWalls
    {
        type            calculated;
        value           uniform 0;
    }
    inflowWall
    {
        type            calculated;
        value           nonuniform List<scalar> 10(-5e-05 -5e-05 -5e-05 -5e-05 -5e-05 -5e-05 -5e-05 -5e-05 -5e-05 -5e-05);
    }
    outflowWall
    {
        type            calculated;
        value           nonuniform List<scalar> 
20
(
1.18419e-05
2.58711e-05
3.49821e-05
4.20276e-05
4.72069e-05
5.01017e-05
5.06058e-05
4.91846e-05
4.65501e-05
4.28884e-05
3.75612e-05
2.9934e-05
2.06841e-05
1.20271e-05
5.53756e-06
1.14443e-06
-1.5195e-06
-2.72102e-06
-2.61992e-06
-1.28812e-06
)
;
    }
    frontAndBack
    {
        type            empty;
        value           nonuniform List<scalar> 0();
    }
}


// ************************************************************************* //
