/*--------------------------------*- C++ -*----------------------------------*\
| =========                 |                                                 |
| \\      /  F ield         | OpenFOAM: The Open Source CFD Toolbox           |
|  \\    /   O peration     | Version:  2306                                  |
|   \\  /    A nd           | Website:  www.openfoam.com                      |
|    \\/     M anipulation  |                                                 |
\*---------------------------------------------------------------------------*/
FoamFile
{
    version     2.0;
    format      ascii;
    arch        "LSB;label=32;scalar=64";
    class       surfaceScalarField;
    location    "4.77";
    object      phi;
}
// * * * * * * * * * * * * * * * * * * * * * * * * * * * * * * * * * * * * * //

dimensions      [0 3 -1 0 0 0 0];

oriented        oriented;

internalField   nonuniform List<scalar> 
3680
(
4.93469e-05
6.53099e-07
4.79741e-05
1.37282e-06
4.66976e-05
1.27651e-06
4.52604e-05
1.43716e-06
4.41221e-05
1.13829e-06
4.27182e-05
1.40397e-06
4.17336e-05
9.84522e-07
4.04318e-05
1.30184e-06
3.97988e-05
6.33008e-07
9.87822e-07
3.8811e-05
5.03392e-05
3.13875e-07
5.08677e-05
8.44294e-07
5.1132e-05
1.01226e-06
5.14649e-05
1.10425e-06
5.15923e-05
1.0109e-06
5.1975e-05
1.02124e-06
5.206e-05
8.99593e-07
5.25108e-05
8.51019e-07
5.25047e-05
6.39115e-07
4.33321e-07
5.30592e-05
5.01633e-05
1.50596e-07
5.05553e-05
4.52256e-07
5.09758e-05
5.91783e-07
5.14193e-05
6.60738e-07
5.18163e-05
6.13903e-07
5.22672e-05
5.70366e-07
5.26941e-05
4.72624e-07
5.3163e-05
3.82123e-07
5.35798e-05
2.22382e-07
1.40785e-08
5.3999e-05
5.00932e-05
5.73782e-08
5.03763e-05
1.69144e-07
5.07339e-05
2.34167e-07
5.11459e-05
2.48769e-07
5.15494e-05
2.10405e-07
5.19718e-05
1.47997e-07
5.23827e-05
6.16726e-08
5.28111e-05
-4.62801e-08
5.32212e-05
-1.87703e-07
-3.57013e-07
5.35923e-05
5.00738e-05
-1.64111e-08
5.02912e-05
-4.8295e-08
5.0611e-05
-8.56222e-08
5.09886e-05
-1.28805e-07
5.13801e-05
-1.81062e-07
5.1774e-05
-2.45952e-07
5.21647e-05
-3.2905e-07
5.2551e-05
-4.32518e-07
5.29205e-05
-5.57282e-07
-7.02919e-07
5.32665e-05
5.00732e-05
-8.95757e-08
5.02829e-05
-2.58038e-07
5.05977e-05
-4.00436e-07
5.09652e-05
-4.96263e-07
5.13442e-05
-5.60126e-07
5.17214e-05
-6.231e-07
5.20911e-05
-6.98808e-07
5.24521e-05
-7.93507e-07
5.28017e-05
-9.06816e-07
-1.03446e-06
5.31332e-05
5.00942e-05
-1.83774e-07
5.03556e-05
-5.19404e-07
5.06982e-05
-7.43081e-07
5.10681e-05
-8.66197e-07
5.14405e-05
-9.32492e-07
5.18043e-05
-9.86871e-07
5.2161e-05
-1.0555e-06
5.25123e-05
-1.1448e-06
5.2853e-05
-1.2476e-06
-1.35575e-06
5.31743e-05
5.01665e-05
-3.5025e-07
5.0518e-05
-8.70952e-07
5.09208e-05
-1.14585e-06
5.12996e-05
-1.24498e-06
5.16484e-05
-1.28132e-06
5.19858e-05
-1.32425e-06
5.23196e-05
-1.38936e-06
5.2641e-05
-1.46618e-06
5.29361e-05
-1.5427e-06
-1.61345e-06
5.31938e-05
5.03676e-05
-7.17866e-07
5.08004e-05
-1.30375e-06
5.10991e-05
-1.44457e-06
5.12767e-05
-1.42251e-06
5.14053e-05
-1.40993e-06
5.1504e-05
-1.42302e-06
5.15555e-05
-1.44086e-06
5.15431e-05
-1.45377e-06
5.14585e-05
-1.45809e-06
-1.45718e-06
5.13022e-05
4.92821e-05
4.79784e-05
4.65338e-05
4.51113e-05
4.37014e-05
4.22784e-05
4.08375e-05
3.93837e-05
3.79256e-05
3.64685e-05
1.43979e-08
-1.43979e-08
1.09332e-08
3.4648e-09
-7.63019e-09
1.85634e-08
-3.5931e-08
2.83008e-08
-7.12012e-08
3.52703e-08
-1.12132e-07
4.09311e-08
-1.58314e-07
4.61817e-08
-2.09485e-07
5.11711e-08
-2.65352e-07
5.58669e-08
-3.25583e-07
6.02306e-08
-3.89817e-07
6.42346e-08
-4.57684e-07
6.78669e-08
-5.28813e-07
7.11285e-08
-6.02841e-07
7.40286e-08
-6.79424e-07
7.65826e-08
-7.58234e-07
7.88106e-08
-8.38971e-07
8.07366e-08
-9.21357e-07
8.23863e-08
-1.00515e-06
8.37881e-08
-1.09013e-06
8.49815e-08
-1.17614e-06
8.60161e-08
-1.26309e-06
8.6949e-08
-1.35093e-06
8.78421e-08
-1.4397e-06
8.87612e-08
-1.52947e-06
8.97767e-08
-1.62044e-06
9.09658e-08
-1.71285e-06
9.24109e-08
-1.80704e-06
9.41919e-08
-1.90342e-06
9.63813e-08
-2.00247e-06
9.90432e-08
-2.10469e-06
1.02229e-07
-2.21068e-06
1.05983e-07
-2.32104e-06
1.10364e-07
-2.43654e-06
1.15498e-07
-2.55816e-06
1.21617e-07
-2.68723e-06
1.29071e-07
-2.82558e-06
1.38357e-07
-2.97574e-06
1.50155e-07
-3.14106e-06
1.65316e-07
-3.32588e-06
1.84827e-07
-3.53558e-06
2.09695e-07
-3.77629e-06
2.4071e-07
-4.05438e-06
2.7809e-07
-4.37549e-06
3.21112e-07
-4.74322e-06
3.67726e-07
-5.15769e-06
4.14469e-07
-5.61466e-06
4.56977e-07
-6.10524e-06
4.90581e-07
-6.61575e-06
5.10504e-07
-7.12825e-06
5.12505e-07
-7.62232e-06
4.94068e-07
-8.07685e-06
4.54526e-07
-8.4711e-06
3.94253e-07
-8.78718e-06
3.16081e-07
-9.00949e-06
2.22306e-07
-9.12614e-06
1.16652e-07
-9.12254e-06
-3.59823e-09
-9.00441e-06
-1.18129e-07
-8.76743e-06
-2.36979e-07
-8.41314e-06
-3.54291e-07
-7.94579e-06
-4.67347e-07
-7.37411e-06
-5.71687e-07
-6.70725e-06
-6.66857e-07
-5.95627e-06
-7.50976e-07
-5.13341e-06
-8.22867e-07
-4.25123e-06
-8.82174e-07
-3.32376e-06
-9.2747e-07
-2.36406e-06
-9.59701e-07
-1.38712e-06
-9.76939e-07
-4.03037e-07
-9.84087e-07
5.74963e-07
-9.77999e-07
1.53934e-06
-9.64379e-07
2.47783e-06
-9.38486e-07
3.38651e-06
-9.08686e-07
4.25456e-06
-8.68049e-07
5.08233e-06
-8.27766e-07
5.86043e-06
-7.78097e-07
6.59375e-06
-7.33323e-07
7.27377e-06
-6.80025e-07
7.90974e-06
-6.35966e-07
8.4934e-06
-5.83659e-07
9.03835e-06
-5.44946e-07
9.53589e-06
-4.97541e-07
1.00042e-05
-4.68287e-07
1.04327e-05
-4.28508e-07
1.08442e-05
-4.11536e-07
1.12273e-05
-3.83109e-07
1.161e-05
-3.82689e-07
1.19779e-05
-3.6786e-07
-3.99412e-07
-1.08394e-08
-3.55859e-09
-6.44576e-08
5.7083e-08
-1.48016e-07
1.02121e-07
-2.53498e-07
1.33783e-07
-3.76032e-07
1.57804e-07
-5.13246e-07
1.78145e-07
-6.63481e-07
1.96417e-07
-8.25262e-07
2.12952e-07
-9.97193e-07
2.27798e-07
-1.17794e-06
2.40974e-07
-1.36621e-06
2.52512e-07
-1.56082e-06
2.6247e-07
-1.76062e-06
2.70932e-07
-1.9646e-06
2.78008e-07
-2.17185e-06
2.83828e-07
-2.38157e-06
2.88532e-07
-2.5931e-06
2.9227e-07
-2.80591e-06
2.95196e-07
-3.01959e-06
2.97471e-07
-3.23389e-06
2.99278e-07
-3.4487e-06
3.00824e-07
-3.66407e-06
3.02326e-07
-3.88024e-06
3.04009e-07
-4.09758e-06
3.06099e-07
-4.31663e-06
3.08825e-07
-4.53809e-06
3.12427e-07
-4.76283e-06
3.17149e-07
-4.99185e-06
3.23219e-07
-5.22631e-06
3.30839e-07
-5.46745e-06
3.40181e-07
-5.7166e-06
3.51382e-07
-5.97516e-06
3.64541e-07
-6.24455e-06
3.79751e-07
-6.52621e-06
3.97164e-07
-6.82164e-06
4.17044e-07
-7.1323e-06
4.39728e-07
-7.45951e-06
4.6557e-07
-7.80433e-06
4.94978e-07
-8.16732e-06
5.28309e-07
-8.54828e-06
5.65785e-07
-8.94593e-06
6.07342e-07
-9.3576e-06
6.52386e-07
-9.77886e-06
6.99345e-07
-1.02031e-05
7.45331e-07
-1.06213e-05
7.85984e-07
-1.10224e-05
8.1549e-07
-1.13929e-05
8.2751e-07
-1.1719e-05
8.16682e-07
-1.19865e-05
7.77969e-07
-1.21806e-05
7.06666e-07
-1.22875e-05
6.00989e-07
-1.22953e-05
4.62334e-07
-1.21938e-05
2.92726e-07
-1.19703e-05
9.25635e-08
-1.16249e-05
-1.23094e-07
-1.11595e-05
-3.48764e-07
-1.05752e-05
-5.8786e-07
-9.8646e-06
-8.28755e-07
-9.03422e-06
-1.06735e-06
-8.09196e-06
-1.29655e-06
-7.04467e-06
-1.51463e-06
-5.90335e-06
-1.71301e-06
-4.67931e-06
-1.89089e-06
-3.38421e-06
-2.04608e-06
-2.03142e-06
-2.17566e-06
-6.35261e-07
-2.27833e-06
7.91093e-07
-2.35382e-06
2.23423e-06
-2.40283e-06
3.68404e-06
-2.42675e-06
5.12809e-06
-2.42813e-06
6.55531e-06
-2.40522e-06
7.95664e-06
-2.3657e-06
9.32288e-06
-2.30473e-06
1.06481e-05
-2.23394e-06
1.19255e-05
-2.14537e-06
1.31521e-05
-2.05437e-06
1.43233e-05
-1.94933e-06
1.54392e-05
-1.84923e-06
1.64974e-05
-1.73818e-06
1.75005e-05
-1.63908e-06
1.84479e-05
-1.53108e-06
1.93447e-05
-1.44176e-06
2.01916e-05
-1.34441e-06
2.09957e-05
-1.27243e-06
2.1759e-05
-1.19183e-06
2.24915e-05
-1.14398e-06
2.3194e-05
-1.08566e-06
2.38809e-05
-1.06952e-06
2.45511e-05
-1.03811e-06
-1.0547e-06
-5.00949e-08
4.65364e-08
-1.86682e-07
1.9367e-07
-3.69301e-07
2.8474e-07
-5.79094e-07
3.43576e-07
-8.07166e-07
3.85876e-07
-1.05103e-06
4.22013e-07
-1.30908e-06
4.54464e-07
-1.57875e-06
4.82623e-07
-1.85743e-06
5.06472e-07
-2.14267e-06
5.26218e-07
-2.43229e-06
5.42127e-07
-2.72433e-06
5.54518e-07
-3.01717e-06
5.63765e-07
-3.30942e-06
5.70256e-07
-3.59997e-06
5.74384e-07
-3.88797e-06
5.76533e-07
-4.17277e-06
5.77073e-07
-4.45395e-06
5.76369e-07
-4.7312e-06
5.74722e-07
-5.00442e-06
5.72494e-07
-5.27365e-06
5.70062e-07
-5.53911e-06
5.67784e-07
-5.8011e-06
5.65997e-07
-6.06001e-06
5.65013e-07
-6.3163e-06
5.65114e-07
-6.57045e-06
5.66571e-07
-6.82294e-06
5.69639e-07
-7.07424e-06
5.74523e-07
-7.32474e-06
5.81338e-07
-7.57469e-06
5.9013e-07
-7.82417e-06
6.00859e-07
-8.07302e-06
6.13396e-07
-8.32081e-06
6.27534e-07
-8.56669e-06
6.43049e-07
-8.80954e-06
6.5989e-07
-9.04788e-06
6.7807e-07
-9.27964e-06
6.9733e-07
-9.50214e-06
7.17474e-07
-9.71196e-06
7.38133e-07
-9.90485e-06
7.58674e-07
-1.00756e-05
7.78082e-07
-1.02183e-05
7.95067e-07
-1.03258e-05
8.06913e-07
-1.03905e-05
8.09953e-07
-1.0404e-05
7.99478e-07
-1.03578e-05
7.6938e-07
-1.0243e-05
7.12679e-07
-1.00516e-05
6.25262e-07
-9.77788e-06
5.04253e-07
-9.41715e-06
3.45936e-07
-8.9633e-06
1.47148e-07
-8.41397e-06
-8.70033e-08
-7.77197e-06
-3.49273e-07
-7.03873e-06
-6.40677e-07
-6.20729e-06
-9.5453e-07
-5.27804e-06
-1.27801e-06
-4.2575e-06
-1.6084e-06
-3.15171e-06
-1.93455e-06
-1.96468e-06
-2.25438e-06
-7.03861e-07
-2.55737e-06
6.22153e-07
-2.84065e-06
2.00231e-06
-3.09316e-06
3.4319e-06
-3.32048e-06
4.8965e-06
-3.51069e-06
6.3895e-06
-3.66866e-06
7.89732e-06
-3.78615e-06
9.41303e-06
-3.86954e-06
1.09238e-05
-3.91362e-06
1.24213e-05
-3.92426e-06
1.38946e-05
-3.90141e-06
1.53376e-05
-3.84817e-06
1.67409e-05
-3.76906e-06
1.8101e-05
-3.66482e-06
1.9411e-05
-3.54393e-06
2.06696e-05
-3.404e-06
2.18725e-05
-3.25725e-06
2.30205e-05
-3.09736e-06
2.41116e-05
-2.94025e-06
2.51483e-05
-2.77493e-06
2.61306e-05
-2.62139e-06
2.70626e-05
-2.46308e-06
2.79458e-05
-2.32495e-06
2.87852e-05
-2.18386e-06
2.95841e-05
-2.07127e-06
3.0348e-05
-1.95573e-06
3.10814e-05
-1.87742e-06
3.17902e-05
-1.79445e-06
3.24791e-05
-1.75842e-06
3.31539e-05
-1.71285e-06
-1.73014e-06
-1.38412e-07
1.84948e-07
-3.92734e-07
4.47992e-07
-6.86567e-07
5.78573e-07
-9.97762e-07
6.54771e-07
-1.3241e-06
7.12216e-07
-1.66277e-06
7.60679e-07
-2.00872e-06
8.00417e-07
-2.35722e-06
8.31122e-07
-2.70424e-06
8.53494e-07
-3.04675e-06
8.68725e-07
-3.38227e-06
8.77651e-07
-3.70892e-06
8.81163e-07
-4.02533e-06
8.80182e-07
-4.33059e-06
8.75511e-07
-4.62407e-06
8.67869e-07
-4.90544e-06
8.57901e-07
-5.17454e-06
8.46172e-07
-5.43134e-06
8.33168e-07
-5.67594e-06
8.19325e-07
-5.90852e-06
8.05075e-07
-6.12929e-06
7.90824e-07
-6.33844e-06
7.7694e-07
-6.53619e-06
7.63741e-07
-6.72266e-06
7.51484e-07
-6.8979e-06
7.40356e-07
-7.06183e-06
7.30502e-07
-7.21425e-06
7.22059e-07
-7.35483e-06
7.15106e-07
-7.48304e-06
7.09551e-07
-7.59813e-06
7.05215e-07
-7.69908e-06
7.01811e-07
-7.78462e-06
6.9894e-07
-7.85317e-06
6.96083e-07
-7.90276e-06
6.9264e-07
-7.93103e-06
6.88156e-07
-7.93539e-06
6.82433e-07
-7.91278e-06
6.74716e-07
-7.85964e-06
6.6433e-07
-7.7719e-06
6.50394e-07
-7.64499e-06
6.31765e-07
-7.47373e-06
6.06826e-07
-7.25215e-06
5.73481e-07
-6.97486e-06
5.29625e-07
-6.63666e-06
4.71752e-07
-6.23235e-06
3.95173e-07
-5.75814e-06
2.95163e-07
-5.20965e-06
1.64194e-07
-4.58146e-06
-2.93013e-09
-3.88021e-06
-1.96994e-07
-3.10266e-06
-4.31611e-07
-2.25042e-06
-7.05098e-07
-1.32472e-06
-1.0127e-06
-3.23395e-07
-1.3506e-06
7.48805e-07
-1.71288e-06
1.88702e-06
-2.09275e-06
3.08833e-06
-2.47932e-06
4.35021e-06
-2.87029e-06
5.66737e-06
-3.2517e-06
7.03583e-06
-3.62284e-06
8.44715e-06
-3.9687e-06
9.89741e-06
-4.29091e-06
1.13774e-05
-4.5732e-06
1.28796e-05
-4.82262e-06
1.43934e-05
-5.02452e-06
1.59117e-05
-5.18689e-06
1.74233e-05
-5.29775e-06
1.8921e-05
-5.36731e-06
2.03944e-05
-5.38702e-06
2.18377e-05
-5.36751e-06
2.32409e-05
-5.30464e-06
2.46011e-05
-5.20833e-06
2.59099e-05
-5.0779e-06
2.7167e-05
-4.92188e-06
2.8366e-05
-4.743e-06
2.95091e-05
-4.54708e-06
3.05919e-05
-4.34007e-06
3.16186e-05
-4.124e-06
3.25865e-05
-3.90815e-06
3.35013e-05
-3.68977e-06
3.43619e-05
-3.48199e-06
3.51752e-05
-3.27632e-06
3.59408e-05
-3.09064e-06
3.66668e-05
-2.9098e-06
3.73533e-05
-2.75777e-06
3.8009e-05
-2.61143e-06
3.86341e-05
-2.50255e-06
3.92383e-05
-2.39858e-06
3.98212e-05
-2.34138e-06
4.03961e-05
-2.28774e-06
-2.29467e-06
-1.95579e-07
3.80527e-07
-5.6652e-07
8.18933e-07
-9.84954e-07
9.97007e-07
-1.41268e-06
1.0825e-06
-1.83345e-06
1.13299e-06
-2.23856e-06
1.16579e-06
-2.62427e-06
1.18613e-06
-2.98949e-06
1.19634e-06
-3.33246e-06
1.19646e-06
-3.65172e-06
1.18799e-06
-3.94665e-06
1.17258e-06
-4.21715e-06
1.15167e-06
-4.46353e-06
1.12656e-06
-4.68635e-06
1.09834e-06
-4.88637e-06
1.06789e-06
-5.06441e-06
1.03594e-06
-5.22133e-06
1.00309e-06
-5.35792e-06
9.69761e-07
-5.4749e-06
9.36306e-07
-5.57291e-06
9.03085e-07
-5.65249e-06
8.70403e-07
-5.71404e-06
8.38494e-07
-5.75783e-06
8.07529e-07
-5.78395e-06
7.77602e-07
-5.79228e-06
7.48691e-07
-5.7825e-06
7.20715e-07
-5.75405e-06
6.93608e-07
-5.70628e-06
6.67335e-07
-5.63828e-06
6.41556e-07
-5.54892e-06
6.15858e-07
-5.43684e-06
5.89729e-07
-5.30043e-06
5.62531e-07
-5.13785e-06
5.335e-07
-4.94696e-06
5.01754e-07
-4.72502e-06
4.66217e-07
-4.46961e-06
4.27023e-07
-4.17778e-06
3.82879e-07
-3.84617e-06
3.32724e-07
-3.47108e-06
2.75307e-07
-3.04845e-06
2.09132e-07
-2.57384e-06
1.32216e-07
-2.04181e-06
4.14488e-08
-1.44994e-06
-6.22393e-08
-7.95362e-07
-1.8283e-07
-7.48959e-08
-3.25292e-07
7.15164e-07
-4.94897e-07
1.57364e-06
-6.94284e-07
2.49636e-06
-9.25643e-07
3.48982e-06
-1.19046e-06
4.54841e-06
-1.49019e-06
5.66866e-06
-1.82535e-06
6.84638e-06
-2.19043e-06
8.07892e-06
-2.58313e-06
9.36049e-06
-2.99445e-06
1.06892e-05
-3.42146e-06
1.20602e-05
-3.85028e-06
1.34695e-05
-4.27961e-06
1.49111e-05
-4.6933e-06
1.63796e-05
-5.0914e-06
1.78674e-05
-5.45642e-06
1.93675e-05
-5.79101e-06
2.08718e-05
-6.07759e-06
2.23718e-05
-6.32261e-06
2.38582e-05
-6.51087e-06
2.53232e-05
-6.65188e-06
2.6758e-05
-6.73256e-06
2.81563e-05
-6.76559e-06
2.95101e-05
-6.74084e-06
3.08157e-05
-6.67316e-06
3.20664e-05
-6.55527e-06
3.32612e-05
-6.40312e-06
3.43949e-05
-6.21165e-06
3.54697e-05
-5.99664e-06
3.64816e-05
-5.75493e-06
3.74353e-05
-5.50079e-06
3.83279e-05
-5.23267e-06
3.91661e-05
-4.9622e-06
3.99474e-05
-4.68949e-06
4.06803e-05
-4.42268e-06
4.13623e-05
-4.16395e-06
4.20032e-05
-3.91724e-06
4.26001e-05
-3.68751e-06
4.31642e-05
-3.47386e-06
4.36914e-05
-3.28502e-06
4.41945e-05
-3.11449e-06
4.46679e-05
-2.97604e-06
4.51261e-05
-2.85672e-06
4.55618e-05
-2.77711e-06
4.59909e-05
-2.71679e-06
-2.71041e-06
-4.22222e-07
8.0275e-07
-9.62731e-07
1.35944e-06
-1.45605e-06
1.49033e-06
-1.89031e-06
1.51675e-06
-2.28696e-06
1.52965e-06
-2.65115e-06
1.52998e-06
-2.97827e-06
1.51324e-06
-3.26232e-06
1.48039e-06
-3.49989e-06
1.43403e-06
-3.69316e-06
1.38126e-06
-3.84517e-06
1.32459e-06
-3.95897e-06
1.26546e-06
-4.03749e-06
1.20508e-06
-4.08355e-06
1.14439e-06
-4.09969e-06
1.08403e-06
-4.08823e-06
1.02448e-06
-4.05121e-06
9.66067e-07
-3.99038e-06
9.08934e-07
-3.90716e-06
8.53089e-07
-3.80273e-06
7.98657e-07
-3.67803e-06
7.45695e-07
-3.53371e-06
6.94175e-07
-3.37017e-06
6.4399e-07
-3.18755e-06
5.94979e-07
-2.98567e-06
5.46811e-07
-2.76405e-06
4.99098e-07
-2.52193e-06
4.5149e-07
-2.25857e-06
4.0397e-07
-1.97274e-06
3.55731e-07
-1.66307e-06
3.06189e-07
-1.32802e-06
2.54675e-07
-9.65824e-07
2.00336e-07
-5.7447e-07
1.42146e-07
-1.51526e-07
7.881e-08
3.06728e-07
7.96342e-09
7.99934e-07
-6.61836e-08
1.332e-06
-1.49187e-07
1.90624e-06
-2.41519e-07
2.52584e-06
-3.44292e-07
3.19412e-06
-4.59144e-07
3.91418e-06
-5.87842e-07
4.68786e-06
-7.32236e-07
5.51974e-06
-8.94121e-07
6.41334e-06
-1.07643e-06
7.36982e-06
-1.28178e-06
8.38885e-06
-1.51392e-06
9.46982e-06
-1.77525e-06
1.0611e-05
-2.06685e-06
1.18107e-05
-2.39012e-06
1.30642e-05
-2.74373e-06
1.43671e-05
-3.12821e-06
1.5714e-05
-3.53737e-06
1.71001e-05
-3.9692e-06
1.8519e-05
-4.41335e-06
1.99647e-05
-4.86714e-06
2.14311e-05
-5.31669e-06
2.29108e-05
-5.75937e-06
2.43967e-05
-6.17916e-06
2.58801e-05
-6.57482e-06
2.7353e-05
-6.92935e-06
2.88064e-05
-7.24437e-06
3.02322e-05
-7.50338e-06
3.16217e-05
-7.71206e-06
3.29672e-05
-7.85644e-06
3.42624e-05
-7.94701e-06
3.55015e-05
-7.97169e-06
3.66808e-05
-7.94495e-06
3.77967e-05
-7.85667e-06
3.88481e-05
-7.72463e-06
3.98331e-05
-7.54026e-06
4.07536e-05
-7.32362e-06
4.16089e-05
-7.0669e-06
4.24033e-05
-6.79109e-06
4.31369e-05
-6.48847e-06
4.38159e-05
-6.17978e-06
4.44401e-05
-5.85691e-06
4.50174e-05
-5.53948e-06
4.55468e-05
-5.21895e-06
4.60374e-05
-4.91327e-06
4.64872e-05
-4.61367e-06
4.6906e-05
-4.3361e-06
4.72905e-05
-4.07205e-06
4.76519e-05
-3.8352e-06
4.79848e-05
-3.61789e-06
4.83016e-05
-3.43132e-06
4.8595e-05
-3.26949e-06
4.8879e-05
-3.14071e-06
4.91436e-05
-3.04168e-06
4.94042e-05
-2.97742e-06
-2.95432e-06
-2.66874e-07
1.06962e-06
-8.62506e-07
1.95507e-06
-1.48244e-06
2.11026e-06
-2.00119e-06
2.03551e-06
-2.39158e-06
1.92003e-06
-2.65649e-06
1.79489e-06
-2.81379e-06
1.67053e-06
-2.8838e-06
1.5504e-06
-2.88395e-06
1.43418e-06
-2.82532e-06
1.32262e-06
-2.71628e-06
1.21556e-06
-2.56351e-06
1.11268e-06
-2.37274e-06
1.01432e-06
-2.14893e-06
9.20577e-07
-1.89621e-06
8.31314e-07
-1.61805e-06
7.46316e-07
-1.31737e-06
6.65384e-07
-9.9647e-07
5.88038e-07
-6.57104e-07
5.13723e-07
-3.00755e-07
4.42308e-07
7.15243e-08
3.73416e-07
4.59071e-07
3.06628e-07
8.6155e-07
2.41511e-07
1.27901e-06
1.77518e-07
1.71202e-06
1.13798e-07
2.16165e-06
4.94736e-08
2.62917e-06
-1.60297e-08
3.11446e-06
-8.1321e-08
3.61976e-06
-1.49572e-07
4.1469e-06
-2.20953e-07
4.69779e-06
-2.9621e-07
5.27451e-06
-3.76386e-07
5.87921e-06
-4.62551e-07
6.51392e-06
-5.55904e-07
7.17923e-06
-6.57341e-07
7.88065e-06
-7.67605e-07
8.61975e-06
-8.88287e-07
9.39914e-06
-1.02091e-06
1.02215e-05
-1.16663e-06
1.10894e-05
-1.32705e-06
1.20051e-05
-1.5036e-06
1.29711e-05
-1.69822e-06
1.39894e-05
-1.91244e-06
1.50613e-05
-2.1483e-06
1.61872e-05
-2.40768e-06
1.73659e-05
-2.69257e-06
1.85952e-05
-3.0046e-06
1.98722e-05
-3.34382e-06
2.11925e-05
-3.71048e-06
2.25511e-05
-4.10223e-06
2.39407e-05
-4.51789e-06
2.53549e-05
-4.95149e-06
2.67849e-05
-5.39921e-06
2.82229e-05
-5.85139e-06
2.96592e-05
-6.30344e-06
3.10856e-05
-6.74305e-06
3.24917e-05
-7.16552e-06
3.38694e-05
-7.55681e-06
3.52082e-05
-7.91369e-06
3.65007e-05
-8.22184e-06
3.77381e-05
-8.48176e-06
3.89144e-05
-8.67967e-06
4.0023e-05
-8.82065e-06
4.10601e-05
-8.8935e-06
4.20227e-05
-8.90963e-06
4.29105e-05
-8.85954e-06
4.37242e-05
-8.75859e-06
4.44652e-05
-8.59773e-06
4.5137e-05
-8.39635e-06
4.57424e-05
-8.14569e-06
4.62868e-05
-7.86809e-06
4.67739e-05
-7.55395e-06
4.72101e-05
-7.22732e-06
4.75987e-05
-6.877e-06
4.79467e-05
-6.52779e-06
4.82562e-05
-6.16641e-06
4.85346e-05
-5.81787e-06
4.87824e-05
-5.46674e-06
4.90071e-05
-5.138e-06
4.92076e-05
-4.81417e-06
4.93917e-05
-4.52019e-06
4.95564e-05
-4.23677e-06
4.97101e-05
-3.98885e-06
4.98478e-05
-3.75568e-06
4.99788e-05
-3.56231e-06
5.00963e-05
-3.38692e-06
5.02103e-05
-3.2547e-06
5.03117e-05
-3.14311e-06
5.04115e-05
-3.07718e-06
-3.03761e-06
-1.49419e-06
2.56381e-06
-1.94504e-06
2.40593e-06
-2.11044e-06
2.27566e-06
-2.12713e-06
2.0522e-06
-2.01491e-06
1.80781e-06
-1.79769e-06
1.57767e-06
-1.49471e-06
1.36756e-06
-1.12045e-06
1.17614e-06
-6.87547e-07
1.00128e-06
-2.08378e-07
8.43452e-07
3.07802e-07
6.99378e-07
8.53212e-07
5.67275e-07
1.4211e-06
4.46429e-07
2.00639e-06
3.35287e-07
2.6052e-06
2.32508e-07
3.21434e-06
1.37173e-07
3.83087e-06
4.8851e-08
4.45376e-06
-3.48433e-08
5.08285e-06
-1.15368e-07
5.7164e-06
-1.91245e-07
6.35402e-06
-2.64208e-07
6.99591e-06
-3.35253e-07
7.64234e-06
-4.04926e-07
8.29356e-06
-4.73701e-07
8.95127e-06
-5.43911e-07
9.61655e-06
-6.15802e-07
1.02905e-05
-6.89948e-07
1.09762e-05
-7.67093e-07
1.16752e-05
-8.48518e-07
1.23895e-05
-9.35244e-07
1.31214e-05
-1.02812e-06
1.38732e-05
-1.12823e-06
1.46472e-05
-1.23655e-06
1.54456e-05
-1.35424e-06
1.62706e-05
-1.48233e-06
1.71249e-05
-1.62193e-06
1.80106e-05
-1.77396e-06
1.89296e-05
-1.93992e-06
1.98837e-05
-2.1208e-06
2.08748e-05
-2.31812e-06
2.1904e-05
-2.53279e-06
2.29722e-05
-2.76644e-06
2.40797e-05
-3.01994e-06
2.52261e-05
-3.29472e-06
2.64098e-05
-3.59134e-06
2.7628e-05
-3.91079e-06
2.88765e-05
-4.25305e-06
3.01503e-05
-4.61768e-06
3.14429e-05
-5.00302e-06
3.2747e-05
-5.4064e-06
3.40537e-05
-5.8246e-06
3.53547e-05
-6.25243e-06
3.66386e-05
-6.68309e-06
3.78962e-05
-7.109e-06
3.91162e-05
-7.52348e-06
4.02899e-05
-7.91672e-06
4.14066e-05
-8.28221e-06
4.24591e-05
-8.60934e-06
4.3439e-05
-8.89362e-06
4.43421e-05
-9.1249e-06
4.51629e-05
-9.30252e-06
4.59007e-05
-9.4175e-06
4.65541e-05
-9.47407e-06
4.71249e-05
-9.46431e-06
4.76153e-05
-9.4e-06
4.80315e-05
-9.27573e-06
4.83786e-05
-9.10573e-06
4.86637e-05
-8.88282e-06
4.88935e-05
-8.62619e-06
4.90752e-05
-8.32733e-06
4.92161e-05
-8.00898e-06
4.93221e-05
-7.65999e-06
4.94005e-05
-7.30574e-06
4.94553e-05
-6.93173e-06
4.94929e-05
-6.56544e-06
4.95151e-05
-6.18864e-06
4.9528e-05
-5.83074e-06
4.9531e-05
-5.46969e-06
4.95298e-05
-5.13683e-06
4.9522e-05
-4.80634e-06
4.95133e-05
-4.51156e-06
4.94996e-05
-4.22303e-06
4.9487e-05
-3.97622e-06
4.94695e-05
-3.73822e-06
4.9454e-05
-3.54681e-06
4.94329e-05
-3.36583e-06
4.94137e-05
-3.23548e-06
4.93873e-05
-3.11672e-06
4.93625e-05
-3.05235e-06
-2.99686e-06
-8.95203e-07
3.45901e-06
-7.42088e-07
2.25282e-06
-2.52967e-07
1.78654e-06
4.57489e-07
1.34174e-06
1.32408e-06
9.4122e-07
2.28072e-06
6.21027e-07
3.28105e-06
3.6723e-07
4.29765e-06
1.59537e-07
5.31678e-06
-1.78478e-08
6.32316e-06
-1.62926e-07
7.31891e-06
-2.96365e-07
8.30183e-06
-4.15646e-07
9.26749e-06
-5.19237e-07
1.02151e-05
-6.12352e-07
1.11446e-05
-6.96922e-07
1.20559e-05
-7.74196e-07
1.29501e-05
-8.45359e-07
1.38272e-05
-9.11933e-07
1.4687e-05
-9.75169e-07
1.55314e-05
-1.03566e-06
1.63618e-05
-1.09454e-06
1.71795e-05
-1.15297e-06
1.79861e-05
-1.21157e-06
1.87843e-05
-1.27187e-06
1.95758e-05
-1.33537e-06
2.03627e-05
-1.40276e-06
2.11477e-05
-1.47492e-06
2.19333e-05
-1.55276e-06
2.2722e-05
-1.63721e-06
2.35162e-05
-1.72938e-06
2.43182e-05
-1.8302e-06
2.51306e-05
-1.94061e-06
2.59554e-05
-2.06137e-06
2.67947e-05
-2.19353e-06
2.76503e-05
-2.3379e-06
2.85239e-05
-2.49552e-06
2.94169e-05
-2.66701e-06
3.03305e-05
-2.85348e-06
3.12653e-05
-3.05556e-06
3.22215e-05
-3.27432e-06
3.31988e-05
-3.51017e-06
3.41965e-05
-3.76406e-06
3.5213e-05
-4.03649e-06
3.62461e-05
-4.3278e-06
3.7292e-05
-4.63723e-06
3.83462e-05
-4.96498e-06
3.94027e-05
-5.30963e-06
4.04551e-05
-5.67002e-06
4.14952e-05
-6.04309e-06
4.25147e-05
-6.42595e-06
4.35038e-05
-6.81372e-06
4.44529e-05
-7.20153e-06
4.53523e-05
-7.58248e-06
4.61935e-05
-7.9502e-06
4.69673e-05
-8.29726e-06
4.76673e-05
-8.61669e-06
4.82866e-05
-8.90155e-06
4.88225e-05
-9.14527e-06
4.92718e-05
-9.34292e-06
4.96361e-05
-9.48916e-06
4.99159e-05
-9.58232e-06
5.0117e-05
-9.61859e-06
5.02434e-05
-9.6005e-06
5.03046e-05
-9.52554e-06
5.03066e-05
-9.40195e-06
5.026e-05
-9.22913e-06
5.01721e-05
-9.01781e-06
5.00531e-05
-8.76386e-06
4.99097e-05
-8.48276e-06
4.97501e-05
-8.1678e-06
4.95797e-05
-7.83857e-06
4.94041e-05
-7.48438e-06
4.92272e-05
-7.12883e-06
4.90518e-05
-6.75627e-06
4.88807e-05
-6.3944e-06
4.8714e-05
-6.02196e-06
4.85545e-05
-5.67121e-06
4.83997e-05
-5.31492e-06
4.82531e-05
-4.99021e-06
4.81102e-05
-4.66339e-06
4.79754e-05
-4.37682e-06
4.78423e-05
-4.08997e-06
4.7717e-05
-3.85087e-06
4.75907e-05
-3.61193e-06
4.74712e-05
-3.42732e-06
4.73475e-05
-3.2421e-06
4.7229e-05
-3.11698e-06
4.7102e-05
-2.98978e-06
4.69778e-05
-2.92815e-06
-2.85996e-06
3.65194e-06
-1.92923e-07
6.37418e-06
-4.69427e-07
8.78181e-06
-6.21097e-07
1.08992e-05
-7.75602e-07
1.27691e-05
-9.28773e-07
1.4456e-05
-1.06579e-06
1.60043e-05
-1.18111e-06
1.74314e-05
-1.26753e-06
1.87622e-05
-1.3487e-06
2.00199e-05
-1.42061e-06
2.12072e-05
-1.48364e-06
2.23311e-05
-1.53959e-06
2.3401e-05
-1.58909e-06
2.44218e-05
-1.63315e-06
2.53976e-05
-1.67279e-06
2.63323e-05
-1.7089e-06
2.72293e-05
-1.74234e-06
2.80914e-05
-1.77402e-06
2.89212e-05
-1.80501e-06
2.97219e-05
-1.83628e-06
3.04961e-05
-1.8688e-06
3.12467e-05
-1.90356e-06
3.19768e-05
-1.94163e-06
3.26891e-05
-1.98417e-06
3.3386e-05
-2.03229e-06
3.40702e-05
-2.08697e-06
3.47443e-05
-2.14905e-06
3.54109e-05
-2.21936e-06
3.60724e-05
-2.29866e-06
3.67309e-05
-2.38783e-06
3.73885e-05
-2.48785e-06
3.80472e-05
-2.5993e-06
3.87084e-05
-2.72256e-06
3.93733e-05
-2.8585e-06
4.00431e-05
-3.00766e-06
4.07182e-05
-3.17067e-06
4.13992e-05
-3.34794e-06
4.20857e-05
-3.54001e-06
4.27773e-05
-3.74716e-06
4.34728e-05
-3.96982e-06
4.41707e-05
-4.20803e-06
4.48686e-05
-4.46196e-06
4.55634e-05
-4.73126e-06
4.62511e-05
-5.01557e-06
4.69276e-05
-5.31373e-06
4.75874e-05
-5.62479e-06
4.82245e-05
-5.94675e-06
4.88322e-05
-6.27767e-06
4.94033e-05
-6.61421e-06
4.99305e-05
-6.95316e-06
5.04065e-05
-7.28967e-06
5.08243e-05
-7.61936e-06
5.1178e-05
-7.93617e-06
5.14628e-05
-8.23505e-06
5.16751e-05
-8.50951e-06
5.18132e-05
-8.75477e-06
5.18767e-05
-8.96505e-06
5.18684e-05
-9.13699e-06
5.17918e-05
-9.2663e-06
5.16537e-05
-9.35105e-06
5.14603e-05
-9.38892e-06
5.12213e-05
-9.37955e-06
5.09438e-05
-9.323e-06
5.06393e-05
-9.22108e-06
5.03145e-05
-9.07711e-06
4.99784e-05
-8.89307e-06
4.96354e-05
-8.67477e-06
4.92937e-05
-8.42219e-06
4.89548e-05
-8.14382e-06
4.86243e-05
-7.83738e-06
4.83011e-05
-7.51534e-06
4.79889e-05
-7.17219e-06
4.76851e-05
-6.825e-06
4.73921e-05
-6.46327e-06
4.71068e-05
-6.10914e-06
4.68305e-05
-5.74569e-06
4.65608e-05
-5.40147e-06
4.62978e-05
-5.05189e-06
4.60405e-05
-4.73293e-06
4.57877e-05
-4.41059e-06
4.55404e-05
-4.12952e-06
4.52951e-05
-3.84472e-06
4.50555e-05
-3.61121e-06
4.48148e-05
-3.37128e-06
4.45798e-05
-3.19224e-06
4.43395e-05
-3.00186e-06
4.41042e-05
-2.88166e-06
4.38575e-05
-2.74311e-06
4.36131e-05
-2.68372e-06
-2.60297e-06
3.86021e-05
1.5931e-08
3.85686e-05
-4.35945e-07
3.87055e-05
-7.57975e-07
3.89283e-05
-9.98374e-07
3.9199e-05
-1.19947e-06
3.95118e-05
-1.37858e-06
3.98678e-05
-1.53716e-06
4.02685e-05
-1.66824e-06
4.06936e-05
-1.77379e-06
4.11333e-05
-1.86028e-06
4.15805e-05
-1.93082e-06
4.20296e-05
-1.98869e-06
4.24766e-05
-2.03614e-06
4.29184e-05
-2.07492e-06
4.33523e-05
-2.10668e-06
4.37764e-05
-2.13301e-06
4.41894e-05
-2.15541e-06
4.45908e-05
-2.17533e-06
4.498e-05
-2.19424e-06
4.53573e-05
-2.21355e-06
4.57231e-05
-2.23458e-06
4.60781e-05
-2.25863e-06
4.64234e-05
-2.28694e-06
4.676e-05
-2.32072e-06
4.70888e-05
-2.36108e-06
4.74109e-05
-2.40906e-06
4.77274e-05
-2.46558e-06
4.80395e-05
-2.53143e-06
4.83481e-05
-2.60733e-06
4.86543e-05
-2.69397e-06
4.89584e-05
-2.79199e-06
4.9261e-05
-2.90187e-06
4.95625e-05
-3.02403e-06
4.98628e-05
-3.15886e-06
5.01619e-05
-3.30673e-06
5.04592e-05
-3.46793e-06
5.07539e-05
-3.64265e-06
5.10449e-05
-3.83101e-06
5.13308e-05
-4.03304e-06
5.16096e-05
-4.24867e-06
5.18792e-05
-4.47765e-06
5.21369e-05
-4.71962e-06
5.23795e-05
-4.9739e-06
5.26036e-05
-5.23965e-06
5.28055e-05
-5.5156e-06
5.2981e-05
-5.80025e-06
5.31258e-05
-6.09157e-06
5.32354e-05
-6.38731e-06
5.33058e-05
-6.68461e-06
5.3333e-05
-6.98032e-06
5.33138e-05
-7.27053e-06
5.32459e-05
-7.55138e-06
5.3128e-05
-7.81827e-06
5.296e-05
-8.06709e-06
5.27436e-05
-8.29307e-06
5.24812e-05
-8.49239e-06
5.21768e-05
-8.66067e-06
5.18359e-05
-8.79611e-06
5.14646e-05
-8.89505e-06
5.10697e-05
-8.95613e-06
5.06575e-05
-8.97668e-06
5.02344e-05
-8.95651e-06
4.98054e-05
-8.89393e-06
4.9375e-05
-8.7907e-06
4.89448e-05
-8.64692e-06
4.85175e-05
-8.46577e-06
4.80916e-05
-8.24886e-06
4.76691e-05
-7.99971e-06
4.72466e-05
-7.72134e-06
4.6826e-05
-7.4168e-06
4.64024e-05
-7.09165e-06
4.59786e-05
-6.74842e-06
4.55496e-05
-6.39598e-06
4.51201e-05
-6.03381e-06
4.4685e-05
-5.67405e-06
4.42507e-05
-5.31135e-06
4.38119e-05
-4.9627e-06
4.33761e-05
-4.61603e-06
4.29379e-05
-4.2948e-06
4.25049e-05
-3.97761e-06
4.20721e-05
-3.69666e-06
4.16457e-05
-3.41836e-06
4.12214e-05
-3.18689e-06
4.08031e-05
-2.95294e-06
4.03878e-05
-2.77694e-06
3.99751e-05
-2.58922e-06
3.95654e-05
-2.47191e-06
3.91518e-05
-2.3295e-06
3.87399e-05
-2.27186e-06
-2.17639e-06
5.29814e-05
9.37305e-08
5.28859e-05
-3.40465e-07
5.28558e-05
-7.27877e-07
5.28784e-05
-1.02092e-06
5.29224e-05
-1.24348e-06
5.29686e-05
-1.42485e-06
5.30135e-05
-1.58199e-06
5.30646e-05
-1.71941e-06
5.31271e-05
-1.8363e-06
5.31996e-05
-1.93275e-06
5.32793e-05
-2.01053e-06
5.3363e-05
-2.07238e-06
5.34481e-05
-2.12121e-06
5.35327e-05
-2.15955e-06
5.36156e-05
-2.18954e-06
5.36956e-05
-2.21308e-06
5.37722e-05
-2.23192e-06
5.38446e-05
-2.24773e-06
5.39125e-05
-2.26215e-06
5.39757e-05
-2.27675e-06
5.40342e-05
-2.29307e-06
5.40881e-05
-2.31253e-06
5.41376e-05
-2.33648e-06
5.4183e-05
-2.36616e-06
5.42246e-05
-2.40269e-06
5.42627e-05
-2.44711e-06
5.42974e-05
-2.50033e-06
5.43291e-05
-2.56311e-06
5.43579e-05
-2.63613e-06
5.43839e-05
-2.71994e-06
5.44069e-05
-2.81502e-06
5.44268e-05
-2.92179e-06
5.44434e-05
-3.04057e-06
5.44561e-05
-3.1716e-06
5.44645e-05
-3.31507e-06
5.44676e-05
-3.4711e-06
5.44647e-05
-3.63974e-06
5.44546e-05
-3.82094e-06
5.44362e-05
-4.01458e-06
5.44079e-05
-4.22039e-06
5.43683e-05
-4.43801e-06
5.43155e-05
-4.66689e-06
5.42479e-05
-4.9063e-06
5.41636e-05
-5.15527e-06
5.40605e-05
-5.41257e-06
5.39369e-05
-5.67664e-06
5.37909e-05
-5.94557e-06
5.36207e-05
-6.21712e-06
5.34252e-05
-6.48904e-06
5.32032e-05
-6.75839e-06
5.29546e-05
-7.02186e-06
5.26791e-05
-7.27592e-06
5.23776e-05
-7.51681e-06
5.20513e-05
-7.74071e-06
5.17019e-05
-7.94367e-06
5.13314e-05
-8.12187e-06
5.09423e-05
-8.27159e-06
5.0536e-05
-8.38984e-06
5.01144e-05
-8.4734e-06
4.96781e-05
-8.5199e-06
4.92281e-05
-8.52667e-06
4.87634e-05
-8.49185e-06
4.8283e-05
-8.41352e-06
4.77847e-05
-8.29235e-06
4.72664e-05
-8.12863e-06
4.67261e-05
-7.92547e-06
4.61612e-05
-7.68396e-06
4.55707e-05
-7.40917e-06
4.49538e-05
-7.10448e-06
4.43125e-05
-6.77555e-06
4.36468e-05
-6.42587e-06
4.29611e-05
-6.06279e-06
4.2256e-05
-5.69087e-06
4.1539e-05
-5.31674e-06
4.08101e-05
-4.94517e-06
4.00794e-05
-4.58072e-06
3.93456e-05
-4.22886e-06
3.86202e-05
-3.89068e-06
3.78988e-05
-3.5734e-06
3.71942e-05
-3.27302e-06
3.64983e-05
-3.00072e-06
3.58249e-05
-2.74494e-06
3.51619e-05
-2.5239e-06
3.45238e-05
-2.31484e-06
3.38951e-05
-2.1482e-06
3.32896e-05
-1.98372e-06
3.26898e-05
-1.87213e-06
3.2108e-05
-1.74768e-06
3.15284e-05
-1.69232e-06
-1.59723e-06
5.43187e-05
-2.2595e-07
5.45016e-05
-5.23355e-07
5.46061e-05
-8.32378e-07
5.46935e-05
-1.10838e-06
5.47806e-05
-1.33057e-06
5.48614e-05
-1.5056e-06
5.49284e-05
-1.64899e-06
5.49804e-05
-1.7715e-06
5.50217e-05
-1.87757e-06
5.50568e-05
-1.96786e-06
5.50885e-05
-2.04222e-06
5.51175e-05
-2.10142e-06
5.51436e-05
-2.14727e-06
5.51661e-05
-2.18206e-06
5.51846e-05
-2.20803e-06
5.51988e-05
-2.22724e-06
5.52084e-05
-2.24156e-06
5.52134e-05
-2.2527e-06
5.52136e-05
-2.26235e-06
5.52089e-05
-2.27211e-06
5.51994e-05
-2.28355e-06
5.5185e-05
-2.29815e-06
5.51658e-05
-2.31729e-06
5.51419e-05
-2.34225e-06
5.51134e-05
-2.37416e-06
5.50803e-05
-2.41402e-06
5.50427e-05
-2.46272e-06
5.50006e-05
-2.52102e-06
5.4954e-05
-2.58954e-06
5.49029e-05
-2.66879e-06
5.4847e-05
-2.75919e-06
5.47863e-05
-2.86106e-06
5.47204e-05
-2.97467e-06
5.4649e-05
-3.1002e-06
5.45717e-05
-3.23775e-06
5.44879e-05
-3.38737e-06
5.43972e-05
-3.54904e-06
5.4299e-05
-3.72265e-06
5.41924e-05
-3.90798e-06
5.40767e-05
-4.10475e-06
5.39512e-05
-4.31248e-06
5.38149e-05
-4.53061e-06
5.36669e-05
-4.75833e-06
5.35063e-05
-4.99466e-06
5.3332e-05
-5.23826e-06
5.31429e-05
-5.48754e-06
5.29379e-05
-5.74052e-06
5.27158e-05
-5.99502e-06
5.24753e-05
-6.24852e-06
5.22149e-05
-6.49808e-06
5.19333e-05
-6.74024e-06
5.16287e-05
-6.97132e-06
5.12993e-05
-7.18737e-06
5.0943e-05
-7.38448e-06
5.0558e-05
-7.55864e-06
5.01421e-05
-7.70595e-06
4.96929e-05
-7.82241e-06
4.92076e-05
-7.90449e-06
4.8683e-05
-7.94887e-06
4.81157e-05
-7.95259e-06
4.75021e-05
-7.91308e-06
4.68386e-05
-7.82834e-06
4.61228e-05
-7.69768e-06
4.5353e-05
-7.5226e-06
4.453e-05
-7.30561e-06
4.36543e-05
-7.04976e-06
4.27277e-05
-6.75733e-06
4.17521e-05
-6.43362e-06
4.07335e-05
-6.08587e-06
3.96785e-05
-5.72058e-06
3.85957e-05
-5.34298e-06
3.74933e-05
-4.96046e-06
3.63799e-05
-4.57747e-06
3.52646e-05
-4.20137e-06
3.41554e-05
-3.83599e-06
3.30626e-05
-3.48794e-06
3.19924e-05
-3.15861e-06
3.09545e-05
-2.85277e-06
2.99506e-05
-2.5695e-06
2.89899e-05
-2.31232e-06
2.80686e-05
-2.07948e-06
2.71965e-05
-1.87283e-06
2.63633e-05
-1.69067e-06
2.55804e-05
-1.53195e-06
2.48297e-05
-1.39752e-06
2.41271e-05
-1.28113e-06
2.34461e-05
-1.19108e-06
2.28085e-05
-1.11014e-06
2.21794e-05
-1.06319e-06
-1.00645e-06
5.39205e-05
-5.54157e-07
5.41744e-05
-7.7724e-07
5.43572e-05
-1.01512e-06
5.44922e-05
-1.2434e-06
5.46036e-05
-1.44196e-06
5.47029e-05
-1.60497e-06
5.47913e-05
-1.73736e-06
5.4867e-05
-1.84715e-06
5.49297e-05
-1.94035e-06
5.49816e-05
-2.01968e-06
5.5025e-05
-2.08569e-06
5.50621e-05
-2.13852e-06
5.50938e-05
-2.17892e-06
5.51201e-05
-2.20837e-06
5.51408e-05
-2.22874e-06
5.51556e-05
-2.24206e-06
5.51643e-05
-2.25027e-06
5.51668e-05
-2.25517e-06
5.5163e-05
-2.25852e-06
5.51529e-05
-2.26198e-06
5.51365e-05
-2.26715e-06
5.51139e-05
-2.27553e-06
5.50851e-05
-2.28855e-06
5.50504e-05
-2.3075e-06
5.50097e-05
-2.33352e-06
5.49633e-05
-2.36759e-06
5.49112e-05
-2.41058e-06
5.48534e-05
-2.46324e-06
5.479e-05
-2.52616e-06
5.4721e-05
-2.59978e-06
5.46462e-05
-2.68441e-06
5.45655e-05
-2.78033e-06
5.44785e-05
-2.88768e-06
5.43849e-05
-3.00658e-06
5.42842e-05
-3.13705e-06
5.41758e-05
-3.27903e-06
5.40592e-05
-3.43241e-06
5.39335e-05
-3.59698e-06
5.3798e-05
-3.77242e-06
5.36515e-05
-3.95829e-06
5.3493e-05
-4.15401e-06
5.33213e-05
-4.35882e-06
5.31347e-05
-4.57177e-06
5.29317e-05
-4.79164e-06
5.27103e-05
-5.01689e-06
5.24684e-05
-5.24563e-06
5.22034e-05
-5.4756e-06
5.19127e-05
-5.70427e-06
5.15929e-05
-5.92868e-06
5.12402e-05
-6.14544e-06
5.08506e-05
-6.35062e-06
5.04194e-05
-6.54011e-06
4.99416e-05
-6.70959e-06
4.94121e-05
-6.85499e-06
4.88259e-05
-6.9724e-06
4.81783e-05
-7.05837e-06
4.74653e-05
-7.10944e-06
4.66836e-05
-7.12276e-06
4.58299e-05
-7.09515e-06
4.4901e-05
-7.02372e-06
4.38937e-05
-6.90582e-06
4.2806e-05
-6.74059e-06
4.16383e-05
-6.52997e-06
4.03953e-05
-6.27959e-06
3.90843e-05
-5.99469e-06
3.77132e-05
-5.6786e-06
3.62899e-05
-5.33407e-06
3.48234e-05
-4.96714e-06
3.33245e-05
-4.5869e-06
3.18071e-05
-4.20325e-06
3.02879e-05
-3.82376e-06
2.87817e-05
-3.4542e-06
2.73028e-05
-3.09863e-06
2.58639e-05
-2.76243e-06
2.44775e-05
-2.4496e-06
2.31538e-05
-2.16425e-06
2.19021e-05
-1.9069e-06
2.07286e-05
-1.67932e-06
1.96382e-05
-1.4791e-06
1.8633e-05
-1.30706e-06
1.77119e-05
-1.15837e-06
1.68731e-05
-1.03412e-06
1.611e-05
-9.27548e-07
1.54194e-05
-8.41321e-07
1.47888e-05
-7.66904e-07
1.42177e-05
-7.10099e-07
1.36873e-05
-6.60594e-07
1.3205e-05
-6.27924e-07
1.27427e-05
-6.00821e-07
-5.86576e-07
5.35793e-05
-8.67022e-07
5.38472e-05
-1.04511e-06
5.40624e-05
-1.23031e-06
5.42313e-05
-1.41237e-06
5.43695e-05
-1.58014e-06
5.44896e-05
-1.72505e-06
5.45972e-05
-1.84495e-06
5.46935e-05
-1.94341e-06
5.47782e-05
-2.02505e-06
5.48514e-05
-2.09292e-06
5.49142e-05
-2.14846e-06
5.49678e-05
-2.19215e-06
5.50133e-05
-2.22442e-06
5.5051e-05
-2.24612e-06
5.50809e-05
-2.25865e-06
5.51027e-05
-2.2638e-06
5.51159e-05
-2.26347e-06
5.51203e-05
-2.25958e-06
5.51158e-05
-2.25401e-06
5.51023e-05
-2.24854e-06
5.508e-05
-2.24486e-06
5.5049e-05
-2.24452e-06
5.50094e-05
-2.24894e-06
5.49614e-05
-2.25942e-06
5.49049e-05
-2.27705e-06
5.48401e-05
-2.30281e-06
5.47671e-05
-2.33754e-06
5.46858e-05
-2.38198e-06
5.45963e-05
-2.43668e-06
5.44984e-05
-2.50185e-06
5.43917e-05
-2.57772e-06
5.42758e-05
-2.6644e-06
5.415e-05
-2.7619e-06
5.40136e-05
-2.87017e-06
5.38656e-05
-2.98905e-06
5.37049e-05
-3.11834e-06
5.35302e-05
-3.25773e-06
5.334e-05
-3.40682e-06
5.31327e-05
-3.56508e-06
5.29063e-05
-3.73185e-06
5.26585e-05
-3.90627e-06
5.2387e-05
-4.08729e-06
5.20888e-05
-4.27363e-06
5.17609e-05
-4.46371e-06
5.13997e-05
-4.65569e-06
5.10014e-05
-4.84727e-06
5.05616e-05
-5.03587e-06
5.00759e-05
-5.21856e-06
4.95392e-05
-5.3919e-06
4.89456e-05
-5.5519e-06
4.82893e-05
-5.69431e-06
4.7564e-05
-5.81481e-06
4.67635e-05
-5.90912e-06
4.58817e-05
-5.97318e-06
4.49127e-05
-6.00342e-06
4.38516e-05
-5.99727e-06
4.26965e-05
-5.95433e-06
4.14471e-05
-5.87336e-06
4.01047e-05
-5.75269e-06
3.86709e-05
-5.58996e-06
3.71459e-05
-5.38075e-06
3.55322e-05
-5.12695e-06
3.38374e-05
-4.83514e-06
3.20753e-05
-4.51748e-06
3.02622e-05
-4.18157e-06
2.84151e-05
-3.83152e-06
2.65539e-05
-3.47286e-06
2.4697e-05
-3.1103e-06
2.28628e-05
-2.75266e-06
2.10719e-05
-2.41239e-06
1.93466e-05
-2.09847e-06
1.7708e-05
-1.8156e-06
1.61751e-05
-1.56574e-06
1.47628e-05
-1.3501e-06
1.34811e-05
-1.16792e-06
1.23343e-05
-1.01737e-06
1.13209e-05
-8.93566e-07
1.04338e-05
-7.92173e-07
9.66335e-06
-7.08659e-07
8.99658e-06
-6.40288e-07
8.42105e-06
-5.82843e-07
7.9221e-06
-5.35168e-07
7.48787e-06
-4.93324e-07
7.10504e-06
-4.58482e-07
6.76439e-06
-4.26257e-07
6.45565e-06
-4.01359e-07
6.17254e-06
-3.77488e-07
5.90986e-06
-3.65238e-07
5.66065e-06
-3.5161e-07
-3.53897e-07
5.34378e-05
-1.1716e-06
5.37073e-05
-1.31462e-06
5.39373e-05
-1.46035e-06
5.41294e-05
-1.60443e-06
5.42903e-05
-1.74099e-06
5.44289e-05
-1.86371e-06
5.45521e-05
-1.96815e-06
5.46625e-05
-2.05381e-06
5.47604e-05
-2.12295e-06
5.48455e-05
-2.17804e-06
5.49178e-05
-2.22074e-06
5.49776e-05
-2.2519e-06
5.50251e-05
-2.272e-06
5.50607e-05
-2.28169e-06
5.50841e-05
-2.28204e-06
5.50949e-05
-2.27458e-06
5.50925e-05
-2.26112e-06
5.50766e-05
-2.24366e-06
5.50469e-05
-2.22429e-06
5.50033e-05
-2.20495e-06
5.4946e-05
-2.18756e-06
5.48753e-05
-2.17378e-06
5.47913e-05
-2.165e-06
5.46942e-05
-2.16225e-06
5.45837e-05
-2.16658e-06
5.44599e-05
-2.17901e-06
5.43227e-05
-2.20039e-06
5.4172e-05
-2.23129e-06
5.40074e-05
-2.27204e-06
5.38283e-05
-2.32275e-06
5.3634e-05
-2.38337e-06
5.34234e-05
-2.45379e-06
5.31952e-05
-2.53375e-06
5.2948e-05
-2.62297e-06
5.268e-05
-2.72101e-06
5.2389e-05
-2.82742e-06
5.20729e-05
-2.94161e-06
5.1729e-05
-3.0629e-06
5.13544e-05
-3.19046e-06
5.09459e-05
-3.32337e-06
5.05001e-05
-3.46043e-06
5.00131e-05
-3.60029e-06
4.94807e-05
-3.74125e-06
4.88983e-05
-3.88134e-06
4.82609e-05
-4.01826e-06
4.75631e-05
-4.14951e-06
4.68e-05
-4.27277e-06
4.59663e-05
-4.38487e-06
4.50563e-05
-4.4819e-06
4.4064e-05
-4.55955e-06
4.29834e-05
-4.61371e-06
4.18092e-05
-4.64057e-06
4.05369e-05
-4.63692e-06
3.91635e-05
-4.5997e-06
3.76861e-05
-4.52604e-06
3.61018e-05
-4.41295e-06
3.44149e-05
-4.26749e-06
3.26325e-05
-4.09096e-06
3.07634e-05
-3.88354e-06
2.88225e-05
-3.64913e-06
2.68191e-05
-3.37729e-06
2.47678e-05
-3.0757e-06
2.26904e-05
-2.75765e-06
2.06112e-05
-2.43831e-06
1.85584e-05
-2.12875e-06
1.65571e-05
-1.83022e-06
1.46464e-05
-1.5622e-06
1.28616e-05
-1.32555e-06
1.12274e-05
-1.11838e-06
9.76012e-06
-9.4515e-07
8.47366e-06
-8.12009e-07
7.36731e-06
-7.09241e-07
6.43049e-06
-6.28926e-07
5.64717e-06
-5.66786e-07
4.99374e-06
-5.14484e-07
4.44355e-06
-4.67184e-07
3.97351e-06
-4.23519e-07
3.56582e-06
-3.84488e-07
3.20811e-06
-3.50949e-07
2.89121e-06
-3.23385e-07
2.60862e-06
-3.00254e-07
2.35553e-06
-2.82077e-07
2.12862e-06
-2.66413e-07
1.92279e-06
-2.52653e-07
1.73566e-06
-2.39134e-07
1.56232e-06
-2.28011e-07
1.40318e-06
-2.18357e-07
1.25288e-06
-2.14932e-07
1.1137e-06
-2.12429e-07
-2.30763e-07
5.34679e-05
-1.46512e-06
5.37283e-05
-1.57511e-06
5.39539e-05
-1.68588e-06
5.41454e-05
-1.79597e-06
5.43059e-05
-1.90146e-06
5.44393e-05
-1.99712e-06
5.45499e-05
-2.07874e-06
5.46406e-05
-2.14451e-06
5.47123e-05
-2.19467e-06
5.47648e-05
-2.2305e-06
5.47973e-05
-2.25324e-06
5.48093e-05
-2.2639e-06
5.48005e-05
-2.26325e-06
5.47709e-05
-2.25206e-06
5.47202e-05
-2.23133e-06
5.46481e-05
-2.20253e-06
5.45544e-05
-2.16743e-06
5.44389e-05
-2.1281e-06
5.43014e-05
-2.08687e-06
5.41423e-05
-2.04581e-06
5.39618e-05
-2.00701e-06
5.37606e-05
-1.97264e-06
5.35397e-05
-1.94413e-06
5.32988e-05
-1.92131e-06
5.30376e-05
-1.90542e-06
5.27562e-05
-1.89755e-06
5.24542e-05
-1.89835e-06
5.2131e-05
-1.90816e-06
5.1786e-05
-1.92701e-06
5.1418e-05
-1.95472e-06
5.10255e-05
-1.99095e-06
5.0607e-05
-2.03524e-06
5.01603e-05
-2.08704e-06
4.9683e-05
-2.14572e-06
4.91726e-05
-2.21055e-06
4.86259e-05
-2.28077e-06
4.80398e-05
-2.35548e-06
4.74106e-05
-2.43374e-06
4.67346e-05
-2.51447e-06
4.60078e-05
-2.59648e-06
4.52258e-05
-2.67844e-06
4.43843e-05
-2.75887e-06
4.3479e-05
-2.83593e-06
4.25051e-05
-2.90747e-06
4.14574e-05
-2.97055e-06
4.03304e-05
-3.0225e-06
3.91212e-05
-3.06359e-06
3.78264e-05
-3.09002e-06
3.64423e-05
-3.09777e-06
3.49661e-05
-3.08339e-06
3.33962e-05
-3.04383e-06
3.17323e-05
-2.9766e-06
2.99764e-05
-2.88105e-06
2.81341e-05
-2.7574e-06
2.62123e-05
-2.60431e-06
2.42233e-05
-2.42391e-06
2.21768e-05
-2.22102e-06
2.00954e-05
-2.00948e-06
1.80036e-05
-1.79181e-06
1.59256e-05
-1.57106e-06
1.39006e-05
-1.35238e-06
1.19677e-05
-1.14272e-06
1.01613e-05
-9.51286e-07
8.51169e-06
-7.88698e-07
7.04876e-06
-6.65821e-07
5.80851e-06
-5.89964e-07
4.77716e-06
-5.30848e-07
3.93071e-06
-4.79099e-07
3.23283e-06
-4.20511e-07
2.64504e-06
-3.57354e-07
2.13233e-06
-2.99301e-07
1.67905e-06
-2.55963e-07
1.27824e-06
-2.28115e-07
9.27006e-07
-2.1555e-07
6.19458e-07
-2.06936e-07
3.49541e-07
-1.97267e-07
1.11405e-07
-1.85382e-07
-1.00308e-07
-1.72775e-07
-2.89867e-07
-1.61391e-07
-4.60501e-07
-1.5275e-07
-6.14949e-07
-1.45806e-07
-7.56625e-07
-1.40402e-07
-8.87404e-07
-1.35634e-07
-1.00909e-06
-1.30972e-07
-1.12223e-06
-1.25988e-07
-1.22811e-06
-1.22136e-07
-1.32605e-06
-1.20419e-07
-1.41787e-06
-1.23107e-07
-1.49905e-06
-1.31243e-07
-1.50969e-07
5.3409e-05
-1.68033e-06
5.35806e-05
-1.74664e-06
5.37081e-05
-1.81342e-06
5.37915e-05
-1.87937e-06
5.38318e-05
-1.9417e-06
5.38302e-05
-1.99559e-06
5.37885e-05
-2.03699e-06
5.3709e-05
-2.06508e-06
5.35941e-05
-2.07971e-06
5.34446e-05
-2.08103e-06
5.32609e-05
-2.06954e-06
5.30433e-05
-2.04624e-06
5.27923e-05
-2.01235e-06
5.25091e-05
-1.96879e-06
5.21946e-05
-1.9168e-06
5.185e-05
-1.85794e-06
5.14766e-05
-1.79402e-06
5.10756e-05
-1.72717e-06
5.06483e-05
-1.65954e-06
5.01957e-05
-1.59325e-06
4.9719e-05
-1.53023e-06
4.92194e-05
-1.47306e-06
4.86985e-05
-1.42328e-06
4.81561e-05
-1.37888e-06
4.75923e-05
-1.34164e-06
4.7007e-05
-1.31219e-06
4.63994e-05
-1.2908e-06
4.57687e-05
-1.27742e-06
4.51134e-05
-1.27175e-06
4.4432e-05
-1.27324e-06
4.37222e-05
-1.28125e-06
4.2982e-05
-1.29498e-06
4.22086e-05
-1.31363e-06
4.13992e-05
-1.33631e-06
4.05507e-05
-1.3621e-06
3.966e-05
-1.39004e-06
3.87236e-05
-1.41912e-06
3.77382e-05
-1.44829e-06
3.67002e-05
-1.47648e-06
3.56062e-05
-1.50253e-06
3.44531e-05
-1.52533e-06
3.32379e-05
-1.54365e-06
3.19583e-05
-1.55634e-06
3.06127e-05
-1.56188e-06
2.91987e-05
-1.55652e-06
2.77168e-05
-1.54062e-06
2.61689e-05
-1.51569e-06
2.4557e-05
-1.47807e-06
2.28852e-05
-1.42598e-06
2.11599e-05
-1.35816e-06
1.93911e-05
-1.27495e-06
1.75901e-05
-1.1756e-06
1.57713e-05
-1.06231e-06
1.39538e-05
-9.39899e-07
1.21635e-05
-8.13937e-07
1.04325e-05
-6.92914e-07
8.79859e-06
-5.87146e-07
7.29512e-06
-5.06017e-07
5.96247e-06
-4.59155e-07
4.81484e-06
-4.23434e-07
3.84618e-06
-3.83721e-07
3.03384e-06
-3.30373e-07
2.34703e-06
-2.64481e-07
1.75717e-06
-1.98839e-07
1.24229e-06
-1.50936e-07
7.8002e-07
-1.27696e-07
3.78914e-07
-1.29742e-07
3.30881e-08
-1.33273e-07
-2.63162e-07
-1.24261e-07
-5.18881e-07
-1.01635e-07
-7.40905e-07
-7.72772e-08
-9.3629e-07
-6.0578e-08
-1.10939e-06
-5.50145e-08
-1.26833e-06
-5.66091e-08
-1.41426e-06
-6.10101e-08
-1.54736e-06
-6.41671e-08
-1.66812e-06
-6.46234e-08
-1.77782e-06
-6.30711e-08
-1.87836e-06
-6.08481e-08
-1.97206e-06
-5.9054e-08
-2.05996e-06
-5.79095e-08
-2.14314e-06
-5.72203e-08
-2.22226e-06
-5.65081e-08
-2.29772e-06
-5.55123e-08
-2.36939e-06
-5.43226e-08
-2.4375e-06
-5.40272e-08
-2.50184e-06
-5.60723e-08
-2.56227e-06
-6.26837e-08
-2.61879e-06
-7.47175e-08
-8.87919e-08
5.10781e-05
-1.45621e-06
5.07889e-05
-1.45742e-06
5.04355e-05
-1.46005e-06
5.00184e-05
-1.46224e-06
4.95386e-05
-1.46189e-06
4.89996e-05
-1.45662e-06
4.84059e-05
-1.44325e-06
4.77622e-05
-1.42141e-06
4.70746e-05
-1.39213e-06
4.63481e-05
-1.3545e-06
4.55874e-05
-1.30881e-06
4.4797e-05
-1.25584e-06
4.39811e-05
-1.19651e-06
4.31442e-05
-1.13186e-06
4.22904e-05
-1.063e-06
4.14237e-05
-9.91256e-07
4.05478e-05
-9.1812e-07
3.96659e-05
-8.45255e-07
3.87807e-05
-7.74362e-07
3.78946e-05
-7.0708e-07
3.70091e-05
-6.44806e-07
3.61247e-05
-5.88621e-07
3.52405e-05
-5.39068e-07
3.43578e-05
-4.96172e-07
3.34761e-05
-4.59952e-07
3.25943e-05
-4.3037e-07
3.17107e-05
-4.07215e-07
3.08233e-05
-3.90053e-07
2.99298e-05
-3.78247e-07
2.90276e-05
-3.71027e-07
2.81139e-05
-3.67564e-07
2.71859e-05
-3.67014e-07
2.62409e-05
-3.68552e-07
2.52759e-05
-3.7137e-07
2.42885e-05
-3.74701e-07
2.32763e-05
-3.77802e-07
2.22371e-05
-3.7999e-07
2.11695e-05
-3.80624e-07
2.00722e-05
-3.79167e-07
1.89448e-05
-3.75152e-07
1.77878e-05
-3.68296e-07
1.66025e-05
-3.58435e-07
1.53919e-05
-3.45725e-07
1.41606e-05
-3.30514e-07
1.29178e-05
-3.13741e-07
1.1674e-05
-2.96805e-07
1.04392e-05
-2.80892e-07
9.22775e-06
-2.6665e-07
8.05609e-06
-2.54321e-07
6.94107e-06
-2.43142e-07
5.89806e-06
-2.31944e-07
4.94378e-06
-2.2132e-07
4.08106e-06
-1.99584e-07
3.30962e-06
-1.68461e-07
2.62547e-06
-1.29791e-07
2.02147e-06
-8.89071e-08
1.48885e-06
-5.45255e-08
1.01811e-06
-3.52803e-08
5.92315e-07
-3.33599e-08
2.14998e-07
-4.61172e-08
-1.11844e-07
-5.68794e-08
-3.88623e-07
-5.35933e-08
-6.17795e-07
-3.53093e-08
-8.04755e-07
-1.18787e-08
-9.6091e-07
5.21894e-09
-1.0961e-06
7.49014e-09
-1.2259e-06
6.0675e-11
-1.34904e-06
-1.01302e-08
-1.45882e-06
-1.44883e-08
-1.54928e-06
-1.11713e-08
-1.62132e-06
-5.24101e-09
-1.68088e-06
-1.0128e-09
-1.73546e-06
-4.339e-10
-1.78906e-06
-3.0072e-09
-1.84347e-06
-6.60477e-09
-1.89809e-06
-9.54738e-09
-1.95148e-06
-1.12329e-08
-2.00264e-06
-1.19054e-08
-2.05138e-06
-1.21117e-08
-2.09815e-06
-1.22896e-08
-2.14352e-06
-1.25395e-08
-2.18789e-06
-1.28416e-08
-2.23136e-06
-1.30462e-08
-2.27381e-06
-1.30608e-08
-2.31516e-06
-1.29651e-08
-2.3559e-06
-1.32903e-08
-2.39688e-06
-1.5089e-08
-2.43943e-06
-2.01413e-08
-2.48522e-06
-2.89265e-08
-3.69756e-08
3.50123e-05
3.35548e-05
3.20948e-05
3.06325e-05
2.91706e-05
2.7714e-05
2.62708e-05
2.48494e-05
2.34572e-05
2.21027e-05
2.07939e-05
1.95381e-05
1.83416e-05
1.72097e-05
1.61467e-05
1.51555e-05
1.42373e-05
1.33921e-05
1.26177e-05
1.19106e-05
1.12658e-05
1.06772e-05
1.01382e-05
9.64198e-06
9.18203e-06
8.75166e-06
8.34444e-06
7.95439e-06
7.57614e-06
7.20512e-06
6.83755e-06
6.47054e-06
6.10199e-06
5.73062e-06
5.35592e-06
4.97812e-06
4.59813e-06
4.2175e-06
3.83833e-06
3.46318e-06
3.09489e-06
2.73645e-06
2.39073e-06
2.06021e-06
1.74647e-06
1.44967e-06
1.16877e-06
9.02125e-07
6.47804e-07
4.04662e-07
1.72717e-07
-4.86027e-08
-2.48186e-07
-4.16647e-07
-5.46438e-07
-6.35345e-07
-6.8987e-07
-7.25151e-07
-7.58511e-07
-8.04628e-07
-8.61507e-07
-9.15101e-07
-9.5041e-07
-9.62288e-07
-9.5707e-07
-9.49579e-07
-9.49519e-07
-9.59649e-07
-9.74137e-07
-9.85309e-07
-9.9055e-07
-9.91562e-07
-9.91996e-07
-9.95004e-07
-1.00161e-06
-1.01116e-06
-1.02239e-06
-1.03429e-06
-1.04641e-06
-1.0587e-06
-1.07123e-06
-1.08408e-06
-1.09712e-06
-1.11018e-06
-1.12315e-06
-1.13644e-06
-1.15153e-06
-1.17167e-06
-1.2006e-06
)
;

boundaryField
{
    fixedWalls
    {
        type            calculated;
        value           uniform 0;
    }
    inflowWall
    {
        type            calculated;
        value           nonuniform List<scalar> 10(-5e-05 -5e-05 -5e-05 -5e-05 -5e-05 -5e-05 -5e-05 -5e-05 -5e-05 -5e-05);
    }
    outflowWall
    {
        type            calculated;
        value           nonuniform List<scalar> 
20
(
1.23773e-05
2.52064e-05
3.38293e-05
4.09606e-05
4.64066e-05
4.96481e-05
5.04948e-05
4.93217e-05
4.6841e-05
4.33561e-05
3.83133e-05
3.09493e-05
2.15886e-05
1.23228e-05
5.42797e-06
9.90563e-07
-1.57885e-06
-2.68097e-06
-2.53703e-06
-1.23757e-06
)
;
    }
    frontAndBack
    {
        type            empty;
        value           nonuniform List<scalar> 0();
    }
}


// ************************************************************************* //
