/*--------------------------------*- C++ -*----------------------------------*\
| =========                 |                                                 |
| \\      /  F ield         | OpenFOAM: The Open Source CFD Toolbox           |
|  \\    /   O peration     | Version:  2306                                  |
|   \\  /    A nd           | Website:  www.openfoam.com                      |
|    \\/     M anipulation  |                                                 |
\*---------------------------------------------------------------------------*/
FoamFile
{
    version     2.0;
    format      ascii;
    arch        "LSB;label=32;scalar=64";
    class       surfaceScalarField;
    location    "4.89";
    object      phi;
}
// * * * * * * * * * * * * * * * * * * * * * * * * * * * * * * * * * * * * * //

dimensions      [0 3 -1 0 0 0 0];

oriented        oriented;

internalField   nonuniform List<scalar> 
3680
(
4.93469e-05
6.53109e-07
4.79741e-05
1.37282e-06
4.66975e-05
1.27655e-06
4.52603e-05
1.43718e-06
4.4122e-05
1.13836e-06
4.2718e-05
1.40401e-06
4.17333e-05
9.84647e-07
4.04314e-05
1.30196e-06
3.97981e-05
6.33304e-07
9.88145e-07
3.88099e-05
5.03392e-05
3.13884e-07
5.08677e-05
8.44311e-07
5.1132e-05
1.0123e-06
5.14649e-05
1.1043e-06
5.15922e-05
1.01099e-06
5.19749e-05
1.02137e-06
5.20597e-05
8.99779e-07
5.25104e-05
8.51282e-07
5.25042e-05
6.39476e-07
4.33799e-07
5.30586e-05
5.01633e-05
1.50606e-07
5.05553e-05
4.52282e-07
5.09758e-05
5.91835e-07
5.14193e-05
6.60814e-07
5.18162e-05
6.14016e-07
5.22671e-05
5.70517e-07
5.2694e-05
4.72834e-07
5.31629e-05
3.82403e-07
5.35796e-05
2.2278e-07
1.47572e-08
5.39986e-05
5.00932e-05
5.73884e-08
5.03763e-05
1.69176e-07
5.07339e-05
2.34225e-07
5.11459e-05
2.48856e-07
5.15494e-05
2.10528e-07
5.19717e-05
1.48165e-07
5.23827e-05
6.18941e-08
5.2811e-05
-4.59465e-08
5.32211e-05
-1.87273e-07
-3.56448e-07
5.35923e-05
5.00738e-05
-1.64006e-08
5.02912e-05
-4.82615e-08
5.0611e-05
-8.5564e-08
5.09886e-05
-1.28716e-07
5.13801e-05
-1.80937e-07
5.1774e-05
-2.45779e-07
5.21647e-05
-3.28816e-07
5.2551e-05
-4.32202e-07
5.29206e-05
-5.56872e-07
-7.02395e-07
5.32665e-05
5.00732e-05
-8.95659e-08
5.02829e-05
-2.58007e-07
5.05977e-05
-4.00381e-07
5.09652e-05
-4.96178e-07
5.13443e-05
-5.60007e-07
5.17214e-05
-6.22937e-07
5.20912e-05
-6.9859e-07
5.24522e-05
-7.9322e-07
5.28018e-05
-9.06442e-07
-1.03398e-06
5.31334e-05
5.00942e-05
-1.83765e-07
5.03556e-05
-5.19378e-07
5.06982e-05
-7.43033e-07
5.10682e-05
-8.66125e-07
5.14406e-05
-9.32389e-07
5.18043e-05
-9.86731e-07
5.21611e-05
-1.05531e-06
5.25124e-05
-1.14455e-06
5.28532e-05
-1.24728e-06
-1.35533e-06
5.31746e-05
5.01665e-05
-3.50243e-07
5.0518e-05
-8.70932e-07
5.09208e-05
-1.14581e-06
5.12996e-05
-1.24493e-06
5.16485e-05
-1.28124e-06
5.19859e-05
-1.32415e-06
5.23198e-05
-1.38922e-06
5.26412e-05
-1.46599e-06
5.29364e-05
-1.54245e-06
-1.61313e-06
5.31942e-05
5.03676e-05
-7.17862e-07
5.08004e-05
-1.30374e-06
5.10992e-05
-1.44455e-06
5.12767e-05
-1.42248e-06
5.14054e-05
-1.40988e-06
5.15042e-05
-1.42296e-06
5.15557e-05
-1.44078e-06
5.15434e-05
-1.45366e-06
5.14589e-05
-1.45795e-06
-1.457e-06
5.13028e-05
4.92821e-05
4.79784e-05
4.65338e-05
4.51114e-05
4.37015e-05
4.22785e-05
4.08377e-05
3.93841e-05
3.79261e-05
3.64691e-05
1.43904e-08
-1.43904e-08
1.09017e-08
3.48864e-09
-7.69011e-09
1.85918e-08
-3.60269e-08
2.83368e-08
-7.13365e-08
3.53096e-08
-1.12311e-07
4.09742e-08
-1.5854e-07
4.62292e-08
-2.09763e-07
5.12236e-08
-2.65688e-07
5.59248e-08
-3.25982e-07
6.02938e-08
-3.90285e-07
6.43026e-08
-4.58224e-07
6.7939e-08
-5.29427e-07
7.12037e-08
-6.03533e-07
7.41058e-08
-6.80193e-07
7.66603e-08
-7.59081e-07
7.88876e-08
-8.39892e-07
8.0811e-08
-9.22348e-07
8.24559e-08
-1.0062e-06
8.38501e-08
-1.09123e-06
8.50321e-08
-1.17728e-06
8.60502e-08
-1.26424e-06
8.69602e-08
-1.35206e-06
8.78229e-08
-1.44077e-06
8.87026e-08
-1.53043e-06
8.96683e-08
-1.62123e-06
9.07964e-08
-1.7134e-06
9.21691e-08
-1.80727e-06
9.38678e-08
-1.90324e-06
9.59671e-08
-2.00177e-06
9.85337e-08
-2.10339e-06
1.01622e-07
-2.20867e-06
1.05278e-07
-2.31823e-06
1.0956e-07
-2.43281e-06
1.14577e-07
-2.55334e-06
1.20531e-07
-2.68107e-06
1.27732e-07
-2.81769e-06
1.3662e-07
-2.96549e-06
1.47799e-07
-3.12753e-06
1.62045e-07
-3.30781e-06
1.80276e-07
-3.51128e-06
2.03468e-07
-3.74373e-06
2.32452e-07
-4.01129e-06
2.67565e-07
-4.31957e-06
3.08276e-07
-4.67242e-06
3.52852e-07
-5.07074e-06
3.98318e-07
-5.51147e-06
4.40734e-07
-5.9871e-06
4.75624e-07
-6.48535e-06
4.9825e-07
-6.98955e-06
5.04197e-07
-7.48011e-06
4.90568e-07
-7.93652e-06
4.56406e-07
-8.33832e-06
4.01802e-07
-8.66717e-06
3.28846e-07
-8.90687e-06
2.39702e-07
-9.04513e-06
1.38258e-07
-9.06833e-06
2.32047e-08
-8.97694e-06
-9.13903e-08
-8.76864e-06
-2.08303e-07
-8.44405e-06
-3.2459e-07
-8.00634e-06
-4.37715e-07
-7.46288e-06
-5.43458e-07
-6.82327e-06
-6.3961e-07
-6.09746e-06
-7.25809e-07
-5.29732e-06
-8.0014e-07
-4.43527e-06
-8.62046e-07
-3.52504e-06
-9.10234e-07
-2.57859e-06
-9.46446e-07
-1.61199e-06
-9.66597e-07
-6.35024e-07
-9.76971e-07
3.38851e-07
-9.73875e-07
1.30225e-06
-9.63402e-07
2.24252e-06
-9.40267e-07
3.15579e-06
-9.13273e-07
4.03066e-06
-8.74865e-07
4.86755e-06
-8.36896e-07
5.65641e-06
-7.88856e-07
6.40221e-06
-7.45797e-07
7.09568e-06
-6.93474e-07
7.74656e-06
-6.50877e-07
8.34548e-06
-5.9892e-07
8.90682e-06
-5.61345e-07
9.42055e-06
-5.13731e-07
9.90573e-06
-4.8518e-07
1.0351e-05
-4.45301e-07
1.07799e-05
-4.28882e-07
1.118e-05
-4.00066e-07
1.15804e-05
-4.0037e-07
1.19656e-05
-3.85217e-07
-4.18444e-07
-1.08714e-08
-3.51894e-09
-6.45434e-08
5.71606e-08
-1.48176e-07
1.02225e-07
-2.53743e-07
1.33903e-07
-3.76369e-07
1.57936e-07
-5.1368e-07
1.78286e-07
-6.64015e-07
1.96565e-07
-8.25898e-07
2.13107e-07
-9.9793e-07
2.27957e-07
-1.17877e-06
2.41134e-07
-1.36714e-06
2.52669e-07
-1.56181e-06
2.62617e-07
-1.76167e-06
2.71063e-07
-1.96568e-06
2.78116e-07
-2.17293e-06
2.83905e-07
-2.38261e-06
2.88569e-07
-2.59405e-06
2.92255e-07
-2.80672e-06
2.95119e-07
-3.02018e-06
2.97316e-07
-3.23418e-06
2.99027e-07
-3.44858e-06
3.00455e-07
-3.66344e-06
3.01813e-07
-3.87894e-06
3.03323e-07
-4.09544e-06
3.05206e-07
-4.31346e-06
3.07687e-07
-4.53367e-06
3.11004e-07
-4.75689e-06
3.15398e-07
-4.98413e-06
3.21099e-07
-5.21647e-06
3.2831e-07
-5.45514e-06
3.37206e-07
-5.70144e-06
3.47924e-07
-5.95673e-06
3.60565e-07
-6.22239e-06
3.75218e-07
-6.49982e-06
3.92013e-07
-6.79047e-06
4.11172e-07
-7.09572e-06
4.32985e-07
-7.41686e-06
4.57759e-07
-7.75491e-06
4.85849e-07
-8.11045e-06
5.17587e-07
-8.48339e-06
5.53212e-07
-8.87265e-06
5.92731e-07
-9.2759e-06
6.35702e-07
-9.68913e-06
6.80795e-07
-1.01063e-05
7.25417e-07
-1.0519e-05
7.65596e-07
-1.09168e-05
7.96124e-07
-1.12872e-05
8.11108e-07
-1.16166e-05
8.05072e-07
-1.18913e-05
7.72863e-07
-1.20966e-05
7.09581e-07
-1.22188e-05
6.12734e-07
-1.22454e-05
4.83043e-07
-1.21665e-05
3.22822e-07
-1.19703e-05
1.32659e-07
-1.16512e-05
-7.93722e-08
-1.12149e-05
-2.98088e-07
-1.06597e-05
-5.31906e-07
-9.98141e-06
-7.69726e-07
-9.18274e-06
-1.00697e-06
-8.27148e-06
-1.23584e-06
-7.25429e-06
-1.45491e-06
-6.14067e-06
-1.65707e-06
-4.94258e-06
-1.8377e-06
-3.67102e-06
-1.99737e-06
-2.3388e-06
-2.13236e-06
-9.60283e-07
-2.24056e-06
4.52569e-07
-2.32309e-06
1.88399e-06
-2.37786e-06
3.32566e-06
-2.40827e-06
4.76487e-06
-2.41618e-06
6.19039e-06
-2.39939e-06
7.59307e-06
-2.36608e-06
8.96333e-06
-2.31053e-06
1.02953e-05
-2.24522e-06
1.15815e-05
-2.16105e-06
1.28192e-05
-2.07459e-06
1.40031e-05
-1.9728e-06
1.51336e-05
-1.87625e-06
1.62074e-05
-1.76732e-06
1.72274e-05
-1.67091e-06
1.81926e-05
-1.56405e-06
1.91079e-05
-1.47672e-06
1.99739e-05
-1.37966e-06
2.07979e-05
-1.30922e-06
2.1581e-05
-1.22842e-06
2.23341e-05
-1.18199e-06
2.30572e-05
-1.12312e-06
2.37656e-05
-1.10872e-06
2.44572e-05
-1.07683e-06
-1.09594e-06
-5.01411e-08
4.66222e-08
-1.86808e-07
1.93828e-07
-3.6952e-07
2.84936e-07
-5.7941e-07
3.43794e-07
-8.07577e-07
3.86103e-07
-1.05154e-06
4.22245e-07
-1.30966e-06
4.54692e-07
-1.5794e-06
4.8284e-07
-1.85811e-06
5.0667e-07
-2.14336e-06
5.26386e-07
-2.43295e-06
5.42252e-07
-2.72492e-06
5.54587e-07
-3.01762e-06
5.63763e-07
-3.30967e-06
5.70169e-07
-3.59996e-06
5.74195e-07
-3.88761e-06
5.76225e-07
-4.17198e-06
5.76626e-07
-4.45263e-06
5.75762e-07
-4.72924e-06
5.73928e-07
-5.0017e-06
5.71485e-07
-5.27005e-06
5.68804e-07
-5.53447e-06
5.66238e-07
-5.79527e-06
5.64122e-07
-6.05283e-06
5.62763e-07
-6.30758e-06
5.62444e-07
-6.56001e-06
5.63431e-07
-6.8106e-06
5.65985e-07
-7.05982e-06
5.70317e-07
-7.30805e-06
5.76548e-07
-7.55559e-06
5.84737e-07
-7.80251e-06
5.94851e-07
-8.04872e-06
6.06773e-07
-8.29381e-06
6.20306e-07
-8.53702e-06
6.35229e-07
-8.77728e-06
6.51427e-07
-9.01318e-06
6.68885e-07
-9.24276e-06
6.87342e-07
-9.46348e-06
7.06563e-07
-9.67209e-06
7.26197e-07
-9.86455e-06
7.45679e-07
-1.00359e-05
7.64113e-07
-1.01806e-05
7.80334e-07
-1.02917e-05
7.91924e-07
-1.03618e-05
7.95504e-07
-1.03828e-05
7.86632e-07
-1.03465e-05
7.59803e-07
-1.02441e-05
7.08662e-07
-1.00674e-05
6.28377e-07
-9.81031e-06
5.15815e-07
-9.46815e-06
3.67427e-07
-9.03526e-06
1.7984e-07
-8.50662e-06
-4.55988e-08
-7.88701e-06
-2.96788e-07
-7.17567e-06
-5.78684e-07
-6.36999e-06
-8.85051e-07
-5.46554e-06
-1.20253e-06
-4.46904e-06
-1.52841e-06
-3.38693e-06
-1.85184e-06
-2.22296e-06
-2.17094e-06
-9.8447e-07
-2.47433e-06
3.22289e-07
-2.76167e-06
1.68272e-06
-3.0175e-06
3.09531e-06
-3.25029e-06
4.54508e-06
-3.44715e-06
6.02555e-06
-3.61282e-06
7.52345e-06
-3.73846e-06
9.03118e-06
-3.83082e-06
1.05374e-05
-3.88404e-06
1.20328e-05
-3.90372e-06
1.35066e-05
-3.89002e-06
1.49527e-05
-3.84544e-06
1.63615e-05
-3.77487e-06
1.77291e-05
-3.67819e-06
1.90486e-05
-3.56472e-06
2.03185e-05
-3.43088e-06
2.1534e-05
-3.29016e-06
2.2696e-05
-3.13473e-06
2.3802e-05
-2.98229e-06
2.48546e-05
-2.81988e-06
2.58534e-05
-2.66978e-06
2.68024e-05
-2.51305e-06
2.77031e-05
-2.37743e-06
2.85603e-05
-2.23686e-06
2.93773e-05
-2.1262e-06
3.01593e-05
-2.01043e-06
3.09113e-05
-1.93394e-06
3.16385e-05
-1.85036e-06
3.23463e-05
-1.8165e-06
3.30398e-05
-1.77034e-06
-1.79085e-06
-1.38451e-07
1.85073e-07
-3.92839e-07
4.48216e-07
-6.86745e-07
5.78842e-07
-9.98004e-07
6.55052e-07
-1.32439e-06
7.12489e-07
-1.66307e-06
7.60926e-07
-2.00901e-06
8.00627e-07
-2.35745e-06
8.31281e-07
-2.70437e-06
8.53589e-07
-3.04672e-06
8.68741e-07
-3.38204e-06
8.77572e-07
-3.70843e-06
8.80975e-07
-4.02454e-06
8.7987e-07
-4.32943e-06
8.75059e-07
-4.62249e-06
8.67261e-07
-4.90339e-06
8.57121e-07
-5.17197e-06
8.45204e-07
-5.4282e-06
8.31994e-07
-5.67219e-06
8.17924e-07
-5.90413e-06
8.03422e-07
-6.12422e-06
7.88892e-07
-6.33268e-06
7.74698e-07
-6.52972e-06
7.61156e-07
-6.71548e-06
7.48527e-07
-6.89003e-06
7.36997e-07
-7.05331e-06
7.26714e-07
-7.20515e-06
7.17818e-07
-7.34524e-06
7.10406e-07
-7.47309e-06
7.04398e-07
-7.58798e-06
6.99632e-07
-7.68897e-06
6.95839e-07
-7.77483e-06
6.92636e-07
-7.84405e-06
6.89522e-07
-7.89473e-06
6.85912e-07
-7.92463e-06
6.81327e-07
-7.93125e-06
6.75499e-07
-7.91162e-06
6.67722e-07
-7.86235e-06
6.5729e-07
-7.77951e-06
6.43356e-07
-7.65869e-06
6.24858e-07
-7.49489e-06
6.00319e-07
-7.28237e-06
5.67811e-07
-7.01572e-06
5.25272e-07
-6.6898e-06
4.69579e-07
-6.29932e-06
3.96158e-07
-5.84013e-06
3.00617e-07
-5.30815e-06
1.76679e-07
-4.69833e-06
1.85521e-08
-4.01483e-06
-1.67681e-07
-3.2557e-06
-3.91699e-07
-2.42161e-06
-6.54256e-07
-1.51581e-06
-9.51392e-07
-5.3338e-07
-1.27922e-06
5.20339e-07
-1.6324e-06
1.64042e-06
-2.00514e-06
2.82384e-06
-2.38595e-06
4.06836e-06
-2.77293e-06
5.36876e-06
-3.15224e-06
6.72128e-06
-3.52347e-06
8.11803e-06
-3.87108e-06
9.55399e-06
-4.19763e-06
1.1022e-05
-4.48554e-06
1.25138e-05
-4.74209e-06
1.40192e-05
-4.9525e-06
1.55311e-05
-5.12473e-06
1.70387e-05
-5.24608e-06
1.85347e-05
-5.32682e-06
2.00087e-05
-5.35804e-06
2.14549e-05
-5.34996e-06
2.28633e-05
-5.29836e-06
2.42306e-05
-5.2128e-06
2.55485e-05
-5.09269e-06
2.68162e-05
-4.94595e-06
2.80273e-05
-4.77579e-06
2.91837e-05
-4.58724e-06
3.02806e-05
-4.38714e-06
3.13223e-05
-4.17642e-06
3.23058e-05
-3.96571e-06
3.32367e-05
-3.75079e-06
3.41135e-05
-3.54663e-06
3.49433e-05
-3.34281e-06
3.57255e-05
-3.15964e-06
3.64681e-05
-2.97943e-06
3.71711e-05
-2.82921e-06
3.78433e-05
-2.68268e-06
3.84848e-05
-2.57542e-06
3.91053e-05
-2.47088e-06
3.97044e-05
-2.41562e-06
4.02956e-05
-2.36151e-06
-2.37131e-06
-1.95609e-07
3.80682e-07
-5.66571e-07
8.19178e-07
-9.85011e-07
9.97282e-07
-1.41271e-06
1.08276e-06
-1.83343e-06
1.1332e-06
-2.23843e-06
1.16594e-06
-2.62401e-06
1.1862e-06
-2.98905e-06
1.19632e-06
-3.33181e-06
1.19635e-06
-3.65085e-06
1.18778e-06
-3.94553e-06
1.17225e-06
-4.21578e-06
1.15122e-06
-4.46189e-06
1.12599e-06
-4.68447e-06
1.09763e-06
-4.88425e-06
1.06704e-06
-5.06207e-06
1.03495e-06
-5.21882e-06
1.00194e-06
-5.35528e-06
9.68463e-07
-5.47221e-06
9.34847e-07
-5.57024e-06
9.01456e-07
-5.64994e-06
8.68592e-07
-5.71173e-06
8.3649e-07
-5.75589e-06
8.05318e-07
-5.78254e-06
7.75178e-07
-5.7916e-06
7.46053e-07
-5.78275e-06
7.17867e-07
-5.75548e-06
6.90547e-07
-5.70917e-06
6.64091e-07
-5.64294e-06
6.38171e-07
-5.5557e-06
6.12391e-07
-5.44613e-06
5.86265e-07
-5.31267e-06
5.59176e-07
-5.15353e-06
5.30383e-07
-4.96663e-06
4.99019e-07
-4.74938e-06
4.64069e-07
-4.49936e-06
4.2548e-07
-4.21374e-06
3.82108e-07
-3.88931e-06
3.32855e-07
-3.52246e-06
2.76512e-07
-3.10927e-06
2.1166e-07
-2.64538e-06
1.36436e-07
-2.12559e-06
4.80133e-08
-1.54693e-06
-5.33853e-08
-9.07038e-07
-1.70312e-07
-2.02214e-07
-3.08666e-07
5.70605e-07
-4.72203e-07
1.41171e-06
-6.64426e-07
2.31756e-06
-8.87298e-07
3.2929e-06
-1.14303e-06
4.33395e-06
-1.43275e-06
5.43733e-06
-1.75763e-06
6.59867e-06
-2.11274e-06
7.81557e-06
-2.49612e-06
9.08229e-06
-2.89912e-06
1.03965e-05
-3.31938e-06
1.17537e-05
-3.74309e-06
1.315e-05
-4.1693e-06
1.45797e-05
-4.58185e-06
1.60373e-05
-4.98116e-06
1.75157e-05
-5.34941e-06
1.90077e-05
-5.68962e-06
2.05058e-05
-5.98368e-06
2.20017e-05
-6.23794e-06
2.34859e-05
-6.43674e-06
2.49509e-05
-6.58974e-06
2.63879e-05
-6.68306e-06
2.77905e-05
-6.72942e-06
2.91505e-05
-6.71805e-06
3.04643e-05
-6.66376e-06
3.17247e-05
-6.55871e-06
3.29307e-05
-6.41885e-06
3.40768e-05
-6.23877e-06
3.5165e-05
-6.03415e-06
3.6191e-05
-5.80176e-06
3.71594e-05
-5.55569e-06
3.80669e-05
-5.29465e-06
3.89204e-05
-5.02992e-06
3.97169e-05
-4.7622e-06
4.04652e-05
-4.49902e-06
4.11621e-05
-4.24354e-06
4.1818e-05
-3.99874e-06
4.24294e-05
-3.771e-06
4.30079e-05
-3.55799e-06
4.35491e-05
-3.37038e-06
4.40661e-05
-3.19969e-06
4.45529e-05
-3.06223e-06
4.50244e-05
-2.94242e-06
4.54729e-05
-2.86408e-06
4.59148e-05
-2.80338e-06
-2.79907e-06
-4.22179e-07
8.02862e-07
-9.62624e-07
1.35962e-06
-1.45586e-06
1.49052e-06
-1.89001e-06
1.5169e-06
-2.28652e-06
1.52971e-06
-2.65054e-06
1.52995e-06
-2.97748e-06
1.51314e-06
-3.26136e-06
1.4802e-06
-3.49877e-06
1.43377e-06
-3.69191e-06
1.38092e-06
-3.84384e-06
1.32418e-06
-3.95759e-06
1.26497e-06
-4.03614e-06
1.20453e-06
-4.08228e-06
1.14378e-06
-4.0986e-06
1.08336e-06
-4.0874e-06
1.02375e-06
-4.05075e-06
9.65294e-07
-3.99042e-06
9.08134e-07
-3.90784e-06
8.52268e-07
-3.80421e-06
7.97825e-07
-3.68048e-06
7.44859e-07
-3.53734e-06
6.93346e-07
-3.37519e-06
6.43174e-07
-3.19422e-06
5.942e-07
-2.99426e-06
5.46098e-07
-2.77489e-06
4.9849e-07
-2.53534e-06
4.50997e-07
-2.27491e-06
4.03664e-07
-1.99242e-06
3.55683e-07
-1.68652e-06
3.06487e-07
-1.35568e-06
2.55433e-07
-9.98203e-07
2.01696e-07
-6.12098e-07
1.44278e-07
-1.9501e-07
8.19317e-08
2.56543e-07
1.2516e-08
7.42669e-07
-6.06453e-08
1.26677e-06
-1.41996e-07
1.83214e-06
-2.32516e-07
2.44189e-06
-3.33239e-07
3.09927e-06
-4.45714e-07
3.80735e-06
-5.71643e-07
4.56814e-06
-7.12781e-07
5.38567e-06
-8.70912e-07
6.26392e-06
-1.04857e-06
7.20402e-06
-1.24876e-06
8.20619e-06
-1.47437e-06
9.26999e-06
-1.72823e-06
1.03942e-05
-2.01148e-06
1.1577e-05
-2.32583e-06
1.28142e-05
-2.67e-06
1.41016e-05
-3.04501e-06
1.54339e-05
-3.44504e-06
1.68064e-05
-3.8686e-06
1.82129e-05
-4.30557e-06
1.96473e-05
-4.75381e-06
2.11037e-05
-5.19951e-06
2.2575e-05
-5.64057e-06
2.4054e-05
-6.06086e-06
2.55324e-05
-6.45956e-06
2.70023e-05
-6.81932e-06
2.84547e-05
-7.14203e-06
2.98817e-05
-7.41065e-06
3.12746e-05
-7.63089e-06
3.26258e-05
-7.78794e-06
3.39285e-05
-7.89246e-06
3.5177e-05
-7.93153e-06
3.63673e-05
-7.91973e-06
3.74953e-05
-7.84608e-06
3.85601e-05
-7.72856e-06
3.95592e-05
-7.55777e-06
4.04944e-05
-7.35404e-06
4.13645e-05
-7.10889e-06
4.2174e-05
-6.84366e-06
4.29224e-05
-6.55013e-06
4.36161e-05
-6.24939e-06
4.42545e-05
-5.93307e-06
4.48457e-05
-5.62111e-06
4.53883e-05
-5.30487e-06
4.58918e-05
-5.0025e-06
4.63537e-05
-4.70538e-06
4.67843e-05
-4.42943e-06
4.71799e-05
-4.16656e-06
4.75521e-05
-3.93015e-06
4.7895e-05
-3.71327e-06
4.82217e-05
-3.52645e-06
4.85243e-05
-3.36479e-06
4.88174e-05
-3.23553e-06
4.90902e-05
-3.13689e-06
4.93591e-05
-3.0723e-06
-3.05029e-06
-2.66844e-07
1.06971e-06
-8.62322e-07
1.9551e-06
-1.48207e-06
2.11026e-06
-2.00064e-06
2.03548e-06
-2.39086e-06
1.91993e-06
-2.65565e-06
1.79474e-06
-2.81287e-06
1.67035e-06
-2.88287e-06
1.55021e-06
-2.88307e-06
1.43397e-06
-2.82457e-06
1.32241e-06
-2.71575e-06
1.21536e-06
-2.56328e-06
1.11251e-06
-2.37293e-06
1.01418e-06
-2.14965e-06
9.20491e-07
-1.89758e-06
8.31294e-07
-1.62022e-06
7.46383e-07
-1.32048e-06
6.65552e-07
-1.00069e-06
5.88352e-07
-6.6262e-07
5.14195e-07
-3.07763e-07
4.42968e-07
6.28088e-08
3.74288e-07
4.48413e-07
3.07742e-07
8.48692e-07
2.42896e-07
1.26365e-06
1.79241e-07
1.69382e-06
1.1593e-07
2.14021e-06
5.20979e-08
2.60422e-06
-1.30098e-08
3.08552e-06
-7.76417e-08
3.58639e-06
-1.45187e-07
4.10862e-06
-2.15744e-07
4.65408e-06
-2.90025e-07
5.22483e-06
-3.69054e-07
5.82298e-06
-4.53871e-07
6.45056e-06
-5.45645e-07
7.10835e-06
-6.45275e-07
7.80126e-06
-7.53559e-07
8.53122e-06
-8.71953e-07
9.30069e-06
-1.00199e-06
1.01123e-05
-1.14481e-06
1.09685e-05
-1.30198e-06
1.18718e-05
-1.47488e-06
1.28243e-05
-1.66535e-06
1.38283e-05
-1.87491e-06
1.48852e-05
-2.10545e-06
1.59954e-05
-2.35892e-06
1.71581e-05
-2.63709e-06
1.83715e-05
-2.94165e-06
1.96329e-05
-3.27284e-06
2.09382e-05
-3.63116e-06
2.22826e-05
-4.01442e-06
2.36594e-05
-4.42179e-06
2.5062e-05
-4.84768e-06
2.64822e-05
-5.28878e-06
2.79123e-05
-5.73564e-06
2.93426e-05
-6.18413e-06
3.07651e-05
-6.62206e-06
3.21697e-05
-7.04516e-06
3.35482e-05
-7.43931e-06
3.48903e-05
-7.80167e-06
3.61884e-05
-8.11742e-06
3.74336e-05
-8.38728e-06
3.862e-05
-8.597e-06
3.97406e-05
-8.7515e-06
4.07914e-05
-8.83874e-06
4.17689e-05
-8.87e-06
4.26725e-05
-8.83512e-06
4.35025e-05
-8.74966e-06
4.426e-05
-8.60363e-06
4.49482e-05
-8.41671e-06
4.55696e-05
-8.17924e-06
4.61296e-05
-7.914e-06
4.66313e-05
-7.61063e-06
4.70814e-05
-7.29377e-06
4.74828e-05
-6.95151e-06
4.78428e-05
-6.60937e-06
4.81632e-05
-6.25348e-06
4.84517e-05
-5.90959e-06
4.87086e-05
-5.56173e-06
4.89417e-05
-5.23564e-06
4.91497e-05
-4.91336e-06
4.93408e-05
-4.62051e-06
4.95117e-05
-4.33745e-06
4.96712e-05
-4.08966e-06
4.98141e-05
-3.85616e-06
4.995e-05
-3.66239e-06
5.00716e-05
-3.48643e-06
5.01898e-05
-3.35368e-06
5.02946e-05
-3.24172e-06
5.03978e-05
-3.17544e-06
-3.13602e-06
-1.49393e-06
2.56364e-06
-1.94466e-06
2.40583e-06
-2.10996e-06
2.27557e-06
-2.12659e-06
2.05211e-06
-2.0144e-06
1.80774e-06
-1.79727e-06
1.57762e-06
-1.49449e-06
1.36757e-06
-1.12053e-06
1.17624e-06
-6.88023e-07
1.00147e-06
-2.09362e-07
8.43753e-07
3.06203e-07
6.99794e-07
8.50868e-07
5.67844e-07
1.41788e-06
4.47168e-07
2.00216e-06
3.36219e-07
2.59979e-06
2.33656e-07
3.20761e-06
1.38566e-07
3.82266e-06
5.05061e-08
4.44377e-06
-3.2765e-08
5.07094e-06
-1.12973e-07
5.70235e-06
-1.88442e-07
6.33758e-06
-2.60943e-07
6.97681e-06
-3.31485e-07
7.62039e-06
-4.0068e-07
8.26842e-06
-4.68793e-07
8.92256e-06
-5.38208e-07
9.58395e-06
-6.09295e-07
1.02535e-05
-6.82561e-07
1.09345e-05
-7.58681e-07
1.16283e-05
-8.38946e-07
1.23369e-05
-9.24368e-07
1.30627e-05
-1.01577e-06
1.38078e-05
-1.11421e-06
1.45746e-05
-1.22064e-06
1.53652e-05
-1.33621e-06
1.61818e-05
-1.46193e-06
1.70272e-05
-1.59891e-06
1.79033e-05
-1.74804e-06
1.88121e-05
-1.91081e-06
1.97554e-05
-2.08817e-06
2.07351e-05
-2.28162e-06
2.17522e-05
-2.49204e-06
2.28079e-05
-2.721e-06
2.39024e-05
-2.96939e-06
2.50355e-05
-3.23859e-06
2.62058e-05
-3.52917e-06
2.74108e-05
-3.84212e-06
2.86466e-05
-4.17747e-06
2.99087e-05
-4.53492e-06
3.11906e-05
-4.91306e-06
3.24857e-05
-5.30948e-06
3.3785e-05
-5.72111e-06
3.50807e-05
-6.14337e-06
3.63617e-05
-6.56979e-06
3.76189e-05
-6.99289e-06
3.88412e-05
-7.40642e-06
4.00199e-05
-7.80068e-06
4.11441e-05
-8.16943e-06
4.22068e-05
-8.50199e-06
4.31991e-05
-8.794e-06
4.41167e-05
-9.03496e-06
4.49536e-05
-9.22421e-06
4.57088e-05
-9.35223e-06
4.63805e-05
-9.42318e-06
4.69703e-05
-9.42857e-06
4.74794e-05
-9.37908e-06
4.79138e-05
-9.26949e-06
4.82783e-05
-9.11416e-06
4.85796e-05
-8.90499e-06
4.88244e-05
-8.6615e-06
4.90196e-05
-8.37437e-06
4.91724e-05
-8.06688e-06
4.92889e-05
-7.72711e-06
4.93764e-05
-7.3812e-06
4.94387e-05
-7.01382e-06
4.94827e-05
-6.65343e-06
4.95102e-05
-6.28093e-06
4.95274e-05
-5.9268e-06
4.95337e-05
-5.56808e-06
4.95354e-05
-5.23727e-06
4.95296e-05
-4.90759e-06
4.95227e-05
-4.61359e-06
4.951e-05
-4.32481e-06
4.94983e-05
-4.07796e-06
4.94813e-05
-3.8391e-06
4.94661e-05
-3.64722e-06
4.94449e-05
-3.46517e-06
4.94255e-05
-3.3343e-06
4.93984e-05
-3.2146e-06
4.93728e-05
-3.1499e-06
-3.09377e-06
-8.95048e-07
3.45869e-06
-7.41997e-07
2.25277e-06
-2.53043e-07
1.78661e-06
4.57144e-07
1.34192e-06
1.32336e-06
9.41518e-07
2.27952e-06
6.21468e-07
3.27925e-06
3.67839e-07
4.29513e-06
1.6036e-07
5.31349e-06
-1.68881e-08
6.31892e-06
-1.61678e-07
7.31368e-06
-2.9497e-07
8.29543e-06
-4.13904e-07
9.25978e-06
-5.17183e-07
1.0206e-05
-6.09959e-07
1.11338e-05
-6.94149e-07
1.20433e-05
-7.71001e-07
1.29355e-05
-8.41695e-07
1.38105e-05
-9.07731e-07
1.46679e-05
-9.70395e-07
1.55097e-05
-1.03026e-06
1.63372e-05
-1.08845e-06
1.71519e-05
-1.14614e-06
1.79553e-05
-1.20403e-06
1.87498e-05
-1.2633e-06
1.95373e-05
-1.32575e-06
2.032e-05
-1.39201e-06
2.11004e-05
-1.46292e-06
2.18811e-05
-1.53938e-06
2.26644e-05
-1.62229e-06
2.34528e-05
-1.71277e-06
2.42487e-05
-1.81169e-06
2.50546e-05
-1.92003e-06
2.58724e-05
-2.0385e-06
2.67043e-05
-2.16814e-06
2.75522e-05
-2.30975e-06
2.84176e-05
-2.46435e-06
2.93021e-05
-2.63258e-06
3.02068e-05
-2.81552e-06
3.11325e-05
-3.01379e-06
3.20793e-05
-3.22845e-06
3.30471e-05
-3.4599e-06
3.40352e-05
-3.70909e-06
3.50423e-05
-3.97641e-06
3.60662e-05
-4.2625e-06
3.71034e-05
-4.56641e-06
3.81497e-05
-4.88845e-06
3.91996e-05
-5.22731e-06
4.02466e-05
-5.58196e-06
4.12831e-05
-5.94956e-06
4.23011e-05
-6.32746e-06
4.3291e-05
-6.71104e-06
4.42434e-05
-7.09576e-06
4.51486e-05
-7.47497e-06
4.59982e-05
-7.84251e-06
4.67829e-05
-8.19113e-06
4.74962e-05
-8.51398e-06
4.8131e-05
-8.80419e-06
4.86841e-05
-9.0551e-06
4.91518e-05
-9.26173e-06
4.95353e-05
-9.41849e-06
4.98347e-05
-9.52355e-06
5.00552e-05
-9.5727e-06
5.02002e-05
-9.56826e-06
5.02789e-05
-9.50722e-06
5.02969e-05
-9.39707e-06
5.02646e-05
-9.23717e-06
5.0189e-05
-9.03854e-06
5.00804e-05
-8.7964e-06
4.99453e-05
-8.52649e-06
4.97924e-05
-8.22146e-06
4.9627e-05
-7.90142e-06
4.94549e-05
-7.55499e-06
4.92802e-05
-7.20652e-06
4.91059e-05
-6.83955e-06
4.89353e-05
-6.48277e-06
4.87683e-05
-6.11395e-06
4.8608e-05
-5.76654e-06
4.8452e-05
-5.4121e-06
4.8304e-05
-5.08924e-06
4.81593e-05
-4.76288e-06
4.80227e-05
-4.47703e-06
4.78875e-05
-4.18959e-06
4.776e-05
-3.95048e-06
4.76312e-05
-3.71032e-06
4.75093e-05
-3.5253e-06
4.73827e-05
-3.33859e-06
4.72615e-05
-3.21301e-06
4.71312e-05
-3.08436e-06
4.70038e-05
-3.02245e-06
-2.9529e-06
3.65127e-06
-1.92588e-07
6.37304e-06
-4.68997e-07
8.78016e-06
-6.20506e-07
1.08969e-05
-7.7483e-07
1.27662e-05
-9.27807e-07
1.44523e-05
-1.06461e-06
1.59998e-05
-1.17968e-06
1.7426e-05
-1.26584e-06
1.87559e-05
-1.34671e-06
2.00125e-05
-1.41829e-06
2.11985e-05
-1.48099e-06
2.23211e-05
-1.53654e-06
2.33895e-05
-1.5856e-06
2.44088e-05
-1.62919e-06
2.53829e-05
-1.66831e-06
2.63158e-05
-1.70386e-06
2.72108e-05
-1.73668e-06
2.80707e-05
-1.76768e-06
2.88982e-05
-1.79793e-06
2.96964e-05
-1.82841e-06
3.0468e-05
-1.86006e-06
3.12158e-05
-1.8939e-06
3.19427e-05
-1.93096e-06
3.26517e-05
-1.97235e-06
3.33452e-05
-2.01921e-06
3.40257e-05
-2.07253e-06
3.4696e-05
-2.13314e-06
3.53584e-05
-2.20184e-06
3.60155e-05
-2.27938e-06
3.66693e-05
-2.36662e-06
3.73221e-05
-2.46449e-06
3.79758e-05
-2.57368e-06
3.86318e-05
-2.69447e-06
3.92913e-05
-2.82772e-06
3.99556e-05
-2.97399e-06
4.06251e-05
-3.13391e-06
4.13004e-05
-3.30787e-06
4.19813e-05
-3.49643e-06
4.26674e-05
-3.69986e-06
4.33576e-05
-3.91861e-06
4.40504e-05
-4.1527e-06
4.47436e-05
-4.40235e-06
4.54344e-05
-4.66721e-06
4.61189e-05
-4.94701e-06
4.67932e-05
-5.24062e-06
4.74519e-05
-5.54718e-06
4.80894e-05
-5.86478e-06
4.86991e-05
-6.19164e-06
4.9274e-05
-6.52455e-06
4.98071e-05
-6.86054e-06
5.0291e-05
-7.19496e-06
5.07189e-05
-7.52362e-06
5.10846e-05
-7.84065e-06
5.13832e-05
-8.14116e-06
5.16108e-05
-8.41871e-06
5.17655e-05
-8.66861e-06
5.18462e-05
-8.88496e-06
5.18555e-05
-9.06433e-06
5.1796e-05
-9.2023e-06
5.16744e-05
-9.29682e-06
5.14961e-05
-9.34534e-06
5.12708e-05
-9.34734e-06
5.10051e-05
-9.30254e-06
5.07102e-05
-9.21236e-06
5.03931e-05
-9.07996e-06
5.0063e-05
-8.90708e-06
4.9724e-05
-8.6996e-06
4.9385e-05
-8.45731e-06
4.90473e-05
-8.18878e-06
4.87172e-05
-7.89137e-06
4.83935e-05
-7.57773e-06
4.80803e-05
-7.24187e-06
4.77752e-05
-6.90134e-06
4.74806e-05
-6.545e-06
4.71936e-05
-6.1958e-06
4.69156e-05
-5.83591e-06
4.6644e-05
-5.49495e-06
4.6379e-05
-5.14712e-06
4.61197e-05
-4.8299e-06
4.58646e-05
-4.50776e-06
4.56148e-05
-4.22728e-06
4.53667e-05
-3.94151e-06
4.51241e-05
-3.70783e-06
4.48799e-05
-3.46615e-06
4.46412e-05
-3.28659e-06
4.43967e-05
-3.09406e-06
4.4157e-05
-2.97335e-06
4.39052e-05
-2.83253e-06
4.36556e-05
-2.77283e-06
-2.68984e-06
3.86008e-05
1.64964e-08
3.8567e-05
-4.35188e-07
3.87035e-05
-7.56975e-07
3.89258e-05
-9.97139e-07
3.9196e-05
-1.19799e-06
3.95082e-05
-1.37682e-06
3.98636e-05
-1.5351e-06
4.02636e-05
-1.66585e-06
4.06879e-05
-1.77098e-06
4.11267e-05
-1.85712e-06
4.1573e-05
-1.92723e-06
4.20211e-05
-1.98465e-06
4.24671e-05
-2.0316e-06
4.29077e-05
-2.06982e-06
4.33404e-05
-2.10099e-06
4.37632e-05
-2.12667e-06
4.41749e-05
-2.14838e-06
4.45748e-05
-2.16755e-06
4.49625e-05
-2.18564e-06
4.53381e-05
-2.20406e-06
4.57022e-05
-2.22414e-06
4.60555e-05
-2.24715e-06
4.63988e-05
-2.27435e-06
4.67334e-05
-2.30691e-06
4.70601e-05
-2.34593e-06
4.73801e-05
-2.39248e-06
4.76944e-05
-2.44743e-06
4.80041e-05
-2.51159e-06
4.83104e-05
-2.58567e-06
4.86141e-05
-2.67034e-06
4.89158e-05
-2.76622e-06
4.9216e-05
-2.87382e-06
4.9515e-05
-2.99352e-06
4.98131e-05
-3.12575e-06
5.01099e-05
-3.27084e-06
5.04051e-05
-3.42909e-06
5.06979e-05
-3.60071e-06
5.09873e-05
-3.78582e-06
5.12719e-05
-3.98447e-06
5.15499e-05
-4.19659e-06
5.18192e-05
-4.42197e-06
5.20771e-05
-4.66027e-06
5.23207e-05
-4.91084e-06
5.25466e-05
-5.1729e-06
5.27513e-05
-5.44525e-06
5.29306e-05
-5.72647e-06
5.30804e-05
-6.01461e-06
5.31963e-05
-6.30754e-06
5.32742e-05
-6.60249e-06
5.33102e-05
-6.8965e-06
5.3301e-05
-7.18579e-06
5.3244e-05
-7.46662e-06
5.31379e-05
-7.73452e-06
5.29822e-05
-7.98547e-06
5.27782e-05
-8.21472e-06
5.25282e-05
-8.41856e-06
5.22356e-05
-8.59239e-06
5.19056e-05
-8.7343e-06
5.1544e-05
-8.84072e-06
5.11573e-05
-8.91018e-06
5.07519e-05
-8.93988e-06
5.03342e-05
-8.92961e-06
4.9909e-05
-8.87741e-06
4.94815e-05
-8.78487e-06
4.90534e-05
-8.65187e-06
4.86278e-05
-8.48142e-06
4.82032e-05
-8.275e-06
4.77819e-05
-8.03601e-06
4.73605e-05
-7.76744e-06
4.69413e-05
-7.47215e-06
4.65191e-05
-7.15554e-06
4.60971e-05
-6.8198e-06
4.56696e-05
-6.47391e-06
4.52418e-05
-6.11713e-06
4.48079e-05
-5.76195e-06
4.43745e-05
-5.40254e-06
4.39361e-05
-5.05652e-06
4.35001e-05
-4.71111e-06
4.3061e-05
-4.3908e-06
4.26264e-05
-4.07313e-06
4.21909e-05
-3.79185e-06
4.17612e-05
-3.51177e-06
4.13326e-05
-3.27925e-06
4.09091e-05
-3.04266e-06
4.0488e-05
-2.86543e-06
4.00685e-05
-2.67462e-06
3.96515e-05
-2.55632e-06
3.92295e-05
-2.41057e-06
3.88091e-05
-2.3524e-06
-2.25357e-06
5.29808e-05
9.43149e-08
5.28851e-05
-3.39485e-07
5.28548e-05
-7.26707e-07
5.28772e-05
-1.01952e-06
5.2921e-05
-1.2418e-06
5.2967e-05
-1.42287e-06
5.30116e-05
-1.57968e-06
5.30625e-05
-1.71674e-06
5.31248e-05
-1.83326e-06
5.3197e-05
-1.92929e-06
5.32764e-05
-2.00663e-06
5.33597e-05
-2.068e-06
5.34444e-05
-2.1163e-06
5.35287e-05
-2.15407e-06
5.36111e-05
-2.18346e-06
5.36908e-05
-2.20633e-06
5.37669e-05
-2.22446e-06
5.38388e-05
-2.2395e-06
5.39063e-05
-2.25308e-06
5.3969e-05
-2.26679e-06
5.4027e-05
-2.28213e-06
5.40804e-05
-2.30055e-06
5.41294e-05
-2.32337e-06
5.41744e-05
-2.35184e-06
5.42155e-05
-2.38705e-06
5.42531e-05
-2.43005e-06
5.42873e-05
-2.48173e-06
5.43186e-05
-2.54285e-06
5.4347e-05
-2.61409e-06
5.43727e-05
-2.69599e-06
5.43955e-05
-2.78903e-06
5.44153e-05
-2.89361e-06
5.44318e-05
-3.01005e-06
5.44447e-05
-3.13862e-06
5.44533e-05
-3.27948e-06
5.4457e-05
-3.43277e-06
5.44548e-05
-3.59854e-06
5.44458e-05
-3.77676e-06
5.44286e-05
-3.96731e-06
5.4402e-05
-4.16996e-06
5.43643e-05
-4.38435e-06
5.4314e-05
-4.60998e-06
5.42493e-05
-4.84613e-06
5.41683e-05
-5.09191e-06
5.40692e-05
-5.34613e-06
5.39501e-05
-5.60732e-06
5.38091e-05
-5.87365e-06
5.36445e-05
-6.14294e-06
5.3455e-05
-6.413e-06
5.32396e-05
-6.68107e-06
5.29977e-05
-6.94395e-06
5.27293e-05
-7.19822e-06
5.2435e-05
-7.44018e-06
5.21156e-05
-7.66611e-06
5.1773e-05
-7.87212e-06
5.14089e-05
-8.05446e-06
5.10259e-05
-8.20932e-06
5.06253e-05
-8.33372e-06
5.0209e-05
-8.42444e-06
4.97779e-05
-8.47906e-06
4.93329e-05
-8.49488e-06
4.88734e-05
-8.4701e-06
4.83985e-05
-8.4025e-06
4.79061e-05
-8.29255e-06
4.73944e-05
-8.14016e-06
4.68614e-05
-7.94836e-06
4.63045e-05
-7.71809e-06
4.57223e-05
-7.45386e-06
4.51139e-05
-7.15905e-06
4.44811e-05
-6.83937e-06
4.38234e-05
-6.49786e-06
4.31454e-05
-6.14173e-06
4.24469e-05
-5.77544e-06
4.17354e-05
-5.40565e-06
4.10107e-05
-5.03716e-06
4.02827e-05
-4.67454e-06
3.95496e-05
-4.32349e-06
3.88235e-05
-3.98502e-06
3.80995e-05
-3.6668e-06
3.73909e-05
-3.36448e-06
3.6689e-05
-3.09002e-06
3.60084e-05
-2.83115e-06
3.53366e-05
-2.6074e-06
3.46885e-05
-2.3946e-06
3.40484e-05
-2.22535e-06
3.34308e-05
-2.05695e-06
3.28178e-05
-1.94339e-06
3.22221e-05
-1.8148e-06
3.16281e-05
-1.75844e-06
-1.65893e-06
5.43183e-05
-2.25308e-07
5.45013e-05
-5.22475e-07
5.46058e-05
-8.31238e-07
5.46932e-05
-1.10697e-06
5.47803e-05
-1.3289e-06
5.48611e-05
-1.50365e-06
5.49281e-05
-1.64672e-06
5.49803e-05
-1.76888e-06
5.50216e-05
-1.87458e-06
5.50568e-05
-1.96445e-06
5.50885e-05
-2.03837e-06
5.51176e-05
-2.0971e-06
5.51437e-05
-2.14244e-06
5.51663e-05
-2.17666e-06
5.51849e-05
-2.20203e-06
5.51992e-05
-2.22059e-06
5.52089e-05
-2.2342e-06
5.5214e-05
-2.24459e-06
5.52143e-05
-2.25342e-06
5.52099e-05
-2.26231e-06
5.52005e-05
-2.2728e-06
5.51864e-05
-2.28638e-06
5.51674e-05
-2.30443e-06
5.51438e-05
-2.3282e-06
5.51156e-05
-2.35883e-06
5.50828e-05
-2.39732e-06
5.50456e-05
-2.44453e-06
5.5004e-05
-2.50123e-06
5.4958e-05
-2.56803e-06
5.49074e-05
-2.64544e-06
5.48522e-05
-2.73387e-06
5.47923e-05
-2.83365e-06
5.47273e-05
-2.94502e-06
5.46568e-05
-3.06819e-06
5.45806e-05
-3.20325e-06
5.44981e-05
-3.35026e-06
5.44088e-05
-3.5092e-06
5.4312e-05
-3.67997e-06
5.4207e-05
-3.86238e-06
5.40932e-05
-4.05615e-06
5.39697e-05
-4.26085e-06
5.38357e-05
-4.47592e-06
5.36902e-05
-4.70061e-06
5.35322e-05
-4.93397e-06
5.33608e-05
-5.17475e-06
5.31749e-05
-5.42142e-06
5.29734e-05
-5.6721e-06
5.27551e-05
-5.92464e-06
5.25188e-05
-6.17666e-06
5.2263e-05
-6.42534e-06
5.19864e-05
-6.66736e-06
5.16873e-05
-6.89913e-06
5.1364e-05
-7.11679e-06
5.10143e-05
-7.3165e-06
5.06365e-05
-7.49432e-06
5.02285e-05
-7.64638e-06
4.97879e-05
-7.76876e-06
4.93121e-05
-7.85787e-06
4.8798e-05
-7.9104e-06
4.82423e-05
-7.92336e-06
4.76416e-05
-7.89413e-06
4.69921e-05
-7.82061e-06
4.62913e-05
-7.70172e-06
4.55372e-05
-7.5385e-06
4.47303e-05
-7.33318e-06
4.38708e-05
-7.08891e-06
4.29606e-05
-6.80792e-06
4.20012e-05
-6.49443e-06
4.09976e-05
-6.15544e-06
3.99561e-05
-5.79781e-06
3.88846e-05
-5.42639e-06
3.77915e-05
-5.0486e-06
3.66849e-05
-4.66893e-06
3.55739e-05
-4.29461e-06
3.44662e-05
-3.92945e-06
3.3372e-05
-3.5803e-06
3.22972e-05
-3.24877e-06
3.12522e-05
-2.93997e-06
3.02385e-05
-2.6531e-06
2.92658e-05
-2.39183e-06
2.83304e-05
-2.15458e-06
2.74425e-05
-1.94329e-06
2.65917e-05
-1.75662e-06
2.57905e-05
-1.59333e-06
2.50201e-05
-1.45493e-06
2.42975e-05
-1.33438e-06
2.35954e-05
-1.24131e-06
2.29372e-05
-1.15658e-06
2.22867e-05
-1.10793e-06
-1.04723e-06
5.39204e-05
-5.53461e-07
5.41743e-05
-7.76387e-07
5.43572e-05
-1.01405e-06
5.44923e-05
-1.24207e-06
5.46037e-05
-1.44037e-06
5.47032e-05
-1.6031e-06
5.47916e-05
-1.73519e-06
5.48674e-05
-1.84465e-06
5.49303e-05
-1.93749e-06
5.49823e-05
-2.01642e-06
5.50259e-05
-2.08199e-06
5.50632e-05
-2.13436e-06
5.5095e-05
-2.17426e-06
5.51215e-05
-2.20315e-06
5.51424e-05
-2.22294e-06
5.51574e-05
-2.23563e-06
5.51664e-05
-2.24315e-06
5.51691e-05
-2.24732e-06
5.51656e-05
-2.24988e-06
5.51557e-05
-2.25249e-06
5.51397e-05
-2.25674e-06
5.51174e-05
-2.26413e-06
5.50891e-05
-2.27609e-06
5.50548e-05
-2.2939e-06
5.50146e-05
-2.31869e-06
5.49688e-05
-2.35144e-06
5.49172e-05
-2.393e-06
5.48601e-05
-2.44412e-06
5.47975e-05
-2.50538e-06
5.47293e-05
-2.57722e-06
5.46554e-05
-2.65997e-06
5.45756e-05
-2.75386e-06
5.44896e-05
-2.85908e-06
5.43972e-05
-2.97572e-06
5.42977e-05
-3.10381e-06
5.41908e-05
-3.2433e-06
5.40757e-05
-3.39409e-06
5.39517e-05
-3.55598e-06
5.3818e-05
-3.72867e-06
5.36735e-05
-3.91174e-06
5.35173e-05
-4.10465e-06
5.33481e-05
-4.30667e-06
5.31644e-05
-4.51689e-06
5.29645e-05
-4.73414e-06
5.27468e-05
-4.95699e-06
5.2509e-05
-5.18361e-06
5.22487e-05
-5.41185e-06
5.19633e-05
-5.63926e-06
5.16497e-05
-5.86301e-06
5.13042e-05
-6.07984e-06
5.09228e-05
-6.28598e-06
5.05011e-05
-6.47741e-06
5.00342e-05
-6.64989e-06
4.95171e-05
-6.79937e-06
4.89447e-05
-6.92192e-06
4.83124e-05
-7.0141e-06
4.76161e-05
-7.07247e-06
4.68524e-05
-7.09411e-06
4.60179e-05
-7.07598e-06
4.51098e-05
-7.01519e-06
4.41247e-05
-6.90906e-06
4.30603e-05
-6.75625e-06
4.19165e-05
-6.55785e-06
4.06966e-05
-6.31866e-06
3.94077e-05
-6.04424e-06
3.80572e-05
-5.73841e-06
3.66531e-05
-5.40381e-06
3.5204e-05
-5.04532e-06
3.37198e-05
-4.67129e-06
3.22135e-05
-4.29149e-06
3.0701e-05
-3.91395e-06
2.91973e-05
-3.54484e-06
2.77168e-05
-3.18848e-06
2.62721e-05
-2.84989e-06
2.48758e-05
-2.53316e-06
2.35383e-05
-2.2428e-06
2.22692e-05
-1.97969e-06
2.10752e-05
-1.74597e-06
1.99616e-05
-1.53946e-06
1.89311e-05
-1.3613e-06
1.79833e-05
-1.2068e-06
1.71172e-05
-1.07724e-06
1.63265e-05
-9.65895e-07
1.56088e-05
-8.75579e-07
1.49515e-05
-7.9762e-07
1.4355e-05
-7.37909e-07
1.37997e-05
-6.86e-07
1.32945e-05
-6.5143e-07
1.28097e-05
-6.23082e-07
-6.07692e-07
5.35794e-05
-8.6636e-07
5.38473e-05
-1.04429e-06
5.40626e-05
-1.2293e-06
5.42316e-05
-1.41114e-06
5.43699e-05
-1.57866e-06
5.44901e-05
-1.7233e-06
5.45978e-05
-1.84291e-06
5.46942e-05
-1.94106e-06
5.47791e-05
-2.02234e-06
5.48525e-05
-2.08982e-06
5.49155e-05
-2.14494e-06
5.49693e-05
-2.18819e-06
5.5015e-05
-2.21996e-06
5.5053e-05
-2.24113e-06
5.50831e-05
-2.2531e-06
5.51051e-05
-2.25763e-06
5.51186e-05
-2.25664e-06
5.51233e-05
-2.25205e-06
5.51192e-05
-2.24571e-06
5.51061e-05
-2.23943e-06
5.50843e-05
-2.23488e-06
5.50537e-05
-2.23361e-06
5.50147e-05
-2.23702e-06
5.49672e-05
-2.24642e-06
5.49114e-05
-2.2629e-06
5.48474e-05
-2.28741e-06
5.47752e-05
-2.3208e-06
5.46948e-05
-2.36378e-06
5.46064e-05
-2.41692e-06
5.45096e-05
-2.48044e-06
5.44041e-05
-2.55454e-06
5.42896e-05
-2.63934e-06
5.41654e-05
-2.73487e-06
5.40307e-05
-2.84106e-06
5.38847e-05
-2.95777e-06
5.37262e-05
-3.08481e-06
5.3554e-05
-3.22188e-06
5.33666e-05
-3.36859e-06
5.31624e-05
-3.52445e-06
5.29395e-05
-3.68882e-06
5.26957e-05
-3.8609e-06
5.24287e-05
-4.03965e-06
5.21357e-05
-4.22389e-06
5.18136e-05
-4.41207e-06
5.14591e-05
-4.60245e-06
5.10683e-05
-4.79284e-06
5.06372e-05
-4.98075e-06
5.01613e-05
-5.16335e-06
4.96357e-05
-5.33738e-06
4.90548e-05
-5.49898e-06
4.84129e-05
-5.64402e-06
4.77037e-05
-5.76825e-06
4.69213e-05
-5.86745e-06
4.60594e-05
-5.93756e-06
4.51124e-05
-5.97492e-06
4.40751e-05
-5.97675e-06
4.29448e-05
-5.94216e-06
4.17211e-05
-5.87039e-06
4.04048e-05
-5.75969e-06
3.89977e-05
-5.60812e-06
3.75004e-05
-5.41172e-06
3.59145e-05
-5.1704e-06
3.42464e-05
-4.88971e-06
3.25079e-05
-4.58022e-06
3.07152e-05
-4.25154e-06
2.88846e-05
-3.90782e-06
2.7035e-05
-3.55418e-06
2.51853e-05
-3.19561e-06
2.33534e-05
-2.83943e-06
2.15588e-05
-2.49682e-06
1.98231e-05
-2.17831e-06
1.81677e-05
-1.88946e-06
1.66117e-05
-1.6324e-06
1.51707e-05
-1.40894e-06
1.38562e-05
-1.21871e-06
1.26738e-05
-1.06039e-06
1.16241e-05
-9.29913e-07
1.0701e-05
-8.22867e-07
9.89611e-06
-7.34602e-07
9.19716e-06
-6.6235e-07
8.59218e-06
-6.01812e-07
8.06664e-06
-5.51701e-07
7.60865e-06
-5.07905e-07
7.20458e-06
-4.71511e-07
6.84489e-06
-4.37933e-07
6.51897e-06
-4.11991e-07
6.22017e-06
-3.87196e-07
5.94334e-06
-3.74603e-07
5.68113e-06
-3.60865e-07
-3.63801e-07
5.3438e-05
-1.17099e-06
5.37076e-05
-1.31387e-06
5.39377e-05
-1.45943e-06
5.41299e-05
-1.60331e-06
5.42909e-05
-1.73965e-06
5.44297e-05
-1.86211e-06
5.4553e-05
-1.96627e-06
5.46636e-05
-2.05163e-06
5.47617e-05
-2.12043e-06
5.4847e-05
-2.17516e-06
5.49196e-05
-2.21745e-06
5.49795e-05
-2.24818e-06
5.50274e-05
-2.26781e-06
5.50633e-05
-2.277e-06
5.5087e-05
-2.27681e-06
5.50981e-05
-2.26877e-06
5.50962e-05
-2.25469e-06
5.50807e-05
-2.23659e-06
5.50515e-05
-2.21651e-06
5.50085e-05
-2.19643e-06
5.49519e-05
-2.17822e-06
5.48818e-05
-2.16359e-06
5.47987e-05
-2.1539e-06
5.47025e-05
-2.15022e-06
5.45931e-05
-2.15352e-06
5.44706e-05
-2.16485e-06
5.43348e-05
-2.18502e-06
5.41857e-05
-2.21464e-06
5.40228e-05
-2.25403e-06
5.38456e-05
-2.3033e-06
5.36535e-05
-2.36241e-06
5.34454e-05
-2.43122e-06
5.32201e-05
-2.50953e-06
5.2976e-05
-2.59701e-06
5.27115e-05
-2.69329e-06
5.24246e-05
-2.79789e-06
5.2113e-05
-2.91027e-06
5.17742e-05
-3.02975e-06
5.14053e-05
-3.15556e-06
5.10032e-05
-3.28678e-06
5.05646e-05
-3.4223e-06
5.00858e-05
-3.56079e-06
4.95625e-05
-3.70066e-06
4.89905e-05
-3.83998e-06
4.83646e-05
-3.97659e-06
4.76798e-05
-4.108e-06
4.6931e-05
-4.23195e-06
4.61131e-05
-4.3455e-06
4.52207e-05
-4.44493e-06
4.42477e-05
-4.52602e-06
4.31884e-05
-4.58472e-06
4.20373e-05
-4.61715e-06
4.07899e-05
-4.62008e-06
3.94429e-05
-4.5905e-06
3.79936e-05
-4.52566e-06
3.64389e-05
-4.42206e-06
3.47814e-05
-4.28458e-06
3.30277e-05
-4.11677e-06
3.1186e-05
-3.918e-06
2.927e-05
-3.6921e-06
2.72903e-05
-3.43201e-06
2.52594e-05
-3.13952e-06
2.31974e-05
-2.82768e-06
2.11278e-05
-2.51061e-06
1.90775e-05
-2.20123e-06
1.70727e-05
-1.90307e-06
1.51459e-05
-1.62736e-06
1.33357e-05
-1.38534e-06
1.16684e-05
-1.17215e-06
1.01626e-05
-9.91039e-07
8.83033e-06
-8.46034e-07
7.67911e-06
-7.38242e-07
6.69774e-06
-6.51023e-07
5.87315e-06
-5.84345e-07
5.18413e-06
-5.2969e-07
4.60494e-06
-4.81207e-07
4.11157e-06
-4.36539e-07
3.68485e-06
-3.9615e-07
3.31114e-06
-3.6089e-07
2.98028e-06
-3.31493e-07
2.68542e-06
-3.06955e-07
2.4206e-06
-2.86882e-07
2.18276e-06
-2.70066e-07
1.96671e-06
-2.55452e-07
1.77005e-06
-2.41278e-07
1.58781e-06
-2.29752e-07
1.42061e-06
-2.19992e-07
1.26311e-06
-2.17104e-07
1.11776e-06
-2.15516e-07
-2.35734e-07
5.34682e-05
-1.4646e-06
5.37288e-05
-1.57446e-06
5.39544e-05
-1.68508e-06
5.41461e-05
-1.79499e-06
5.43067e-05
-1.90027e-06
5.44403e-05
-1.99571e-06
5.45511e-05
-2.07708e-06
5.46421e-05
-2.14257e-06
5.47141e-05
-2.19242e-06
5.47668e-05
-2.22791e-06
5.47996e-05
-2.25027e-06
5.4812e-05
-2.26054e-06
5.48037e-05
-2.25948e-06
5.47745e-05
-2.24784e-06
5.47243e-05
-2.22664e-06
5.46529e-05
-2.19734e-06
5.45599e-05
-2.1617e-06
5.44452e-05
-2.12183e-06
5.43087e-05
-2.08003e-06
5.41506e-05
-2.03836e-06
5.39713e-05
-1.9989e-06
5.37715e-05
-1.96377e-06
5.35521e-05
-1.93457e-06
5.3313e-05
-1.91105e-06
5.30538e-05
-1.89438e-06
5.27746e-05
-1.88565e-06
5.24751e-05
-1.88554e-06
5.21549e-05
-1.89437e-06
5.1813e-05
-1.91221e-06
5.14486e-05
-1.93886e-06
5.10602e-05
-1.974e-06
5.06461e-05
-2.01718e-06
5.02045e-05
-2.06783e-06
4.97328e-05
-2.12537e-06
4.92286e-05
-2.18908e-06
4.86889e-05
-2.25822e-06
4.81106e-05
-2.33191e-06
4.74901e-05
-2.40924e-06
4.68237e-05
-2.48915e-06
4.61074e-05
-2.57053e-06
4.53371e-05
-2.65203e-06
4.45086e-05
-2.73227e-06
4.36174e-05
-2.80947e-06
4.26591e-05
-2.88164e-06
4.16285e-05
-2.94599e-06
4.05201e-05
-2.9996e-06
3.93307e-05
-3.04259e-06
3.80572e-05
-3.07195e-06
3.66958e-05
-3.08355e-06
3.52437e-05
-3.07394e-06
3.36991e-05
-3.04013e-06
3.20615e-05
-2.97953e-06
3.03321e-05
-2.89075e-06
2.85161e-05
-2.77448e-06
2.66199e-05
-2.62943e-06
2.46548e-05
-2.45694e-06
2.26303e-05
-2.26009e-06
2.05658e-05
-2.05227e-06
1.8486e-05
-1.83816e-06
1.6414e-05
-1.62017e-06
1.43848e-05
-1.40279e-06
1.24376e-05
-1.1923e-06
1.06075e-05
-9.97646e-07
8.92521e-06
-8.28267e-07
7.41882e-06
-6.94847e-07
6.12536e-06
-6.09612e-07
5.04347e-06
-5.45469e-07
4.15146e-06
-4.93337e-07
3.41676e-06
-4.37448e-07
2.8015e-06
-3.75777e-07
2.27125e-06
-3.1579e-07
1.80113e-06
-2.68124e-07
1.38476e-06
-2.34651e-07
1.01912e-06
-2.187e-07
6.98604e-07
-2.09179e-07
4.17339e-07
-1.99942e-07
1.69473e-07
-1.88673e-07
-5.05323e-08
-1.76145e-07
-2.47257e-07
-1.64165e-07
-4.24319e-07
-1.54431e-07
-5.84503e-07
-1.4677e-07
-7.30971e-07
-1.40414e-07
-8.6617e-07
-1.34867e-07
-9.91972e-07
-1.2965e-07
-1.10892e-06
-1.24325e-07
-1.21826e-06
-1.20416e-07
-1.31922e-06
-1.1903e-07
-1.41371e-06
-1.22613e-07
-1.49709e-06
-1.32139e-07
-1.53585e-07
5.34095e-05
-1.67992e-06
5.35812e-05
-1.74613e-06
5.37089e-05
-1.81279e-06
5.37925e-05
-1.8786e-06
5.3833e-05
-1.94075e-06
5.38317e-05
-1.99446e-06
5.37903e-05
-2.03566e-06
5.37113e-05
-2.06353e-06
5.35968e-05
-2.07791e-06
5.34478e-05
-2.07896e-06
5.32647e-05
-2.06716e-06
5.30477e-05
-2.04357e-06
5.27976e-05
-2.00935e-06
5.25152e-05
-1.96547e-06
5.22017e-05
-1.91314e-06
5.18583e-05
-1.85393e-06
5.14863e-05
-1.78966e-06
5.10869e-05
-1.72245e-06
5.06613e-05
-1.65445e-06
5.02108e-05
-1.58779e-06
4.97363e-05
-1.52438e-06
4.92391e-05
-1.46665e-06
4.87211e-05
-1.41655e-06
4.81818e-05
-1.37177e-06
4.76216e-05
-1.3341e-06
4.70401e-05
-1.30419e-06
4.64369e-05
-1.28231e-06
4.58109e-05
-1.26842e-06
4.51609e-05
-1.26223e-06
4.44853e-05
-1.26322e-06
4.3782e-05
-1.27071e-06
4.30488e-05
-1.28397e-06
4.22831e-05
-1.30218e-06
4.14822e-05
-1.32447e-06
4.06431e-05
-1.34994e-06
3.97625e-05
-1.37766e-06
3.88373e-05
-1.40664e-06
3.78639e-05
-1.43585e-06
3.6839e-05
-1.46423e-06
3.57591e-05
-1.49069e-06
3.46212e-05
-1.51408e-06
3.34222e-05
-1.53327e-06
3.21597e-05
-1.54703e-06
3.08322e-05
-1.55406e-06
2.94374e-05
-1.55121e-06
2.79748e-05
-1.53702e-06
2.64468e-05
-1.51458e-06
2.48549e-05
-1.48003e-06
2.32028e-05
-1.43149e-06
2.14965e-05
-1.36766e-06
1.97449e-05
-1.28849e-06
1.79593e-05
-1.19395e-06
1.61531e-05
-1.08448e-06
1.43438e-05
-9.65219e-07
1.25555e-05
-8.41167e-07
1.08184e-05
-7.19829e-07
9.16944e-06
-6.1111e-07
7.64174e-06
-5.24573e-07
6.26996e-06
-4.66385e-07
5.08273e-06
-4.32937e-07
4.07438e-06
-3.94435e-07
3.22715e-06
-3.45075e-07
2.51213e-06
-2.82626e-07
1.90017e-06
-2.16306e-07
1.36823e-06
-1.62912e-07
8.90398e-07
-1.31777e-07
4.73398e-07
-1.28469e-07
1.12941e-07
-1.3288e-07
-1.96532e-07
-1.27975e-07
-4.63483e-07
-1.08826e-07
-6.95015e-07
-8.42575e-08
-8.98133e-07
-6.50061e-08
-1.07688e-06
-5.59039e-08
-1.23994e-06
-5.5643e-08
-1.38976e-06
-5.93523e-08
-1.52672e-06
-6.29889e-08
-1.65116e-06
-6.42271e-08
-1.76414e-06
-6.31697e-08
-1.86732e-06
-6.09849e-08
-1.96289e-06
-5.88624e-08
-2.05237e-06
-5.72846e-08
-2.13668e-06
-5.6109e-08
-2.21658e-06
-5.49616e-08
-2.2926e-06
-5.36368e-08
-2.36466e-06
-5.22586e-08
-2.43309e-06
-5.19913e-08
-2.49773e-06
-5.4384e-08
-2.55859e-06
-6.17593e-08
-2.61579e-06
-7.49309e-08
-9.01193e-08
5.10788e-05
-1.45598e-06
5.07898e-05
-1.45713e-06
5.04367e-05
-1.45969e-06
5.00199e-05
-1.4618e-06
4.95405e-05
-1.46136e-06
4.90021e-05
-1.45598e-06
4.84089e-05
-1.44249e-06
4.77659e-05
-1.42053e-06
4.70791e-05
-1.39113e-06
4.63535e-05
-1.35335e-06
4.55938e-05
-1.30751e-06
4.48047e-05
-1.25439e-06
4.39902e-05
-1.19492e-06
4.31549e-05
-1.13012e-06
4.23029e-05
-1.06113e-06
4.14382e-05
-9.89256e-07
4.05645e-05
-9.16002e-07
3.96851e-05
-8.43031e-07
3.88027e-05
-7.72038e-07
3.79196e-05
-7.04663e-07
3.70375e-05
-6.42296e-07
3.61569e-05
-5.86024e-07
3.52767e-05
-5.36406e-07
3.43984e-05
-4.93461e-07
3.35215e-05
-4.57192e-07
3.26449e-05
-4.27553e-07
3.17669e-05
-4.04339e-07
3.08856e-05
-3.87122e-07
2.99986e-05
-3.75275e-07
2.91035e-05
-3.68038e-07
2.81973e-05
-3.64588e-07
2.72774e-05
-3.64091e-07
2.6341e-05
-3.65729e-07
2.53852e-05
-3.68708e-07
2.44076e-05
-3.72268e-07
2.34056e-05
-3.7568e-07
2.23772e-05
-3.78266e-07
2.13208e-05
-3.79393e-07
2.0235e-05
-3.78518e-07
1.91195e-05
-3.75176e-07
1.79745e-05
-3.69048e-07
1.68012e-05
-3.59964e-07
1.56022e-05
-3.47991e-07
1.43816e-05
-3.33465e-07
1.31475e-05
-3.17111e-07
1.19107e-05
-3.003e-07
1.06804e-05
-2.84224e-07
9.46996e-06
-2.69609e-07
8.29526e-06
-2.5679e-07
7.17291e-06
-2.4531e-07
6.11853e-06
-2.34116e-07
5.1474e-06
-2.22812e-07
4.2674e-06
-2.04486e-07
3.47773e-06
-1.75547e-07
2.77549e-06
-1.38932e-07
2.15435e-06
-9.86905e-08
1.60588e-06
-6.2635e-08
1.12093e-06
-3.96261e-08
6.87362e-07
-3.28161e-08
2.97033e-07
-4.2608e-08
-4.27908e-08
-5.46109e-08
-3.32223e-07
-5.56426e-08
-5.7387e-07
-4.09793e-08
-7.71949e-07
-1.82275e-08
-9.35542e-07
6.80926e-10
-1.07529e-06
7.97321e-09
-1.20615e-06
2.3932e-09
-1.33155e-06
-7.48872e-09
-1.44571e-06
-1.3814e-08
-1.54203e-06
-1.25063e-08
-1.61922e-06
-7.06408e-09
-1.68212e-06
-2.10496e-09
-1.73776e-06
-2.67337e-10
-1.79142e-06
-1.98228e-09
-1.84541e-06
-5.3625e-09
-1.89984e-06
-8.55202e-09
-1.95345e-06
-1.06174e-08
-2.00506e-06
-1.1565e-08
-2.05418e-06
-1.18617e-08
-2.10106e-06
-1.19865e-08
-2.14621e-06
-1.21284e-08
-2.19005e-06
-1.22722e-08
-2.2327e-06
-1.23167e-08
-2.27414e-06
-1.21951e-08
-2.31439e-06
-1.20067e-08
-2.35406e-06
-1.2321e-08
-2.3942e-06
-1.42473e-08
-2.43632e-06
-1.96317e-08
-2.48231e-06
-2.89447e-08
-3.74806e-08
3.50132e-05
3.3556e-05
3.20963e-05
3.06345e-05
2.91732e-05
2.77172e-05
2.62747e-05
2.48542e-05
2.34631e-05
2.21097e-05
2.08022e-05
1.95478e-05
1.83529e-05
1.72228e-05
1.61616e-05
1.51724e-05
1.42564e-05
1.34134e-05
1.26413e-05
1.19367e-05
1.12944e-05
1.07083e-05
1.01719e-05
9.67846e-06
9.22127e-06
8.79372e-06
8.38938e-06
8.00226e-06
7.62698e-06
7.25895e-06
6.89436e-06
6.53027e-06
6.16454e-06
5.79583e-06
5.42356e-06
5.04788e-06
4.66962e-06
4.29022e-06
3.9117e-06
3.53653e-06
3.16748e-06
2.80752e-06
2.45952e-06
2.12606e-06
1.80895e-06
1.50865e-06
1.22442e-06
9.54815e-07
6.98025e-07
4.52715e-07
2.18599e-07
-4.21305e-09
-2.08699e-07
-3.84246e-07
-5.23178e-07
-6.21869e-07
-6.84504e-07
-7.2413e-07
-7.56946e-07
-7.99554e-07
-8.54165e-07
-9.09808e-07
-9.50787e-07
-9.69014e-07
-9.68333e-07
-9.6036e-07
-9.57967e-07
-9.65456e-07
-9.7927e-07
-9.91776e-07
-9.9884e-07
-1.00095e-06
-1.00121e-06
-1.00319e-06
-1.00856e-06
-1.01711e-06
-1.02773e-06
-1.03929e-06
-1.05115e-06
-1.06314e-06
-1.07527e-06
-1.08754e-06
-1.09986e-06
-1.11205e-06
-1.12406e-06
-1.13638e-06
-1.15063e-06
-1.17026e-06
-1.1992e-06
)
;

boundaryField
{
    fixedWalls
    {
        type            calculated;
        value           uniform 0;
    }
    inflowWall
    {
        type            calculated;
        value           nonuniform List<scalar> 10(-5e-05 -5e-05 -5e-05 -5e-05 -5e-05 -5e-05 -5e-05 -5e-05 -5e-05 -5e-05);
    }
    outflowWall
    {
        type            calculated;
        value           nonuniform List<scalar> 
20
(
1.2384e-05
2.51347e-05
3.37347e-05
4.08761e-05
4.63425e-05
4.96103e-05
5.04835e-05
4.93306e-05
4.68629e-05
4.33925e-05
3.83728e-05
3.10335e-05
2.1675e-05
1.23701e-05
5.43724e-06
9.89691e-07
-1.57924e-06
-2.67926e-06
-2.53495e-06
-1.23668e-06
)
;
    }
    frontAndBack
    {
        type            empty;
        value           nonuniform List<scalar> 0();
    }
}


// ************************************************************************* //
