/*--------------------------------*- C++ -*----------------------------------*\
| =========                 |                                                 |
| \\      /  F ield         | OpenFOAM: The Open Source CFD Toolbox           |
|  \\    /   O peration     | Version:  2306                                  |
|   \\  /    A nd           | Website:  www.openfoam.com                      |
|    \\/     M anipulation  |                                                 |
\*---------------------------------------------------------------------------*/
FoamFile
{
    version     2.0;
    format      ascii;
    arch        "LSB;label=32;scalar=64";
    class       volVectorField;
    location    "4.2";
    object      U;
}
// * * * * * * * * * * * * * * * * * * * * * * * * * * * * * * * * * * * * * //

dimensions      [0 1 -1 0 0 0 0];

internalField   nonuniform List<vector> 
1900
(
(0.984283 0.00728622 0)
(0.961752 0.021688 0)
(0.952344 0.0181692 0)
(0.918699 0.0253062 0)
(0.903444 0.0154298 0)
(0.863079 0.02575 0)
(0.852316 0.01158 0)
(0.812 0.026723 0)
(0.809752 0.00452782 0)
(0.770571 0.0259527 0)
(1.00256 0.0115583 0)
(1.00445 0.0258595 0)
(1.01944 0.0289591 0)
(1.02198 0.0304487 0)
(1.03489 0.0279933 0)
(1.03398 0.0284028 0)
(1.04409 0.0257601 0)
(1.04282 0.0250576 0)
(1.05125 0.0206128 0)
(1.05234 0.0161222 0)
(1.00048 0.00388485 0)
(1.00419 0.0111519 0)
(1.01255 0.0139916 0)
(1.02113 0.0157774 0)
(1.03155 0.0146965 0)
(1.04055 0.0143984 0)
(1.05 0.0123444 0)
(1.05841 0.0108873 0)
(1.06689 0.00724818 0)
(1.07473 0.00306836 0)
(1.00007 0.00207569 0)
(1.00313 0.00583884 0)
(1.00888 0.00804723 0)
(1.01649 0.00902303 0)
(1.02528 0.00853771 0)
(1.03432 0.00743058 0)
(1.04325 0.00564069 0)
(1.05181 0.00346591 0)
(1.05999 0.000623761 0)
(1.06766 -0.00291241 0)
(1.00003 0.000423195 0)
(1.00261 0.00116771 0)
(1.00738 0.00142691 0)
(1.01402 0.00114116 0)
(1.02191 0.000236589 0)
(1.03035 -0.0011358 0)
(1.03879 -0.00294009 0)
(1.04691 -0.00515558 0)
(1.05459 -0.00782861 0)
(1.06173 -0.011023 0)
(1.00003 -0.00106183 0)
(1.00255 -0.00303076 0)
(1.0072 -0.00475575 0)
(1.01366 -0.00619801 0)
(1.02132 -0.00750317 0)
(1.02948 -0.00887263 0)
(1.03758 -0.0104924 0)
(1.04531 -0.0124739 0)
(1.05258 -0.0148576 0)
(1.05934 -0.0176141 0)
(1.00003 -0.00271143 0)
(1.00303 -0.00743479 0)
(1.00836 -0.0110631 0)
(1.01545 -0.0135023 0)
(1.02346 -0.01513 0)
(1.03162 -0.0164958 0)
(1.03949 -0.0180052 0)
(1.04688 -0.0198363 0)
(1.05379 -0.0219825 0)
(1.06027 -0.024354 0)
(1.00004 -0.00476968 0)
(1.00441 -0.0122344 0)
(1.01137 -0.0169191 0)
(1.01979 -0.019351 0)
(1.02839 -0.0206788 0)
(1.03639 -0.0218514 0)
(1.04358 -0.0233175 0)
(1.05005 -0.0251043 0)
(1.05592 -0.0270708 0)
(1.06122 -0.0290836 0)
(1.00006 -0.0121189 0)
(1.00721 -0.0259521 0)
(1.01558 -0.0314297 0)
(1.02287 -0.0325785 0)
(1.02793 -0.0326623 0)
(1.03072 -0.0330376 0)
(1.03173 -0.0338167 0)
(1.03141 -0.0347366 0)
(1.02999 -0.0355819 0)
(1.02748 -0.0362934 0)
(0.980777 -0.00916354 0)
(0.964585 -0.0188216 0)
(0.945457 -0.0220462 0)
(0.920789 -0.0221855 0)
(0.891998 -0.0217392 0)
(0.861683 -0.0215779 0)
(0.83144 -0.0216098 0)
(0.80175 -0.0215995 0)
(0.772542 -0.021423 0)
(0.743572 -0.0210961 0)
(0.000207172 -0.000109117 0)
(0.000346491 -2.01383e-05 0)
(8.7276e-05 2.69424e-05 0)
(-0.000392626 5.58849e-05 0)
(-0.00103401 7.35343e-05 0)
(-0.00179517 9.06164e-05 0)
(-0.00266273 0.000110602 0)
(-0.00363174 0.000132377 0)
(-0.0046969 0.000154718 0)
(-0.00585193 0.000176948 0)
(-0.00708988 0.000198683 0)
(-0.00840347 0.000219658 0)
(-0.00978533 0.000239641 0)
(-0.0112282 0.00025843 0)
(-0.0127253 0.000275867 0)
(-0.0142699 0.000291839 0)
(-0.015856 0.00030628 0)
(-0.017478 0.000319164 0)
(-0.0191312 0.000330477 0)
(-0.0208113 0.000340251 0)
(-0.0225154 0.000348567 0)
(-0.0242416 0.000355545 0)
(-0.0259895 0.000361313 0)
(-0.0277599 0.000365993 0)
(-0.0295553 0.000369698 0)
(-0.0313796 0.000372504 0)
(-0.0332382 0.000374387 0)
(-0.0351379 0.00037511 0)
(-0.0370866 0.000374136 0)
(-0.0390933 0.000370558 0)
(-0.0411673 0.000363062 0)
(-0.043319 0.000350118 0)
(-0.0455608 0.000330609 0)
(-0.0479089 0.000304932 0)
(-0.0503875 0.000276296 0)
(-0.0530325 0.000252094 0)
(-0.0558962 0.000245472 0)
(-0.0590527 0.000276763 0)
(-0.0626016 0.000374078 0)
(-0.0666696 0.000572451 0)
(-0.0714067 0.000910154 0)
(-0.0769759 0.00142053 0)
(-0.0835319 0.00211926 0)
(-0.0911901 0.00299106 0)
(-0.0999902 0.00398308 0)
(-0.109865 0.00500996 0)
(-0.120625 0.00596729 0)
(-0.13196 0.00674484 0)
(-0.143457 0.00724543 0)
(-0.154636 0.00740489 0)
(-0.165001 0.00721029 0)
(-0.174082 0.00671502 0)
(-0.181461 0.00601501 0)
(-0.186783 0.00516928 0)
(-0.189784 0.00417271 0)
(-0.190292 0.00301528 0)
(-0.188247 0.00170775 0)
(-0.183668 0.000353065 0)
(-0.176551 -0.00100954 0)
(-0.16704 -0.00231545 0)
(-0.155299 -0.00352999 0)
(-0.141536 -0.00464044 0)
(-0.125977 -0.00560457 0)
(-0.108904 -0.00640734 0)
(-0.0905904 -0.00705457 0)
(-0.0712593 -0.00757608 0)
(-0.051332 -0.00782604 0)
(-0.0309592 -0.00797174 0)
(-0.0106185 -0.00797225 0)
(0.00979168 -0.00785787 0)
(0.0295989 -0.00761425 0)
(0.0491681 -0.00728886 0)
(0.0676465 -0.00685487 0)
(0.0857015 -0.0063844 0)
(0.10229 -0.00583335 0)
(0.118415 -0.00529495 0)
(0.132783 -0.0047112 0)
(0.14679 -0.00418885 0)
(0.158817 -0.00363484 0)
(0.170748 -0.00317539 0)
(0.180497 -0.00268827 0)
(0.190595 -0.00232838 0)
(0.198257 -0.00193888 0)
(0.206946 -0.00170972 0)
(0.21277 -0.00144201 0)
(0.220666 -0.00137251 0)
(0.224835 -0.00123576 0)
(0.232837 -0.00135709 0)
(0.235241 -0.00130883 0)
(0.244914 -0.00178181 0)
(6.30051e-05 -0.000519605 0)
(-0.000520419 0.000138187 0)
(-0.0020092 0.000707299 0)
(-0.00391211 0.00110935 0)
(-0.00619769 0.00138643 0)
(-0.00879296 0.00160646 0)
(-0.0116611 0.00180552 0)
(-0.0147745 0.00199148 0)
(-0.0181043 0.00216439 0)
(-0.0216236 0.0023235 0)
(-0.0253065 0.00246815 0)
(-0.0291287 0.0025982 0)
(-0.0330674 0.00271399 0)
(-0.0371021 0.00281615 0)
(-0.041214 0.00290554 0)
(-0.0453872 0.0029832 0)
(-0.0496082 0.00305024 0)
(-0.0538662 0.00310794 0)
(-0.0581534 0.00315767 0)
(-0.0624647 0.00320133 0)
(-0.0667987 0.00324124 0)
(-0.0711574 0.00327999 0)
(-0.0755462 0.00332035 0)
(-0.079974 0.00336518 0)
(-0.0844532 0.00341753 0)
(-0.0889997 0.00348059 0)
(-0.0936328 0.00355754 0)
(-0.0983749 0.00365138 0)
(-0.103251 0.0037649 0)
(-0.10829 0.00390084 0)
(-0.113521 0.00406225 0)
(-0.118977 0.00425347 0)
(-0.124692 0.00448169 0)
(-0.130701 0.00475865 0)
(-0.137044 0.00510128 0)
(-0.14376 0.00553136 0)
(-0.150886 0.00607522 0)
(-0.158451 0.00676175 0)
(-0.16647 0.00761761 0)
(-0.174934 0.00865995 0)
(-0.183801 0.0098868 0)
(-0.192989 0.0112663 0)
(-0.202364 0.0127286 0)
(-0.211741 0.0141626 0)
(-0.220872 0.0154246 0)
(-0.229469 0.0163619 0)
(-0.237214 0.016836 0)
(-0.243778 0.01673 0)
(-0.248828 0.0159671 0)
(-0.252043 0.0145304 0)
(-0.253117 0.0124571 0)
(-0.25179 0.00981173 0)
(-0.247909 0.0066534 0)
(-0.24148 0.00309968 0)
(-0.232391 -0.000716977 0)
(-0.220743 -0.00467018 0)
(-0.206439 -0.00867003 0)
(-0.189666 -0.0125793 0)
(-0.17043 -0.0163446 0)
(-0.149048 -0.01983 0)
(-0.125629 -0.0229328 0)
(-0.100502 -0.0256973 0)
(-0.0738507 -0.0280585 0)
(-0.0460164 -0.0300046 0)
(-0.0173582 -0.0315573 0)
(0.0121503 -0.0326414 0)
(0.0418631 -0.0332983 0)
(0.0720179 -0.0335577 0)
(0.101362 -0.0334309 0)
(0.131155 -0.0329824 0)
(0.159337 -0.0321931 0)
(0.187999 -0.0311772 0)
(0.214279 -0.0298789 0)
(0.241222 -0.0284642 0)
(0.265049 -0.026838 0)
(0.289936 -0.0252074 0)
(0.310951 -0.0234309 0)
(0.333691 -0.0217577 0)
(0.351718 -0.0199868 0)
(0.372463 -0.0184133 0)
(0.387443 -0.0167687 0)
(0.406553 -0.015409 0)
(0.418501 -0.0139847 0)
(0.436538 -0.0129328 0)
(0.445496 -0.0117996 0)
(0.46322 -0.0111359 0)
(0.469216 -0.0103434 0)
(0.487581 -0.0101472 0)
(0.490587 -0.00972775 0)
(0.510653 -0.0101256 0)
(-0.0001582 0.000421924 0)
(-0.00193865 0.0022812 0)
(-0.00540912 0.0034948 0)
(-0.00935328 0.00430664 0)
(-0.0137367 0.00494069 0)
(-0.0184585 0.0055033 0)
(-0.0234782 0.00601934 0)
(-0.0287578 0.0064887 0)
(-0.0342453 0.00690712 0)
(-0.0398904 0.00727345 0)
(-0.045648 0.00758808 0)
(-0.0514775 0.00785326 0)
(-0.0573441 0.00807282 0)
(-0.0632188 0.0082513 0)
(-0.069078 0.00839364 0)
(-0.0749032 0.00850505 0)
(-0.0806807 0.00859095 0)
(-0.086401 0.00865715 0)
(-0.0920582 0.00871005 0)
(-0.0976498 0.00875617 0)
(-0.103177 0.00880224 0)
(-0.108644 0.0088551 0)
(-0.114057 0.00892154 0)
(-0.119425 0.00900817 0)
(-0.124758 0.00912153 0)
(-0.130066 0.00926806 0)
(-0.135358 0.00945384 0)
(-0.140646 0.00968402 0)
(-0.145935 0.0099627 0)
(-0.151231 0.0102931 0)
(-0.156534 0.0106774 0)
(-0.161838 0.0111176 0)
(-0.167133 0.0116156 0)
(-0.1724 0.0121746 0)
(-0.177613 0.0127995 0)
(-0.182737 0.0134956 0)
(-0.187723 0.0142663 0)
(-0.192509 0.015111 0)
(-0.197011 0.0160209 0)
(-0.201126 0.0169741 0)
(-0.204729 0.017932 0)
(-0.207673 0.0188366 0)
(-0.209793 0.0196035 0)
(-0.210909 0.020107 0)
(-0.210821 0.0201999 0)
(-0.209325 0.0197314 0)
(-0.206257 0.0185903 0)
(-0.201468 0.0166919 0)
(-0.194815 0.0139677 0)
(-0.186205 0.0104202 0)
(-0.175589 0.00610031 0)
(-0.162992 0.00110496 0)
(-0.148339 -0.00449845 0)
(-0.131766 -0.0105834 0)
(-0.11303 -0.0169459 0)
(-0.0924817 -0.0233702 0)
(-0.0699905 -0.0297034 0)
(-0.0460144 -0.0357723 0)
(-0.0203126 -0.0415571 0)
(0.00661354 -0.0468022 0)
(0.035048 -0.0515192 0)
(0.0643351 -0.0555655 0)
(0.0944324 -0.0589912 0)
(0.125123 -0.061669 0)
(0.155968 -0.0637769 0)
(0.187287 -0.0650501 0)
(0.217893 -0.0657275 0)
(0.24909 -0.0657598 0)
(0.278629 -0.0652202 0)
(0.308915 -0.0641359 0)
(0.336639 -0.062568 0)
(0.36546 -0.0606016 0)
(0.390816 -0.0582689 0)
(0.417813 -0.0557002 0)
(0.440416 -0.052889 0)
(0.465446 -0.0500019 0)
(0.485082 -0.0469821 0)
(0.508209 -0.0440299 0)
(0.524799 -0.0410354 0)
(0.546269 -0.0382372 0)
(0.55983 -0.0354619 0)
(0.580039 -0.0329957 0)
(0.590647 -0.0305898 0)
(0.610118 -0.0285957 0)
(0.617875 -0.0266728 0)
(0.637244 -0.0252644 0)
(0.642264 -0.0239144 0)
(0.662253 -0.0231993 0)
(0.66463 -0.0225085 0)
(0.686005 -0.0225887 0)
(-0.000918635 0.00120266 0)
(-0.00478578 0.00507647 0)
(-0.0106905 0.00754689 0)
(-0.0167447 0.00920541 0)
(-0.0231287 0.010441 0)
(-0.0297945 0.0114256 0)
(-0.0366586 0.0122314 0)
(-0.043625 0.0128955 0)
(-0.0506046 0.0134324 0)
(-0.0575269 0.0138545 0)
(-0.0643379 0.0141745 0)
(-0.0709943 0.0144047 0)
(-0.0774645 0.0145569 0)
(-0.083726 0.0146427 0)
(-0.0897638 0.0146734 0)
(-0.0955686 0.0146599 0)
(-0.101135 0.0146122 0)
(-0.106462 0.0145399 0)
(-0.111548 0.0144527 0)
(-0.116397 0.0143597 0)
(-0.121012 0.0142697 0)
(-0.125395 0.0141909 0)
(-0.129551 0.0141305 0)
(-0.133482 0.0140945 0)
(-0.137185 0.0140879 0)
(-0.14066 0.0141149 0)
(-0.1439 0.0141786 0)
(-0.146897 0.0142802 0)
(-0.149638 0.0144184 0)
(-0.152105 0.0145901 0)
(-0.154273 0.0147908 0)
(-0.156114 0.0150143 0)
(-0.157589 0.0152539 0)
(-0.158652 0.0155039 0)
(-0.159251 0.0157613 0)
(-0.159325 0.0160242 0)
(-0.158802 0.0162849 0)
(-0.157601 0.0165315 0)
(-0.155629 0.0167428 0)
(-0.152776 0.0168831 0)
(-0.148917 0.016901 0)
(-0.143921 0.0167348 0)
(-0.13769 0.016319 0)
(-0.130105 0.0155168 0)
(-0.121078 0.0141936 0)
(-0.110478 0.0121677 0)
(-0.0982499 0.00937831 0)
(-0.0844728 0.00574168 0)
(-0.0690495 0.00125 0)
(-0.0520812 -0.0040744 0)
(-0.0335252 -0.01021 0)
(-0.0135134 -0.0170241 0)
(0.00814286 -0.0243714 0)
(0.0309839 -0.0319679 0)
(0.0553999 -0.0397207 0)
(0.0808251 -0.0474351 0)
(0.10775 -0.0550505 0)
(0.135389 -0.0622865 0)
(0.164377 -0.0691915 0)
(0.193814 -0.0753619 0)
(0.224163 -0.0809117 0)
(0.254809 -0.0856103 0)
(0.285847 -0.0895536 0)
(0.316983 -0.0925211 0)
(0.347837 -0.094662 0)
(0.378719 -0.095814 0)
(0.408559 -0.0961652 0)
(0.438502 -0.0956304 0)
(0.466619 -0.0943952 0)
(0.495068 -0.0924206 0)
(0.520878 -0.089888 0)
(0.547451 -0.0868078 0)
(0.570562 -0.0833403 0)
(0.59507 -0.0795339 0)
(0.61526 -0.0755107 0)
(0.637701 -0.0713508 0)
(0.654901 -0.0671247 0)
(0.675438 -0.0629441 0)
(0.689693 -0.0588176 0)
(0.708621 -0.0548953 0)
(0.720053 -0.0511121 0)
(0.73777 -0.0476687 0)
(0.746543 -0.0444139 0)
(0.763524 -0.0416185 0)
(0.76982 -0.0390302 0)
(0.786602 -0.0370167 0)
(0.790599 -0.035203 0)
(0.807766 -0.034088 0)
(0.809622 -0.0331425 0)
(0.827792 -0.0330312 0)
(-0.00127488 0.00690377 0)
(-0.00686025 0.0137387 0)
(-0.0154839 0.0163609 0)
(-0.0239833 0.0175222 0)
(-0.032503 0.0183644 0)
(-0.0407973 0.0191597 0)
(-0.0487369 0.0198578 0)
(-0.0562799 0.0203809 0)
(-0.0633953 0.0207099 0)
(-0.0700496 0.0208708 0)
(-0.0762232 0.0208922 0)
(-0.0819086 0.0207991 0)
(-0.0871078 0.0206134 0)
(-0.091829 0.0203548 0)
(-0.0960847 0.0200401 0)
(-0.0998898 0.0196839 0)
(-0.10326 0.0192984 0)
(-0.10621 0.0188939 0)
(-0.108753 0.0184794 0)
(-0.110902 0.0180639 0)
(-0.112665 0.0176553 0)
(-0.114051 0.0172605 0)
(-0.115064 0.0168843 0)
(-0.115705 0.0165299 0)
(-0.11597 0.0161985 0)
(-0.115851 0.0158901 0)
(-0.115337 0.0156047 0)
(-0.114413 0.0153392 0)
(-0.113057 0.0150864 0)
(-0.111246 0.0148377 0)
(-0.10895 0.014582 0)
(-0.106132 0.014307 0)
(-0.10275 0.0139992 0)
(-0.0987514 0.0136469 0)
(-0.0940805 0.0132445 0)
(-0.0886825 0.0127905 0)
(-0.0824821 0.0122626 0)
(-0.0754063 0.0116401 0)
(-0.0673708 0.0108967 0)
(-0.0582849 0.00999547 0)
(-0.048036 0.00888057 0)
(-0.0364804 0.0074635 0)
(-0.0236701 0.00564508 0)
(-0.00943331 0.00337108 0)
(0.006206 0.000519282 0)
(0.0232082 -0.00300494 0)
(0.0417274 -0.00728127 0)
(0.0615203 -0.0123745 0)
(0.0827944 -0.0183232 0)
(0.105266 -0.0250537 0)
(0.129139 -0.0325028 0)
(0.153913 -0.0404782 0)
(0.180065 -0.0489595 0)
(0.206876 -0.057673 0)
(0.234944 -0.0665306 0)
(0.263424 -0.0752656 0)
(0.293047 -0.0838115 0)
(0.322803 -0.0918668 0)
(0.353466 -0.0994129 0)
(0.383953 -0.106129 0)
(0.414983 -0.112062 0)
(0.445529 -0.116941 0)
(0.476177 -0.120884 0)
(0.506084 -0.123652 0)
(0.53557 -0.12543 0)
(0.564172 -0.126035 0)
(0.591814 -0.1257 0)
(0.618594 -0.1243 0)
(0.64388 -0.122105 0)
(0.668509 -0.119027 0)
(0.691101 -0.115348 0)
(0.713429 -0.111017 0)
(0.733168 -0.106309 0)
(0.753218 -0.101192 0)
(0.77009 -0.0959174 0)
(0.788027 -0.0904658 0)
(0.80213 -0.0850458 0)
(0.818222 -0.0796521 0)
(0.829723 -0.0744406 0)
(0.84431 -0.0694247 0)
(0.853412 -0.0646998 0)
(0.86688 -0.0603086 0)
(0.873794 -0.0562781 0)
(0.886562 -0.0526963 0)
(0.891489 -0.0495124 0)
(0.903995 -0.0468799 0)
(0.907113 -0.0446575 0)
(0.919813 -0.0430889 0)
(0.921265 -0.0419248 0)
(0.934627 -0.0415314 0)
(-0.0036764 0.00677929 0)
(-0.0135015 0.0172083 0)
(-0.0245672 0.021932 0)
(-0.0337075 0.0246074 0)
(-0.0420059 0.02622 0)
(-0.0496569 0.0270883 0)
(-0.0566166 0.0273881 0)
(-0.0627563 0.0273042 0)
(-0.0679816 0.0269739 0)
(-0.0722932 0.0264688 0)
(-0.0757463 0.0258356 0)
(-0.0783993 0.0251069 0)
(-0.0803112 0.0243109 0)
(-0.0815386 0.0234704 0)
(-0.0821336 0.0226028 0)
(-0.0821436 0.0217221 0)
(-0.0816111 0.0208388 0)
(-0.080571 0.019959 0)
(-0.0790526 0.019088 0)
(-0.0770802 0.0182313 0)
(-0.0746727 0.017393 0)
(-0.0718437 0.0165754 0)
(-0.0686021 0.0157788 0)
(-0.0649494 0.0150009 0)
(-0.0608812 0.0142376 0)
(-0.0563849 0.0134842 0)
(-0.0514495 0.0127396 0)
(-0.046057 0.011999 0)
(-0.0401809 0.0112502 0)
(-0.0337932 0.0104797 0)
(-0.0268614 0.00967344 0)
(-0.019348 0.00881527 0)
(-0.0112085 0.00788681 0)
(-0.0023818 0.00686497 0)
(0.00719611 0.00571983 0)
(0.0175313 0.00442785 0)
(0.0287196 0.00298373 0)
(0.0408247 0.00136947 0)
(0.0539227 -0.000449041 0)
(0.0680848 -0.00251419 0)
(0.0833791 -0.00487462 0)
(0.0998905 -0.00758066 0)
(0.117618 -0.0107392 0)
(0.13663 -0.0143949 0)
(0.157074 -0.0186915 0)
(0.178743 -0.0236474 0)
(0.201807 -0.029328 0)
(0.225948 -0.0357235 0)
(0.251426 -0.0428628 0)
(0.277756 -0.050685 0)
(0.305315 -0.0591497 0)
(0.333415 -0.0680814 0)
(0.362594 -0.0774018 0)
(0.391989 -0.0868611 0)
(0.422272 -0.0963626 0)
(0.452399 -0.105616 0)
(0.483184 -0.114545 0)
(0.513416 -0.122838 0)
(0.54401 -0.130456 0)
(0.573632 -0.137094 0)
(0.603273 -0.142778 0)
(0.631549 -0.147238 0)
(0.659502 -0.150585 0)
(0.685797 -0.152599 0)
(0.711462 -0.153475 0)
(0.735322 -0.153043 0)
(0.758306 -0.15157 0)
(0.779507 -0.148929 0)
(0.799635 -0.145442 0)
(0.818166 -0.14101 0)
(0.835445 -0.135987 0)
(0.851456 -0.130283 0)
(0.866026 -0.124262 0)
(0.879784 -0.117829 0)
(0.891868 -0.111338 0)
(0.903702 -0.104679 0)
(0.913561 -0.0981806 0)
(0.923827 -0.0917167 0)
(0.931725 -0.0855866 0)
(0.94078 -0.0796497 0)
(0.946959 -0.0741728 0)
(0.955145 -0.0690099 0)
(0.959819 -0.064393 0)
(0.967464 -0.0601817 0)
(0.970807 -0.0565715 0)
(0.978226 -0.0534407 0)
(0.980373 -0.0509441 0)
(0.987868 -0.0489948 0)
(0.988901 -0.0477002 0)
(0.996766 -0.0470288 0)
(-0.00179719 0.0287824 0)
(-0.00959691 0.0405157 0)
(-0.0241376 0.0404538 0)
(-0.0355796 0.0380425 0)
(-0.0446534 0.0362075 0)
(-0.0511084 0.034732 0)
(-0.0552441 0.0332653 0)
(-0.0574571 0.0317324 0)
(-0.0581083 0.0301465 0)
(-0.0574746 0.028532 0)
(-0.0557448 0.026912 0)
(-0.0530651 0.0252999 0)
(-0.0495603 0.0237128 0)
(-0.0453353 0.0221626 0)
(-0.0404787 0.020655 0)
(-0.0350645 0.0191929 0)
(-0.0291587 0.0177775 0)
(-0.0228057 0.0164011 0)
(-0.016044 0.0150605 0)
(-0.00890667 0.0137582 0)
(-0.00141635 0.0124939 0)
(0.00641347 0.0112646 0)
(0.0145718 0.0100671 0)
(0.0230645 0.00889134 0)
(0.0318989 0.00772675 0)
(0.0411072 0.00655868 0)
(0.0506966 0.00536772 0)
(0.0606806 0.00413952 0)
(0.0711018 0.00286815 0)
(0.0819972 0.00154202 0)
(0.0934045 0.000142923 0)
(0.105369 -0.00135136 0)
(0.117934 -0.00296323 0)
(0.131146 -0.00471624 0)
(0.145064 -0.00663243 0)
(0.159707 -0.00874577 0)
(0.175175 -0.011083 0)
(0.191519 -0.0136706 0)
(0.208807 -0.0165388 0)
(0.22707 -0.0197301 0)
(0.246396 -0.0232873 0)
(0.266774 -0.0272657 0)
(0.288324 -0.0316956 0)
(0.310941 -0.0366385 0)
(0.334788 -0.042169 0)
(0.359639 -0.0483258 0)
(0.385659 -0.0551418 0)
(0.412481 -0.0626043 0)
(0.440333 -0.0707076 0)
(0.468693 -0.07937 0)
(0.497871 -0.0885285 0)
(0.527171 -0.0980126 0)
(0.557009 -0.107711 0)
(0.586515 -0.117395 0)
(0.616242 -0.126938 0)
(0.645143 -0.13607 0)
(0.673938 -0.144682 0)
(0.701414 -0.152496 0)
(0.728477 -0.159449 0)
(0.753766 -0.165275 0)
(0.778394 -0.169984 0)
(0.800891 -0.173345 0)
(0.822576 -0.175462 0)
(0.841921 -0.176154 0)
(0.86043 -0.175625 0)
(0.876559 -0.173739 0)
(0.891937 -0.170787 0)
(0.905045 -0.166665 0)
(0.91755 -0.161728 0)
(0.928002 -0.155885 0)
(0.938012 -0.149531 0)
(0.946253 -0.142559 0)
(0.954182 -0.13538 0)
(0.960668 -0.127857 0)
(0.966915 -0.120402 0)
(0.972063 -0.112835 0)
(0.97697 -0.105561 0)
(0.981137 -0.0983581 0)
(0.984978 -0.0916236 0)
(0.988456 -0.0850935 0)
(0.991441 -0.0791614 0)
(0.994463 -0.0735255 0)
(0.996742 -0.0685804 0)
(0.999498 -0.0639923 0)
(1.00117 -0.0601615 0)
(1.00382 -0.0567284 0)
(1.00495 -0.0541034 0)
(1.00761 -0.0519067 0)
(1.0082 -0.0505612 0)
(1.01099 -0.0496725 0)
(-0.0196351 0.00823809 0)
(-0.0379218 0.0319116 0)
(-0.0411619 0.0392421 0)
(-0.0432992 0.0400341 0)
(-0.0422142 0.0383756 0)
(-0.0387733 0.0356184 0)
(-0.0334316 0.0325512 0)
(-0.0265287 0.0295027 0)
(-0.0183218 0.0265781 0)
(-0.00909383 0.0238396 0)
(0.000969168 0.0212685 0)
(0.0117087 0.0188369 0)
(0.022969 0.0165419 0)
(0.0346392 0.0143779 0)
(0.0466318 0.0123362 0)
(0.0588843 0.0104073 0)
(0.0713165 0.00858577 0)
(0.0839204 0.00686755 0)
(0.0966798 0.00523677 0)
(0.109562 0.00366787 0)
(0.122554 0.00214031 0)
(0.135665 0.000640319 0)
(0.148879 -0.000843567 0)
(0.162229 -0.00232024 0)
(0.175732 -0.00380054 0)
(0.189424 -0.00530139 0)
(0.203326 -0.006843 0)
(0.217473 -0.00844927 0)
(0.231918 -0.0101399 0)
(0.246711 -0.0119342 0)
(0.26189 -0.0138518 0)
(0.277507 -0.0159166 0)
(0.293606 -0.018152 0)
(0.310238 -0.0205838 0)
(0.327452 -0.023234 0)
(0.345292 -0.0261216 0)
(0.363812 -0.0292728 0)
(0.38305 -0.0327233 0)
(0.403058 -0.0365006 0)
(0.423848 -0.0406421 0)
(0.445476 -0.0451778 0)
(0.467911 -0.0501482 0)
(0.491213 -0.0555848 0)
(0.515284 -0.0615259 0)
(0.540177 -0.0679987 0)
(0.565702 -0.0750236 0)
(0.591904 -0.0825951 0)
(0.618478 -0.0906851 0)
(0.64548 -0.0992438 0)
(0.67248 -0.108186 0)
(0.699586 -0.117411 0)
(0.726227 -0.126775 0)
(0.752585 -0.136137 0)
(0.777953 -0.145302 0)
(0.802656 -0.154114 0)
(0.825848 -0.162347 0)
(0.848057 -0.169864 0)
(0.868298 -0.176437 0)
(0.887361 -0.181986 0)
(0.904121 -0.186306 0)
(0.919674 -0.189399 0)
(0.932744 -0.191104 0)
(0.944755 -0.191525 0)
(0.954261 -0.190543 0)
(0.963012 -0.188363 0)
(0.96938 -0.1849 0)
(0.975397 -0.180451 0)
(0.979233 -0.174945 0)
(0.983145 -0.168749 0)
(0.985101 -0.161776 0)
(0.987525 -0.154436 0)
(0.988194 -0.146602 0)
(0.989651 -0.138705 0)
(0.98951 -0.13056 0)
(0.990393 -0.122613 0)
(0.989785 -0.114617 0)
(0.990361 -0.107027 0)
(0.989513 -0.099537 0)
(0.989943 -0.0926144 0)
(0.988989 -0.0858938 0)
(0.989365 -0.079862 0)
(0.988377 -0.0740967 0)
(0.988739 -0.06911 0)
(0.987745 -0.0644256 0)
(0.988097 -0.0605889 0)
(0.987098 -0.0570711 0)
(0.987416 -0.0544587 0)
(0.986389 -0.0521713 0)
(0.986617 -0.0508427 0)
(0.985517 -0.0498384 0)
(-0.0190218 0.108013 0)
(-0.0182202 0.072782 0)
(-0.0113767 0.0580567 0)
(0.00112799 0.0461564 0)
(0.0174926 0.0363367 0)
(0.0360277 0.0287879 0)
(0.0557832 0.0228578 0)
(0.076034 0.0179862 0)
(0.0965652 0.0137924 0)
(0.116888 0.0100943 0)
(0.137039 0.00682484 0)
(0.157002 0.00393768 0)
(0.176645 0.00135947 0)
(0.195952 -0.000979425 0)
(0.214912 -0.00312522 0)
(0.233539 -0.00510865 0)
(0.251817 -0.00695386 0)
(0.269775 -0.00868312 0)
(0.287428 -0.0103182 0)
(0.30478 -0.0118856 0)
(0.321855 -0.0134131 0)
(0.338691 -0.0149259 0)
(0.355313 -0.0164441 0)
(0.371779 -0.0179853 0)
(0.38813 -0.0195657 0)
(0.404412 -0.0212052 0)
(0.420668 -0.0229225 0)
(0.436952 -0.0247379 0)
(0.453312 -0.0266746 0)
(0.469808 -0.0287584 0)
(0.486484 -0.0310111 0)
(0.503395 -0.0334568 0)
(0.520577 -0.0361148 0)
(0.538082 -0.0390092 0)
(0.555939 -0.0421579 0)
(0.57419 -0.045585 0)
(0.592854 -0.0493082 0)
(0.611961 -0.0533546 0)
(0.631517 -0.057741 0)
(0.651529 -0.0624942 0)
(0.671985 -0.0676283 0)
(0.692858 -0.0731689 0)
(0.714116 -0.0791255 0)
(0.735683 -0.0855188 0)
(0.757492 -0.0923468 0)
(0.779403 -0.0996115 0)
(0.801319 -0.10728 0)
(0.823024 -0.115313 0)
(0.844407 -0.123634 0)
(0.865174 -0.132158 0)
(0.885234 -0.140761 0)
(0.904216 -0.149314 0)
(0.922099 -0.157659 0)
(0.938454 -0.165631 0)
(0.953398 -0.17306 0)
(0.96644 -0.179772 0)
(0.977907 -0.185619 0)
(0.987232 -0.190446 0)
(0.995021 -0.194161 0)
(1.00059 -0.196649 0)
(1.00489 -0.197903 0)
(1.00705 -0.197851 0)
(1.00838 -0.196586 0)
(1.00776 -0.194071 0)
(1.00688 -0.19049 0)
(1.00427 -0.185816 0)
(1.00199 -0.180322 0)
(0.998139 -0.173969 0)
(0.995178 -0.167098 0)
(0.990728 -0.159622 0)
(0.987634 -0.151931 0)
(0.983024 -0.143868 0)
(0.980144 -0.135864 0)
(0.975626 -0.127681 0)
(0.97314 -0.119788 0)
(0.96882 -0.111862 0)
(0.966787 -0.104415 0)
(0.962675 -0.0970405 0)
(0.96109 -0.0902991 0)
(0.957148 -0.0836983 0)
(0.95598 -0.0778541 0)
(0.952147 -0.072188 0)
(0.951355 -0.0673765 0)
(0.947551 -0.0627554 0)
(0.947085 -0.0590681 0)
(0.943217 -0.0555657 0)
(0.943012 -0.0530653 0)
(0.938967 -0.050734 0)
(0.938937 -0.0494675 0)
(0.934578 -0.0483494 0)
(0.0699565 0.00704624 0)
(0.0899305 0.00650629 0)
(0.153645 0.00602268 0)
(0.198613 0.0028172 0)
(0.237492 -0.00150567 0)
(0.27286 -0.00565225 0)
(0.305526 -0.00923755 0)
(0.335354 -0.0122797 0)
(0.363103 -0.0148898 0)
(0.389046 -0.0171468 0)
(0.41353 -0.0191297 0)
(0.436788 -0.0208938 0)
(0.458898 -0.0224774 0)
(0.479974 -0.0239148 0)
(0.500119 -0.0252316 0)
(0.519424 -0.0264497 0)
(0.537959 -0.0275886 0)
(0.555788 -0.0286723 0)
(0.572972 -0.029725 0)
(0.589563 -0.0307675 0)
(0.605618 -0.0318198 0)
(0.621194 -0.0329042 0)
(0.636348 -0.0340407 0)
(0.651143 -0.0352512 0)
(0.665633 -0.0365559 0)
(0.679872 -0.0379752 0)
(0.69391 -0.0395271 0)
(0.707799 -0.0412312 0)
(0.721586 -0.043106 0)
(0.73532 -0.0451721 0)
(0.749041 -0.0474472 0)
(0.762793 -0.0499515 0)
(0.776599 -0.0527021 0)
(0.790492 -0.0557182 0)
(0.804483 -0.0590144 0)
(0.818593 -0.0626074 0)
(0.832814 -0.0665088 0)
(0.847151 -0.0707336 0)
(0.861578 -0.0752907 0)
(0.876079 -0.0801928 0)
(0.8906 -0.0854436 0)
(0.9051 -0.0910513 0)
(0.919492 -0.0970115 0)
(0.933701 -0.103323 0)
(0.947602 -0.109967 0)
(0.961089 -0.116923 0)
(0.974008 -0.124142 0)
(0.986217 -0.131572 0)
(0.997549 -0.139127 0)
(1.00784 -0.146718 0)
(1.01695 -0.154221 0)
(1.0247 -0.161515 0)
(1.03101 -0.168447 0)
(1.03573 -0.174883 0)
(1.0389 -0.180666 0)
(1.04039 -0.185679 0)
(1.04039 -0.18979 0)
(1.03878 -0.192917 0)
(1.03594 -0.19498 0)
(1.03171 -0.195942 0)
(1.02671 -0.195788 0)
(1.02058 -0.194526 0)
(1.01423 -0.192209 0)
(1.007 -0.188874 0)
(1.00011 -0.184643 0)
(0.992472 -0.17956 0)
(0.985658 -0.173808 0)
(0.978051 -0.167402 0)
(0.971701 -0.16058 0)
(0.964354 -0.153296 0)
(0.958644 -0.145843 0)
(0.951601 -0.138097 0)
(0.946559 -0.130415 0)
(0.93976 -0.122577 0)
(0.935351 -0.115016 0)
(0.928695 -0.107402 0)
(0.924875 -0.100259 0)
(0.918266 -0.0931341 0)
(0.915009 -0.0866521 0)
(0.908364 -0.0802272 0)
(0.905677 -0.0746004 0)
(0.898919 -0.0690367 0)
(0.896818 -0.0644085 0)
(0.889855 -0.0598166 0)
(0.888352 -0.0562822 0)
(0.881056 -0.0527288 0)
(0.880136 -0.0503461 0)
(0.872331 -0.0478693 0)
(0.871945 -0.0466717 0)
(0.863412 -0.0452899 0)
(0.773776 -0.00923999 0)
(0.775371 -0.0206872 0)
(0.776247 -0.0269268 0)
(0.777971 -0.0306492 0)
(0.781674 -0.0333267 0)
(0.787126 -0.0355603 0)
(0.794051 -0.0374771 0)
(0.801814 -0.0390464 0)
(0.810196 -0.0402837 0)
(0.818985 -0.0412294 0)
(0.827996 -0.041959 0)
(0.837104 -0.0425466 0)
(0.846209 -0.0430356 0)
(0.85524 -0.0434514 0)
(0.864143 -0.0438119 0)
(0.872877 -0.0441337 0)
(0.881415 -0.0444338 0)
(0.889736 -0.0447313 0)
(0.897828 -0.0450466 0)
(0.90569 -0.0454001 0)
(0.913326 -0.0458124 0)
(0.920749 -0.0463048 0)
(0.927975 -0.0468995 0)
(0.935024 -0.0476194 0)
(0.941918 -0.0484861 0)
(0.948679 -0.0495196 0)
(0.955326 -0.0507374 0)
(0.961882 -0.0521564 0)
(0.968365 -0.0537917 0)
(0.974792 -0.0556585 0)
(0.981178 -0.0577702 0)
(0.98753 -0.0601406 0)
(0.993852 -0.0627817 0)
(1.00014 -0.065705 0)
(1.0064 -0.0689195 0)
(1.01261 -0.0724334 0)
(1.01874 -0.0762523 0)
(1.02479 -0.0803812 0)
(1.0307 -0.0848224 0)
(1.03645 -0.0895767 0)
(1.04197 -0.0946412 0)
(1.04721 -0.10001 0)
(1.05209 -0.10567 0)
(1.05654 -0.111602 0)
(1.06046 -0.117775 0)
(1.06378 -0.124151 0)
(1.06637 -0.130677 0)
(1.06818 -0.13729 0)
(1.06908 -0.14391 0)
(1.06902 -0.150449 0)
(1.06792 -0.1568 0)
(1.06575 -0.16286 0)
(1.0625 -0.168507 0)
(1.05819 -0.173639 0)
(1.05287 -0.178139 0)
(1.04663 -0.181923 0)
(1.03958 -0.184894 0)
(1.03184 -0.187002 0)
(1.0236 -0.188184 0)
(1.01495 -0.188436 0)
(1.00612 -0.187733 0)
(0.997093 -0.186111 0)
(0.988188 -0.183585 0)
(0.979151 -0.180221 0)
(0.970448 -0.176068 0)
(0.961513 -0.171207 0)
(0.953072 -0.165711 0)
(0.944162 -0.159651 0)
(0.935926 -0.153136 0)
(0.926893 -0.146209 0)
(0.918791 -0.139023 0)
(0.909495 -0.131573 0)
(0.901513 -0.124072 0)
(0.891886 -0.116444 0)
(0.884106 -0.108983 0)
(0.874153 -0.101515 0)
(0.866738 -0.0944244 0)
(0.856503 -0.087405 0)
(0.849661 -0.0809606 0)
(0.83918 -0.0746165 0)
(0.83313 -0.0690316 0)
(0.822389 -0.0635261 0)
(0.817333 -0.0589542 0)
(0.806234 -0.0543863 0)
(0.802339 -0.0509207 0)
(0.790666 -0.0473293 0)
(0.788056 -0.0450147 0)
(0.775466 -0.0423982 0)
(0.774231 -0.0412476 0)
(0.760271 -0.0395745 0)
(1.05723 0.00820957 0)
(1.06034 -0.000203223 0)
(1.06107 -0.00738418 0)
(1.06035 -0.0130657 0)
(1.0595 -0.0177249 0)
(1.05922 -0.0217705 0)
(1.05966 -0.0253774 0)
(1.06065 -0.0285571 0)
(1.062 -0.0313059 0)
(1.06353 -0.0336448 0)
(1.06516 -0.0356177 0)
(1.06685 -0.0372792 0)
(1.06857 -0.0386813 0)
(1.0703 -0.0398694 0)
(1.07201 -0.040883 0)
(1.07368 -0.0417571 0)
(1.0753 -0.042525 0)
(1.07685 -0.0432189 0)
(1.07831 -0.0438704 0)
(1.07969 -0.0445107 0)
(1.08097 -0.0451703 0)
(1.08215 -0.0458791 0)
(1.08325 -0.046666 0)
(1.08426 -0.047559 0)
(1.08518 -0.0485843 0)
(1.08603 -0.0497653 0)
(1.08681 -0.0511231 0)
(1.08753 -0.0526764 0)
(1.08817 -0.0544419 0)
(1.08875 -0.0564344 0)
(1.08927 -0.058667 0)
(1.08971 -0.0611507 0)
(1.09008 -0.0638936 0)
(1.09035 -0.0669029 0)
(1.09052 -0.0701834 0)
(1.09058 -0.0737388 0)
(1.09049 -0.0775705 0)
(1.09024 -0.0816787 0)
(1.0898 -0.0860608 0)
(1.08914 -0.090712 0)
(1.08822 -0.0956237 0)
(1.087 -0.100783 0)
(1.08545 -0.106172 0)
(1.08353 -0.111766 0)
(1.08119 -0.11753 0)
(1.07839 -0.123424 0)
(1.0751 -0.129397 0)
(1.07128 -0.135388 0)
(1.06691 -0.141326 0)
(1.06198 -0.147133 0)
(1.05648 -0.152723 0)
(1.05042 -0.158008 0)
(1.04383 -0.162899 0)
(1.03675 -0.167308 0)
(1.02921 -0.171153 0)
(1.02128 -0.174358 0)
(1.01298 -0.17685 0)
(1.00438 -0.178573 0)
(0.995479 -0.179471 0)
(0.986307 -0.179517 0)
(0.976843 -0.178683 0)
(0.96707 -0.176984 0)
(0.956951 -0.174423 0)
(0.946408 -0.171054 0)
(0.935449 -0.166897 0)
(0.923924 -0.162022 0)
(0.911967 -0.156456 0)
(0.899312 -0.150295 0)
(0.886331 -0.143598 0)
(0.872564 -0.136487 0)
(0.858738 -0.129042 0)
(0.844053 -0.121382 0)
(0.829734 -0.113602 0)
(0.814441 -0.105802 0)
(0.800094 -0.09811 0)
(0.784552 -0.0905767 0)
(0.770696 -0.0833637 0)
(0.755229 -0.0764279 0)
(0.742353 -0.0699833 0)
(0.727155 -0.0638577 0)
(0.715673 -0.0583645 0)
(0.700759 -0.0531615 0)
(0.69101 -0.0487244 0)
(0.676187 -0.0444806 0)
(0.668459 -0.0411507 0)
(0.653298 -0.037849 0)
(0.64787 -0.035645 0)
(0.631672 -0.0332246 0)
(0.628881 -0.0321381 0)
(0.61067 -0.0305054 0)
(1.08191 -0.00332934 0)
(1.08789 -0.0109316 0)
(1.0922 -0.0182936 0)
(1.09487 -0.0244207 0)
(1.09639 -0.0291706 0)
(1.09737 -0.0328674 0)
(1.09821 -0.0358701 0)
(1.09906 -0.0384048 0)
(1.09992 -0.0405657 0)
(1.10074 -0.0423793 0)
(1.10148 -0.0438598 0)
(1.10212 -0.045033 0)
(1.10267 -0.0459393 0)
(1.10313 -0.0466255 0)
(1.10351 -0.0471388 0)
(1.10381 -0.0475226 0)
(1.10403 -0.0478167 0)
(1.10416 -0.0480576 0)
(1.1042 -0.0482797 0)
(1.10414 -0.0485157 0)
(1.10398 -0.0487971 0)
(1.10372 -0.0491539 0)
(1.10336 -0.0496144 0)
(1.10289 -0.050205 0)
(1.10233 -0.0509501 0)
(1.10167 -0.0518713 0)
(1.10091 -0.0529878 0)
(1.10006 -0.0543163 0)
(1.09911 -0.0558707 0)
(1.09806 -0.0576631 0)
(1.0969 -0.0597024 0)
(1.09565 -0.0619964 0)
(1.09428 -0.0645497 0)
(1.09279 -0.0673663 0)
(1.09117 -0.0704476 0)
(1.08942 -0.0737948 0)
(1.08751 -0.0774062 0)
(1.08544 -0.0812795 0)
(1.0832 -0.0854089 0)
(1.08076 -0.0897871 0)
(1.07812 -0.0944021 0)
(1.07524 -0.0992393 0)
(1.07211 -0.104277 0)
(1.06872 -0.10949 0)
(1.06503 -0.114843 0)
(1.06102 -0.120296 0)
(1.05667 -0.125799 0)
(1.05196 -0.131293 0)
(1.04685 -0.13671 0)
(1.04132 -0.141976 0)
(1.03533 -0.147012 0)
(1.02884 -0.151736 0)
(1.02181 -0.156067 0)
(1.0142 -0.159924 0)
(1.00596 -0.163231 0)
(0.997029 -0.165916 0)
(0.987354 -0.16791 0)
(0.976864 -0.169143 0)
(0.965492 -0.169551 0)
(0.95316 -0.169076 0)
(0.939795 -0.16768 0)
(0.925336 -0.165356 0)
(0.909732 -0.162125 0)
(0.892973 -0.158038 0)
(0.875069 -0.153135 0)
(0.85608 -0.14748 0)
(0.836083 -0.141119 0)
(0.815163 -0.134154 0)
(0.793489 -0.126682 0)
(0.771167 -0.118865 0)
(0.748498 -0.110817 0)
(0.725527 -0.102699 0)
(0.702707 -0.0945933 0)
(0.679882 -0.0866476 0)
(0.657732 -0.0789259 0)
(0.635762 -0.0715685 0)
(0.615036 -0.064613 0)
(0.594498 -0.0581662 0)
(0.575809 -0.0522272 0)
(0.557011 -0.0468454 0)
(0.540749 -0.0420004 0)
(0.523675 -0.0376797 0)
(0.510057 -0.0338961 0)
(0.494369 -0.0305569 0)
(0.48354 -0.0277766 0)
(0.46856 -0.0253201 0)
(0.46074 -0.0234969 0)
(0.445375 -0.0218058 0)
(0.441068 -0.0209057 0)
(0.423668 -0.0198453 0)
(1.07464 -0.00723234 0)
(1.08071 -0.012212 0)
(1.08565 -0.0173892 0)
(1.08938 -0.0222234 0)
(1.09205 -0.0263649 0)
(1.09397 -0.0297674 0)
(1.09547 -0.0325673 0)
(1.09675 -0.0349257 0)
(1.09792 -0.036951 0)
(1.099 -0.0386918 0)
(1.09996 -0.0401628 0)
(1.10079 -0.0413734 0)
(1.10148 -0.0423429 0)
(1.10204 -0.0431018 0)
(1.10247 -0.0436885 0)
(1.10279 -0.0441427 0)
(1.10299 -0.0445035 0)
(1.10307 -0.0448076 0)
(1.10303 -0.0450898 0)
(1.10286 -0.0453831 0)
(1.10256 -0.0457194 0)
(1.10213 -0.0461282 0)
(1.10157 -0.0466376 0)
(1.10088 -0.0472731 0)
(1.10007 -0.0480581 0)
(1.09913 -0.0490131 0)
(1.09808 -0.0501569 0)
(1.0969 -0.0515052 0)
(1.0956 -0.0530713 0)
(1.09418 -0.0548658 0)
(1.09264 -0.0568966 0)
(1.09097 -0.0591695 0)
(1.08917 -0.0616884 0)
(1.08722 -0.0644555 0)
(1.08513 -0.0674713 0)
(1.08288 -0.0707352 0)
(1.08046 -0.0742444 0)
(1.07784 -0.0779948 0)
(1.07502 -0.081979 0)
(1.07196 -0.0861877 0)
(1.06866 -0.0906065 0)
(1.06507 -0.0952181 0)
(1.06116 -0.0999982 0)
(1.0569 -0.104919 0)
(1.05224 -0.109942 0)
(1.04714 -0.115026 0)
(1.04152 -0.120117 0)
(1.03535 -0.125155 0)
(1.02852 -0.130068 0)
(1.02096 -0.134782 0)
(1.01257 -0.139208 0)
(1.00326 -0.143264 0)
(0.992901 -0.146859 0)
(0.981389 -0.149912 0)
(0.968609 -0.152342 0)
(0.954463 -0.15408 0)
(0.938858 -0.15506 0)
(0.92172 -0.155215 0)
(0.902992 -0.154475 0)
(0.882622 -0.152774 0)
(0.86059 -0.150067 0)
(0.836883 -0.146363 0)
(0.811552 -0.141718 0)
(0.784682 -0.136221 0)
(0.756461 -0.129958 0)
(0.727106 -0.123024 0)
(0.696877 -0.115516 0)
(0.665999 -0.10755 0)
(0.634745 -0.0992736 0)
(0.603391 -0.0908808 0)
(0.572306 -0.0825515 0)
(0.54181 -0.0744521 0)
(0.51228 -0.0666949 0)
(0.483911 -0.0593836 0)
(0.457024 -0.0525639 0)
(0.431656 -0.0463023 0)
(0.408151 -0.0406034 0)
(0.386338 -0.0355281 0)
(0.366642 -0.0310399 0)
(0.348549 -0.0271807 0)
(0.332681 -0.0238502 0)
(0.317999 -0.0210812 0)
(0.305615 -0.0187242 0)
(0.293658 -0.0168381 0)
(0.284278 -0.0152418 0)
(0.274102 -0.0140368 0)
(0.26739 -0.0130332 0)
(0.25774 -0.0123519 0)
(0.253869 -0.0118584 0)
(0.242826 -0.0115824 0)
(1.06827 -0.0146915 0)
(1.07412 -0.0187178 0)
(1.07916 -0.0228769 0)
(1.08333 -0.0268949 0)
(1.08665 -0.0305305 0)
(1.08926 -0.0336574 0)
(1.09137 -0.0362774 0)
(1.09315 -0.0384642 0)
(1.09475 -0.0402998 0)
(1.09619 -0.0418423 0)
(1.0975 -0.0431227 0)
(1.09866 -0.0441571 0)
(1.09965 -0.044961 0)
(1.10047 -0.0455567 0)
(1.10112 -0.0459749 0)
(1.1016 -0.0462516 0)
(1.10191 -0.0464254 0)
(1.10205 -0.0465342 0)
(1.10201 -0.0466156 0)
(1.10179 -0.0467053 0)
(1.10139 -0.0468378 0)
(1.10081 -0.0470445 0)
(1.10004 -0.0473544 0)
(1.09909 -0.0477926 0)
(1.09797 -0.048382 0)
(1.09667 -0.0491419 0)
(1.09519 -0.0500904 0)
(1.09354 -0.0512419 0)
(1.09171 -0.0526089 0)
(1.0897 -0.0542003 0)
(1.08751 -0.0560233 0)
(1.08511 -0.0580815 0)
(1.08251 -0.0603775 0)
(1.07968 -0.0629105 0)
(1.07662 -0.0656794 0)
(1.07328 -0.0686799 0)
(1.06964 -0.0719071 0)
(1.06568 -0.0753526 0)
(1.06135 -0.0790063 0)
(1.05661 -0.0828538 0)
(1.05141 -0.0868768 0)
(1.0457 -0.0910519 0)
(1.03942 -0.0953491 0)
(1.03249 -0.0997327 0)
(1.02483 -0.104159 0)
(1.01636 -0.108578 0)
(1.00697 -0.112931 0)
(0.996567 -0.117151 0)
(0.985027 -0.121157 0)
(0.972227 -0.124863 0)
(0.958033 -0.128174 0)
(0.942311 -0.130999 0)
(0.92492 -0.133243 0)
(0.905741 -0.134822 0)
(0.88465 -0.135657 0)
(0.861574 -0.135691 0)
(0.836446 -0.134879 0)
(0.809284 -0.133182 0)
(0.780113 -0.130558 0)
(0.749028 -0.126959 0)
(0.716134 -0.122371 0)
(0.681552 -0.116842 0)
(0.645461 -0.110467 0)
(0.608103 -0.103373 0)
(0.569899 -0.0957063 0)
(0.531311 -0.087657 0)
(0.492858 -0.0794079 0)
(0.454989 -0.0711224 0)
(0.418096 -0.0629631 0)
(0.382526 -0.0551143 0)
(0.348774 -0.0477187 0)
(0.317308 -0.040929 0)
(0.288537 -0.0348814 0)
(0.26266 -0.0296615 0)
(0.239769 -0.025276 0)
(0.219766 -0.0216884 0)
(0.20252 -0.0187974 0)
(0.187706 -0.0164952 0)
(0.175134 -0.0146421 0)
(0.164384 -0.0131592 0)
(0.155331 -0.0119367 0)
(0.147475 -0.0109475 0)
(0.140874 -0.0100954 0)
(0.134901 -0.00941246 0)
(0.12995 -0.00878933 0)
(0.125065 -0.00833097 0)
(0.121285 -0.00787354 0)
(0.116746 -0.00763314 0)
(0.114176 -0.00734066 0)
(0.108608 -0.00727912 0)
(1.06561 -0.0206653 0)
(1.07133 -0.0239057 0)
(1.07642 -0.0272112 0)
(1.08083 -0.0304371 0)
(1.08455 -0.0334372 0)
(1.08763 -0.0360994 0)
(1.0902 -0.0383758 0)
(1.09238 -0.0402783 0)
(1.09428 -0.041849 0)
(1.09597 -0.0431327 0)
(1.09746 -0.0441622 0)
(1.09874 -0.0449586 0)
(1.0998 -0.0455376 0)
(1.10062 -0.0459177 0)
(1.10118 -0.0461234 0)
(1.10148 -0.0461858 0)
(1.10152 -0.0461406 0)
(1.10129 -0.0460257 0)
(1.10078 -0.0458796 0)
(1.09999 -0.0457403 0)
(1.09891 -0.0456444 0)
(1.09755 -0.045626 0)
(1.09591 -0.0457151 0)
(1.09399 -0.0459363 0)
(1.09178 -0.0463106 0)
(1.0893 -0.0468554 0)
(1.08653 -0.0475861 0)
(1.08347 -0.0485145 0)
(1.08011 -0.0496506 0)
(1.07644 -0.0510005 0)
(1.07245 -0.0525686 0)
(1.0681 -0.0543554 0)
(1.06339 -0.0563599 0)
(1.05827 -0.0585775 0)
(1.05271 -0.0610028 0)
(1.04666 -0.0636265 0)
(1.04008 -0.0664387 0)
(1.0329 -0.0694252 0)
(1.02506 -0.0725703 0)
(1.01649 -0.0758529 0)
(1.00711 -0.0792482 0)
(0.996842 -0.0827248 0)
(0.985591 -0.0862445 0)
(0.973247 -0.0897609 0)
(0.959712 -0.0932202 0)
(0.944857 -0.096564 0)
(0.928572 -0.0997292 0)
(0.910723 -0.10264 0)
(0.891199 -0.105211 0)
(0.869865 -0.107351 0)
(0.846609 -0.108969 0)
(0.821313 -0.10998 0)
(0.793891 -0.110306 0)
(0.764275 -0.109878 0)
(0.732445 -0.108639 0)
(0.698409 -0.106543 0)
(0.662213 -0.10355 0)
(0.624049 -0.0996661 0)
(0.584114 -0.0948755 0)
(0.542861 -0.0892374 0)
(0.500661 -0.0828633 0)
(0.457903 -0.0758804 0)
(0.414979 -0.0684367 0)
(0.372349 -0.0606641 0)
(0.330812 -0.0527844 0)
(0.291046 -0.0449772 0)
(0.253981 -0.0375723 0)
(0.220342 -0.0309699 0)
(0.190448 -0.0254863 0)
(0.164326 -0.0211318 0)
(0.142171 -0.0178315 0)
(0.123722 -0.0154085 0)
(0.108551 -0.013603 0)
(0.0960523 -0.0121821 0)
(0.0856069 -0.0110133 0)
(0.0767033 -0.0100516 0)
(0.0690015 -0.00926538 0)
(0.0622596 -0.00862334 0)
(0.0563452 -0.00808193 0)
(0.05111 -0.00760698 0)
(0.0465207 -0.00716656 0)
(0.0424517 -0.00676464 0)
(0.0388854 -0.0063785 0)
(0.0356574 -0.00602992 0)
(0.0328179 -0.00569009 0)
(0.030132 -0.00541078 0)
(0.0277818 -0.00513648 0)
(0.0253665 -0.00496455 0)
(0.0234463 -0.00473642 0)
(0.0205395 -0.00479971 0)
(1.0663 -0.0268595 0)
(1.07183 -0.0294325 0)
(1.07679 -0.0320191 0)
(1.0811 -0.0345531 0)
(1.08474 -0.0369521 0)
(1.08774 -0.0391311 0)
(1.09016 -0.0410262 0)
(1.09208 -0.0426109 0)
(1.09357 -0.0438927 0)
(1.09468 -0.0448955 0)
(1.09543 -0.0456448 0)
(1.0958 -0.0461602 0)
(1.09579 -0.0464578 0)
(1.09537 -0.0465539 0)
(1.09452 -0.0464696 0)
(1.09323 -0.0462323 0)
(1.0915 -0.0458756 0)
(1.08932 -0.0454371 0)
(1.08669 -0.0449566 0)
(1.08361 -0.0444737 0)
(1.08009 -0.0440271 0)
(1.07613 -0.0436533 0)
(1.07173 -0.043385 0)
(1.06689 -0.043248 0)
(1.06164 -0.0432637 0)
(1.05595 -0.0434477 0)
(1.04982 -0.043812 0)
(1.04323 -0.0443635 0)
(1.03618 -0.045107 0)
(1.02863 -0.0460425 0)
(1.02055 -0.0471685 0)
(1.01192 -0.0484795 0)
(1.00268 -0.0499694 0)
(0.992792 -0.0516273 0)
(0.982194 -0.053443 0)
(0.970814 -0.0554006 0)
(0.958593 -0.0574854 0)
(0.945439 -0.059676 0)
(0.931285 -0.0619522 0)
(0.916023 -0.0642855 0)
(0.899579 -0.0666479 0)
(0.881834 -0.0690011 0)
(0.862712 -0.0713042 0)
(0.842083 -0.0735041 0)
(0.819876 -0.0755417 0)
(0.795959 -0.0773518 0)
(0.770249 -0.0788598 0)
(0.742653 -0.0799801 0)
(0.713136 -0.0806267 0)
(0.681636 -0.0807165 0)
(0.648161 -0.08018 0)
(0.612706 -0.0789615 0)
(0.575347 -0.0770279 0)
(0.53623 -0.0743837 0)
(0.495551 -0.0710247 0)
(0.45364 -0.0669528 0)
(0.410762 -0.062105 0)
(0.367381 -0.0564469 0)
(0.324123 -0.0499624 0)
(0.281896 -0.042933 0)
(0.241567 -0.0358714 0)
(0.203936 -0.0293181 0)
(0.169642 -0.0237483 0)
(0.13925 -0.0193309 0)
(0.113764 -0.0161238 0)
(0.0930834 -0.0137371 0)
(0.0764829 -0.0118028 0)
(0.0629265 -0.0101886 0)
(0.0514619 -0.00886659 0)
(0.0413544 -0.00789687 0)
(0.0324376 -0.00737262 0)
(0.0245994 -0.00706306 0)
(0.0178147 -0.00673396 0)
(0.0119302 -0.00628712 0)
(0.00679018 -0.00574537 0)
(0.00226057 -0.00519347 0)
(-0.00176281 -0.0047156 0)
(-0.00535932 -0.00435951 0)
(-0.00857756 -0.00412479 0)
(-0.011495 -0.00397702 0)
(-0.014152 -0.00387904 0)
(-0.0165927 -0.00380406 0)
(-0.0188338 -0.00372199 0)
(-0.0209192 -0.00362713 0)
(-0.0228494 -0.00350872 0)
(-0.0246715 -0.00338955 0)
(-0.0263477 -0.00326231 0)
(-0.0279552 -0.00316937 0)
(-0.0294762 -0.00311251 0)
(-0.0311407 -0.0033073 0)
(1.06589 -0.031083 0)
(1.06984 -0.0330624 0)
(1.07296 -0.0350206 0)
(1.07517 -0.0369306 0)
(1.07647 -0.0387384 0)
(1.07686 -0.0403768 0)
(1.07638 -0.0417857 0)
(1.07509 -0.0429253 0)
(1.07303 -0.0437831 0)
(1.07025 -0.0443652 0)
(1.06678 -0.0446875 0)
(1.06265 -0.0447668 0)
(1.05786 -0.0446198 0)
(1.05241 -0.0442626 0)
(1.04633 -0.0437157 0)
(1.03961 -0.0430047 0)
(1.03228 -0.042163 0)
(1.02436 -0.0412284 0)
(1.01589 -0.0402432 0)
(1.00686 -0.0392489 0)
(0.997326 -0.0382865 0)
(0.98728 -0.0373915 0)
(0.976744 -0.0365983 0)
(0.965735 -0.0359393 0)
(0.954257 -0.0354396 0)
(0.942307 -0.0351156 0)
(0.92987 -0.0349744 0)
(0.916926 -0.0350157 0)
(0.903446 -0.0352336 0)
(0.889394 -0.0356177 0)
(0.874729 -0.0361553 0)
(0.859402 -0.0368313 0)
(0.843359 -0.0376302 0)
(0.826537 -0.0385338 0)
(0.808874 -0.0395247 0)
(0.790295 -0.0405815 0)
(0.770735 -0.0416845 0)
(0.750108 -0.0428083 0)
(0.728354 -0.0439305 0)
(0.705381 -0.0450201 0)
(0.681143 -0.0460523 0)
(0.655546 -0.0469881 0)
(0.628579 -0.0477982 0)
(0.60015 -0.0484301 0)
(0.570327 -0.0488425 0)
(0.539048 -0.0489513 0)
(0.506362 -0.0486538 0)
(0.472329 -0.0478453 0)
(0.437113 -0.0464351 0)
(0.400861 -0.0443588 0)
(0.363851 -0.0416007 0)
(0.326356 -0.0381767 0)
(0.288737 -0.0342098 0)
(0.25149 -0.0299191 0)
(0.215197 -0.0255752 0)
(0.180789 -0.0215113 0)
(0.149067 -0.0179231 0)
(0.120847 -0.0147813 0)
(0.0970127 -0.0121939 0)
(0.0773342 -0.0100272 0)
(0.0610415 -0.00817137 0)
(0.0473157 -0.00662273 0)
(0.0355433 -0.00554959 0)
(0.0250471 -0.00512512 0)
(0.0158056 -0.0052829 0)
(0.00788121 -0.00548023 0)
(0.00114383 -0.0051525 0)
(-0.00460009 -0.00424816 0)
(-0.00952181 -0.00316942 0)
(-0.0138126 -0.00237223 0)
(-0.0175819 -0.00198403 0)
(-0.0209832 -0.00190634 0)
(-0.0241002 -0.00198273 0)
(-0.0269521 -0.00205997 0)
(-0.0295362 -0.00207175 0)
(-0.0318703 -0.00203004 0)
(-0.0339929 -0.00197166 0)
(-0.0359552 -0.0019272 0)
(-0.0377944 -0.00190963 0)
(-0.0395413 -0.00192153 0)
(-0.0412142 -0.0019479 0)
(-0.0428266 -0.00197278 0)
(-0.0443808 -0.00198194 0)
(-0.0458797 -0.00197132 0)
(-0.0473164 -0.00193939 0)
(-0.0486868 -0.00190101 0)
(-0.0499697 -0.00187017 0)
(-0.0511972 -0.00188084 0)
(-0.0524407 -0.00196125 0)
(-0.0535575 -0.00214223 0)
(1.02378 -0.0369144 0)
(1.0188 -0.0375049 0)
(1.01247 -0.0380911 0)
(1.0048 -0.0386596 0)
(0.995809 -0.0391677 0)
(0.985557 -0.0395638 0)
(0.974125 -0.0398006 0)
(0.961626 -0.0398433 0)
(0.948161 -0.0396675 0)
(0.933839 -0.0392639 0)
(0.918772 -0.0386364 0)
(0.903059 -0.0377975 0)
(0.886794 -0.0367639 0)
(0.870056 -0.0355542 0)
(0.85293 -0.0341904 0)
(0.835486 -0.0326984 0)
(0.817802 -0.03111 0)
(0.799938 -0.0294609 0)
(0.781956 -0.0277914 0)
(0.763894 -0.0261407 0)
(0.745794 -0.0245473 0)
(0.727663 -0.023043 0)
(0.709504 -0.0216565 0)
(0.691321 -0.0204135 0)
(0.673111 -0.0193331 0)
(0.654858 -0.0184262 0)
(0.636536 -0.0176956 0)
(0.618106 -0.0171358 0)
(0.599522 -0.0167349 0)
(0.580733 -0.0164767 0)
(0.561684 -0.0163415 0)
(0.542315 -0.0163081 0)
(0.522571 -0.0163538 0)
(0.502393 -0.0164555 0)
(0.481728 -0.016589 0)
(0.460528 -0.0167303 0)
(0.438751 -0.0168545 0)
(0.416366 -0.0169375 0)
(0.393353 -0.0169554 0)
(0.36971 -0.0168858 0)
(0.345454 -0.0167089 0)
(0.320622 -0.0164081 0)
(0.295304 -0.0159744 0)
(0.269593 -0.0154006 0)
(0.243776 -0.0146993 0)
(0.218043 -0.0138452 0)
(0.192693 -0.0128228 0)
(0.168078 -0.0116388 0)
(0.144624 -0.0103144 0)
(0.12269 -0.00890382 0)
(0.102623 -0.00735109 0)
(0.0846746 -0.00580069 0)
(0.0687521 -0.00432308 0)
(0.0546973 -0.00299807 0)
(0.0423156 -0.00200271 0)
(0.0314261 -0.00154626 0)
(0.0218045 -0.00176549 0)
(0.0130728 -0.00250074 0)
(0.00543601 -0.00334605 0)
(-0.00115825 -0.00357929 0)
(-0.00669584 -0.00292654 0)
(-0.011157 -0.00171475 0)
(-0.0147395 -0.000576028 0)
(-0.0177366 -3.74698e-05 0)
(-0.0204561 -4.37798e-05 0)
(-0.0230796 -0.000295142 0)
(-0.0255559 -0.000466162 0)
(-0.0276867 -0.000417891 0)
(-0.029377 -0.000254318 0)
(-0.0306981 -0.000132786 0)
(-0.0318121 -0.000125712 0)
(-0.0328704 -0.000235489 0)
(-0.0339515 -0.000378152 0)
(-0.0350624 -0.000481399 0)
(-0.0361717 -0.000526879 0)
(-0.0372472 -0.000533445 0)
(-0.0382762 -0.000529667 0)
(-0.0392662 -0.000535264 0)
(-0.0402342 -0.000553845 0)
(-0.0411978 -0.000583979 0)
(-0.0421683 -0.000619919 0)
(-0.043149 -0.000654372 0)
(-0.0441354 -0.000680529 0)
(-0.0451199 -0.000695894 0)
(-0.0460915 -0.000701466 0)
(-0.0470381 -0.000707551 0)
(-0.047951 -0.000734078 0)
(-0.0488711 -0.000815507 0)
(-0.0498912 -0.000960321 0)
(-0.0508185 -0.00109895 0)
(0.714628 -0.0206945 0)
(0.685594 -0.0202812 0)
(0.656433 -0.0198821 0)
(0.627168 -0.0194916 0)
(0.597849 -0.0190858 0)
(0.568563 -0.0186343 0)
(0.539425 -0.0181078 0)
(0.510611 -0.0174846 0)
(0.48228 -0.0167407 0)
(0.454604 -0.0158625 0)
(0.427752 -0.014851 0)
(0.401881 -0.0137196 0)
(0.377128 -0.0124907 0)
(0.353612 -0.011192 0)
(0.331429 -0.00985393 0)
(0.310649 -0.00850932 0)
(0.291316 -0.00719253 0)
(0.27344 -0.0059384 0)
(0.257 -0.00477929 0)
(0.241935 -0.00374334 0)
(0.228157 -0.00285046 0)
(0.215551 -0.00211322 0)
(0.203991 -0.00152659 0)
(0.193346 -0.00107268 0)
(0.183485 -0.000732223 0)
(0.174273 -0.00048865 0)
(0.165578 -0.000327107 0)
(0.157278 -0.00023257 0)
(0.14926 -0.000189251 0)
(0.141428 -0.000181042 0)
(0.133703 -0.000192292 0)
(0.126024 -0.000208235 0)
(0.118346 -0.000215318 0)
(0.110643 -0.000201301 0)
(0.102907 -0.000155649 0)
(0.0951426 -6.98412e-05 0)
(0.087374 6.1969e-05 0)
(0.0796371 0.000242348 0)
(0.0719798 0.000469667 0)
(0.0644588 0.000737008 0)
(0.0571361 0.00103122 0)
(0.0500731 0.00133097 0)
(0.043325 0.00160631 0)
(0.0369286 0.0018133 0)
(0.0308987 0.00189341 0)
(0.0252049 0.0017687 0)
(0.0197987 0.00139661 0)
(0.014627 0.000788787 0)
(0.00966203 2.76397e-05 0)
(0.00489974 -0.000729185 0)
(0.000283286 -0.00128026 0)
(-0.00396052 -0.00161758 0)
(-0.00754602 -0.00158992 0)
(-0.0102846 -0.00118158 0)
(-0.0120971 -0.000522196 0)
(-0.0131177 0.000177683 0)
(-0.0136998 0.000694472 0)
(-0.0143036 0.000917155 0)
(-0.0152187 0.000944249 0)
(-0.0164186 0.000861346 0)
(-0.0175291 0.000791777 0)
(-0.0181977 0.000733706 0)
(-0.0183398 0.000647886 0)
(-0.0181498 0.000486813 0)
(-0.0179619 0.000258345 0)
(-0.0179988 3.72799e-05 0)
(-0.0182483 -7.16295e-05 0)
(-0.0185409 -5.30832e-05 0)
(-0.0187276 3.46448e-05 0)
(-0.0187802 0.000116784 0)
(-0.0187652 0.000153072 0)
(-0.0187725 0.000141756 0)
(-0.0188573 0.000103423 0)
(-0.0190233 6.02735e-05 0)
(-0.0192438 2.64393e-05 0)
(-0.019489 5.53766e-06 0)
(-0.0197419 -5.7168e-06 0)
(-0.0199996 -1.29832e-05 0)
(-0.0202668 -2.04456e-05 0)
(-0.0205506 -3.001e-05 0)
(-0.020856 -4.12569e-05 0)
(-0.0211846 -5.27155e-05 0)
(-0.0215332 -6.26878e-05 0)
(-0.0218963 -7.02561e-05 0)
(-0.022267 -7.52686e-05 0)
(-0.0226401 -8.05066e-05 0)
(-0.0230183 -9.57131e-05 0)
(-0.023442 -0.0001416 0)
(-0.0240198 -0.00022457 0)
(-0.0247193 -0.000295049 0)
)
;

boundaryField
{
    fixedWalls
    {
        type            noSlip;
    }
    inflowWall
    {
        type            fixedValue;
        value           uniform (1 0 0);
    }
    outflowWall
    {
        type            zeroGradient;
    }
    frontAndBack
    {
        type            empty;
    }
}


// ************************************************************************* //
