/*--------------------------------*- C++ -*----------------------------------*\
| =========                 |                                                 |
| \\      /  F ield         | OpenFOAM: The Open Source CFD Toolbox           |
|  \\    /   O peration     | Version:  2306                                  |
|   \\  /    A nd           | Website:  www.openfoam.com                      |
|    \\/     M anipulation  |                                                 |
\*---------------------------------------------------------------------------*/
FoamFile
{
    version     2.0;
    format      ascii;
    arch        "LSB;label=32;scalar=64";
    class       volVectorField;
    location    "4.64";
    object      U;
}
// * * * * * * * * * * * * * * * * * * * * * * * * * * * * * * * * * * * * * //

dimensions      [0 1 -1 0 0 0 0];

internalField   nonuniform List<vector> 
1900
(
(0.98428 0.00728764 0)
(0.961754 0.0216863 0)
(0.952337 0.0181725 0)
(0.918698 0.0253052 0)
(0.903429 0.0154356 0)
(0.863069 0.0257497 0)
(0.852286 0.0115901 0)
(0.81197 0.0267252 0)
(0.80969 0.00454677 0)
(0.770499 0.0259651 0)
(1.00256 0.0115588 0)
(1.00446 0.0258608 0)
(1.01944 0.0289625 0)
(1.02198 0.0304534 0)
(1.03488 0.0280007 0)
(1.03397 0.0284129 0)
(1.04407 0.0257751 0)
(1.0428 0.0250794 0)
(1.05121 0.0206451 0)
(1.05229 0.0161701 0)
(1.00048 0.00388601 0)
(1.00419 0.0111541 0)
(1.01255 0.0139965 0)
(1.02113 0.015784 0)
(1.03154 0.0147071 0)
(1.04054 0.0144125 0)
(1.04999 0.0123651 0)
(1.0584 0.0109151 0)
(1.06687 0.00728768 0)
(1.07471 0.00312076 0)
(1.00007 0.00207671 0)
(1.00313 0.00584174 0)
(1.00888 0.00805259 0)
(1.01649 0.00903116 0)
(1.02528 0.00854966 0)
(1.03431 0.0074471 0)
(1.04324 0.00566324 0)
(1.0518 0.00349563 0)
(1.05998 0.000662692 0)
(1.06765 -0.00286184 0)
(1.00003 0.000424204 0)
(1.00261 0.00117105 0)
(1.00738 0.00143264 0)
(1.01402 0.00115018 0)
(1.02191 0.000249358 0)
(1.03035 -0.00111781 0)
(1.03879 -0.00291596 0)
(1.04691 -0.005123 0)
(1.05459 -0.00778587 0)
(1.06173 -0.0109665 0)
(1.00003 -0.00106082 0)
(1.00255 -0.00302755 0)
(1.0072 -0.00475011 0)
(1.01366 -0.00618933 0)
(1.02133 -0.00749081 0)
(1.02948 -0.0088555 0)
(1.03758 -0.0104693 0)
(1.04532 -0.0124431 0)
(1.05258 -0.0148172 0)
(1.05936 -0.0175624 0)
(1.00003 -0.00271051 0)
(1.00303 -0.00743193 0)
(1.00836 -0.0110581 0)
(1.01546 -0.0134946 0)
(1.02346 -0.015119 0)
(1.03163 -0.0164806 0)
(1.03949 -0.0179847 0)
(1.04689 -0.0198092 0)
(1.05381 -0.0219472 0)
(1.06029 -0.024309 0)
(1.00004 -0.0047689 0)
(1.00441 -0.012232 0)
(1.01137 -0.0169148 0)
(1.0198 -0.0193445 0)
(1.02839 -0.0206695 0)
(1.0364 -0.0218387 0)
(1.0436 -0.0233005 0)
(1.05007 -0.0250819 0)
(1.05594 -0.0270418 0)
(1.06125 -0.0290466 0)
(1.00006 -0.0121184 0)
(1.00722 -0.0259505 0)
(1.01558 -0.0314269 0)
(1.02287 -0.0325741 0)
(1.02794 -0.0326561 0)
(1.03073 -0.033029 0)
(1.03174 -0.0338052 0)
(1.03144 -0.0347215 0)
(1.03003 -0.0355623 0)
(1.02753 -0.0362683 0)
(0.980777 -0.00916339 0)
(0.964586 -0.0188211 0)
(0.94546 -0.0220453 0)
(0.920793 -0.022184 0)
(0.892006 -0.021737 0)
(0.861696 -0.0215748 0)
(0.831461 -0.0216056 0)
(0.80178 -0.0215938 0)
(0.772584 -0.0214154 0)
(0.74363 -0.0210861 0)
(0.000207318 -0.000109532 0)
(0.000346683 -2.05105e-05 0)
(8.67893e-05 2.70474e-05 0)
(-0.000395051 5.63326e-05 0)
(-0.00103965 7.42764e-05 0)
(-0.00180488 9.15554e-05 0)
(-0.00267714 0.000111706 0)
(-0.0036514 0.000133693 0)
(-0.0047224 0.000156324 0)
(-0.00588389 0.000178916 0)
(-0.00712892 0.000201063 0)
(-0.00845015 0.000222481 0)
(-0.00984012 0.000242928 0)
(-0.0112915 0.000262205 0)
(-0.0127973 0.000280158 0)
(-0.0143507 0.000296679 0)
(-0.0159455 0.000311709 0)
(-0.0175759 0.000325217 0)
(-0.0192368 0.000337176 0)
(-0.0209237 0.000347594 0)
(-0.0226328 0.000356528 0)
(-0.0243619 0.00036407 0)
(-0.0261095 0.000370341 0)
(-0.0278759 0.000375467 0)
(-0.0296623 0.000379591 0)
(-0.0314718 0.000382879 0)
(-0.033309 0.000385496 0)
(-0.0351799 0.00038753 0)
(-0.0370923 0.000388916 0)
(-0.0390552 0.000389385 0)
(-0.0410784 0.000388367 0)
(-0.0431729 0.000384967 0)
(-0.0453505 0.000378203 0)
(-0.047625 0.000367693 0)
(-0.0500144 0.000354555 0)
(-0.0525435 0.000342159 0)
(-0.0552468 0.000337112 0)
(-0.0581718 0.000350631 0)
(-0.0613835 0.000399564 0)
(-0.0649668 0.000507198 0)
(-0.0690286 0.000702668 0)
(-0.0736946 0.00101744 0)
(-0.0790998 0.00147797 0)
(-0.0853707 0.00209629 0)
(-0.0926001 0.00286052 0)
(-0.100818 0.00372899 0)
(-0.109967 0.00463263 0)
(-0.119886 0.0054843 0)
(-0.130309 0.00618883 0)
(-0.140879 0.00665901 0)
(-0.151174 0.00683446 0)
(-0.160746 0.00669593 0)
(-0.169155 0.00627517 0)
(-0.176017 0.0056528 0)
(-0.181005 0.0048976 0)
(-0.183846 0.00399243 0)
(-0.184358 0.00292578 0)
(-0.182473 0.00171199 0)
(-0.178188 0.000439082 0)
(-0.171506 -0.000841446 0)
(-0.162522 -0.00208756 0)
(-0.151411 -0.00324735 0)
(-0.138321 -0.00432239 0)
(-0.123509 -0.00526046 0)
(-0.107196 -0.00605003 0)
(-0.0896308 -0.00670404 0)
(-0.0711194 -0.00720001 0)
(-0.0518427 -0.00750476 0)
(-0.0322969 -0.00766116 0)
(-0.0123862 -0.00771203 0)
(0.00719504 -0.00762437 0)
(0.0268502 -0.00745219 0)
(0.0456169 -0.00715149 0)
(0.0642781 -0.00681092 0)
(0.0815741 -0.00636254 0)
(0.0987161 -0.00592142 0)
(0.114099 -0.00539391 0)
(0.129443 -0.00492042 0)
(0.142694 -0.00438005 0)
(0.156188 -0.00394443 0)
(0.167261 -0.00345117 0)
(0.179073 -0.00310312 0)
(0.188066 -0.00269509 0)
(0.198581 -0.00247201 0)
(0.205657 -0.00218055 0)
(0.215486 -0.002115 0)
(0.220724 -0.00194263 0)
(0.230924 -0.00206496 0)
(0.234025 -0.00198975 0)
(0.246455 -0.00252983 0)
(6.29212e-05 -0.000519502 0)
(-0.000521368 0.000139255 0)
(-0.00201313 0.000710289 0)
(-0.00392173 0.00111441 0)
(-0.00621535 0.00139328 0)
(-0.00882046 0.00161467 0)
(-0.0116996 0.00181478 0)
(-0.0148245 0.00200171 0)
(-0.0181662 0.00217561 0)
(-0.0216973 0.00233565 0)
(-0.0253916 0.00248112 0)
(-0.0292242 0.00261181 0)
(-0.0331719 0.002728 0)
(-0.0372133 0.00283031 0)
(-0.0413291 0.00291952 0)
(-0.0455025 0.0029966 0)
(-0.0497191 0.00306262 0)
(-0.0539672 0.00311868 0)
(-0.0582375 0.00316601 0)
(-0.0625239 0.00320627 0)
(-0.0668228 0.00324155 0)
(-0.0711345 0.0032742 0)
(-0.0754622 0.00330679 0)
(-0.0798125 0.00334202 0)
(-0.0841952 0.00338276 0)
(-0.0886235 0.00343215 0)
(-0.0931137 0.0034935 0)
(-0.0976855 0.00357005 0)
(-0.102361 0.00366488 0)
(-0.107166 0.00378087 0)
(-0.112126 0.00392076 0)
(-0.117269 0.00408742 0)
(-0.122626 0.00428478 0)
(-0.128224 0.00451949 0)
(-0.134097 0.00480197 0)
(-0.140275 0.00514583 0)
(-0.14679 0.00556779 0)
(-0.153667 0.00608818 0)
(-0.160923 0.00672871 0)
(-0.168563 0.00750949 0)
(-0.176569 0.00844332 0)
(-0.184897 0.0095272 0)
(-0.193467 0.0107325 0)
(-0.202156 0.0119996 0)
(-0.210793 0.0132355 0)
(-0.219156 0.01432 0)
(-0.226986 0.0151223 0)
(-0.233999 0.0155216 0)
(-0.239896 0.0154122 0)
(-0.244371 0.0147195 0)
(-0.247126 0.0134212 0)
(-0.24788 0.011544 0)
(-0.246377 0.00911513 0)
(-0.242464 0.00619497 0)
(-0.23614 0.00288258 0)
(-0.227296 -0.000683262 0)
(-0.215988 -0.0044116 0)
(-0.202181 -0.00818372 0)
(-0.185934 -0.0119128 0)
(-0.167419 -0.0154897 0)
(-0.146701 -0.0188585 0)
(-0.124146 -0.0218494 0)
(-0.0997812 -0.0245511 0)
(-0.074018 -0.0268592 0)
(-0.0470708 -0.0287953 0)
(-0.0191081 -0.0303516 0)
(0.00931579 -0.0314734 0)
(0.0386412 -0.0322064 0)
(0.0674382 -0.0325309 0)
(0.0969838 -0.0325334 0)
(0.125101 -0.0321614 0)
(0.154123 -0.031561 0)
(0.180783 -0.0306206 0)
(0.208633 -0.029559 0)
(0.233197 -0.0282105 0)
(0.259455 -0.026858 0)
(0.28146 -0.0252728 0)
(0.305958 -0.0238001 0)
(0.32511 -0.0221379 0)
(0.347927 -0.0207012 0)
(0.364057 -0.0191011 0)
(0.385522 -0.0178342 0)
(0.398549 -0.0164064 0)
(0.41922 -0.0154219 0)
(0.429094 -0.014253 0)
(0.44976 -0.0136512 0)
(0.456432 -0.0128044 0)
(0.478115 -0.0126919 0)
(0.481471 -0.0122254 0)
(0.505284 -0.0127936 0)
(-0.000159011 0.00042232 0)
(-0.00194239 0.0022846 0)
(-0.00541846 0.00350306 0)
(-0.00937079 0.00432037 0)
(-0.0137642 0.00495889 0)
(-0.0184971 0.0055244 0)
(-0.0235277 0.00604221 0)
(-0.0288171 0.00651259 0)
(-0.0343125 0.00693135 0)
(-0.039963 0.00729723 0)
(-0.0457222 0.00761046 0)
(-0.051549 0.00787319 0)
(-0.0574076 0.00808914 0)
(-0.0632682 0.00826272 0)
(-0.0691062 0.00839873 0)
(-0.0749024 0.00850222 0)
(-0.080642 0.00857842 0)
(-0.0863146 0.00863281 0)
(-0.0919132 0.00867135 0)
(-0.0974341 0.00870004 0)
(-0.102877 0.00872509 0)
(-0.108245 0.00875289 0)
(-0.113544 0.00878985 0)
(-0.118781 0.0088423 0)
(-0.123965 0.00891647 0)
(-0.129105 0.00901864 0)
(-0.134212 0.00915498 0)
(-0.139296 0.009331 0)
(-0.144364 0.00955117 0)
(-0.149424 0.00981891 0)
(-0.154478 0.0101364 0)
(-0.159526 0.0105047 0)
(-0.16456 0.010924 0)
(-0.169565 0.0113947 0)
(-0.174523 0.0119185 0)
(-0.179405 0.0124976 0)
(-0.184176 0.013132 0)
(-0.188785 0.013821 0)
(-0.193166 0.0145596 0)
(-0.19724 0.0153371 0)
(-0.200906 0.0161337 0)
(-0.20405 0.0169179 0)
(-0.206533 0.0176399 0)
(-0.208203 0.0182195 0)
(-0.208893 0.018552 0)
(-0.208421 0.0185138 0)
(-0.206603 0.0179752 0)
(-0.203282 0.0168416 0)
(-0.198317 0.0150335 0)
(-0.191572 0.0124737 0)
(-0.182941 0.00914973 0)
(-0.172436 0.0051188 0)
(-0.159972 0.000446055 0)
(-0.145604 -0.00478475 0)
(-0.129292 -0.0105304 0)
(-0.111009 -0.0165193 0)
(-0.0907973 -0.0226319 0)
(-0.0689644 -0.0286337 0)
(-0.045365 -0.0344665 0)
(-0.0204773 -0.0399798 0)
(0.0060034 -0.0450826 0)
(0.0335657 -0.049615 0)
(0.0622414 -0.0536188 0)
(0.0916436 -0.0569428 0)
(0.121442 -0.0596694 0)
(0.151974 -0.06174 0)
(0.182025 -0.0631507 0)
(0.212904 -0.063917 0)
(0.242336 -0.064101 0)
(0.272877 -0.0637381 0)
(0.300888 -0.0628339 0)
(0.330471 -0.0615165 0)
(0.356427 -0.0597445 0)
(0.38463 -0.0577193 0)
(0.408058 -0.0553414 0)
(0.434666 -0.0528795 0)
(0.455252 -0.0501644 0)
(0.48026 -0.0475307 0)
(0.497832 -0.0447259 0)
(0.521432 -0.0421551 0)
(0.535925 -0.03947 0)
(0.558484 -0.0371632 0)
(0.569908 -0.0347705 0)
(0.591943 -0.0328965 0)
(0.600351 -0.0309342 0)
(0.622506 -0.0296394 0)
(0.627977 -0.0282288 0)
(0.651 -0.0276658 0)
(0.653599 -0.0269269 0)
(0.678282 -0.0272429 0)
(-0.000919718 0.00120727 0)
(-0.0047908 0.00508649 0)
(-0.010702 0.00756388 0)
(-0.0167638 0.00922925 0)
(-0.023155 0.0104695 0)
(-0.0298264 0.011456 0)
(-0.036693 0.0122615 0)
(-0.0436582 0.0129234 0)
(-0.0506324 0.0134566 0)
(-0.0575442 0.0138734 0)
(-0.0643392 0.0141864 0)
(-0.070974 0.0144077 0)
(-0.0774168 0.014549 0)
(-0.083645 0.0146221 0)
(-0.0896438 0.014638 0)
(-0.0954038 0.0146074 0)
(-0.10092 0.0145404 0)
(-0.106192 0.0144462 0)
(-0.111219 0.0143341 0)
(-0.116004 0.0142128 0)
(-0.120551 0.0140907 0)
(-0.124865 0.0139757 0)
(-0.12895 0.0138749 0)
(-0.132808 0.0137947 0)
(-0.136441 0.0137402 0)
(-0.139849 0.013716 0)
(-0.143028 0.0137261 0)
(-0.145973 0.013773 0)
(-0.148674 0.0138568 0)
(-0.151118 0.0139756 0)
(-0.153287 0.0141257 0)
(-0.155157 0.0143013 0)
(-0.156696 0.0144946 0)
(-0.157866 0.014697 0)
(-0.158624 0.0149025 0)
(-0.158919 0.0151089 0)
(-0.158691 0.0153052 0)
(-0.157873 0.0154815 0)
(-0.156384 0.0156225 0)
(-0.154135 0.0157062 0)
(-0.151018 0.0157014 0)
(-0.146921 0.0155702 0)
(-0.141739 0.0152661 0)
(-0.135358 0.0147025 0)
(-0.127675 0.0137738 0)
(-0.1186 0.0123742 0)
(-0.108007 0.0103381 0)
(-0.0958601 0.00761266 0)
(-0.082198 0.00411355 0)
(-0.0669866 -0.000139875 0)
(-0.0501857 -0.00518653 0)
(-0.0319768 -0.0109715 0)
(-0.01211 -0.0174232 0)
(0.00907113 -0.0243443 0)
(0.0317534 -0.0315649 0)
(0.0555138 -0.0388899 0)
(0.0808266 -0.0462771 0)
(0.106937 -0.0534965 0)
(0.134441 -0.0604888 0)
(0.162521 -0.0670467 0)
(0.191715 -0.0730854 0)
(0.221216 -0.0783827 0)
(0.25142 -0.0830627 0)
(0.281805 -0.086858 0)
(0.312227 -0.0899124 0)
(0.342801 -0.0920251 0)
(0.372632 -0.0933605 0)
(0.402737 -0.0938036 0)
(0.431212 -0.093523 0)
(0.460277 -0.0924808 0)
(0.48677 -0.0908143 0)
(0.514361 -0.0885584 0)
(0.538388 -0.0858132 0)
(0.564249 -0.0826841 0)
(0.585495 -0.0792141 0)
(0.609554 -0.0755751 0)
(0.627857 -0.0717336 0)
(0.650216 -0.06793 0)
(0.665541 -0.0640364 0)
(0.68645 -0.0603714 0)
(0.698857 -0.0566954 0)
(0.718691 -0.0534231 0)
(0.728297 -0.0501822 0)
(0.747527 -0.04751 0)
(0.754479 -0.0448767 0)
(0.773652 -0.0429786 0)
(0.778103 -0.0410976 0)
(0.797826 -0.0401332 0)
(0.799915 -0.039135 0)
(0.820835 -0.0392524 0)
(-0.00127661 0.00691014 0)
(-0.0068654 0.0137527 0)
(-0.0154924 0.0163829 0)
(-0.0239937 0.0175502 0)
(-0.0325116 0.0183945 0)
(-0.0407995 0.0191879 0)
(-0.0487283 0.0198811 0)
(-0.0562565 0.0203972 0)
(-0.0633534 0.0207174 0)
(-0.0699859 0.0208679 0)
(-0.0761353 0.0208774 0)
(-0.0817949 0.0207709 0)
(-0.0869674 0.0205705 0)
(-0.0916619 0.0202958 0)
(-0.0958919 0.0199635 0)
(-0.0996734 0.0195884 0)
(-0.103023 0.0191828 0)
(-0.105958 0.0187566 0)
(-0.108492 0.0183187 0)
(-0.110639 0.0178777 0)
(-0.11241 0.0174413 0)
(-0.113814 0.0170162 0)
(-0.114859 0.0166077 0)
(-0.115547 0.0162195 0)
(-0.115877 0.0158534 0)
(-0.115844 0.0155102 0)
(-0.115439 0.0151904 0)
(-0.114649 0.0148936 0)
(-0.113458 0.0146145 0)
(-0.111845 0.0143462 0)
(-0.109784 0.0140795 0)
(-0.107246 0.0138029 0)
(-0.104194 0.0135027 0)
(-0.100583 0.013164 0)
(-0.0963563 0.0127759 0)
(-0.0914832 0.0123467 0)
(-0.0858869 0.0118468 0)
(-0.0795126 0.0112575 0)
(-0.0722847 0.0105573 0)
(-0.0641242 0.00972016 0)
(-0.054932 0.00870785 0)
(-0.0445985 0.00746277 0)
(-0.0330979 0.00591625 0)
(-0.0203357 0.00401109 0)
(-0.00620711 0.00167289 0)
(0.00923837 -0.00119204 0)
(0.0260764 -0.00467955 0)
(0.0442644 -0.0088429 0)
(0.0638513 -0.0137821 0)
(0.0846948 -0.0194752 0)
(0.107006 -0.025914 0)
(0.130292 -0.0329691 0)
(0.154974 -0.0405674 0)
(0.180393 -0.048591 0)
(0.207181 -0.0569226 0)
(0.234364 -0.0652966 0)
(0.262855 -0.0736865 0)
(0.291472 -0.0817749 0)
(0.321229 -0.0895663 0)
(0.350815 -0.0967217 0)
(0.381257 -0.103289 0)
(0.411231 -0.10894 0)
(0.44166 -0.113805 0)
(0.471389 -0.117592 0)
(0.501071 -0.120482 0)
(0.529911 -0.122239 0)
(0.558136 -0.123093 0)
(0.585539 -0.122869 0)
(0.611721 -0.121824 0)
(0.637295 -0.119845 0)
(0.661014 -0.117196 0)
(0.684542 -0.113816 0)
(0.705539 -0.109955 0)
(0.726972 -0.1056 0)
(0.745143 -0.100963 0)
(0.764585 -0.0960769 0)
(0.779949 -0.0910917 0)
(0.797625 -0.0860854 0)
(0.810292 -0.0811301 0)
(0.826519 -0.076358 0)
(0.836647 -0.0717467 0)
(0.851806 -0.067498 0)
(0.859578 -0.0634793 0)
(0.874096 -0.0599839 0)
(0.879695 -0.0567516 0)
(0.89403 -0.0541944 0)
(0.897616 -0.0519028 0)
(0.912251 -0.0504418 0)
(0.913948 -0.0492252 0)
(0.929383 -0.0490142 0)
(-0.00367576 0.00679062 0)
(-0.0134988 0.0172251 0)
(-0.0245606 0.0219543 0)
(-0.0336936 0.0246312 0)
(-0.0419798 0.0262404 0)
(-0.0496144 0.0271018 0)
(-0.0565554 0.027393 0)
(-0.0626759 0.0272996 0)
(-0.0678827 0.026959 0)
(-0.0721781 0.026443 0)
(-0.0756181 0.0257984 0)
(-0.0782625 0.0250581 0)
(-0.0801714 0.0242503 0)
(-0.0814024 0.0233978 0)
(-0.0820089 0.0225183 0)
(-0.0820395 0.0216255 0)
(-0.081538 0.0207304 0)
(-0.0805413 0.0198393 0)
(-0.0790801 0.018957 0)
(-0.0771805 0.0180887 0)
(-0.0748633 0.0172386 0)
(-0.0721439 0.0164088 0)
(-0.069033 0.0156003 0)
(-0.0655355 0.0148119 0)
(-0.0616496 0.0140399 0)
(-0.0573664 0.0132803 0)
(-0.0526732 0.0125309 0)
(-0.0475595 0.0117917 0)
(-0.0419992 0.0110519 0)
(-0.0359678 0.0103003 0)
(-0.0294354 0.00952464 0)
(-0.0223694 0.00871084 0)
(-0.0147321 0.00784205 0)
(-0.00647743 0.00689852 0)
(0.00250295 0.00584664 0)
(0.0121412 0.00465577 0)
(0.0225616 0.00332581 0)
(0.0338086 0.00184629 0)
(0.0459518 0.000186275 0)
(0.0590526 -0.0016888 0)
(0.0731817 -0.00381584 0)
(0.0884051 -0.0062351 0)
(0.10477 -0.00901047 0)
(0.122308 -0.0122131 0)
(0.141168 -0.0158943 0)
(0.161234 -0.0201563 0)
(0.182674 -0.0250327 0)
(0.2052 -0.0305561 0)
(0.22911 -0.0367498 0)
(0.253902 -0.0435974 0)
(0.280039 -0.0511149 0)
(0.306768 -0.0591684 0)
(0.334731 -0.0677203 0)
(0.362947 -0.076555 0)
(0.392269 -0.0856148 0)
(0.421464 -0.0946093 0)
(0.451579 -0.103496 0)
(0.481178 -0.111952 0)
(0.511464 -0.119963 0)
(0.54082 -0.127191 0)
(0.570572 -0.133678 0)
(0.598995 -0.139095 0)
(0.627489 -0.143561 0)
(0.654326 -0.146787 0)
(0.68092 -0.148972 0)
(0.705655 -0.149874 0)
(0.729862 -0.149766 0)
(0.752175 -0.148451 0)
(0.773709 -0.146258 0)
(0.79349 -0.143031 0)
(0.812252 -0.139134 0)
(0.829569 -0.134436 0)
(0.845611 -0.129315 0)
(0.860667 -0.123655 0)
(0.874141 -0.117819 0)
(0.887229 -0.111701 0)
(0.898352 -0.10563 0)
(0.909815 -0.0995058 0)
(0.918824 -0.093612 0)
(0.929021 -0.0878578 0)
(0.936148 -0.0824717 0)
(0.945441 -0.0773842 0)
(0.950892 -0.0727603 0)
(0.959635 -0.0685668 0)
(0.963581 -0.0648968 0)
(0.972116 -0.0617725 0)
(0.974685 -0.0592034 0)
(0.983347 -0.0572912 0)
(0.984605 -0.0559461 0)
(0.993718 -0.0553794 0)
(-0.00179874 0.0287847 0)
(-0.00959354 0.0405234 0)
(-0.0241166 0.0404646 0)
(-0.0355411 0.0380508 0)
(-0.044596 0.0362086 0)
(-0.051034 0.0347249 0)
(-0.0551567 0.0332506 0)
(-0.0573623 0.0317114 0)
(-0.0580126 0.0301198 0)
(-0.0573855 0.0285004 0)
(-0.0556706 0.026876 0)
(-0.0530149 0.0252602 0)
(-0.0495445 0.0236704 0)
(-0.0453652 0.0221185 0)
(-0.0405667 0.0206104 0)
(-0.0352241 0.0191492 0)
(-0.0294036 0.0177363 0)
(-0.0231544 0.0163657 0)
(-0.0165132 0.0150316 0)
(-0.00951592 0.0137369 0)
(-0.0021869 0.0124812 0)
(0.00545818 0.0112618 0)
(0.0134089 0.0100751 0)
(0.0216617 0.00891609 0)
(0.0302263 0.00777325 0)
(0.0391219 0.0066338 0)
(0.0483765 0.00548004 0)
(0.0579795 0.00429555 0)
(0.0679777 0.00307613 0)
(0.0784043 0.00181407 0)
(0.0892966 0.00049387 0)
(0.100692 -0.000904496 0)
(0.112644 -0.00240202 0)
(0.125168 -0.00402362 0)
(0.138368 -0.00578343 0)
(0.152197 -0.00771723 0)
(0.166785 -0.00985504 0)
(0.182177 -0.0122173 0)
(0.198433 -0.0148285 0)
(0.215574 -0.0177232 0)
(0.233694 -0.0209368 0)
(0.252777 -0.0245113 0)
(0.272954 -0.0284786 0)
(0.29413 -0.032884 0)
(0.316488 -0.037784 0)
(0.339809 -0.0432256 0)
(0.364331 -0.0492537 0)
(0.389663 -0.0558714 0)
(0.416128 -0.0630994 0)
(0.44315 -0.0708855 0)
(0.471161 -0.0792145 0)
(0.499383 -0.0879519 0)
(0.528381 -0.0970336 0)
(0.557156 -0.106249 0)
(0.586447 -0.115515 0)
(0.615031 -0.124567 0)
(0.643846 -0.133326 0)
(0.671454 -0.141497 0)
(0.699018 -0.14904 0)
(0.724893 -0.155652 0)
(0.750483 -0.161356 0)
(0.77397 -0.165862 0)
(0.797001 -0.169278 0)
(0.817631 -0.171349 0)
(0.837736 -0.172276 0)
(0.855298 -0.171849 0)
(0.872372 -0.170361 0)
(0.886923 -0.167633 0)
(0.901096 -0.164035 0)
(0.912892 -0.159406 0)
(0.924449 -0.154169 0)
(0.933875 -0.148164 0)
(0.94318 -0.14184 0)
(0.950664 -0.135018 0)
(0.958095 -0.128155 0)
(0.96406 -0.121043 0)
(0.969964 -0.11413 0)
(0.974792 -0.107177 0)
(0.97946 -0.100619 0)
(0.983476 -0.0941852 0)
(0.987137 -0.0882962 0)
(0.990612 -0.0826565 0)
(0.993433 -0.0776713 0)
(0.996589 -0.0730284 0)
(0.998683 -0.069119 0)
(1.00171 -0.0656237 0)
(1.00313 -0.0629192 0)
(1.00618 -0.0606899 0)
(1.00694 -0.0592942 0)
(1.01014 -0.0584316 0)
(-0.01962 0.00824971 0)
(-0.0378906 0.0319053 0)
(-0.0411217 0.0392324 0)
(-0.04325 0.0400224 0)
(-0.0421613 0.0383619 0)
(-0.0387241 0.0356041 0)
(-0.0333949 0.0325375 0)
(-0.0265156 0.029492 0)
(-0.0183407 0.0265698 0)
(-0.00915723 0.0238359 0)
(0.000851509 0.02127 0)
(0.0115242 0.0188455 0)
(0.0227042 0.0165599 0)
(0.03428 0.0144077 0)
(0.0461642 0.0123798 0)
(0.0582905 0.0104668 0)
(0.0705861 0.00866291 0)
(0.0830222 0.00696508 0)
(0.095599 0.00536065 0)
(0.108277 0.00382432 0)
(0.121042 0.0023344 0)
(0.133897 0.000876252 0)
(0.146845 -0.000560798 0)
(0.159883 -0.00198803 0)
(0.173047 -0.00341443 0)
(0.186358 -0.00485309 0)
(0.199852 -0.00632075 0)
(0.213544 -0.00784013 0)
(0.227491 -0.00943072 0)
(0.24174 -0.01111 0)
(0.256331 -0.0128956 0)
(0.271306 -0.014809 0)
(0.286717 -0.0168727 0)
(0.302603 -0.01911 0)
(0.319021 -0.0215457 0)
(0.336003 -0.0241921 0)
(0.353609 -0.027073 0)
(0.371869 -0.0302234 0)
(0.390845 -0.0336674 0)
(0.410537 -0.0374378 0)
(0.431017 -0.0415587 0)
(0.452248 -0.0460657 0)
(0.474315 -0.0509845 0)
(0.497115 -0.0563508 0)
(0.520749 -0.0621891 0)
(0.54502 -0.0685243 0)
(0.570044 -0.0753659 0)
(0.595502 -0.0827041 0)
(0.62154 -0.0905165 0)
(0.647696 -0.098744 0)
(0.674175 -0.107325 0)
(0.70036 -0.116142 0)
(0.726552 -0.125095 0)
(0.751952 -0.134011 0)
(0.777015 -0.142769 0)
(0.80076 -0.15115 0)
(0.823862 -0.159038 0)
(0.845146 -0.166193 0)
(0.865574 -0.172541 0)
(0.883767 -0.177846 0)
(0.901031 -0.182104 0)
(0.91577 -0.1851 0)
(0.929668 -0.186928 0)
(0.940901 -0.187402 0)
(0.951534 -0.186723 0)
(0.959505 -0.184728 0)
(0.967243 -0.181721 0)
(0.97243 -0.177553 0)
(0.97781 -0.172615 0)
(0.980804 -0.16675 0)
(0.984411 -0.160412 0)
(0.985803 -0.153413 0)
(0.988175 -0.146244 0)
(0.98848 -0.138668 0)
(0.990054 -0.131199 0)
(0.989671 -0.123539 0)
(0.990767 -0.116216 0)
(0.98998 -0.108876 0)
(0.99081 -0.10206 0)
(0.989801 -0.0953538 0)
(0.990489 -0.0893171 0)
(0.989368 -0.0834816 0)
(0.989979 -0.0784258 0)
(0.9888 -0.0736315 0)
(0.98935 -0.0697021 0)
(0.988132 -0.0660727 0)
(0.988598 -0.0633772 0)
(0.987329 -0.0610069 0)
(0.987645 -0.0596293 0)
(0.986287 -0.0585924 0)
(-0.0189988 0.107961 0)
(-0.0182097 0.072764 0)
(-0.0113746 0.0580472 0)
(0.00110847 0.0461509 0)
(0.0174414 0.0363363 0)
(0.0359334 0.0287951 0)
(0.0556379 0.0228743 0)
(0.0758176 0.018016 0)
(0.0962818 0.013839 0)
(0.116513 0.0101611 0)
(0.13657 0.00691388 0)
(0.156424 0.0040505 0)
(0.175943 0.00149747 0)
(0.19511 -0.000813648 0)
(0.213918 -0.00292802 0)
(0.232371 -0.00487588 0)
(0.250464 -0.00668104 0)
(0.26821 -0.00836556 0)
(0.285636 -0.00995041 0)
(0.302742 -0.0114607 0)
(0.319546 -0.0129235 0)
(0.336088 -0.0143645 0)
(0.3524 -0.0158052 0)
(0.368514 -0.017264 0)
(0.384485 -0.0187565 0)
(0.400358 -0.0202984 0)
(0.416174 -0.0219073 0)
(0.431983 -0.0235997 0)
(0.447832 -0.0253968 0)
(0.463778 -0.0273232 0)
(0.479866 -0.0293995 0)
(0.496149 -0.0316487 0)
(0.512666 -0.0340891 0)
(0.529466 -0.0367435 0)
(0.546582 -0.0396287 0)
(0.564055 -0.0427676 0)
(0.581908 -0.046176 0)
(0.600169 -0.0498805 0)
(0.618857 -0.0538961 0)
(0.637976 -0.058248 0)
(0.657531 -0.0629473 0)
(0.677497 -0.0680181 0)
(0.697864 -0.0734678 0)
(0.718568 -0.0793175 0)
(0.739575 -0.0855674 0)
(0.760759 -0.092228 0)
(0.78207 -0.0992795 0)
(0.803304 -0.106704 0)
(0.824403 -0.114447 0)
(0.845076 -0.12245 0)
(0.865286 -0.13062 0)
(0.884651 -0.138855 0)
(0.903198 -0.147025 0)
(0.920446 -0.154991 0)
(0.936563 -0.162603 0)
(0.950965 -0.169695 0)
(0.964034 -0.176124 0)
(0.975062 -0.181725 0)
(0.984726 -0.186396 0)
(0.992156 -0.189992 0)
(0.998397 -0.192486 0)
(1.00235 -0.193761 0)
(1.0055 -0.193887 0)
(1.00642 -0.192773 0)
(1.00707 -0.190594 0)
(1.00562 -0.187262 0)
(1.0045 -0.183052 0)
(1.00141 -0.177864 0)
(0.99925 -0.172066 0)
(0.995173 -0.165513 0)
(0.992585 -0.158647 0)
(0.98804 -0.151253 0)
(0.985459 -0.143831 0)
(0.980787 -0.136083 0)
(0.978474 -0.128561 0)
(0.973856 -0.120873 0)
(0.971937 -0.113627 0)
(0.967437 -0.106335 0)
(0.965944 -0.0996636 0)
(0.961553 -0.0930314 0)
(0.96047 -0.0871665 0)
(0.956137 -0.0813958 0)
(0.95543 -0.0765124 0)
(0.951081 -0.0717526 0)
(0.950696 -0.0679784 0)
(0.946239 -0.0643371 0)
(0.946105 -0.0617628 0)
(0.941421 -0.0593175 0)
(0.941441 -0.0580091 0)
(0.936389 -0.0568178 0)
(0.0698988 0.00704506 0)
(0.089845 0.00651771 0)
(0.153511 0.00604744 0)
(0.198418 0.00285839 0)
(0.237236 -0.00144513 0)
(0.272532 -0.00556965 0)
(0.305123 -0.00913013 0)
(0.334861 -0.0121447 0)
(0.362518 -0.014725 0)
(0.388353 -0.0169495 0)
(0.412722 -0.0188981 0)
(0.435853 -0.0206248 0)
(0.457824 -0.0221682 0)
(0.478749 -0.0235618 0)
(0.49873 -0.0248309 0)
(0.517858 -0.0259965 0)
(0.536201 -0.0270779 0)
(0.553824 -0.0280976 0)
(0.570785 -0.0290808 0)
(0.587139 -0.0300476 0)
(0.602938 -0.0310181 0)
(0.618242 -0.0320134 0)
(0.633103 -0.0330546 0)
(0.647582 -0.0341608 0)
(0.661737 -0.0353518 0)
(0.675621 -0.0366466 0)
(0.689284 -0.0380624 0)
(0.702777 -0.0396167 0)
(0.716146 -0.0413267 0)
(0.72944 -0.0432113 0)
(0.7427 -0.0452874 0)
(0.755971 -0.0475733 0)
(0.769279 -0.0500854 0)
(0.78266 -0.0528421 0)
(0.796127 -0.0558575 0)
(0.809705 -0.0591482 0)
(0.823392 -0.0627253 0)
(0.8372 -0.0666039 0)
(0.851108 -0.0707922 0)
(0.865109 -0.0753032 0)
(0.879162 -0.0801404 0)
(0.893237 -0.0853129 0)
(0.907264 -0.090817 0)
(0.921188 -0.096656 0)
(0.934904 -0.102815 0)
(0.948324 -0.109285 0)
(0.961321 -0.116029 0)
(0.973771 -0.123014 0)
(0.985529 -0.130174 0)
(0.996445 -0.137444 0)
(1.00638 -0.144722 0)
(1.01516 -0.151914 0)
(1.02269 -0.158886 0)
(1.02881 -0.165521 0)
(1.03352 -0.171671 0)
(1.03664 -0.177219 0)
(1.03834 -0.182028 0)
(1.03841 -0.186003 0)
(1.03724 -0.189044 0)
(1.03453 -0.19109 0)
(1.03095 -0.192101 0)
(1.02602 -0.192052 0)
(1.02073 -0.190973 0)
(1.01429 -0.188864 0)
(1.00807 -0.18583 0)
(1.00081 -0.181877 0)
(0.994348 -0.177188 0)
(0.986806 -0.171743 0)
(0.980587 -0.165802 0)
(0.973086 -0.159282 0)
(0.967399 -0.152517 0)
(0.960075 -0.145337 0)
(0.955036 -0.138157 0)
(0.947882 -0.130699 0)
(0.943498 -0.123474 0)
(0.936436 -0.116076 0)
(0.932677 -0.109127 0)
(0.925605 -0.102078 0)
(0.922439 -0.0956767 0)
(0.915255 -0.0892159 0)
(0.912668 -0.0835842 0)
(0.905275 -0.0779038 0)
(0.903271 -0.0732188 0)
(0.895564 -0.0684652 0)
(0.894145 -0.0648574 0)
(0.885992 -0.0611317 0)
(0.88514 -0.0586876 0)
(0.876362 -0.056052 0)
(0.876023 -0.0548213 0)
(0.866399 -0.0533074 0)
(0.773661 -0.00919591 0)
(0.775221 -0.0206198 0)
(0.776061 -0.0268376 0)
(0.777745 -0.0305382 0)
(0.7814 -0.0331936 0)
(0.786798 -0.0354032 0)
(0.793661 -0.0372942 0)
(0.801358 -0.0388344 0)
(0.809663 -0.0400407 0)
(0.818368 -0.0409514 0)
(0.827291 -0.0416425 0)
(0.836303 -0.0421872 0)
(0.845306 -0.0426287 0)
(0.854227 -0.0429924 0)
(0.863013 -0.0432965 0)
(0.871623 -0.0435569 0)
(0.880029 -0.0437907 0)
(0.888209 -0.0440163 0)
(0.896153 -0.0442538 0)
(0.903858 -0.0445234 0)
(0.91133 -0.0448453 0)
(0.918579 -0.0452402 0)
(0.925622 -0.0457288 0)
(0.932479 -0.0463321 0)
(0.939173 -0.0470712 0)
(0.945726 -0.0479656 0)
(0.952159 -0.0490328 0)
(0.958495 -0.0502881 0)
(0.964753 -0.0517463 0)
(0.970951 -0.0534208 0)
(0.977104 -0.0553247 0)
(0.983227 -0.0574704 0)
(0.989322 -0.0598697 0)
(0.995396 -0.0625334 0)
(1.00144 -0.065471 0)
(1.00746 -0.0686906 0)
(1.01342 -0.0721984 0)
(1.01933 -0.0759996 0)
(1.02513 -0.0800973 0)
(1.03081 -0.0844933 0)
(1.03631 -0.089186 0)
(1.04159 -0.0941717 0)
(1.04659 -0.099441 0)
(1.05123 -0.104981 0)
(1.05545 -0.110768 0)
(1.05916 -0.116775 0)
(1.06227 -0.122958 0)
(1.06471 -0.129272 0)
(1.06637 -0.13565 0)
(1.06719 -0.142025 0)
(1.06708 -0.148305 0)
(1.066 -0.154403 0)
(1.0639 -0.160209 0)
(1.06079 -0.165628 0)
(1.05667 -0.170546 0)
(1.0516 -0.174877 0)
(1.04565 -0.178519 0)
(1.03891 -0.18141 0)
(1.03155 -0.183468 0)
(1.02362 -0.184672 0)
(1.01537 -0.184974 0)
(1.00677 -0.184391 0)
(0.998176 -0.182915 0)
(0.989332 -0.180593 0)
(0.980786 -0.177456 0)
(0.97193 -0.173572 0)
(0.963608 -0.169007 0)
(0.95475 -0.163819 0)
(0.946668 -0.158117 0)
(0.937695 -0.151927 0)
(0.929812 -0.145413 0)
(0.920575 -0.138546 0)
(0.912859 -0.131563 0)
(0.903236 -0.124349 0)
(0.895726 -0.117242 0)
(0.885656 -0.110011 0)
(0.878472 -0.103119 0)
(0.867944 -0.0961764 0)
(0.861267 -0.0897997 0)
(0.850276 -0.0834001 0)
(0.844315 -0.077786 0)
(0.832822 -0.0721236 0)
(0.827787 -0.0674637 0)
(0.815682 -0.0626752 0)
(0.811765 -0.0591061 0)
(0.798836 -0.0552687 0)
(0.796194 -0.0528715 0)
(0.782104 -0.0500091 0)
(0.780857 -0.0488164 0)
(0.765153 -0.0469074 0)
(1.05716 0.00827874 0)
(1.06026 -0.00011092 0)
(1.06098 -0.00726927 0)
(1.06024 -0.0129273 0)
(1.05937 -0.0175611 0)
(1.05907 -0.0215789 0)
(1.05948 -0.0251559 0)
(1.06046 -0.028303 0)
(1.06177 -0.0310164 0)
(1.06328 -0.0333162 0)
(1.06488 -0.0352461 0)
(1.06654 -0.0368603 0)
(1.06823 -0.0382108 0)
(1.06991 -0.0393431 0)
(1.07159 -0.0402962 0)
(1.07322 -0.0411052 0)
(1.0748 -0.041803 0)
(1.0763 -0.0424213 0)
(1.07772 -0.0429915 0)
(1.07905 -0.0435443 0)
(1.08028 -0.0441096 0)
(1.08142 -0.0447163 0)
(1.08247 -0.0453925 0)
(1.08343 -0.046165 0)
(1.08431 -0.0470591 0)
(1.08511 -0.0480979 0)
(1.08585 -0.049302 0)
(1.08652 -0.0506892 0)
(1.08714 -0.0522757 0)
(1.08769 -0.0540754 0)
(1.08819 -0.0561009 0)
(1.08862 -0.0583628 0)
(1.08899 -0.0608698 0)
(1.08928 -0.0636286 0)
(1.08948 -0.0666449 0)
(1.08959 -0.0699221 0)
(1.08958 -0.0734633 0)
(1.08943 -0.0772685 0)
(1.08912 -0.0813372 0)
(1.08863 -0.0856655 0)
(1.08791 -0.0902478 0)
(1.08694 -0.0950738 0)
(1.08568 -0.10013 0)
(1.08409 -0.105397 0)
(1.08213 -0.110848 0)
(1.07978 -0.116452 0)
(1.07698 -0.122167 0)
(1.0737 -0.127945 0)
(1.06992 -0.133728 0)
(1.06562 -0.13945 0)
(1.06077 -0.145037 0)
(1.05539 -0.15041 0)
(1.04947 -0.155485 0)
(1.04305 -0.160182 0)
(1.03614 -0.164417 0)
(1.0288 -0.168117 0)
(1.02105 -0.171205 0)
(1.01297 -0.173622 0)
(1.00455 -0.175302 0)
(0.995847 -0.176209 0)
(0.986849 -0.176295 0)
(0.977565 -0.175559 0)
(0.967973 -0.173982 0)
(0.958015 -0.171604 0)
(0.947706 -0.168431 0)
(0.936889 -0.164532 0)
(0.925703 -0.159922 0)
(0.913847 -0.154685 0)
(0.901698 -0.148851 0)
(0.888715 -0.142532 0)
(0.875673 -0.13579 0)
(0.861636 -0.128741 0)
(0.847953 -0.121475 0)
(0.833063 -0.11408 0)
(0.819126 -0.106689 0)
(0.803656 -0.0993354 0)
(0.789939 -0.0922138 0)
(0.774159 -0.085258 0)
(0.761163 -0.0787471 0)
(0.745262 -0.0724573 0)
(0.733451 -0.0668015 0)
(0.717451 -0.0613404 0)
(0.707236 -0.0566985 0)
(0.69095 -0.0521426 0)
(0.682712 -0.048612 0)
(0.66571 -0.0449725 0)
(0.659839 -0.0426114 0)
(0.641409 -0.0398482 0)
(0.638363 -0.038679 0)
(0.617481 -0.0367019 0)
(1.08188 -0.00325943 0)
(1.08786 -0.0108417 0)
(1.09216 -0.0181814 0)
(1.09483 -0.0242835 0)
(1.09636 -0.0290053 0)
(1.09734 -0.0326713 0)
(1.09818 -0.0356401 0)
(1.09904 -0.0381382 0)
(1.09991 -0.0402593 0)
(1.10073 -0.0420302 0)
(1.10148 -0.043465 0)
(1.10213 -0.0445892 0)
(1.10268 -0.0454428 0)
(1.10314 -0.0460724 0)
(1.10353 -0.0465246 0)
(1.10384 -0.0468429 0)
(1.10407 -0.0470666 0)
(1.10422 -0.0472318 0)
(1.10427 -0.0473725 0)
(1.10423 -0.0475211 0)
(1.10409 -0.0477085 0)
(1.10385 -0.0479638 0)
(1.10351 -0.0483147 0)
(1.10307 -0.048787 0)
(1.10254 -0.0494039 0)
(1.10191 -0.0501866 0)
(1.1012 -0.0511537 0)
(1.10039 -0.0523211 0)
(1.09949 -0.0537025 0)
(1.09849 -0.0553091 0)
(1.09741 -0.0571501 0)
(1.09622 -0.0592326 0)
(1.09494 -0.061562 0)
(1.09354 -0.0641417 0)
(1.09203 -0.0669744 0)
(1.0904 -0.0700608 0)
(1.08862 -0.0734008 0)
(1.0867 -0.0769924 0)
(1.08462 -0.0808319 0)
(1.08236 -0.0849132 0)
(1.0799 -0.0892277 0)
(1.07724 -0.093763 0)
(1.07435 -0.0985032 0)
(1.07121 -0.103427 0)
(1.0678 -0.108508 0)
(1.0641 -0.113713 0)
(1.06009 -0.119002 0)
(1.05574 -0.124327 0)
(1.05103 -0.129632 0)
(1.04593 -0.134854 0)
(1.04042 -0.139923 0)
(1.03446 -0.144765 0)
(1.02801 -0.149304 0)
(1.02103 -0.153462 0)
(1.01349 -0.157165 0)
(1.00533 -0.160342 0)
(0.996502 -0.162925 0)
(0.986951 -0.164848 0)
(0.976613 -0.166049 0)
(0.965427 -0.166466 0)
(0.953318 -0.166046 0)
(0.940227 -0.164757 0)
(0.926085 -0.162585 0)
(0.910862 -0.159555 0)
(0.894528 -0.1557 0)
(0.877108 -0.151081 0)
(0.858643 -0.145734 0)
(0.839198 -0.139738 0)
(0.81889 -0.133145 0)
(0.797779 -0.126085 0)
(0.776122 -0.118653 0)
(0.753923 -0.111016 0)
(0.731631 -0.103257 0)
(0.709056 -0.0955366 0)
(0.686921 -0.0879086 0)
(0.664651 -0.0805233 0)
(0.643421 -0.0734197 0)
(0.622026 -0.0667255 0)
(0.602376 -0.0604634 0)
(0.582235 -0.0547058 0)
(0.564695 -0.0494701 0)
(0.545882 -0.044739 0)
(0.530826 -0.0405766 0)
(0.513063 -0.0368374 0)
(0.500804 -0.0337283 0)
(0.483415 -0.0308908 0)
(0.47437 -0.0288177 0)
(0.456189 -0.026765 0)
(0.451126 -0.0257292 0)
(0.430304 -0.0243085 0)
(1.07463 -0.00716545 0)
(1.08071 -0.012123 0)
(1.08564 -0.0172747 0)
(1.08938 -0.0220823 0)
(1.09206 -0.0261965 0)
(1.09399 -0.0295703 0)
(1.0955 -0.0323392 0)
(1.09679 -0.0346639 0)
(1.09797 -0.0366525 0)
(1.09906 -0.0383535 0)
(1.10004 -0.0397815 0)
(1.10088 -0.0409457 0)
(1.10159 -0.0418649 0)
(1.10217 -0.0425695 0)
(1.10262 -0.0430974 0)
(1.10296 -0.0434883 0)
(1.10318 -0.0437808 0)
(1.10329 -0.0440113 0)
(1.10327 -0.0442142 0)
(1.10313 -0.0444223 0)
(1.10286 -0.0446666 0)
(1.10247 -0.0449768 0)
(1.10195 -0.0453799 0)
(1.1013 -0.045901 0)
(1.10054 -0.0465624 0)
(1.09965 -0.0473844 0)
(1.09865 -0.0483844 0)
(1.09754 -0.049578 0)
(1.09631 -0.0509777 0)
(1.09496 -0.0525941 0)
(1.0935 -0.0544348 0)
(1.09192 -0.0565056 0)
(1.09022 -0.0588105 0)
(1.08839 -0.0613519 0)
(1.08642 -0.0641308 0)
(1.0843 -0.0671469 0)
(1.08202 -0.0703985 0)
(1.07956 -0.0738825 0)
(1.07691 -0.0775936 0)
(1.07406 -0.0815243 0)
(1.07096 -0.0856639 0)
(1.06761 -0.0899981 0)
(1.06397 -0.0945085 0)
(1.06002 -0.0991717 0)
(1.05571 -0.103959 0)
(1.051 -0.108835 0)
(1.04584 -0.113757 0)
(1.04018 -0.118675 0)
(1.03396 -0.123531 0)
(1.02709 -0.128259 0)
(1.01951 -0.132784 0)
(1.01112 -0.13703 0)
(1.00183 -0.140913 0)
(0.991522 -0.144355 0)
(0.9801 -0.147276 0)
(0.967459 -0.149602 0)
(0.953503 -0.151266 0)
(0.938148 -0.152209 0)
(0.921325 -0.152366 0)
(0.90298 -0.151678 0)
(0.883068 -0.150083 0)
(0.861568 -0.147542 0)
(0.838477 -0.14406 0)
(0.813833 -0.139682 0)
(0.787725 -0.134489 0)
(0.760301 -0.128564 0)
(0.731775 -0.121998 0)
(0.70237 -0.114885 0)
(0.672327 -0.107328 0)
(0.641869 -0.0994636 0)
(0.611288 -0.0914498 0)
(0.580852 -0.0834658 0)
(0.550936 -0.0756546 0)
(0.521772 -0.0681563 0)
(0.493722 -0.0610422 0)
(0.466854 -0.054404 0)
(0.441548 -0.0482529 0)
(0.417651 -0.042664 0)
(0.395668 -0.0376091 0)
(0.375095 -0.0331652 0)
(0.356706 -0.0292498 0)
(0.339404 -0.0259339 0)
(0.324538 -0.0230705 0)
(0.310002 -0.0207423 0)
(0.298383 -0.0187596 0)
(0.285708 -0.0172331 0)
(0.277163 -0.0159713 0)
(0.264969 -0.0150715 0)
(0.259934 -0.0144504 0)
(0.24592 -0.0140149 0)
(1.06828 -0.0146197 0)
(1.07413 -0.0186286 0)
(1.07918 -0.022768 0)
(1.08335 -0.026764 0)
(1.08668 -0.0303754 0)
(1.08931 -0.0334757 0)
(1.09142 -0.0360663 0)
(1.09323 -0.0382207 0)
(1.09483 -0.0400205 0)
(1.0963 -0.0415238 0)
(1.09762 -0.0427615 0)
(1.0988 -0.0437496 0)
(1.09981 -0.0445035 0)
(1.10065 -0.0450453 0)
(1.10133 -0.0454055 0)
(1.10183 -0.0456199 0)
(1.10217 -0.0457265 0)
(1.10234 -0.0457634 0)
(1.10233 -0.0457673 0)
(1.10215 -0.045774 0)
(1.10179 -0.045817 0)
(1.10125 -0.0459279 0)
(1.10054 -0.046135 0)
(1.09965 -0.0464634 0)
(1.09858 -0.0469345 0)
(1.09735 -0.0475676 0)
(1.09596 -0.0483791 0)
(1.09439 -0.0493837 0)
(1.09266 -0.0505927 0)
(1.09076 -0.0520156 0)
(1.08868 -0.0536588 0)
(1.08642 -0.0555267 0)
(1.08397 -0.0576211 0)
(1.08131 -0.0599429 0)
(1.07842 -0.0624902 0)
(1.07529 -0.0652609 0)
(1.07189 -0.06825 0)
(1.06819 -0.0714518 0)
(1.06416 -0.0748576 0)
(1.05976 -0.0784565 0)
(1.05494 -0.0822338 0)
(1.04966 -0.0861711 0)
(1.04387 -0.0902444 0)
(1.0375 -0.0944247 0)
(1.03048 -0.0986768 0)
(1.02274 -0.102959 0)
(1.01419 -0.107224 0)
(1.00474 -0.111415 0)
(0.994292 -0.115466 0)
(0.982728 -0.119303 0)
(0.969932 -0.122844 0)
(0.955782 -0.126002 0)
(0.940151 -0.128691 0)
(0.922912 -0.130825 0)
(0.90395 -0.132324 0)
(0.88316 -0.133116 0)
(0.860465 -0.133146 0)
(0.835819 -0.132374 0)
(0.80922 -0.130759 0)
(0.780715 -0.128271 0)
(0.750365 -0.124865 0)
(0.7183 -0.120532 0)
(0.684616 -0.115307 0)
(0.64951 -0.109281 0)
(0.613181 -0.102562 0)
(0.576016 -0.0952905 0)
(0.538422 -0.0876324 0)
(0.500878 -0.0797643 0)
(0.463815 -0.0718394 0)
(0.427624 -0.0640079 0)
(0.392643 -0.0564326 0)
(0.359275 -0.049253 0)
(0.327962 -0.0426024 0)
(0.299052 -0.0366128 0)
(0.272827 -0.0313661 0)
(0.249348 -0.0268969 0)
(0.22865 -0.0231715 0)
(0.210528 -0.0201368 0)
(0.194871 -0.0176781 0)
(0.181285 -0.0157112 0)
(0.16969 -0.0141044 0)
(0.159554 -0.0128198 0)
(0.15096 -0.0117369 0)
(0.143184 -0.0108806 0)
(0.136679 -0.0101154 0)
(0.130297 -0.00955971 0)
(0.125292 -0.00901641 0)
(0.119378 -0.0087468 0)
(0.115981 -0.00842995 0)
(0.108829 -0.00842221 0)
(1.06563 -0.0206002 0)
(1.07135 -0.0238254 0)
(1.07646 -0.0271132 0)
(1.08088 -0.0303187 0)
(1.08461 -0.0332954 0)
(1.0877 -0.0359316 0)
(1.09028 -0.0381794 0)
(1.09248 -0.0400503 0)
(1.0944 -0.0415863 0)
(1.09611 -0.0428319 0)
(1.09762 -0.04382 0)
(1.09893 -0.0445715 0)
(1.10001 -0.0451024 0)
(1.10085 -0.0454309 0)
(1.10145 -0.0455815 0)
(1.10179 -0.045585 0)
(1.10186 -0.045477 0)
(1.10167 -0.045295 0)
(1.10121 -0.0450772 0)
(1.10048 -0.0448609 0)
(1.09946 -0.0446823 0)
(1.09817 -0.0445749 0)
(1.09661 -0.0445688 0)
(1.09477 -0.0446888 0)
(1.09267 -0.0449546 0)
(1.0903 -0.0453835 0)
(1.08766 -0.0459894 0)
(1.08475 -0.0467845 0)
(1.08155 -0.0477776 0)
(1.07807 -0.0489758 0)
(1.07429 -0.0503825 0)
(1.07018 -0.0519996 0)
(1.06573 -0.0538257 0)
(1.06091 -0.0558582 0)
(1.05569 -0.0580912 0)
(1.05002 -0.0605185 0)
(1.04386 -0.0631301 0)
(1.03717 -0.0659159 0)
(1.02987 -0.0688612 0)
(1.02192 -0.0719503 0)
(1.01324 -0.0751617 0)
(1.00375 -0.0784714 0)
(0.993375 -0.0818473 0)
(0.982025 -0.0852531 0)
(0.969595 -0.0886434 0)
(0.95599 -0.0919684 0)
(0.94109 -0.0951735 0)
(0.92479 -0.0981981 0)
(0.906968 -0.10097 0)
(0.887517 -0.103408 0)
(0.866316 -0.105429 0)
(0.843259 -0.106948 0)
(0.818242 -0.107887 0)
(0.791186 -0.108175 0)
(0.762036 -0.107748 0)
(0.730775 -0.106553 0)
(0.697425 -0.104547 0)
(0.662023 -0.101698 0)
(0.624763 -0.0980065 0)
(0.585833 -0.0934667 0)
(0.545605 -0.0881198 0)
(0.504484 -0.0820793 0)
(0.462785 -0.0754479 0)
(0.420971 -0.0683821 0)
(0.379372 -0.0609897 0)
(0.338769 -0.053495 0)
(0.299729 -0.0460518 0)
(0.26307 -0.0389304 0)
(0.229482 -0.0324551 0)
(0.199405 -0.0269369 0)
(0.172862 -0.022442 0)
(0.150031 -0.0189439 0)
(0.13074 -0.0163115 0)
(0.114646 -0.0143372 0)
(0.101281 -0.0127998 0)
(0.0900787 -0.0115491 0)
(0.0805492 -0.010509 0)
(0.0722924 -0.00964962 0)
(0.0650673 -0.00893368 0)
(0.058668 -0.00833724 0)
(0.0530046 -0.00781532 0)
(0.04792 -0.00735153 0)
(0.0434187 -0.00690998 0)
(0.039318 -0.00651069 0)
(0.0356796 -0.00611596 0)
(0.0322329 -0.00578965 0)
(0.029215 -0.00547936 0)
(0.0261432 -0.00532645 0)
(0.0237611 -0.00514774 0)
(0.0201516 -0.00535611 0)
(1.06633 -0.0268029 0)
(1.07187 -0.0293621 0)
(1.07684 -0.0319326 0)
(1.08116 -0.0344479 0)
(1.08482 -0.0368254 0)
(1.08784 -0.0389803 0)
(1.09028 -0.0408484 0)
(1.09222 -0.0424036 0)
(1.09374 -0.0436529 0)
(1.09487 -0.0446204 0)
(1.09565 -0.045331 0)
(1.09606 -0.0458048 0)
(1.09609 -0.0460578 0)
(1.09571 -0.0461065 0)
(1.09491 -0.0459719 0)
(1.09368 -0.0456816 0)
(1.09201 -0.045269 0)
(1.08991 -0.0447717 0)
(1.08737 -0.0442288 0)
(1.08439 -0.0436796 0)
(1.08098 -0.0431625 0)
(1.07714 -0.0427129 0)
(1.07289 -0.0423636 0)
(1.06822 -0.0421402 0)
(1.06315 -0.0420634 0)
(1.05767 -0.042149 0)
(1.05178 -0.0424083 0)
(1.04547 -0.0428488 0)
(1.03872 -0.0434745 0)
(1.03151 -0.0442865 0)
(1.02382 -0.0452831 0)
(1.01561 -0.0464603 0)
(1.00685 -0.0478118 0)
(0.997493 -0.0493296 0)
(0.987487 -0.0510033 0)
(0.976776 -0.0528209 0)
(0.965292 -0.0547678 0)
(0.952968 -0.0568279 0)
(0.939725 -0.0589812 0)
(0.925486 -0.0612068 0)
(0.910159 -0.0634776 0)
(0.893663 -0.0657656 0)
(0.875896 -0.0680335 0)
(0.856775 -0.0702422 0)
(0.836188 -0.0723388 0)
(0.81406 -0.0742715 0)
(0.790273 -0.0759776 0)
(0.764754 -0.0773872 0)
(0.737425 -0.0784201 0)
(0.708251 -0.0789992 0)
(0.677184 -0.0790486 0)
(0.644232 -0.0785068 0)
(0.609401 -0.0773213 0)
(0.572776 -0.0754641 0)
(0.534476 -0.0729281 0)
(0.494735 -0.0697207 0)
(0.45383 -0.0658385 0)
(0.412023 -0.06123 0)
(0.369785 -0.0558853 0)
(0.32766 -0.049796 0)
(0.286443 -0.0431875 0)
(0.246954 -0.0364978 0)
(0.20992 -0.0301951 0)
(0.176026 -0.0247235 0)
(0.145645 -0.0202643 0)
(0.119712 -0.0169021 0)
(0.098298 -0.0144042 0)
(0.0808978 -0.012423 0)
(0.0666543 -0.0107651 0)
(0.0547089 -0.00938561 0)
(0.0442233 -0.008286 0)
(0.0349608 -0.0075884 0)
(0.0267538 -0.00716906 0)
(0.0195796 -0.00681844 0)
(0.013339 -0.00640918 0)
(0.00788102 -0.00591742 0)
(0.00307573 -0.00538691 0)
(-0.00119395 -0.00488883 0)
(-0.00501287 -0.00447591 0)
(-0.00844953 -0.00417036 0)
(-0.0115521 -0.00395501 0)
(-0.0143951 -0.0037973 0)
(-0.0170049 -0.00366175 0)
(-0.0194334 -0.00353399 0)
(-0.0216792 -0.00339446 0)
(-0.0237955 -0.00327418 0)
(-0.0257298 -0.00317839 0)
(-0.0275675 -0.00317157 0)
(-0.0292741 -0.00324098 0)
(-0.0312211 -0.00361134 0)
(1.06594 -0.0310363 0)
(1.0699 -0.0330043 0)
(1.07303 -0.0349491 0)
(1.07526 -0.0368438 0)
(1.07658 -0.0386338 0)
(1.077 -0.0402521 0)
(1.07655 -0.0416384 0)
(1.07529 -0.042753 0)
(1.07327 -0.0435832 0)
(1.07054 -0.0441357 0)
(1.06713 -0.0444258 0)
(1.06307 -0.0444709 0)
(1.05835 -0.044287 0)
(1.05299 -0.0438909 0)
(1.04699 -0.0433028 0)
(1.04039 -0.0425491 0)
(1.03318 -0.0416627 0)
(1.02541 -0.0406824 0)
(1.0171 -0.0396496 0)
(1.00827 -0.0386069 0)
(0.998938 -0.0375937 0)
(0.989134 -0.036647 0)
(0.978864 -0.0357979 0)
(0.968151 -0.0350774 0)
(0.957004 -0.0345117 0)
(0.945422 -0.0341174 0)
(0.933396 -0.0339029 0)
(0.920906 -0.0338683 0)
(0.907929 -0.0340084 0)
(0.894432 -0.0343132 0)
(0.88038 -0.0347712 0)
(0.865726 -0.0353682 0)
(0.850423 -0.0360899 0)
(0.834412 -0.0369199 0)
(0.817638 -0.0378426 0)
(0.800031 -0.0388391 0)
(0.781529 -0.0398916 0)
(0.762057 -0.0409783 0)
(0.741551 -0.0420787 0)
(0.719932 -0.043167 0)
(0.697142 -0.0442192 0)
(0.673107 -0.0452047 0)
(0.647783 -0.0460948 0)
(0.62111 -0.0468518 0)
(0.593073 -0.0474363 0)
(0.563677 -0.0477974 0)
(0.532896 -0.0478547 0)
(0.500785 -0.0475162 0)
(0.467415 -0.0466933 0)
(0.432933 -0.0453092 0)
(0.397496 -0.0433121 0)
(0.361355 -0.0406912 0)
(0.324794 -0.0374655 0)
(0.288155 -0.0337412 0)
(0.251876 -0.0297047 0)
(0.216569 -0.0256138 0)
(0.182992 -0.0217332 0)
(0.15191 -0.018256 0)
(0.124008 -0.0151731 0)
(0.100118 -0.0126057 0)
(0.0801507 -0.0104707 0)
(0.0635076 -0.00865231 0)
(0.049459 -0.00711253 0)
(0.0374063 -0.0059448 0)
(0.026715 -0.00530289 0)
(0.0172195 -0.00521992 0)
(0.00895994 -0.00535488 0)
(0.00190699 -0.00518472 0)
(-0.00413437 -0.00450562 0)
(-0.00932155 -0.00353967 0)
(-0.0138332 -0.00269134 0)
(-0.0177822 -0.00216713 0)
(-0.0213218 -0.00195535 0)
(-0.0245439 -0.00195294 0)
(-0.027496 -0.0020164 0)
(-0.0301855 -0.00204677 0)
(-0.0326224 -0.00202078 0)
(-0.0348355 -0.00196099 0)
(-0.0368646 -0.00189577 0)
(-0.0387519 -0.00184429 0)
(-0.0405243 -0.00181155 0)
(-0.0422055 -0.00179314 0)
(-0.0438078 -0.00177277 0)
(-0.0453416 -0.00174297 0)
(-0.0468031 -0.0017039 0)
(-0.0481917 -0.00168017 0)
(-0.0494883 -0.00169612 0)
(-0.0507371 -0.00179524 0)
(-0.0520353 -0.0019976 0)
(-0.0532716 -0.00230694 0)
(1.02385 -0.0368828 0)
(1.01888 -0.0374655 0)
(1.01258 -0.0380427 0)
(1.00494 -0.0386006 0)
(0.995981 -0.0390967 0)
(0.985773 -0.0394792 0)
(0.974395 -0.0397006 0)
(0.961959 -0.039726 0)
(0.948566 -0.0395311 0)
(0.934331 -0.0391069 0)
(0.919363 -0.0384575 0)
(0.903766 -0.0375957 0)
(0.887632 -0.0365381 0)
(0.871046 -0.0353039 0)
(0.854088 -0.0339151 0)
(0.836836 -0.0323983 0)
(0.819364 -0.0307851 0)
(0.801739 -0.0291124 0)
(0.784018 -0.0274198 0)
(0.76625 -0.0257477 0)
(0.748467 -0.0241332 0)
(0.730694 -0.0226096 0)
(0.712925 -0.0212031 0)
(0.695165 -0.019939 0)
(0.677413 -0.0188364 0)
(0.659656 -0.017907 0)
(0.64187 -0.017154 0)
(0.62402 -0.0165729 0)
(0.606063 -0.0161527 0)
(0.587948 -0.0158779 0)
(0.569621 -0.01573 0)
(0.551026 -0.0156888 0)
(0.532106 -0.0157333 0)
(0.512805 -0.0158418 0)
(0.49307 -0.0159924 0)
(0.472849 -0.0161626 0)
(0.4521 -0.0163304 0)
(0.430783 -0.0164727 0)
(0.408877 -0.0165682 0)
(0.386359 -0.0165944 0)
(0.363244 -0.0165329 0)
(0.339536 -0.016364 0)
(0.315306 -0.0160775 0)
(0.290596 -0.0156597 0)
(0.26559 -0.0151167 0)
(0.240483 -0.0144388 0)
(0.215472 -0.0136056 0)
(0.190842 -0.012609 0)
(0.166916 -0.0114644 0)
(0.144078 -0.0101917 0)
(0.122662 -0.00884389 0)
(0.102971 -0.00737083 0)
(0.0852571 -0.00589956 0)
(0.0694542 -0.00450578 0)
(0.0554335 -0.00325874 0)
(0.0430283 -0.00229562 0)
(0.0320696 -0.00179384 0)
(0.0223741 -0.00186903 0)
(0.0135547 -0.00240753 0)
(0.0057981 -0.0031278 0)
(-0.000940322 -0.00342422 0)
(-0.00666986 -0.00297066 0)
(-0.0113695 -0.00194788 0)
(-0.015175 -0.000852217 0)
(-0.0183491 -0.000188845 0)
(-0.0211439 -6.04964e-05 0)
(-0.0237743 -0.000239885 0)
(-0.0262786 -0.00043982 0)
(-0.0285143 -0.000475112 0)
(-0.0303607 -0.000350166 0)
(-0.0318328 -0.000208244 0)
(-0.0330388 -0.000143251 0)
(-0.0341298 -0.000190305 0)
(-0.0352037 -0.000306963 0)
(-0.0362949 -0.000418547 0)
(-0.0373926 -0.000485926 0)
(-0.0384675 -0.000509386 0)
(-0.0394988 -0.000509547 0)
(-0.0404831 -0.000506994 0)
(-0.04143 -0.000511874 0)
(-0.0423524 -0.000522593 0)
(-0.0432604 -0.000536453 0)
(-0.0441571 -0.000546889 0)
(-0.0450405 -0.000550582 0)
(-0.0459052 -0.000550065 0)
(-0.0467464 -0.000561366 0)
(-0.0475664 -0.000612115 0)
(-0.0484254 -0.000744348 0)
(-0.0494453 -0.000963544 0)
(-0.0504378 -0.00117073 0)
(0.714707 -0.0206818 0)
(0.685698 -0.020265 0)
(0.65657 -0.0198618 0)
(0.627344 -0.0194665 0)
(0.598075 -0.019055 0)
(0.568846 -0.018597 0)
(0.539778 -0.0180634 0)
(0.511046 -0.0174321 0)
(0.48281 -0.016679 0)
(0.455243 -0.015791 0)
(0.428514 -0.0147694 0)
(0.402781 -0.0136281 0)
(0.378182 -0.0123903 0)
(0.354834 -0.011084 0)
(0.332832 -0.00974013 0)
(0.312247 -0.0083917 0)
(0.29312 -0.00707315 0)
(0.275462 -0.00581901 0)
(0.259248 -0.00466144 0)
(0.24442 -0.00362751 0)
(0.230886 -0.002737 0)
(0.218534 -0.0020012 0)
(0.207232 -0.00141996 0)
(0.196849 -0.000975406 0)
(0.187253 -0.000646146 0)
(0.178311 -0.000414192 0)
(0.169891 -0.000264644 0)
(0.161869 -0.000183231 0)
(0.154131 -0.00015506 0)
(0.14658 -0.000164789 0)
(0.139134 -0.000197439 0)
(0.131725 -0.00023892 0)
(0.124307 -0.000276324 0)
(0.116846 -0.000297974 0)
(0.109326 -0.000293604 0)
(0.101746 -0.000254583 0)
(0.094121 -0.000174295 0)
(0.0864766 -4.86181e-05 0)
(0.0788525 0.000123543 0)
(0.0712974 0.000339414 0)
(0.0638683 0.000591737 0)
(0.0566241 0.000867458 0)
(0.0496256 0.00114733 0)
(0.0429229 0.00140309 0)
(0.0365549 0.00159538 0)
(0.0305301 0.00166193 0)
(0.024828 0.00154094 0)
(0.0194144 0.00120419 0)
(0.0142468 0.000667578 0)
(0.00930817 3.84687e-06 0)
(0.00460508 -0.000653085 0)
(7.47867e-05 -0.00112803 0)
(-0.00408084 -0.00142678 0)
(-0.00762228 -0.00142005 0)
(-0.010391 -0.0010813 0)
(-0.0123157 -0.00051158 0)
(-0.0134982 0.000113685 0)
(-0.0142185 0.000600272 0)
(-0.0148753 0.00083501 0)
(-0.0157451 0.000885814 0)
(-0.0168758 0.000819096 0)
(-0.0179882 0.000740808 0)
(-0.0187577 0.000680968 0)
(-0.0190514 0.000614645 0)
(-0.0189763 0.000496272 0)
(-0.0188061 0.000321964 0)
(-0.0187809 0.000118245 0)
(-0.0189636 -1.57132e-05 0)
(-0.0192481 -4.0212e-05 0)
(-0.0194823 1.61958e-05 0)
(-0.0195968 9.17636e-05 0)
(-0.0196175 0.000140153 0)
(-0.0196199 0.000144487 0)
(-0.0196709 0.0001174 0)
(-0.019796 7.76108e-05 0)
(-0.0199841 4.10009e-05 0)
(-0.0202088 1.52731e-05 0)
(-0.0204483 2.78206e-07 0)
(-0.0206926 -8.13063e-06 0)
(-0.0209409 -1.44806e-05 0)
(-0.0211965 -2.09655e-05 0)
(-0.0214619 -2.78687e-05 0)
(-0.0217367 -3.37346e-05 0)
(-0.0220173 -3.73472e-05 0)
(-0.022299 -3.87392e-05 0)
(-0.0225809 -4.20991e-05 0)
(-0.0228739 -5.98876e-05 0)
(-0.0232329 -0.000116903 0)
(-0.0237902 -0.000220876 0)
(-0.0245281 -0.000311832 0)
)
;

boundaryField
{
    fixedWalls
    {
        type            noSlip;
    }
    inflowWall
    {
        type            fixedValue;
        value           uniform (1 0 0);
    }
    outflowWall
    {
        type            zeroGradient;
    }
    frontAndBack
    {
        type            empty;
    }
}


// ************************************************************************* //
