/*--------------------------------*- C++ -*----------------------------------*\
| =========                 |                                                 |
| \\      /  F ield         | OpenFOAM: The Open Source CFD Toolbox           |
|  \\    /   O peration     | Version:  2306                                  |
|   \\  /    A nd           | Website:  www.openfoam.com                      |
|    \\/     M anipulation  |                                                 |
\*---------------------------------------------------------------------------*/
FoamFile
{
    version     2.0;
    format      ascii;
    arch        "LSB;label=32;scalar=64";
    class       surfaceScalarField;
    location    "3.1";
    object      phi;
}
// * * * * * * * * * * * * * * * * * * * * * * * * * * * * * * * * * * * * * //

dimensions      [0 3 -1 0 0 0 0];

oriented        oriented;

internalField   nonuniform List<scalar> 
3680
(
4.93472e-05
6.52778e-07
4.79744e-05
1.37283e-06
4.66989e-05
1.27544e-06
4.52625e-05
1.43649e-06
4.41262e-05
1.13625e-06
4.27238e-05
1.40239e-06
4.17431e-05
9.80696e-07
4.0445e-05
1.29814e-06
3.98212e-05
6.23803e-07
9.77993e-07
3.88432e-05
5.03392e-05
3.13618e-07
5.08682e-05
8.43753e-07
5.11327e-05
1.01099e-06
5.14667e-05
1.10245e-06
5.15949e-05
1.00805e-06
5.198e-05
1.0173e-06
5.20669e-05
8.93806e-07
5.25222e-05
8.42882e-07
5.2518e-05
6.27965e-07
4.18488e-07
5.30775e-05
5.01633e-05
1.50299e-07
5.05556e-05
4.51435e-07
5.09765e-05
5.90171e-07
5.14205e-05
6.58375e-07
5.18182e-05
6.1038e-07
5.22699e-05
5.65599e-07
5.26978e-05
4.65956e-07
5.31675e-05
3.73091e-07
5.35859e-05
2.09565e-07
-5.16216e-09
5.40096e-05
5.00932e-05
5.70614e-08
5.03765e-05
1.68155e-07
5.07343e-05
2.32347e-07
5.11467e-05
2.46026e-07
5.15505e-05
2.0655e-07
5.19734e-05
1.42711e-07
5.23846e-05
5.47316e-08
5.28144e-05
-5.67174e-08
5.32251e-05
-2.01075e-07
-3.74464e-07
5.35944e-05
5.00738e-05
-1.67398e-08
5.02913e-05
-4.93418e-08
5.06111e-05
-8.74528e-08
5.09887e-05
-1.31606e-07
5.13803e-05
-1.84975e-07
5.17743e-05
-2.51362e-07
5.21654e-05
-3.36372e-07
5.25511e-05
-4.42412e-07
5.29202e-05
-5.70108e-07
-7.19323e-07
5.3265e-05
5.00731e-05
-8.98816e-08
5.02828e-05
-2.59023e-07
5.05975e-05
-4.02161e-07
5.09648e-05
-4.98896e-07
5.13437e-05
-5.63853e-07
5.17205e-05
-6.28189e-07
5.20898e-05
-7.0564e-07
5.24499e-05
-8.02529e-07
5.27983e-05
-9.18537e-07
-1.04944e-06
5.31285e-05
5.00942e-05
-1.84032e-07
5.03554e-05
-5.20243e-07
5.06978e-05
-7.4457e-07
5.10673e-05
-8.68458e-07
5.14392e-05
-9.35695e-07
5.18023e-05
-9.91258e-07
5.2158e-05
-1.06138e-06
5.2508e-05
-1.15256e-06
5.28472e-05
-1.2577e-06
-1.36868e-06
5.31664e-05
5.01664e-05
-3.50444e-07
5.05177e-05
-8.71577e-07
5.09201e-05
-1.14696e-06
5.12984e-05
-1.24669e-06
5.16464e-05
-1.28375e-06
5.19828e-05
-1.3276e-06
5.23153e-05
-1.39386e-06
5.26349e-05
-1.47217e-06
5.29277e-05
-1.55052e-06
-1.62351e-06
5.31825e-05
5.03675e-05
-7.17979e-07
5.08001e-05
-1.30411e-06
5.10983e-05
-1.44519e-06
5.12751e-05
-1.42346e-06
5.14026e-05
-1.41128e-06
5.14999e-05
-1.4249e-06
5.15494e-05
-1.4434e-06
5.15344e-05
-1.45714e-06
5.14463e-05
-1.46249e-06
-1.46286e-06
5.12857e-05
4.9282e-05
4.79779e-05
4.65327e-05
4.51093e-05
4.3698e-05
4.22731e-05
4.08297e-05
3.93726e-05
3.79101e-05
3.64472e-05
1.26471e-08
-1.26471e-08
6.91657e-09
5.73061e-09
-1.31889e-08
2.01054e-08
-4.21077e-08
2.89188e-08
-7.68209e-08
3.47132e-08
-1.16195e-07
3.93736e-08
-1.60189e-07
4.39948e-08
-2.08826e-07
4.86362e-08
-2.61913e-07
5.30873e-08
-3.19119e-07
5.72059e-08
-3.80074e-07
6.09551e-08
-4.44421e-07
6.43474e-08
-5.11828e-07
6.7407e-08
-5.81987e-07
7.01582e-08
-6.54615e-07
7.26286e-08
-7.29467e-07
7.48521e-08
-8.06338e-07
7.6871e-08
-8.85075e-07
7.87366e-08
-9.65579e-07
8.05043e-08
-1.04781e-06
8.22283e-08
-1.13177e-06
8.39648e-08
-1.21753e-06
8.57601e-08
-1.30518e-06
8.76438e-08
-1.3948e-06
8.96272e-08
-1.48651e-06
9.17045e-08
-1.58037e-06
9.3857e-08
-1.67643e-06
9.60642e-08
-1.77477e-06
9.83367e-08
-1.87555e-06
1.00784e-07
-1.97927e-06
1.03722e-07
-2.08709e-06
1.07821e-07
-2.2013e-06
1.14204e-07
-2.32588e-06
1.24583e-07
-2.46716e-06
1.41277e-07
-2.6342e-06
1.67047e-07
-2.83897e-06
2.04768e-07
-3.09576e-06
2.56791e-07
-3.41978e-06
3.24022e-07
-3.82462e-06
4.04837e-07
-4.31897e-06
4.94349e-07
-4.90358e-06
5.84607e-07
-5.5688e-06
6.65221e-07
-6.29432e-06
7.25517e-07
-7.05152e-06
7.57199e-07
-7.8066e-06
7.55083e-07
-8.52476e-06
7.18163e-07
-9.1761e-06
6.51342e-07
-9.73073e-06
5.54629e-07
-1.01623e-05
4.31583e-07
-1.04544e-05
2.92047e-07
-1.05963e-05
1.41943e-07
-1.05769e-05
-1.94345e-08
-1.0405e-05
-1.71919e-07
-1.00803e-05
-3.24701e-07
-9.60719e-06
-4.7306e-07
-8.9959e-06
-6.11286e-07
-8.25987e-06
-7.36034e-07
-7.41249e-06
-8.47386e-07
-6.46981e-06
-9.42674e-07
-5.44909e-06
-1.02072e-06
-4.36818e-06
-1.0809e-06
-3.24209e-06
-1.1261e-06
-2.09408e-06
-1.148e-06
-9.39701e-07
-1.15438e-06
2.06348e-07
-1.14605e-06
1.32982e-06
-1.12347e-06
2.41793e-06
-1.08811e-06
3.46013e-06
-1.0422e-06
4.44663e-06
-9.86502e-07
5.36973e-06
-9.23099e-07
6.22383e-06
-8.54098e-07
7.0056e-06
-7.81771e-07
7.71283e-06
-7.0723e-07
8.34565e-06
-6.32825e-07
8.90455e-06
-5.589e-07
9.39246e-06
-4.87908e-07
9.81176e-06
-4.19302e-07
1.01675e-05
-3.55779e-07
1.04633e-05
-2.95781e-07
1.07058e-05
-2.42484e-07
1.08989e-05
-1.93119e-07
1.10506e-05
-1.51702e-07
1.11646e-05
-1.13934e-07
1.12497e-05
-8.51785e-08
1.13088e-05
-5.90484e-08
1.13519e-05
-4.31653e-08
1.13798e-05
-2.78422e-08
1.14044e-05
-2.46512e-08
1.14227e-05
-1.82928e-08
-2.82648e-08
-1.30463e-08
3.99125e-10
-6.79447e-08
6.06291e-08
-1.51854e-07
1.04015e-07
-2.55964e-07
1.33029e-07
-3.7519e-07
1.53939e-07
-5.07396e-07
1.7158e-07
-6.51512e-07
1.88111e-07
-8.06612e-07
2.03736e-07
-9.71629e-07
2.18105e-07
-1.14543e-06
2.31005e-07
-1.32691e-06
2.42436e-07
-1.51507e-06
2.52508e-07
-1.70902e-06
2.61361e-07
-1.90801e-06
2.69142e-07
-2.1114e-06
2.76018e-07
-2.31871e-06
2.82171e-07
-2.52965e-06
2.87804e-07
-2.74406e-06
2.93146e-07
-2.96199e-06
2.98437e-07
-3.18367e-06
3.0391e-07
-3.40952e-06
3.09812e-07
-3.64014e-06
3.16385e-07
-3.87636e-06
3.23858e-07
-4.11919e-06
3.32459e-07
-4.36992e-06
3.42433e-07
-4.63012e-06
3.54059e-07
-4.90172e-06
3.67668e-07
-5.18706e-06
3.83677e-07
-5.48895e-06
4.02666e-07
-5.81069e-06
4.25462e-07
-6.15615e-06
4.53289e-07
-6.52969e-06
4.87741e-07
-6.93586e-06
5.30747e-07
-7.37893e-06
5.84349e-07
-7.8621e-06
6.50222e-07
-8.38648e-06
7.2915e-07
-8.94997e-06
8.20274e-07
-9.54632e-06
9.20379e-07
-1.01647e-05
1.02323e-06
-1.07895e-05
1.11916e-06
-1.14014e-05
1.19647e-06
-1.19784e-05
1.24224e-06
-1.24971e-05
1.24416e-06
-1.2935e-05
1.19515e-06
-1.32718e-05
1.09192e-06
-1.34901e-05
9.36365e-07
-1.35718e-05
7.33109e-07
-1.35066e-05
4.89441e-07
-1.32852e-05
2.10182e-07
-1.29027e-05
-9.04447e-08
-1.23717e-05
-3.8908e-07
-1.16921e-05
-6.99047e-07
-1.08567e-05
-1.0073e-06
-9.87676e-06
-1.30465e-06
-8.76225e-06
-1.58757e-06
-7.52505e-06
-1.84849e-06
-6.17949e-06
-2.0816e-06
-4.74198e-06
-2.2849e-06
-3.22659e-06
-2.45806e-06
-1.6522e-06
-2.59511e-06
-3.31268e-08
-2.69997e-06
1.60101e-06
-2.76023e-06
3.24703e-06
-2.79403e-06
4.88591e-06
-2.79327e-06
6.50294e-06
-2.76307e-06
8.08357e-06
-2.7041e-06
9.61683e-06
-2.62137e-06
1.10912e-05
-2.51654e-06
1.24993e-05
-2.39464e-06
1.38342e-05
-2.25802e-06
1.50918e-05
-2.1117e-06
1.62682e-05
-1.95813e-06
1.73623e-05
-1.80137e-06
1.83731e-05
-1.64356e-06
1.93019e-05
-1.48777e-06
2.01499e-05
-1.33584e-06
2.09204e-05
-1.1898e-06
2.16158e-05
-1.05123e-06
2.22412e-05
-9.2116e-07
2.27998e-05
-8.01063e-07
2.32976e-05
-6.90992e-07
2.37385e-05
-5.92524e-07
2.41293e-05
-5.04746e-07
2.44737e-05
-4.29586e-07
2.47797e-05
-3.65045e-07
2.50503e-05
-3.13759e-07
2.52947e-05
-2.7228e-07
2.55144e-05
-2.44348e-07
2.57205e-05
-2.2442e-07
-2.1586e-07
-4.87623e-08
4.91615e-08
-1.83094e-07
1.94961e-07
-3.62225e-07
2.83146e-07
-5.67221e-07
3.38025e-07
-7.89264e-07
3.75981e-07
-1.02591e-06
4.0823e-07
-1.27643e-06
4.38624e-07
-1.53884e-06
4.66146e-07
-1.81096e-06
4.90223e-07
-2.0907e-06
5.10752e-07
-2.37624e-06
5.27974e-07
-2.66598e-06
5.42244e-07
-2.95858e-06
5.53965e-07
-3.253e-06
5.63562e-07
-3.54845e-06
5.71467e-07
-3.84439e-06
5.78113e-07
-4.14052e-06
5.8393e-07
-4.43673e-06
5.89361e-07
-4.73314e-06
5.94844e-07
-5.02995e-06
6.00721e-07
-5.32754e-06
6.07399e-07
-5.62637e-06
6.1522e-07
-5.92698e-06
6.24463e-07
-6.22988e-06
6.35362e-07
-6.53559e-06
6.4814e-07
-6.84455e-06
6.63025e-07
-7.15713e-06
6.80243e-07
-7.4735e-06
7.00053e-07
-7.7936e-06
7.22764e-07
-8.11691e-06
7.48768e-07
-8.44275e-06
7.79135e-07
-8.76978e-06
8.14773e-07
-9.09581e-06
8.56772e-07
-9.41758e-06
9.06123e-07
-9.73028e-06
9.62918e-07
-1.00272e-05
1.02607e-06
-1.02996e-05
1.09264e-06
-1.05368e-05
1.15757e-06
-1.07275e-05
1.21393e-06
-1.08574e-05
1.24906e-06
-1.09133e-05
1.25237e-06
-1.08842e-05
1.21317e-06
-1.07586e-05
1.11858e-06
-1.05292e-05
9.65732e-07
-1.01903e-05
7.53044e-07
-9.7389e-06
4.84957e-07
-9.16949e-06
1.63706e-07
-8.48544e-06
-1.94614e-07
-7.69215e-06
-5.83104e-07
-6.78783e-06
-9.94766e-07
-5.76299e-06
-1.41392e-06
-4.62966e-06
-1.83238e-06
-3.39442e-06
-2.24255e-06
-2.06413e-06
-2.63494e-06
-6.45302e-07
-3.0064e-06
8.47291e-07
-3.34108e-06
2.40554e-06
-3.63985e-06
4.01715e-06
-3.8965e-06
5.66867e-06
-4.10958e-06
7.34611e-06
-4.27255e-06
9.03497e-06
-4.38883e-06
1.07265e-05
-4.45181e-06
1.24027e-05
-4.47018e-06
1.40508e-05
-4.44135e-06
1.56601e-05
-4.37236e-06
1.72189e-05
-4.26293e-06
1.87198e-05
-4.12224e-06
2.01542e-05
-3.95097e-06
2.15185e-05
-3.75889e-06
2.28072e-05
-3.54676e-06
2.40197e-05
-3.32423e-06
2.51532e-05
-3.09158e-06
2.62096e-05
-2.85781e-06
2.71881e-05
-2.62204e-06
2.80929e-05
-2.39254e-06
2.89242e-05
-2.16715e-06
2.96879e-05
-1.95353e-06
3.03849e-05
-1.7482e-06
3.10222e-05
-1.55851e-06
3.16008e-05
-1.37963e-06
3.21287e-05
-1.21894e-06
3.26065e-05
-1.07028e-06
3.30432e-05
-9.41423e-07
3.34385e-05
-8.24885e-07
3.38025e-05
-7.29101e-07
3.4134e-05
-6.45254e-07
3.44444e-05
-5.82666e-07
3.4731e-05
-5.30961e-07
3.50069e-05
-5.00257e-07
-4.79944e-07
-1.34048e-07
1.83209e-07
-3.81445e-07
4.42358e-07
-6.68088e-07
5.69789e-07
-9.72417e-07
6.42354e-07
-1.2922e-06
6.95768e-07
-1.62538e-06
7.41406e-07
-1.96718e-06
7.8043e-07
-2.3132e-06
8.12161e-07
-2.6596e-06
8.36623e-07
-3.00349e-06
8.54645e-07
-3.34265e-06
8.67128e-07
-3.6752e-06
8.74794e-07
-3.99979e-06
8.7856e-07
-4.31546e-06
8.79234e-07
-4.62154e-06
8.77544e-07
-4.91758e-06
8.74147e-07
-5.20328e-06
8.69632e-07
-5.47845e-06
8.64529e-07
-5.74295e-06
8.59352e-07
-5.99676e-06
8.54529e-07
-6.23976e-06
8.504e-07
-6.47176e-06
8.47215e-07
-6.69241e-06
8.45113e-07
-6.90118e-06
8.44138e-07
-7.09733e-06
8.44285e-07
-7.27986e-06
8.45555e-07
-7.44752e-06
8.47901e-07
-7.59868e-06
8.5122e-07
-7.73139e-06
8.55473e-07
-7.84337e-06
8.60747e-07
-7.93158e-06
8.67341e-07
-7.99234e-06
8.75533e-07
-8.02126e-06
8.85696e-07
-8.01345e-06
8.98315e-07
-7.96294e-06
9.1241e-07
-7.8628e-06
9.25923e-07
-7.70527e-06
9.35108e-07
-7.48204e-06
9.34338e-07
-7.1841e-06
9.15996e-07
-6.8051e-06
8.70061e-07
-6.33945e-06
7.86719e-07
-5.78767e-06
6.61393e-07
-5.14523e-06
4.7614e-07
-4.41339e-06
2.33889e-07
-3.59317e-06
-6.71738e-08
-2.69055e-06
-4.17665e-07
-1.70757e-06
-8.19274e-07
-6.43035e-07
-1.25915e-06
5.02441e-07
-1.72858e-06
1.72222e-06
-2.21454e-06
3.01601e-06
-2.70771e-06
4.3813e-06
-3.19767e-06
5.81453e-06
-3.67578e-06
7.31022e-06
-4.13063e-06
8.86033e-06
-4.5565e-06
1.04588e-05
-4.93953e-06
1.20951e-05
-5.27614e-06
1.37573e-05
-5.55869e-06
1.54337e-05
-5.78605e-06
1.71115e-05
-5.95035e-06
1.87778e-05
-6.05513e-06
2.04213e-05
-6.09529e-06
2.20296e-05
-6.07851e-06
2.35913e-05
-6.00307e-06
2.50983e-05
-5.87927e-06
2.65417e-05
-5.70641e-06
2.79168e-05
-5.49733e-06
2.9218e-05
-5.25214e-06
3.04438e-05
-4.98467e-06
3.15913e-05
-4.69435e-06
3.26621e-05
-4.39503e-06
3.36553e-05
-4.08478e-06
3.45745e-05
-3.77701e-06
3.54204e-05
-3.46786e-06
3.6198e-05
-3.17015e-06
3.69088e-05
-2.87796e-06
3.7559e-05
-2.60374e-06
3.81503e-05
-2.33952e-06
3.86895e-05
-2.09772e-06
3.91783e-05
-1.86844e-06
3.96238e-05
-1.66444e-06
4.00275e-05
-1.47396e-06
4.03966e-05
-1.3105e-06
4.07323e-05
-1.16056e-06
4.10418e-05
-1.03865e-06
4.13262e-05
-9.29599e-07
4.15927e-05
-8.49189e-07
4.18424e-05
-7.80675e-07
4.20836e-05
-7.41495e-07
-7.15034e-07
-1.88526e-07
3.71735e-07
-5.50932e-07
8.04764e-07
-9.62149e-07
9.81007e-07
-1.38511e-06
1.06531e-06
-1.80391e-06
1.11458e-06
-2.20982e-06
1.14731e-06
-2.59871e-06
1.16932e-06
-2.96909e-06
1.18254e-06
-3.31887e-06
1.18641e-06
-3.64631e-06
1.18208e-06
-3.95034e-06
1.17116e-06
-4.2306e-06
1.15506e-06
-4.48704e-06
1.13499e-06
-4.71984e-06
1.11203e-06
-4.92935e-06
1.08706e-06
-5.116e-06
1.0608e-06
-5.28021e-06
1.03383e-06
-5.42227e-06
1.00659e-06
-5.54243e-06
9.79512e-07
-5.64085e-06
9.52953e-07
-5.71754e-06
9.27091e-07
-5.7723e-06
9.01976e-07
-5.80472e-06
8.77528e-07
-5.81411e-06
8.53527e-07
-5.79948e-06
8.29654e-07
-5.75958e-06
8.05658e-07
-5.69293e-06
7.8125e-07
-5.59762e-06
7.55911e-07
-5.47135e-06
7.292e-07
-5.31137e-06
7.00767e-07
-5.11439e-06
6.70365e-07
-4.87653e-06
6.37669e-07
-4.59256e-06
6.01729e-07
-4.25785e-06
5.63605e-07
-3.86692e-06
5.2148e-07
-3.41375e-06
4.72754e-07
-2.89236e-06
4.13716e-07
-2.29724e-06
3.39222e-07
-1.62387e-06
2.42625e-07
-8.68967e-07
1.15154e-07
-3.3379e-08
-4.8869e-08
8.85021e-07
-2.57007e-07
1.87858e-06
-5.17415e-07
2.94405e-06
-8.31588e-07
4.07602e-06
-1.19914e-06
5.27416e-06
-1.61581e-06
6.53275e-06
-2.07786e-06
7.84906e-06
-2.57546e-06
9.22033e-06
-3.09985e-06
1.06452e-05
-3.63943e-06
1.21217e-05
-4.18419e-06
1.3646e-05
-4.72193e-06
1.5213e-05
-5.24282e-06
1.68162e-05
-5.7338e-06
1.8446e-05
-6.1863e-06
2.0094e-05
-6.5875e-06
2.17489e-05
-6.93112e-06
2.33982e-05
-7.20797e-06
2.50294e-05
-7.41728e-06
2.66311e-05
-7.55199e-06
2.81919e-05
-7.61593e-06
2.97022e-05
-7.6056e-06
3.11534e-05
-7.52969e-06
3.2538e-05
-7.38774e-06
3.3851e-05
-7.19223e-06
3.50884e-05
-6.94385e-06
3.62486e-05
-6.65751e-06
3.73305e-05
-6.33406e-06
3.83353e-05
-5.98941e-06
3.9264e-05
-5.62306e-06
4.01197e-05
-5.25078e-06
4.09049e-05
-4.86993e-06
4.16237e-05
-4.49583e-06
4.22792e-05
-4.12333e-06
4.28763e-05
-3.76721e-06
4.3418e-05
-3.41973e-06
4.39097e-05
-3.09541e-06
4.43542e-05
-2.78404e-06
4.47568e-05
-2.50032e-06
4.51201e-05
-2.23173e-06
4.54492e-05
-1.99357e-06
4.57464e-05
-1.77115e-06
4.60168e-05
-1.58083e-06
4.6262e-05
-1.4058e-06
4.64872e-05
-1.26387e-06
4.66938e-05
-1.13619e-06
4.6887e-05
-1.0424e-06
4.70681e-05
-9.61706e-07
4.72426e-05
-9.16027e-07
-8.8627e-07
-4.17286e-07
7.89021e-07
-9.53038e-07
1.34052e-06
-1.44448e-06
1.47245e-06
-1.88036e-06
1.50119e-06
-2.28195e-06
1.51616e-06
-2.65362e-06
1.51899e-06
-2.98969e-06
1.50538e-06
-3.2832e-06
1.47605e-06
-3.52992e-06
1.43312e-06
-3.73146e-06
1.38362e-06
-3.8904e-06
1.33011e-06
-4.00938e-06
1.27403e-06
-4.09094e-06
1.21655e-06
-4.13746e-06
1.15856e-06
-4.15109e-06
1.10069e-06
-4.1337e-06
1.04341e-06
-4.08691e-06
9.87043e-07
-4.01189e-06
9.31572e-07
-3.9096e-06
8.77222e-07
-3.78077e-06
8.24117e-07
-3.6258e-06
7.72121e-07
-3.44479e-06
7.20965e-07
-3.23752e-06
6.70265e-07
-3.00349e-06
6.19493e-07
-2.74176e-06
5.67926e-07
-2.45119e-06
5.15087e-07
-2.13049e-06
4.60551e-07
-1.77778e-06
4.032e-07
-1.39084e-06
3.42262e-07
-9.67011e-07
2.76937e-07
-5.03022e-07
2.06375e-07
5.32069e-09
1.29327e-07
5.62443e-07
4.46065e-08
1.17301e-06
-4.69578e-08
1.84094e-06
-1.46457e-07
2.57238e-06
-2.58685e-07
3.37236e-06
-3.86264e-07
4.2451e-06
-5.33519e-07
5.19347e-06
-7.05738e-07
6.21795e-06
-9.0933e-07
7.31754e-06
-1.14845e-06
8.49167e-06
-1.43114e-06
9.73484e-06
-1.76059e-06
1.10418e-05
-2.13855e-06
1.24073e-05
-2.56459e-06
1.38263e-05
-3.03488e-06
1.5293e-05
-3.54451e-06
1.68026e-05
-4.0851e-06
1.835e-05
-4.64722e-06
1.99299e-05
-5.2193e-06
2.1536e-05
-5.79033e-06
2.3161e-05
-6.34689e-06
2.47955e-05
-6.87738e-06
2.64295e-05
-7.36782e-06
2.80513e-05
-7.80808e-06
2.96495e-05
-8.18567e-06
3.1212e-05
-8.49359e-06
3.27272e-05
-8.72317e-06
3.41842e-05
-8.87429e-06
3.55748e-05
-8.94259e-06
3.68918e-05
-8.93295e-06
3.81307e-05
-8.84449e-06
3.9288e-05
-8.68697e-06
4.03625e-05
-8.46224e-06
4.13541e-05
-8.18386e-06
4.22649e-05
-7.85467e-06
4.30977e-05
-7.49024e-06
4.38563e-05
-7.09273e-06
4.45452e-05
-6.67828e-06
4.51691e-05
-6.24699e-06
4.5733e-05
-5.81465e-06
4.62417e-05
-5.37861e-06
4.67e-05
-4.95412e-06
4.71123e-05
-4.53565e-06
4.74831e-05
-4.13801e-06
4.78161e-05
-3.7528e-06
4.81155e-05
-3.39475e-06
4.83842e-05
-3.05275e-06
4.86258e-05
-2.74197e-06
4.88429e-05
-2.44877e-06
4.90386e-05
-2.18925e-06
4.92148e-05
-1.94735e-06
4.93745e-05
-1.74059e-06
4.95193e-05
-1.55053e-06
4.96519e-05
-1.39656e-06
4.97736e-05
-1.25784e-06
4.98873e-05
-1.15613e-06
4.99938e-05
-1.06819e-06
5.00965e-05
-1.01875e-06
-9.85388e-07
-2.65767e-07
1.05479e-06
-8.64988e-07
1.93974e-06
-1.49205e-06
2.09951e-06
-2.01988e-06
2.02902e-06
-2.42001e-06
1.91629e-06
-2.69421e-06
1.79319e-06
-2.85942e-06
1.6706e-06
-2.93503e-06
1.55166e-06
-2.93829e-06
1.43638e-06
-2.87992e-06
1.32525e-06
-2.76798e-06
1.21817e-06
-2.60891e-06
1.11496e-06
-2.40812e-06
1.01577e-06
-2.17022e-06
9.20653e-07
-1.89902e-06
8.29495e-07
-1.59762e-06
7.42005e-07
-1.2686e-06
6.58026e-07
-9.13601e-07
5.76568e-07
-5.34098e-07
4.97719e-07
-1.31129e-07
4.21148e-07
2.94867e-07
3.46125e-07
7.43845e-07
2.71987e-07
1.21611e-06
1.97996e-07
1.71246e-06
1.23144e-07
2.2345e-06
4.58927e-08
2.78329e-06
-3.37072e-08
3.35949e-06
-1.15649e-07
3.96581e-06
-2.03123e-07
4.60467e-06
-2.96598e-07
5.27876e-06
-3.9715e-07
5.99106e-06
-5.05927e-07
6.74476e-06
-6.24368e-07
7.5427e-06
-7.53334e-07
8.38987e-06
-8.94125e-07
9.29191e-06
-1.0485e-06
1.02525e-05
-1.21928e-06
1.12756e-05
-1.40935e-06
1.23644e-05
-1.62236e-06
1.35209e-05
-1.86222e-06
1.47452e-05
-2.13366e-06
1.60373e-05
-2.44049e-06
1.73929e-05
-2.78673e-06
1.88069e-05
-3.17458e-06
2.0273e-05
-3.60467e-06
2.17838e-05
-4.07543e-06
2.33318e-05
-4.58284e-06
2.4908e-05
-5.12076e-06
2.65033e-05
-5.68041e-06
2.81076e-05
-6.25148e-06
2.97105e-05
-6.82224e-06
3.13007e-05
-7.38054e-06
3.28668e-05
-7.91292e-06
3.4396e-05
-8.40661e-06
3.58762e-05
-8.84804e-06
3.72955e-05
-9.22732e-06
3.86436e-05
-9.53378e-06
3.99108e-05
-9.76084e-06
4.10899e-05
-9.90227e-06
4.21752e-05
-9.95961e-06
4.31653e-05
-9.93268e-06
4.40601e-05
-9.82771e-06
4.48623e-05
-9.64669e-06
4.55754e-05
-9.40012e-06
4.62054e-05
-9.09219e-06
4.67581e-05
-8.73663e-06
4.72413e-05
-8.3378e-06
4.76618e-05
-7.91081e-06
4.80275e-05
-7.4584e-06
4.8345e-05
-6.99577e-06
4.8621e-05
-6.52299e-06
4.88611e-05
-6.05479e-06
4.90707e-05
-5.58819e-06
4.92541e-05
-5.13752e-06
4.94153e-05
-4.69679e-06
4.95574e-05
-4.28017e-06
4.96834e-05
-3.87871e-06
4.97954e-05
-3.50683e-06
4.98955e-05
-3.15285e-06
4.99855e-05
-2.83192e-06
5.00665e-05
-2.52975e-06
5.01399e-05
-2.26273e-06
5.02066e-05
-2.01404e-06
5.02678e-05
-1.80174e-06
5.03237e-05
-1.6065e-06
5.03757e-05
-1.44855e-06
5.04239e-05
-1.306e-06
5.04695e-05
-1.20173e-06
5.05124e-05
-1.11111e-06
5.05538e-05
-1.06013e-06
-1.02347e-06
-1.50948e-06
2.56427e-06
-1.97143e-06
2.40169e-06
-2.14436e-06
2.27244e-06
-2.1661e-06
2.05076e-06
-2.05675e-06
1.80695e-06
-1.83977e-06
1.57621e-06
-1.53395e-06
1.36478e-06
-1.15323e-06
1.17094e-06
-7.10367e-07
9.93516e-07
-2.17433e-07
8.32318e-07
3.16334e-07
6.84403e-07
8.8338e-07
5.47913e-07
1.47743e-06
4.21723e-07
2.09358e-06
3.04496e-07
2.72819e-06
1.94884e-07
3.37837e-06
9.18248e-08
4.0414e-06
-4.99978e-09
4.71855e-06
-1.00582e-07
5.40738e-06
-1.91116e-07
6.10708e-06
-2.78546e-07
6.81831e-06
-3.65106e-07
7.54191e-06
-4.51611e-07
8.27891e-06
-5.39009e-07
9.03059e-06
-6.28541e-07
9.79795e-06
-7.21466e-07
1.05831e-05
-8.18836e-07
1.13893e-05
-9.21842e-07
1.22183e-05
-1.03215e-06
1.30728e-05
-1.15106e-06
1.39554e-05
-1.27984e-06
1.48692e-05
-1.41972e-06
1.5817e-05
-1.5721e-06
1.68019e-05
-1.7383e-06
1.78277e-05
-1.91988e-06
1.88976e-05
-2.1184e-06
2.00144e-05
-2.33608e-06
2.11803e-05
-2.57533e-06
2.23971e-05
-2.83907e-06
2.36649e-05
-3.13005e-06
2.49826e-05
-3.45138e-06
2.63472e-05
-3.80512e-06
2.77536e-05
-4.19305e-06
2.91946e-05
-4.61558e-06
3.06617e-05
-5.07176e-06
3.21446e-05
-5.55841e-06
3.36326e-05
-6.07079e-06
3.5114e-05
-6.6022e-06
3.65752e-05
-7.14164e-06
3.80026e-05
-7.67885e-06
3.93828e-05
-8.20243e-06
4.07022e-05
-8.69998e-06
4.19484e-05
-9.15905e-06
4.31095e-05
-9.56773e-06
4.41765e-05
-9.91505e-06
4.51415e-05
-1.01923e-05
4.59999e-05
-1.03921e-05
4.67495e-05
-1.05105e-05
4.73918e-05
-1.05445e-05
4.79283e-05
-1.04961e-05
4.83668e-05
-1.03712e-05
4.87153e-05
-1.01763e-05
4.8984e-05
-9.91542e-06
4.91828e-05
-9.59889e-06
4.93229e-05
-9.2323e-06
4.94144e-05
-8.82808e-06
4.94676e-05
-8.39099e-06
4.9491e-05
-7.93419e-06
4.94927e-05
-7.46011e-06
4.94788e-05
-6.98187e-06
4.94547e-05
-6.49894e-06
4.94244e-05
-6.02443e-06
4.93909e-05
-5.55477e-06
4.93567e-05
-5.1033e-06
4.93233e-05
-4.66333e-06
4.92917e-05
-4.24864e-06
4.92626e-05
-3.84957e-06
4.92364e-05
-3.4807e-06
4.92131e-05
-3.12954e-06
4.91931e-05
-2.81187e-06
4.91757e-05
-2.51236e-06
4.91614e-05
-2.2484e-06
4.91492e-05
-2.00184e-06
4.91395e-05
-1.79211e-06
4.91313e-05
-1.59828e-06
4.91251e-05
-1.44231e-06
4.91194e-05
-1.30036e-06
4.91151e-05
-1.19739e-06
4.91105e-05
-1.10652e-06
4.91068e-05
-1.05644e-06
-1.01537e-06
-9.05491e-07
3.46976e-06
-7.56932e-07
2.25313e-06
-2.66461e-07
1.78197e-06
4.5002e-07
1.33428e-06
1.32659e-06
9.30377e-07
2.2969e-06
6.05899e-07
3.31474e-06
3.46936e-07
4.35315e-06
1.32527e-07
5.39597e-06
-4.93044e-08
6.4312e-06
-2.02912e-07
7.45917e-06
-3.43561e-07
8.47736e-06
-4.70281e-07
9.48344e-06
-5.84354e-07
1.04763e-05
-6.88389e-07
1.14559e-05
-7.84718e-07
1.24226e-05
-8.74879e-07
1.3378e-05
-9.60345e-07
1.43205e-05
-1.04308e-06
1.52525e-05
-1.12315e-06
1.6176e-05
-1.20199e-06
1.70922e-05
-1.28138e-06
1.80033e-05
-1.3627e-06
1.89115e-05
-1.44718e-06
1.98191e-05
-1.53613e-06
2.07285e-05
-1.63091e-06
2.16426e-05
-1.73294e-06
2.25643e-05
-1.8435e-06
2.34961e-05
-1.96398e-06
2.44408e-05
-2.09577e-06
2.5401e-05
-2.24002e-06
2.63792e-05
-2.39788e-06
2.73777e-05
-2.57057e-06
2.83987e-05
-2.75933e-06
2.94443e-05
-2.96546e-06
3.05161e-05
-3.19022e-06
3.16152e-05
-3.43513e-06
3.27416e-05
-3.7018e-06
3.38945e-05
-3.99199e-06
3.5072e-05
-4.30751e-06
3.62709e-05
-4.65027e-06
3.74854e-05
-5.0196e-06
3.87081e-05
-5.41582e-06
3.99302e-05
-5.83767e-06
4.11411e-05
-6.2826e-06
4.23288e-05
-6.74616e-06
4.34805e-05
-7.22247e-06
4.45819e-05
-7.70357e-06
4.56203e-05
-8.18006e-06
4.6583e-05
-8.64153e-06
4.74581e-05
-9.0776e-06
4.82355e-05
-9.47737e-06
4.89074e-05
-9.83091e-06
4.94685e-05
-1.01289e-05
4.99171e-05
-1.03637e-05
5.02541e-05
-1.05293e-05
5.04839e-05
-1.06219e-05
5.06133e-05
-1.064e-05
5.0653e-05
-1.05842e-05
5.06146e-05
-1.04577e-05
5.05113e-05
-1.02678e-05
5.0356e-05
-1.0021e-05
5.01627e-05
-9.7221e-06
4.99428e-05
-9.37899e-06
4.97078e-05
-8.99727e-06
4.94659e-05
-8.58621e-06
4.92253e-05
-8.15038e-06
4.89907e-05
-7.69958e-06
4.87666e-05
-7.23602e-06
4.85545e-05
-6.76975e-06
4.83561e-05
-6.30052e-06
4.8171e-05
-5.8394e-06
4.79998e-05
-5.38354e-06
4.78414e-05
-4.94494e-06
4.76956e-05
-4.51749e-06
4.75613e-05
-4.1143e-06
4.74376e-05
-3.72595e-06
4.73241e-05
-3.36712e-06
4.72195e-05
-3.02497e-06
4.71237e-05
-2.71612e-06
4.70355e-05
-2.42411e-06
4.69549e-05
-2.16787e-06
4.68803e-05
-1.92721e-06
4.68123e-05
-1.72407e-06
4.67485e-05
-1.53445e-06
4.669e-05
-1.38384e-06
4.66337e-05
-1.24411e-06
4.65813e-05
-1.14499e-06
4.65287e-05
-1.05392e-06
4.6478e-05
-1.00566e-06
-9.62601e-07
3.67163e-06
-2.01871e-07
6.40783e-06
-4.83073e-07
8.83005e-06
-6.40253e-07
1.09648e-05
-8.00445e-07
1.28549e-05
-9.59757e-07
1.45645e-05
-1.10366e-06
1.6138e-05
-1.22664e-06
1.75921e-05
-1.32156e-06
1.8955e-05
-1.41218e-06
2.02462e-05
-1.49408e-06
2.14705e-05
-1.56793e-06
2.2636e-05
-1.63574e-06
2.37502e-05
-1.69853e-06
2.4819e-05
-1.75718e-06
2.58468e-05
-1.81257e-06
2.68377e-05
-1.86575e-06
2.7795e-05
-1.91766e-06
2.87214e-05
-1.96946e-06
2.96204e-05
-2.02222e-06
3.04955e-05
-2.077e-06
3.13492e-05
-2.13515e-06
3.21845e-05
-2.19803e-06
3.30044e-05
-2.267e-06
3.38115e-05
-2.34331e-06
3.46089e-05
-2.42826e-06
3.5399e-05
-2.52309e-06
3.61845e-05
-2.629e-06
3.69677e-05
-2.74719e-06
3.77512e-05
-2.87919e-06
3.85364e-05
-3.02526e-06
3.9325e-05
-3.18646e-06
4.01182e-05
-3.36375e-06
4.09168e-05
-3.55798e-06
4.17213e-05
-3.76993e-06
4.25315e-05
-4.00041e-06
4.33465e-05
-4.25016e-06
4.41647e-05
-4.51998e-06
4.49833e-05
-4.81055e-06
4.57981e-05
-5.12232e-06
4.66031e-05
-5.45527e-06
4.7392e-05
-5.80851e-06
4.81567e-05
-6.18055e-06
4.8888e-05
-6.569e-06
4.95758e-05
-6.97034e-06
5.02093e-05
-7.37971e-06
5.07779e-05
-7.79102e-06
5.12713e-05
-8.19699e-06
5.16808e-05
-8.58959e-06
5.19994e-05
-8.9601e-06
5.22218e-05
-9.29998e-06
5.23455e-05
-9.60106e-06
5.23713e-05
-9.8567e-06
5.23032e-05
-1.00608e-05
5.21484e-05
-1.02089e-05
5.19165e-05
-1.02974e-05
5.16195e-05
-1.03249e-05
5.12702e-05
-1.02906e-05
5.08829e-05
-1.01969e-05
5.04718e-05
-1.00466e-05
5.00484e-05
-9.8445e-06
4.96227e-05
-9.59524e-06
4.92037e-05
-9.30316e-06
4.8797e-05
-8.97229e-06
4.84069e-05
-8.60712e-06
4.80343e-05
-8.21358e-06
4.76807e-05
-7.79685e-06
4.73448e-05
-7.36365e-06
4.70263e-05
-6.91757e-06
4.67223e-05
-6.46569e-06
4.64322e-05
-6.0104e-06
4.61532e-05
-5.5604e-06
4.58858e-05
-5.11619e-06
4.56281e-05
-4.68722e-06
4.53812e-05
-4.27062e-06
4.51437e-05
-3.8768e-06
4.49171e-05
-3.49934e-06
4.47003e-05
-3.15031e-06
4.44947e-05
-2.81934e-06
4.42993e-05
-2.52076e-06
4.4115e-05
-2.2398e-06
4.39409e-05
-1.99378e-06
4.3777e-05
-1.76332e-06
4.36228e-05
-1.56978e-06
4.3477e-05
-1.3887e-06
4.33395e-05
-1.24635e-06
4.32079e-05
-1.11249e-06
4.30824e-05
-1.01949e-06
4.29589e-05
-9.30415e-07
4.28384e-05
-8.85146e-07
-8.42492e-07
3.86425e-05
-1.16746e-09
3.8619e-05
-4.59547e-07
3.87684e-05
-7.89676e-07
3.90056e-05
-1.03771e-06
3.92926e-05
-1.24673e-06
3.96234e-05
-1.43447e-06
3.99994e-05
-1.60258e-06
4.04225e-05
-1.74466e-06
4.08723e-05
-1.86204e-06
4.1338e-05
-1.95972e-06
4.18133e-05
-2.04322e-06
4.22927e-05
-2.11516e-06
4.2772e-05
-2.17782e-06
4.32479e-05
-2.2331e-06
4.3718e-05
-2.2827e-06
4.41805e-05
-2.32823e-06
4.46341e-05
-2.37128e-06
4.50781e-05
-2.41346e-06
4.55123e-05
-2.45638e-06
4.59368e-05
-2.50154e-06
4.63522e-05
-2.55048e-06
4.67589e-05
-2.60472e-06
4.71577e-05
-2.66579e-06
4.75494e-05
-2.73508e-06
4.79351e-05
-2.81393e-06
4.83155e-05
-2.90353e-06
4.86916e-05
-3.00505e-06
4.90639e-05
-3.11948e-06
4.94325e-05
-3.24779e-06
4.97978e-05
-3.3906e-06
5.01599e-05
-3.54858e-06
5.05185e-05
-3.72229e-06
5.08728e-05
-3.91228e-06
5.12218e-05
-4.11892e-06
5.15639e-05
-4.34257e-06
5.18972e-05
-4.58344e-06
5.22189e-05
-4.84166e-06
5.25254e-05
-5.11711e-06
5.28125e-05
-5.40943e-06
5.3075e-05
-5.71777e-06
5.33073e-05
-6.04077e-06
5.35032e-05
-6.37642e-06
5.36562e-05
-6.72205e-06
5.376e-05
-7.07409e-06
5.38084e-05
-7.42813e-06
5.37963e-05
-7.77894e-06
5.372e-05
-8.12067e-06
5.35774e-05
-8.447e-06
5.33687e-05
-8.75141e-06
5.30959e-05
-9.02722e-06
5.27633e-05
-9.26841e-06
5.23781e-05
-9.47148e-06
5.19491e-05
-9.6318e-06
5.14863e-05
-9.74604e-06
5.10004e-05
-9.81154e-06
5.05017e-05
-9.82625e-06
4.99993e-05
-9.78818e-06
4.94996e-05
-9.69722e-06
4.90072e-05
-9.5542e-06
4.85244e-05
-9.36176e-06
4.80518e-05
-9.12257e-06
4.75883e-05
-8.83969e-06
4.71315e-05
-8.51547e-06
4.66784e-05
-8.15406e-06
4.62257e-05
-7.76084e-06
4.57718e-05
-7.34298e-06
4.53149e-05
-6.90671e-06
4.48553e-05
-6.45799e-06
4.43923e-05
-6.00266e-06
4.39284e-05
-5.54655e-06
4.34643e-05
-5.0963e-06
4.30044e-05
-4.6563e-06
4.25498e-05
-4.23256e-06
4.21057e-05
-3.82656e-06
4.16728e-05
-3.44393e-06
4.12566e-05
-3.08308e-06
4.08564e-05
-2.75012e-06
4.04771e-05
-2.44009e-06
4.01166e-05
-2.16029e-06
3.97787e-05
-1.90188e-06
3.94599e-05
-1.67491e-06
3.91631e-05
-1.46655e-06
3.88839e-05
-1.29064e-06
3.86246e-05
-1.12936e-06
3.83798e-05
-1.00156e-06
3.81508e-05
-8.83511e-07
3.7932e-05
-8.00639e-07
3.77236e-05
-7.22062e-07
3.75202e-05
-6.8173e-07
-6.41333e-07
5.30007e-05
7.56559e-08
5.29122e-05
-3.71048e-07
5.28873e-05
-7.6478e-07
5.2915e-05
-1.06546e-06
5.29649e-05
-1.29662e-06
5.30179e-05
-1.48747e-06
5.30702e-05
-1.65489e-06
5.3129e-05
-1.80338e-06
5.3199e-05
-1.93209e-06
5.32804e-05
-2.04109e-06
5.33695e-05
-2.13236e-06
5.34632e-05
-2.2088e-06
5.35587e-05
-2.27335e-06
5.36542e-05
-2.32865e-06
5.37484e-05
-2.37689e-06
5.38402e-05
-2.42004e-06
5.39288e-05
-2.45989e-06
5.40136e-05
-2.49824e-06
5.40941e-05
-2.53685e-06
5.417e-05
-2.57744e-06
5.42412e-05
-2.62168e-06
5.43076e-05
-2.67116e-06
5.43693e-05
-2.72747e-06
5.44263e-05
-2.79202e-06
5.44785e-05
-2.86618e-06
5.45261e-05
-2.95108e-06
5.45688e-05
-3.04782e-06
5.46066e-05
-3.15727e-06
5.46391e-05
-3.28023e-06
5.46658e-05
-3.4173e-06
5.46862e-05
-3.56906e-06
5.46998e-05
-3.73584e-06
5.47055e-05
-3.91801e-06
5.47023e-05
-4.1157e-06
5.46888e-05
-4.32909e-06
5.46635e-05
-4.55808e-06
5.46244e-05
-4.80255e-06
5.45693e-05
-5.06204e-06
5.44958e-05
-5.33593e-06
5.44012e-05
-5.62315e-06
5.42825e-05
-5.92208e-06
5.41368e-05
-6.23072e-06
5.39616e-05
-6.54685e-06
5.37546e-05
-6.86717e-06
5.35144e-05
-7.18786e-06
5.32401e-05
-7.50461e-06
5.29319e-05
-7.81248e-06
5.25911e-05
-8.10624e-06
5.22201e-05
-8.38036e-06
5.18221e-05
-8.62927e-06
5.14014e-05
-8.84769e-06
5.0961e-05
-9.03106e-06
5.05042e-05
-9.17503e-06
5.00338e-05
-9.27562e-06
4.95517e-05
-9.32948e-06
4.90585e-05
-9.333e-06
4.85521e-05
-9.28183e-06
4.80292e-05
-9.1743e-06
4.7486e-05
-9.01094e-06
4.69182e-05
-8.79403e-06
4.63216e-05
-8.52592e-06
4.56921e-05
-8.21022e-06
4.5029e-05
-7.85241e-06
4.43324e-05
-7.45741e-06
4.36038e-05
-7.03231e-06
4.28468e-05
-6.58597e-06
4.20661e-05
-6.12593e-06
4.12678e-05
-5.65977e-06
4.04594e-05
-5.19417e-06
3.96495e-05
-4.73667e-06
3.88458e-05
-4.2926e-06
3.80566e-05
-3.86717e-06
3.72879e-05
-3.46383e-06
3.65473e-05
-3.08599e-06
3.58387e-05
-2.7353e-06
3.51684e-05
-2.41277e-06
3.45371e-05
-2.11882e-06
3.395e-05
-1.85297e-06
3.34041e-05
-1.61441e-06
3.29028e-05
-1.40054e-06
3.24403e-05
-1.21245e-06
3.20197e-05
-1.04591e-06
3.16327e-05
-9.03685e-07
3.12824e-05
-7.78998e-07
3.09583e-05
-6.77494e-07
3.06639e-05
-5.89155e-07
3.03871e-05
-5.23761e-07
3.01322e-05
-4.67208e-07
2.98851e-05
-4.34672e-07
-4.04612e-07
5.43318e-05
-2.46528e-07
5.4512e-05
-5.51275e-07
5.46155e-05
-8.6832e-07
5.47027e-05
-1.15257e-06
5.47892e-05
-1.38318e-06
5.48689e-05
-1.5672e-06
5.49345e-05
-1.72043e-06
5.49848e-05
-1.85366e-06
5.5024e-05
-1.97135e-06
5.50571e-05
-2.07416e-06
5.50867e-05
-2.16193e-06
5.51134e-05
-2.23555e-06
5.5137e-05
-2.29689e-06
5.51567e-05
-2.34835e-06
5.5172e-05
-2.39223e-06
5.51826e-05
-2.43067e-06
5.51883e-05
-2.46557e-06
5.51888e-05
-2.49876e-06
5.5184e-05
-2.53201e-06
5.51736e-05
-2.56707e-06
5.51576e-05
-2.60564e-06
5.51358e-05
-2.64936e-06
5.51081e-05
-2.69981e-06
5.50745e-05
-2.75843e-06
5.50349e-05
-2.82656e-06
5.49892e-05
-2.90537e-06
5.49373e-05
-2.9959e-06
5.4879e-05
-3.09898e-06
5.48141e-05
-3.21537e-06
5.47424e-05
-3.34562e-06
5.46637e-05
-3.49028e-06
5.45774e-05
-3.64959e-06
5.44833e-05
-3.82387e-06
5.43807e-05
-4.01314e-06
5.42691e-05
-4.2175e-06
5.41477e-05
-4.4367e-06
5.40157e-05
-4.67052e-06
5.3872e-05
-4.91832e-06
5.37155e-05
-5.17942e-06
5.35449e-05
-5.45253e-06
5.33589e-05
-5.7361e-06
5.31561e-05
-6.02796e-06
5.29349e-05
-6.32559e-06
5.26934e-05
-6.6257e-06
5.243e-05
-6.9245e-06
5.2143e-05
-7.21762e-06
5.18304e-05
-7.49987e-06
5.14902e-05
-7.76597e-06
5.112e-05
-8.01019e-06
5.07178e-05
-8.22709e-06
5.0281e-05
-8.41091e-06
4.98063e-05
-8.55635e-06
4.92897e-05
-8.65839e-06
4.87265e-05
-8.71241e-06
4.81112e-05
-8.71422e-06
4.74378e-05
-8.65957e-06
4.6701e-05
-8.54511e-06
4.58978e-05
-8.37104e-06
4.50274e-05
-8.14055e-06
4.40895e-05
-7.85611e-06
4.30829e-05
-7.51938e-06
4.20087e-05
-7.13596e-06
4.08744e-05
-6.71808e-06
3.96907e-05
-6.27376e-06
3.84697e-05
-5.81127e-06
3.72226e-05
-5.33892e-06
3.59611e-05
-4.86442e-06
3.46978e-05
-4.39648e-06
3.34479e-05
-3.94423e-06
3.22263e-05
-3.51509e-06
3.10463e-05
-3.11264e-06
2.99187e-05
-2.73955e-06
2.88523e-05
-2.3974e-06
2.78542e-05
-2.0879e-06
2.69293e-05
-1.81038e-06
2.60809e-05
-1.56439e-06
2.53093e-05
-1.34723e-06
2.46138e-05
-1.15746e-06
2.39909e-05
-9.9152e-07
2.34385e-05
-8.48119e-07
2.295e-05
-7.23921e-07
2.25223e-05
-6.18267e-07
2.21467e-05
-5.28068e-07
2.18206e-05
-4.52876e-07
2.15332e-05
-3.90119e-07
2.12833e-05
-3.39213e-07
2.10584e-05
-2.98866e-07
2.08588e-05
-2.67603e-07
2.06706e-05
-2.46542e-07
-2.3197e-07
5.39237e-05
-5.75893e-07
5.41766e-05
-8.04092e-07
5.43572e-05
-1.04901e-06
5.44899e-05
-1.28519e-06
5.45987e-05
-1.49197e-06
5.46951e-05
-1.66367e-06
5.47802e-05
-1.80544e-06
5.4852e-05
-1.9255e-06
5.49106e-05
-2.02992e-06
5.49578e-05
-2.12144e-06
5.49965e-05
-2.20058e-06
5.50285e-05
-2.26755e-06
5.50547e-05
-2.32312e-06
5.50753e-05
-2.36887e-06
5.50898e-05
-2.40673e-06
5.50979e-05
-2.43881e-06
5.50994e-05
-2.46707e-06
5.50941e-05
-2.49345e-06
5.50818e-05
-2.51971e-06
5.50624e-05
-2.54768e-06
5.50358e-05
-2.57903e-06
5.50019e-05
-2.61551e-06
5.49608e-05
-2.65865e-06
5.49123e-05
-2.70997e-06
5.48565e-05
-2.77077e-06
5.47934e-05
-2.84229e-06
5.4723e-05
-2.92551e-06
5.46453e-05
-3.02123e-06
5.45601e-05
-3.13014e-06
5.44672e-05
-3.25274e-06
5.43663e-05
-3.38944e-06
5.42572e-05
-3.54044e-06
5.41392e-05
-3.70592e-06
5.40119e-05
-3.88577e-06
5.38743e-05
-4.07994e-06
5.37256e-05
-4.28797e-06
5.35645e-05
-4.50945e-06
5.33896e-05
-4.74343e-06
5.31992e-05
-4.98899e-06
5.29911e-05
-5.24447e-06
5.27631e-05
-5.5081e-06
5.25123e-05
-5.77711e-06
5.22351e-05
-6.0484e-06
5.19274e-05
-6.31804e-06
5.15847e-05
-6.5818e-06
5.12015e-05
-6.83444e-06
5.07719e-05
-7.07019e-06
5.02888e-05
-7.28296e-06
4.97454e-05
-7.46677e-06
4.91347e-05
-7.61634e-06
4.84504e-05
-7.72667e-06
4.76879e-05
-7.79385e-06
4.68423e-05
-7.81274e-06
4.59081e-05
-7.77825e-06
4.4879e-05
-7.68512e-06
4.37482e-05
-7.52877e-06
4.2512e-05
-7.3089e-06
4.11758e-05
-7.03477e-06
3.97497e-05
-6.71452e-06
3.82433e-05
-6.34965e-06
3.66624e-05
-5.93857e-06
3.50149e-05
-5.48845e-06
3.33144e-05
-5.01758e-06
3.15862e-05
-4.54552e-06
2.98546e-05
-4.07968e-06
2.81398e-05
-3.62411e-06
2.64604e-05
-3.18497e-06
2.4836e-05
-2.77214e-06
2.32864e-05
-2.39462e-06
2.1828e-05
-2.05668e-06
2.0475e-05
-1.75963e-06
1.92386e-05
-1.50322e-06
1.81259e-05
-1.28466e-06
1.71385e-05
-1.10056e-06
1.62746e-05
-9.46416e-07
1.55281e-05
-8.17868e-07
1.48906e-05
-7.09793e-07
1.43518e-05
-6.18655e-07
1.3901e-05
-5.40653e-07
1.3527e-05
-4.74146e-07
1.32195e-05
-4.1644e-07
1.29687e-05
-3.67437e-07
1.27653e-05
-3.24696e-07
1.26014e-05
-2.89025e-07
1.2469e-05
-2.57701e-07
1.2362e-05
-2.32148e-07
1.22726e-05
-2.09462e-07
1.2196e-05
-1.91084e-07
1.21251e-05
-1.75601e-07
-1.61679e-07
5.35769e-05
-8.87741e-07
5.38436e-05
-1.07084e-06
5.40567e-05
-1.26205e-06
5.42225e-05
-1.45107e-06
5.43572e-05
-1.6266e-06
5.44734e-05
-1.77991e-06
5.45768e-05
-1.90882e-06
5.46684e-05
-2.01712e-06
5.4748e-05
-2.10955e-06
5.48158e-05
-2.18922e-06
5.48728e-05
-2.25754e-06
5.49203e-05
-2.31504e-06
5.49592e-05
-2.36211e-06
5.49901e-05
-2.39968e-06
5.50125e-05
-2.42917e-06
5.50262e-05
-2.45246e-06
5.50306e-05
-2.47151e-06
5.50255e-05
-2.48833e-06
5.50105e-05
-2.50477e-06
5.49856e-05
-2.52273e-06
5.49505e-05
-2.54391e-06
5.49051e-05
-2.57011e-06
5.48493e-05
-2.60286e-06
5.47831e-05
-2.64374e-06
5.47063e-05
-2.694e-06
5.46189e-05
-2.75493e-06
5.45208e-05
-2.82742e-06
5.44118e-05
-2.91217e-06
5.42913e-05
-3.00966e-06
5.41589e-05
-3.12034e-06
5.40138e-05
-3.2443e-06
5.3855e-05
-3.38164e-06
5.36812e-05
-3.53219e-06
5.34912e-05
-3.6957e-06
5.32829e-05
-3.8717e-06
5.30545e-05
-4.05953e-06
5.28033e-05
-4.25828e-06
5.25266e-05
-4.46667e-06
5.22207e-05
-4.68317e-06
5.18819e-05
-4.90563e-06
5.15055e-05
-5.13167e-06
5.10864e-05
-5.35799e-06
5.06187e-05
-5.58074e-06
5.0096e-05
-5.79534e-06
4.95111e-05
-5.99692e-06
4.88559e-05
-6.17927e-06
4.81219e-05
-6.33612e-06
4.72995e-05
-6.46056e-06
4.63796e-05
-6.5469e-06
4.53529e-05
-6.58961e-06
4.42126e-05
-6.58639e-06
4.29571e-05
-6.5384e-06
4.15869e-05
-6.44246e-06
4.0103e-05
-6.29443e-06
3.85018e-05
-6.08392e-06
3.6779e-05
-5.80596e-06
3.49375e-05
-5.46741e-06
3.29961e-05
-5.09337e-06
3.09752e-05
-4.69361e-06
2.89007e-05
-4.27512e-06
2.67944e-05
-3.8323e-06
2.46781e-05
-3.37211e-06
2.25763e-05
-2.91573e-06
2.05205e-05
-2.4898e-06
1.85481e-05
-2.1072e-06
1.66936e-05
-1.76968e-06
1.49858e-05
-1.47717e-06
1.3447e-05
-1.23336e-06
1.20938e-05
-1.04135e-06
1.09284e-05
-8.91299e-07
9.94042e-06
-7.71662e-07
9.11646e-06
-6.79258e-07
8.43887e-06
-6.07066e-07
7.88693e-06
-5.48615e-07
7.4397e-06
-4.99186e-07
7.07765e-06
-4.55818e-07
6.78431e-06
-4.16451e-07
6.54607e-06
-3.80419e-07
6.35277e-06
-3.47352e-07
6.19627e-06
-3.17648e-07
6.07092e-06
-2.91085e-07
5.97161e-06
-2.68134e-07
5.8949e-06
-2.47985e-07
5.83667e-06
-2.30797e-07
5.794e-06
-2.1503e-07
5.76265e-06
-2.00799e-07
5.73924e-06
-1.86044e-07
5.719e-06
-1.70846e-07
5.6972e-06
-1.53799e-07
-1.35836e-07
5.34312e-05
-1.19052e-06
5.36985e-05
-1.33815e-06
5.39258e-05
-1.48928e-06
5.41143e-05
-1.63961e-06
5.4271e-05
-1.78327e-06
5.44049e-05
-1.91386e-06
5.4523e-05
-2.02687e-06
5.46278e-05
-2.12192e-06
5.47196e-05
-2.20138e-06
5.47982e-05
-2.2678e-06
5.48634e-05
-2.3228e-06
5.49156e-05
-2.36724e-06
5.49551e-05
-2.40154e-06
5.49818e-05
-2.42636e-06
5.49953e-05
-2.44273e-06
5.49952e-05
-2.4523e-06
5.49806e-05
-2.45694e-06
5.4951e-05
-2.45876e-06
5.4906e-05
-2.45976e-06
5.48453e-05
-2.46197e-06
5.47685e-05
-2.46715e-06
5.46755e-05
-2.47707e-06
5.45658e-05
-2.49325e-06
5.44394e-05
-2.51727e-06
5.42957e-05
-2.55035e-06
5.41345e-05
-2.59369e-06
5.3955e-05
-2.64794e-06
5.37566e-05
-2.71376e-06
5.35382e-05
-2.79124e-06
5.32984e-05
-2.8806e-06
5.30356e-05
-2.98151e-06
5.27478e-05
-3.09382e-06
5.24324e-05
-3.21682e-06
5.20868e-05
-3.35003e-06
5.17074e-05
-3.49236e-06
5.12908e-05
-3.64293e-06
5.08327e-05
-3.80015e-06
5.03285e-05
-3.9625e-06
4.9773e-05
-4.12758e-06
4.91601e-05
-4.29282e-06
4.84831e-05
-4.45467e-06
4.77347e-05
-4.60954e-06
4.69076e-05
-4.75366e-06
4.59949e-05
-4.88259e-06
4.49881e-05
-4.99019e-06
4.38788e-05
-5.0699e-06
4.26582e-05
-5.11556e-06
4.13189e-05
-5.1213e-06
3.98534e-05
-5.08135e-06
3.82557e-05
-4.99193e-06
3.65217e-05
-4.85238e-06
3.46557e-05
-4.67238e-06
3.2666e-05
-4.45282e-06
3.05727e-05
-4.20113e-06
2.83835e-05
-3.89468e-06
2.61079e-05
-3.53032e-06
2.37714e-05
-3.13093e-06
2.14042e-05
-2.72619e-06
1.90442e-05
-2.33362e-06
1.67225e-05
-1.95338e-06
1.45092e-05
-1.61904e-06
1.24569e-05
-1.31981e-06
1.06027e-05
-1.06153e-06
8.97305e-06
-8.60146e-07
7.59568e-06
-7.29831e-07
6.46591e-06
-6.39911e-07
5.56815e-06
-5.79404e-07
4.86241e-06
-5.27628e-07
4.29401e-06
-4.72943e-07
3.82091e-06
-4.18203e-07
3.42056e-06
-3.71315e-07
3.07758e-06
-3.36274e-07
2.78142e-06
-3.10909e-07
2.52848e-06
-2.95677e-07
2.31361e-06
-2.8431e-07
2.13153e-06
-2.73743e-07
1.97758e-06
-2.62498e-07
1.84793e-06
-2.5077e-07
1.73946e-06
-2.38883e-07
1.64905e-06
-2.27239e-07
1.57482e-06
-2.16848e-07
1.51487e-06
-2.08192e-07
1.46768e-06
-2.00788e-07
1.43095e-06
-1.94069e-07
1.40266e-06
-1.86746e-07
1.37995e-06
-1.78088e-07
1.36048e-06
-1.66568e-07
1.34094e-06
-1.5131e-07
1.31923e-06
-1.3209e-07
-1.15002e-07
5.34574e-05
-1.48146e-06
5.37147e-05
-1.59549e-06
5.39365e-05
-1.71106e-06
5.41236e-05
-1.82675e-06
5.4279e-05
-1.93865e-06
5.44065e-05
-2.04133e-06
5.45104e-05
-2.13076e-06
5.45936e-05
-2.20516e-06
5.46571e-05
-2.26483e-06
5.47003e-05
-2.31105e-06
5.47226e-05
-2.34512e-06
5.47233e-05
-2.36794e-06
5.47019e-05
-2.38012e-06
5.46579e-05
-2.38235e-06
5.45908e-05
-2.37563e-06
5.45e-05
-2.36148e-06
5.43848e-05
-2.34172e-06
5.42445e-05
-2.31848e-06
5.40788e-05
-2.29406e-06
5.38876e-05
-2.27082e-06
5.3671e-05
-2.25051e-06
5.34285e-05
-2.23461e-06
5.31599e-05
-2.2246e-06
5.28646e-05
-2.22196e-06
5.2542e-05
-2.22776e-06
5.21912e-05
-2.24295e-06
5.18112e-05
-2.26792e-06
5.14004e-05
-2.30296e-06
5.0957e-05
-2.3478e-06
5.04786e-05
-2.40221e-06
4.99625e-05
-2.4654e-06
4.94054e-05
-2.53675e-06
4.88037e-05
-2.61507e-06
4.81531e-05
-2.69943e-06
4.7449e-05
-2.78826e-06
4.66864e-05
-2.88033e-06
4.58598e-05
-2.97362e-06
4.49638e-05
-3.06649e-06
4.39925e-05
-3.15624e-06
4.294e-05
-3.24033e-06
4.17995e-05
-3.31417e-06
4.05612e-05
-3.37126e-06
3.92211e-05
-3.41355e-06
3.7775e-05
-3.43644e-06
3.62172e-05
-3.43241e-06
3.45426e-05
-3.39527e-06
3.27483e-05
-3.32136e-06
3.08367e-05
-3.20961e-06
2.88075e-05
-3.05222e-06
2.66715e-05
-2.85595e-06
2.44452e-05
-2.62608e-06
2.21357e-05
-2.36278e-06
1.97723e-05
-2.08946e-06
1.73871e-05
-1.81597e-06
1.50283e-05
-1.53585e-06
1.27542e-05
-1.25618e-06
1.06176e-05
-9.94348e-07
8.66942e-06
-7.78025e-07
6.96873e-06
-6.32934e-07
5.58891e-06
-5.73553e-07
4.50085e-06
-5.30981e-07
3.65252e-06
-4.71479e-07
2.97757e-06
-3.86588e-07
2.41879e-06
-3.01357e-07
1.93342e-06
-2.44469e-07
1.51216e-06
-2.18646e-07
1.15084e-06
-2.1809e-07
8.39401e-07
-2.16185e-07
5.70468e-07
-2.04011e-07
3.37679e-07
-1.85414e-07
1.34481e-07
-1.68117e-07
-4.42633e-08
-1.57529e-07
-2.0113e-07
-1.54042e-07
-3.42185e-07
-1.54622e-07
-4.69687e-07
-1.56808e-07
-5.85074e-07
-1.58355e-07
-6.89396e-07
-1.58176e-07
-7.83715e-07
-1.56451e-07
-8.68644e-07
-1.53954e-07
-9.44386e-07
-1.51497e-07
-1.01155e-06
-1.49685e-07
-1.07109e-06
-1.48647e-07
-1.1241e-06
-1.47786e-07
-1.17194e-06
-1.46228e-07
-1.21573e-06
-1.42956e-07
-1.25653e-06
-1.37288e-07
-1.2948e-06
-1.28298e-07
-1.33074e-06
-1.15363e-07
-1.36302e-06
-9.98113e-08
-8.85143e-08
5.33941e-05
-1.69306e-06
5.35612e-05
-1.76258e-06
5.36833e-05
-1.83315e-06
5.37602e-05
-1.90363e-06
5.37931e-05
-1.97159e-06
5.37826e-05
-2.03079e-06
5.37304e-05
-2.07861e-06
5.36389e-05
-2.11366e-06
5.351e-05
-2.13588e-06
5.33444e-05
-2.14544e-06
5.31422e-05
-2.14295e-06
5.29035e-05
-2.12922e-06
5.26284e-05
-2.10507e-06
5.23175e-05
-2.07137e-06
5.19711e-05
-2.0293e-06
5.15902e-05
-1.98053e-06
5.11752e-05
-1.92676e-06
5.07268e-05
-1.87006e-06
5.02454e-05
-1.81266e-06
4.9732e-05
-1.7574e-06
4.91873e-05
-1.70584e-06
4.86116e-05
-1.65889e-06
4.80048e-05
-1.61786e-06
4.73667e-05
-1.58384e-06
4.66965e-05
-1.55754e-06
4.5993e-05
-1.53942e-06
4.52546e-05
-1.5295e-06
4.44791e-05
-1.52753e-06
4.36642e-05
-1.53288e-06
4.28068e-05
-1.54477e-06
4.19035e-05
-1.56211e-06
4.09505e-05
-1.58379e-06
3.99439e-05
-1.60839e-06
3.8879e-05
-1.63461e-06
3.77516e-05
-1.66081e-06
3.65568e-05
-1.68558e-06
3.52903e-05
-1.7071e-06
3.39478e-05
-1.72398e-06
3.25257e-05
-1.73418e-06
3.10217e-05
-1.7363e-06
2.94348e-05
-1.72722e-06
2.77624e-05
-1.69889e-06
2.60061e-05
-1.65723e-06
2.41699e-05
-1.6003e-06
2.22597e-05
-1.52222e-06
2.02856e-05
-1.42116e-06
1.82588e-05
-1.29457e-06
1.61942e-05
-1.14494e-06
1.41214e-05
-9.79431e-07
1.2074e-05
-8.08622e-07
1.00974e-05
-6.49454e-07
8.2604e-06
-5.25766e-07
6.62561e-06
-4.54661e-07
5.25019e-06
-4.40546e-07
4.12924e-06
-4.14905e-07
3.22651e-06
-3.5345e-07
2.49022e-06
-2.58056e-07
1.87698e-06
-1.64784e-07
1.35992e-06
-1.15875e-07
9.03214e-07
-1.1685e-07
5.15378e-07
-1.43145e-07
1.89202e-07
-1.45303e-07
-8.37037e-08
-1.13682e-07
-3.13189e-07
-7.18717e-08
-5.1085e-07
-4.68082e-08
-6.84473e-07
-4.5022e-08
-8.46828e-07
-5.57347e-08
-9.96878e-07
-6.61352e-08
-1.13114e-06
-6.97527e-08
-1.24882e-06
-6.77322e-08
-1.35264e-06
-6.42935e-08
-1.44751e-06
-6.2661e-08
-1.53755e-06
-6.40026e-08
-1.62458e-06
-6.7594e-08
-1.70953e-06
-7.18564e-08
-1.7924e-06
-7.54888e-08
-1.87267e-06
-7.79008e-08
-1.94988e-06
-7.92447e-08
-2.02379e-06
-8.00412e-08
-2.09442e-06
-8.08642e-08
-2.16205e-06
-8.20612e-08
-2.22713e-06
-8.35655e-08
-2.29005e-06
-8.48657e-08
-2.35096e-06
-8.5315e-08
-2.40958e-06
-8.43401e-08
-2.46523e-06
-8.16344e-08
-2.5166e-06
-7.69325e-08
-2.56172e-06
-7.02431e-08
-2.59895e-06
-6.25759e-08
-5.71257e-08
5.10561e-05
-1.46343e-06
5.076e-05
-1.4665e-06
5.03981e-05
-1.4713e-06
4.99706e-05
-1.4761e-06
4.94777e-05
-1.4787e-06
4.89235e-05
-1.47661e-06
4.8312e-05
-1.46712e-06
4.76471e-05
-1.44874e-06
4.69348e-05
-1.42353e-06
4.61796e-05
-1.39026e-06
4.53857e-05
-1.34911e-06
4.45572e-05
-1.30069e-06
4.36979e-05
-1.24579e-06
4.28119e-05
-1.18531e-06
4.19029e-05
-1.12032e-06
4.09744e-05
-1.05207e-06
4.00297e-05
-9.82042e-07
3.90715e-05
-9.11881e-07
3.81022e-05
-8.43318e-07
3.71228e-05
-7.77997e-07
3.61342e-05
-7.17206e-07
3.51371e-05
-6.61828e-07
3.41317e-05
-6.12509e-07
3.31176e-05
-5.69668e-07
3.20935e-05
-5.3346e-07
3.10578e-05
-5.03753e-07
3.00085e-05
-4.80122e-07
2.89428e-05
-4.61895e-07
2.78581e-05
-4.482e-07
2.67514e-05
-4.38036e-07
2.56196e-05
-4.30317e-07
2.44597e-05
-4.23935e-07
2.32691e-05
-4.17773e-07
2.20453e-05
-4.10789e-07
2.07865e-05
-4.0201e-07
1.94916e-05
-3.90682e-07
1.81607e-05
-3.7623e-07
1.67953e-05
-3.5856e-07
1.53991e-05
-3.37909e-07
1.39782e-05
-3.15455e-07
1.25437e-05
-2.92731e-07
1.11176e-05
-2.7277e-07
9.71894e-06
-2.58569e-07
8.36982e-06
-2.51189e-07
7.0968e-06
-2.49193e-07
5.92485e-06
-2.4921e-07
4.87913e-06
-2.48854e-07
3.95728e-06
-2.23089e-07
3.15605e-06
-1.782e-07
2.46365e-06
-1.16225e-07
1.8675e-06
-5.33011e-08
1.35327e-06
-1.15383e-08
9.07384e-07
-8.77604e-09
5.03801e-07
-3.69627e-08
1.55892e-07
-6.69969e-08
-1.30084e-07
-6.74736e-08
-3.52371e-07
-3.57692e-08
-5.19569e-07
2.41435e-09
-6.59552e-07
2.41079e-08
-7.89787e-07
1.33848e-08
-9.26635e-07
-6.29705e-09
-1.05435e-06
-1.75863e-08
-1.15466e-06
-1.33758e-08
-1.22428e-06
-2.24558e-09
-1.27479e-06
3.7001e-09
-1.32232e-06
2.51048e-09
-1.37435e-06
-3.70565e-09
-1.43083e-06
-9.65822e-09
-1.48782e-06
-1.27652e-08
-1.54216e-06
-1.33869e-08
-1.59331e-06
-1.31469e-08
-1.64255e-06
-1.34193e-08
-1.69187e-06
-1.46828e-08
-1.74279e-06
-1.66804e-08
-1.79575e-06
-1.88968e-08
-1.85037e-06
-2.08627e-08
-1.90594e-06
-2.23338e-08
-1.96184e-06
-2.33407e-08
-2.0178e-06
-2.40809e-08
-2.07387e-06
-2.47973e-08
-2.13028e-06
-2.56551e-08
-2.18719e-06
-2.66549e-08
-2.24443e-06
-2.76195e-08
-2.30144e-06
-2.83066e-08
-2.35728e-06
-2.85055e-08
-2.41077e-06
-2.81363e-08
-2.46041e-06
-2.72923e-08
-2.50433e-06
-2.63235e-08
-2.54137e-06
-2.55368e-08
-2.49375e-08
3.49838e-05
3.35173e-05
3.2046e-05
3.05699e-05
2.90912e-05
2.76146e-05
2.61475e-05
2.46987e-05
2.32752e-05
2.18849e-05
2.05358e-05
1.92351e-05
1.79893e-05
1.6804e-05
1.56837e-05
1.46316e-05
1.36496e-05
1.27377e-05
1.18944e-05
1.11164e-05
1.03992e-05
9.73734e-06
9.12483e-06
8.55517e-06
8.02171e-06
7.51795e-06
7.03783e-06
6.57594e-06
6.12774e-06
5.6897e-06
5.25938e-06
4.83545e-06
4.41767e-06
4.00689e-06
3.60488e-06
3.21419e-06
2.83796e-06
2.4794e-06
2.14149e-06
1.82604e-06
1.53331e-06
1.26054e-06
1.00197e-06
7.50781e-07
5.01588e-07
2.52379e-07
3.52477e-09
-2.19564e-07
-3.97764e-07
-5.13989e-07
-5.6729e-07
-5.78829e-07
-5.87605e-07
-6.24567e-07
-6.91564e-07
-7.59038e-07
-7.94807e-07
-7.92393e-07
-7.68285e-07
-7.549e-07
-7.61197e-07
-7.78783e-07
-7.92159e-07
-7.94405e-07
-7.90705e-07
-7.88194e-07
-7.919e-07
-8.01558e-07
-8.14323e-07
-8.2771e-07
-8.40857e-07
-8.54277e-07
-8.68959e-07
-8.8564e-07
-9.04536e-07
-9.25399e-07
-9.47733e-07
-9.71074e-07
-9.95155e-07
-1.01995e-06
-1.04561e-06
-1.07226e-06
-1.09988e-06
-1.12819e-06
-1.15669e-06
-1.18483e-06
-1.21212e-06
-1.23845e-06
-1.26398e-06
)
;

boundaryField
{
    fixedWalls
    {
        type            calculated;
        value           uniform 0;
    }
    inflowWall
    {
        type            calculated;
        value           nonuniform List<scalar> 10(-5e-05 -5e-05 -5e-05 -5e-05 -5e-05 -5e-05 -5e-05 -5e-05 -5e-05 -5e-05);
    }
    outflowWall
    {
        type            calculated;
        value           nonuniform List<scalar> 
20
(
1.1451e-05
2.59081e-05
3.52709e-05
4.23187e-05
4.74138e-05
5.01956e-05
5.05919e-05
4.90987e-05
4.64252e-05
4.27183e-05
3.73191e-05
2.96484e-05
2.0498e-05
1.20548e-05
5.67135e-06
1.2984e-06
-1.38951e-06
-2.63034e-06
-2.57356e-06
-1.28892e-06
)
;
    }
    frontAndBack
    {
        type            empty;
        value           nonuniform List<scalar> 0();
    }
}


// ************************************************************************* //
