/*--------------------------------*- C++ -*----------------------------------*\
| =========                 |                                                 |
| \\      /  F ield         | OpenFOAM: The Open Source CFD Toolbox           |
|  \\    /   O peration     | Version:  2306                                  |
|   \\  /    A nd           | Website:  www.openfoam.com                      |
|    \\/     M anipulation  |                                                 |
\*---------------------------------------------------------------------------*/
FoamFile
{
    version     2.0;
    format      ascii;
    arch        "LSB;label=32;scalar=64";
    class       surfaceScalarField;
    location    "3.31";
    object      phi;
}
// * * * * * * * * * * * * * * * * * * * * * * * * * * * * * * * * * * * * * //

dimensions      [0 3 -1 0 0 0 0];

oriented        oriented;

internalField   nonuniform List<scalar> 
3680
(
4.93472e-05
6.52845e-07
4.79743e-05
1.37284e-06
4.66986e-05
1.27567e-06
4.5262e-05
1.43665e-06
4.41253e-05
1.13669e-06
4.27226e-05
1.40275e-06
4.1741e-05
9.8151e-07
4.04421e-05
1.29893e-06
3.98163e-05
6.25844e-07
9.80066e-07
3.88362e-05
5.03392e-05
3.13673e-07
5.08681e-05
8.4388e-07
5.11325e-05
1.01127e-06
5.14663e-05
1.10286e-06
5.15943e-05
1.00868e-06
5.19789e-05
1.01818e-06
5.20653e-05
8.95074e-07
5.25196e-05
8.44647e-07
5.25151e-05
6.30366e-07
4.21693e-07
5.30735e-05
5.01633e-05
1.50362e-07
5.05556e-05
4.51624e-07
5.09763e-05
5.90522e-07
5.14203e-05
6.58906e-07
5.18178e-05
6.11156e-07
5.22693e-05
5.66687e-07
5.26969e-05
4.67499e-07
5.31663e-05
3.75262e-07
5.3584e-05
2.12628e-07
-1.98681e-09
5.40077e-05
5.00932e-05
5.7132e-08
5.03765e-05
1.68375e-07
5.07342e-05
2.32755e-07
5.11465e-05
2.46641e-07
5.15503e-05
2.07414e-07
5.1973e-05
1.43894e-07
5.23843e-05
5.62834e-08
5.28139e-05
-5.43914e-08
5.32247e-05
-1.98149e-07
-3.70718e-07
5.35934e-05
5.00738e-05
-1.66639e-08
5.02913e-05
-4.91117e-08
5.06111e-05
-8.70391e-08
5.09887e-05
-1.30983e-07
5.13802e-05
-1.84104e-07
5.17743e-05
-2.50167e-07
5.21653e-05
-3.34747e-07
5.25511e-05
-4.4023e-07
5.29203e-05
-5.67256e-07
-7.15677e-07
5.32652e-05
5.00731e-05
-8.98118e-08
5.02828e-05
-2.58805e-07
5.05976e-05
-4.01775e-07
5.09649e-05
-4.98313e-07
5.13438e-05
-5.63026e-07
5.17207e-05
-6.27062e-07
5.20901e-05
-7.04122e-07
5.24504e-05
-8.00525e-07
5.27991e-05
-9.15924e-07
-1.0461e-06
5.31295e-05
5.00942e-05
-1.83973e-07
5.03554e-05
-5.20058e-07
5.06979e-05
-7.44238e-07
5.10675e-05
-8.67957e-07
5.14395e-05
-9.34983e-07
5.18027e-05
-9.90285e-07
5.21587e-05
-1.06007e-06
5.2509e-05
-1.15084e-06
5.28485e-05
-1.25545e-06
-1.3658e-06
5.31682e-05
5.01664e-05
-3.504e-07
5.05178e-05
-8.71438e-07
5.09203e-05
-1.14671e-06
5.12986e-05
-1.24631e-06
5.16469e-05
-1.28321e-06
5.19834e-05
-1.32686e-06
5.23162e-05
-1.39286e-06
5.26362e-05
-1.47084e-06
5.29296e-05
-1.54878e-06
-1.62127e-06
5.3185e-05
5.03676e-05
-7.17954e-07
5.08001e-05
-1.30403e-06
5.10985e-05
-1.44505e-06
5.12754e-05
-1.42325e-06
5.14032e-05
-1.41098e-06
5.15008e-05
-1.42448e-06
5.15508e-05
-1.44283e-06
5.15363e-05
-1.45639e-06
5.14491e-05
-1.46151e-06
-1.4616e-06
5.12894e-05
4.9282e-05
4.7978e-05
4.6533e-05
4.51097e-05
4.36987e-05
4.22743e-05
4.08314e-05
3.9375e-05
3.79135e-05
3.64519e-05
1.34247e-08
-1.34247e-08
8.60879e-09
4.81578e-09
-1.07832e-08
1.9392e-08
-3.92199e-08
2.84368e-08
-7.38936e-08
3.46738e-08
-1.13682e-07
3.97882e-08
-1.58386e-07
4.47038e-08
-2.07861e-07
4.94759e-08
-2.61845e-07
5.39835e-08
-3.2e-07
5.81548e-08
-3.81968e-07
6.19687e-08
-4.47395e-07
6.5427e-08
-5.15938e-07
6.85423e-08
-5.8727e-07
7.13327e-08
-6.61093e-07
7.38224e-08
-7.37135e-07
7.60421e-08
-8.15164e-07
7.80297e-08
-8.94996e-07
7.98316e-08
-9.76496e-07
8.15003e-08
-1.05959e-06
8.30941e-08
-1.14427e-06
8.4678e-08
-1.23058e-06
8.63148e-08
-1.31864e-06
8.80582e-08
-1.40859e-06
8.99497e-08
-1.50061e-06
9.2017e-08
-1.59488e-06
9.42736e-08
-1.6916e-06
9.67177e-08
-1.79094e-06
9.93439e-08
-1.89312e-06
1.02179e-07
-1.99847e-06
1.05348e-07
-2.10765e-06
1.0918e-07
-2.22197e-06
1.14325e-07
-2.34381e-06
1.21835e-07
-2.47707e-06
1.33261e-07
-2.62772e-06
1.50649e-07
-2.80411e-06
1.76388e-07
-3.01702e-06
2.12909e-07
-3.27911e-06
2.62091e-07
-3.60355e-06
3.24443e-07
-4.0018e-06
3.98253e-07
-4.48087e-06
4.79071e-07
-5.04064e-06
5.59768e-07
-5.67179e-06
6.31151e-07
-6.35577e-06
6.83978e-07
-7.06656e-06
7.10793e-07
-7.77331e-06
7.06742e-07
-8.44366e-06
6.70353e-07
-9.04967e-06
6.06007e-07
-9.56367e-06
5.14002e-07
-9.9607e-06
3.97031e-07
-1.02252e-05
2.64503e-07
-1.03459e-05
1.20673e-07
-1.03135e-05
-3.23975e-08
-1.01346e-05
-1.78844e-07
-9.80909e-06
-3.25547e-07
-9.34146e-06
-4.67628e-07
-8.74079e-06
-6.00672e-07
-8.02143e-06
-7.19359e-07
-7.19475e-06
-8.26674e-07
-6.27714e-06
-9.17617e-07
-5.28423e-06
-9.92904e-07
-4.23385e-06
-1.05038e-06
-3.14051e-06
-1.09334e-06
-2.02581e-06
-1.1147e-06
-9.04217e-07
-1.1216e-06
2.09542e-07
-1.11376e-06
1.30245e-06
-1.0929e-06
2.36198e-06
-1.05954e-06
3.37786e-06
-1.01588e-06
4.34177e-06
-9.63913e-07
5.24577e-06
-9.03997e-07
6.08501e-06
-8.39241e-07
6.8556e-06
-7.70585e-07
7.55641e-06
-7.00815e-07
8.18636e-06
-6.29951e-07
8.74746e-06
-5.61096e-07
9.2407e-06
-4.9324e-07
9.67061e-06
-4.29916e-07
1.00395e-05
-3.68913e-07
1.0354e-05
-3.14448e-07
1.06169e-05
-2.6288e-07
1.08363e-05
-2.19485e-07
1.10152e-05
-1.78839e-07
1.1163e-05
-1.47839e-07
1.12817e-05
-1.18679e-07
1.13825e-05
-1.00778e-07
1.14653e-05
-8.27833e-08
1.15436e-05
-7.83744e-08
1.16131e-05
-6.94631e-08
-8.11552e-08
-1.23461e-08
-1.07846e-09
-6.69924e-08
5.9462e-08
-1.50777e-07
1.03177e-07
-2.55151e-07
1.32811e-07
-3.75281e-07
1.54804e-07
-5.09095e-07
1.73602e-07
-6.5531e-07
1.90919e-07
-8.1274e-07
2.06906e-07
-9.80168e-07
2.21411e-07
-1.15639e-06
2.34378e-07
-1.34027e-06
2.45844e-07
-1.53074e-06
2.55902e-07
-1.72687e-06
2.64669e-07
-1.92782e-06
2.7228e-07
-2.13289e-06
2.78893e-07
-2.34153e-06
2.84684e-07
-2.55334e-06
2.89845e-07
-2.7681e-06
2.94593e-07
-2.98576e-06
2.99158e-07
-3.20645e-06
3.0378e-07
-3.43049e-06
3.08715e-07
-3.65839e-06
3.14219e-07
-3.89087e-06
3.20535e-07
-4.12882e-06
3.279e-07
-4.37335e-06
3.36548e-07
-4.6258e-06
3.4672e-07
-4.88774e-06
3.58665e-07
-5.16105e-06
3.72652e-07
-5.4479e-06
3.89027e-07
-5.75082e-06
4.08273e-07
-6.07275e-06
4.31109e-07
-6.41703e-06
4.586e-07
-6.7873e-06
4.92108e-07
-7.18729e-06
5.33249e-07
-7.62032e-06
5.83684e-07
-8.08866e-06
6.44721e-07
-8.59261e-06
7.16858e-07
-9.12962e-06
7.99101e-07
-9.69347e-06
8.88294e-07
-1.02738e-05
9.78607e-07
-1.08562e-05
1.06147e-06
-1.14229e-05
1.12647e-06
-1.19536e-05
1.16182e-06
-1.24268e-05
1.15714e-06
-1.28215e-05
1.10555e-06
-1.31189e-05
1.00412e-06
-1.3302e-05
8.5346e-07
-1.33542e-05
6.58257e-07
-1.32652e-05
4.25008e-07
-1.30248e-05
1.56619e-07
-1.26325e-05
-1.27801e-07
-1.20964e-05
-4.15421e-07
-1.14155e-05
-7.13289e-07
-1.05856e-05
-1.00877e-06
-9.61632e-06
-1.29484e-06
-8.51794e-06
-1.56601e-06
-7.30089e-06
-1.81772e-06
-5.98081e-06
-2.03944e-06
-4.57178e-06
-2.23571e-06
-3.08889e-06
-2.40051e-06
-1.54893e-06
-2.53286e-06
3.17857e-08
-2.6311e-06
1.63019e-06
-2.69174e-06
3.23813e-06
-2.72264e-06
4.84013e-06
-2.72359e-06
6.42046e-06
-2.69409e-06
7.96702e-06
-2.63946e-06
9.46778e-06
-2.5603e-06
1.09138e-05
-2.46188e-06
1.22959e-05
-2.34598e-06
1.36091e-05
-2.21728e-06
1.48482e-05
-2.07835e-06
1.6011e-05
-1.93329e-06
1.70949e-05
-1.78473e-06
1.81004e-05
-1.63553e-06
1.90276e-05
-1.48828e-06
1.98791e-05
-1.34466e-06
2.06564e-05
-1.20725e-06
2.1364e-05
-1.07649e-06
2.20046e-05
-9.55088e-07
2.2584e-05
-8.42231e-07
2.31055e-05
-7.40991e-07
2.35759e-05
-6.49261e-07
2.39988e-05
-5.70777e-07
2.43821e-05
-5.01981e-07
2.4729e-05
-4.47687e-07
2.50487e-05
-4.02474e-07
2.53432e-05
-3.72834e-07
2.56242e-05
-3.5049e-07
-3.41947e-07
-4.97303e-08
4.86519e-08
-1.85607e-07
1.95338e-07
-3.66401e-07
2.83971e-07
-5.73171e-07
3.39581e-07
-7.97308e-07
3.78941e-07
-1.03655e-06
4.1284e-07
-1.28984e-06
4.44208e-07
-1.55499e-06
4.72056e-07
-1.82967e-06
4.96096e-07
-2.11172e-06
5.16425e-07
-2.39919e-06
5.33319e-07
-2.69041e-06
5.47119e-07
-2.98395e-06
5.58214e-07
-3.2787e-06
5.67021e-07
-3.57377e-06
5.73967e-07
-3.86856e-06
5.79477e-07
-4.16269e-06
5.8397e-07
-4.45597e-06
5.87878e-07
-4.74843e-06
5.91619e-07
-5.04022e-06
5.95565e-07
-5.33165e-06
6.00147e-07
-5.62316e-06
6.05732e-07
-5.91526e-06
6.12631e-07
-6.20846e-06
6.21102e-07
-6.50328e-06
6.31364e-07
-6.80017e-06
6.43617e-07
-7.09953e-06
6.58017e-07
-7.40155e-06
6.74678e-07
-7.70627e-06
6.93745e-07
-8.01337e-06
7.15376e-07
-8.32215e-06
7.39886e-07
-8.63165e-06
7.68096e-07
-8.94023e-06
8.00691e-07
-9.24548e-06
8.38498e-07
-9.54395e-06
8.82156e-07
-9.83077e-06
9.31535e-07
-1.00994e-05
9.85466e-07
-1.03414e-05
1.04114e-06
-1.05472e-05
1.09405e-06
-1.07055e-05
1.13699e-06
-1.08034e-05
1.15937e-06
-1.08292e-05
1.15226e-06
-1.07719e-05
1.10452e-06
-1.06216e-05
1.00679e-06
-1.03704e-05
8.54324e-07
-1.00135e-05
6.47289e-07
-9.54788e-06
3.87812e-07
-8.96663e-06
7.70116e-08
-8.27681e-06
-2.64811e-07
-7.48147e-06
-6.38724e-07
-6.57468e-06
-1.03459e-06
-5.55323e-06
-1.43688e-06
-4.42692e-06
-1.83959e-06
-3.20271e-06
-2.23299e-06
-1.88692e-06
-2.61063e-06
-4.86496e-07
-2.96644e-06
9.83546e-07
-3.28776e-06
2.5165e-06
-3.57239e-06
4.10045e-06
-3.81965e-06
5.72076e-06
-4.02082e-06
7.36637e-06
-4.17846e-06
9.02183e-06
-4.28657e-06
1.06794e-05
-4.34928e-06
1.2321e-05
-4.36426e-06
1.39364e-05
-4.33905e-06
1.55134e-05
-4.27102e-06
1.70432e-05
-4.1693e-06
1.85163e-05
-4.03336e-06
1.99273e-05
-3.87296e-06
2.12697e-05
-3.68835e-06
2.25417e-05
-3.48924e-06
2.37391e-05
-3.27581e-06
2.48631e-05
-3.05726e-06
2.59116e-05
-2.8332e-06
2.6888e-05
-2.61194e-06
2.77918e-05
-2.39212e-06
2.86284e-05
-2.18123e-06
2.9398e-05
-1.97687e-06
3.01074e-05
-1.78592e-06
3.07572e-05
-1.6049e-06
3.13554e-05
-1.4404e-06
3.19023e-05
-1.28789e-06
3.2407e-05
-1.15391e-06
3.28692e-05
-1.03302e-06
3.32991e-05
-9.31891e-07
3.36957e-05
-8.44323e-07
3.40704e-05
-7.77175e-07
3.44211e-05
-7.23534e-07
3.47605e-05
-6.89899e-07
-6.71015e-07
-1.36417e-07
1.85069e-07
-3.87396e-07
4.46318e-07
-6.7737e-07
5.73945e-07
-9.84553e-07
6.46764e-07
-1.30697e-06
7.01359e-07
-1.64241e-06
7.48274e-07
-1.98604e-06
7.87844e-07
-2.33338e-06
8.19398e-07
-2.68058e-06
8.43296e-07
-3.02473e-06
8.60571e-07
-3.36352e-06
8.72113e-07
-3.69509e-06
8.78685e-07
-4.01808e-06
8.81208e-07
-4.33155e-06
8.8049e-07
-4.63484e-06
8.77259e-07
-4.92754e-06
8.72178e-07
-5.20941e-06
8.65833e-07
-5.48027e-06
8.58746e-07
-5.74009e-06
8.51435e-07
-5.98888e-06
8.44358e-07
-6.22664e-06
8.37908e-07
-6.4533e-06
8.32387e-07
-6.66867e-06
8.27998e-07
-6.87241e-06
8.24843e-07
-7.06398e-06
8.22938e-07
-7.24264e-06
8.22273e-07
-7.40741e-06
8.22792e-07
-7.557e-06
8.24271e-07
-7.68977e-06
8.26506e-07
-7.80372e-06
8.29333e-07
-7.89651e-06
8.32677e-07
-7.96504e-06
8.36618e-07
-8.00564e-06
8.41295e-07
-8.01407e-06
8.46924e-07
-7.98548e-06
8.53567e-07
-7.91405e-06
8.60111e-07
-7.79314e-06
8.64551e-07
-7.61541e-06
8.63415e-07
-7.37287e-06
8.51508e-07
-7.0575e-06
8.21611e-07
-6.66251e-06
7.64381e-07
-6.18462e-06
6.74365e-07
-5.62147e-06
5.41375e-07
-4.97074e-06
3.56051e-07
-4.23176e-06
1.1535e-07
-3.40849e-06
-1.75987e-07
-2.50323e-06
-5.17441e-07
-1.52044e-06
-9.05779e-07
-4.55465e-07
-1.32979e-06
6.87904e-07
-1.78209e-06
1.9037e-06
-2.25038e-06
3.19089e-06
-2.72407e-06
4.54711e-06
-3.19581e-06
5.96774e-06
-3.65362e-06
7.448e-06
-4.09089e-06
8.97843e-06
-4.49687e-06
1.0555e-05
-4.86432e-06
1.21655e-05
-5.18294e-06
1.38e-05
-5.4541e-06
1.54464e-05
-5.66728e-06
1.70933e-05
-5.82531e-06
1.87278e-05
-5.92108e-06
2.03397e-05
-5.9612e-06
2.19167e-05
-5.94124e-06
2.34494e-05
-5.87168e-06
2.49283e-05
-5.74994e-06
2.63472e-05
-5.58827e-06
2.76994e-05
-5.38555e-06
2.8982e-05
-5.15554e-06
3.01909e-05
-4.89727e-06
3.13264e-05
-4.62472e-06
3.23867e-05
-4.33607e-06
3.33744e-05
-4.04494e-06
3.42893e-05
-3.74812e-06
3.51359e-05
-3.45857e-06
3.59151e-05
-3.17136e-06
3.66327e-05
-2.89883e-06
3.72901e-05
-2.63426e-06
3.78939e-05
-2.38966e-06
3.84456e-05
-2.15659e-06
3.89522e-05
-1.94705e-06
3.94154e-05
-1.75103e-06
3.98423e-05
-1.5808e-06
4.02342e-05
-1.42498e-06
4.05987e-05
-1.29636e-06
4.09367e-05
-1.18235e-06
4.1256e-05
-1.09643e-06
4.15576e-05
-1.02514e-06
4.18506e-05
-9.8287e-07
-9.57327e-07
-1.9209e-07
3.77159e-07
-5.58708e-07
8.12936e-07
-9.73289e-07
9.88526e-07
-1.39848e-06
1.07195e-06
-1.81845e-06
1.12133e-06
-2.22453e-06
1.15435e-06
-2.61275e-06
1.17607e-06
-2.98182e-06
1.18847e-06
-3.3298e-06
1.19127e-06
-3.65502e-06
1.1858e-06
-3.95657e-06
1.17366e-06
-4.23415e-06
1.15627e-06
-4.4878e-06
1.13486e-06
-4.71781e-06
1.1105e-06
-4.92463e-06
1.08408e-06
-5.10879e-06
1.05634e-06
-5.27082e-06
1.02786e-06
-5.41112e-06
9.99048e-07
-5.53004e-06
9.70361e-07
-5.62787e-06
9.42184e-07
-5.70473e-06
9.14771e-07
-5.76058e-06
8.88231e-07
-5.79514e-06
8.62562e-07
-5.80793e-06
8.37632e-07
-5.79818e-06
8.13184e-07
-5.76483e-06
7.88927e-07
-5.7067e-06
7.64665e-07
-5.62223e-06
7.39797e-07
-5.50947e-06
7.13752e-07
-5.36614e-06
6.85993e-07
-5.1895e-06
6.56042e-07
-4.9763e-06
6.23413e-07
-4.72257e-06
5.87568e-07
-4.42365e-06
5.48004e-07
-4.07508e-06
5.05001e-07
-3.67146e-06
4.56486e-07
-3.20709e-06
4.0018e-07
-2.67626e-06
3.32589e-07
-2.07366e-06
2.48906e-07
-1.39477e-06
1.42723e-07
-6.34182e-07
3.79185e-09
2.01518e-07
-1.61334e-07
1.11726e-06
-3.7437e-07
2.10799e-06
-6.34674e-07
3.16856e-06
-9.45222e-07
4.29712e-06
-1.30455e-06
5.49055e-06
-1.71087e-06
6.74369e-06
-2.15892e-06
8.05418e-06
-2.64028e-06
9.41774e-06
-3.14565e-06
1.08334e-05
-3.666e-06
1.22979e-05
-4.18866e-06
1.38076e-05
-4.70546e-06
1.53568e-05
-5.20285e-06
1.69391e-05
-5.67316e-06
1.8545e-05
-6.10277e-06
2.01665e-05
-6.48584e-06
2.17931e-05
-6.80953e-06
2.34123e-05
-7.0733e-06
2.50131e-05
-7.26804e-06
2.65842e-05
-7.39643e-06
2.81154e-05
-7.45233e-06
2.95975e-05
-7.44324e-06
3.10224e-05
-7.36612e-06
3.23833e-05
-7.2326e-06
3.36751e-05
-7.04173e-06
3.48945e-05
-6.80774e-06
3.60394e-05
-6.53043e-06
3.71095e-05
-6.22563e-06
3.81048e-05
-5.89259e-06
3.90275e-05
-5.54744e-06
3.98793e-05
-5.18778e-06
4.06637e-05
-4.82937e-06
4.13833e-05
-4.46769e-06
4.20427e-05
-4.118e-06
4.26447e-05
-3.77338e-06
4.31946e-05
-3.44869e-06
4.36949e-05
-3.13464e-06
4.41513e-05
-2.84605e-06
4.45661e-05
-2.57136e-06
4.49448e-05
-2.3258e-06
4.52895e-05
-2.09569e-06
4.56057e-05
-1.89704e-06
4.5895e-05
-1.71422e-06
4.6163e-05
-1.56442e-06
4.64109e-05
-1.43016e-06
4.66446e-05
-1.33015e-06
4.68647e-05
-1.24531e-06
4.70781e-05
-1.19625e-06
-1.16651e-06
-4.19768e-07
7.96927e-07
-9.57873e-07
1.35104e-06
-1.45046e-06
1.48112e-06
-1.88621e-06
1.5077e-06
-2.2865e-06
1.52162e-06
-2.65591e-06
1.52376e-06
-2.98911e-06
1.50927e-06
-3.27952e-06
1.47887e-06
-3.52319e-06
1.43494e-06
-3.72191e-06
1.38451e-06
-3.87837e-06
1.33012e-06
-3.99532e-06
1.27322e-06
-4.07541e-06
1.21494e-06
-4.12109e-06
1.15619e-06
-4.13462e-06
1.09761e-06
-4.11796e-06
1.03967e-06
-4.07284e-06
9.82735e-07
-4.00054e-06
9.26747e-07
-3.90209e-06
8.71918e-07
-3.7783e-06
8.18396e-07
-3.6297e-06
7.66169e-07
-3.45648e-06
7.15007e-07
-3.25852e-06
6.64605e-07
-3.03541e-06
6.14524e-07
-2.78641e-06
5.64185e-07
-2.5104e-06
5.1291e-07
-2.20639e-06
4.60654e-07
-1.87273e-06
4.06141e-07
-1.50753e-06
3.48555e-07
-1.10857e-06
2.87036e-07
-6.73202e-07
2.20669e-07
-1.9813e-07
1.48341e-07
3.20843e-07
6.85941e-08
8.88436e-07
-1.95887e-08
1.50646e-06
-1.13018e-07
2.18115e-06
-2.18209e-07
2.91761e-06
-3.36283e-07
3.72051e-06
-4.70309e-07
4.59382e-06
-6.24406e-07
5.54006e-06
-8.03516e-07
6.55641e-06
-1.01256e-06
7.65031e-06
-1.25523e-06
8.8152e-06
-1.53927e-06
1.00477e-05
-1.86713e-06
1.13428e-05
-2.24035e-06
1.26959e-05
-2.65761e-06
1.41013e-05
-3.11627e-06
1.55531e-05
-3.61073e-06
1.70466e-05
-4.13385e-06
1.85762e-05
-4.67523e-06
2.0136e-05
-5.22579e-06
2.172e-05
-5.77264e-06
2.33201e-05
-6.30564e-06
2.49279e-05
-6.81065e-06
2.6533e-05
-7.27819e-06
2.81247e-05
-7.69455e-06
2.96918e-05
-8.05289e-06
3.12236e-05
-8.34137e-06
3.27086e-05
-8.55824e-06
3.41373e-05
-8.69681e-06
3.55015e-05
-8.76056e-06
3.67951e-05
-8.74599e-06
3.80133e-05
-8.66137e-06
3.91533e-05
-8.50616e-06
4.02135e-05
-8.29281e-06
4.11944e-05
-8.02258e-06
4.20972e-05
-7.71058e-06
4.29249e-05
-7.35816e-06
4.3681e-05
-6.98166e-06
4.43695e-05
-6.5811e-06
4.4995e-05
-6.17292e-06
4.55619e-05
-5.75475e-06
4.60752e-05
-5.34268e-06
4.65392e-05
-4.93161e-06
4.69584e-05
-4.53726e-06
4.73367e-05
-4.15168e-06
4.76785e-05
-3.79052e-06
4.79869e-05
-3.443e-06
4.8266e-05
-3.1251e-06
4.8518e-05
-2.82339e-06
4.87469e-05
-2.55472e-06
4.89543e-05
-2.30309e-06
4.9144e-05
-2.08674e-06
4.93169e-05
-1.88717e-06
4.9477e-05
-1.72448e-06
4.96246e-05
-1.57771e-06
4.97637e-05
-1.46932e-06
4.98943e-05
-1.37588e-06
5.00209e-05
-1.32289e-06
-1.28824e-06
-2.65999e-07
1.06293e-06
-8.63855e-07
1.9489e-06
-1.48832e-06
2.10558e-06
-2.01303e-06
2.03242e-06
-2.40987e-06
1.91847e-06
-2.68084e-06
1.79473e-06
-2.84315e-06
1.67158e-06
-2.91648e-06
1.5522e-06
-2.91812e-06
1.43658e-06
-2.85887e-06
1.32526e-06
-2.74685e-06
1.21811e-06
-2.58857e-06
1.11493e-06
-2.3895e-06
1.01587e-06
-2.15429e-06
9.20986e-07
-1.88688e-06
8.30195e-07
-1.59037e-06
7.4317e-07
-1.26747e-06
6.59835e-07
-9.19912e-07
5.79186e-07
-5.49251e-07
5.01257e-07
-1.56584e-07
4.25729e-07
2.57466e-07
3.52119e-07
6.92822e-07
2.79651e-07
1.14972e-06
2.07711e-07
1.62879e-06
1.35453e-07
2.13133e-06
6.16391e-08
2.65921e-06
-1.49652e-08
3.21199e-06
-9.21329e-08
3.79254e-06
-1.7441e-07
4.40306e-06
-2.61963e-07
5.04594e-06
-3.55839e-07
5.72383e-06
-4.57223e-07
6.43962e-06
-5.67453e-07
7.19594e-06
-6.87719e-07
7.99542e-06
-8.19075e-07
8.84496e-06
-9.62553e-07
9.7474e-06
-1.12065e-06
1.07067e-05
-1.29559e-06
1.17265e-05
-1.49012e-06
1.28096e-05
-1.70748e-06
1.39573e-05
-1.95124e-06
1.51704e-05
-2.22559e-06
1.64486e-05
-2.53346e-06
1.77876e-05
-2.87825e-06
1.91826e-05
-3.26215e-06
2.06275e-05
-3.68525e-06
2.21155e-05
-4.14563e-06
2.36387e-05
-4.63944e-06
2.51885e-05
-5.16053e-06
2.67554e-05
-5.70078e-06
2.833e-05
-6.24978e-06
2.99014e-05
-6.79721e-06
3.14592e-05
-7.3305e-06
3.29918e-05
-7.83819e-06
3.44878e-05
-8.30663e-06
3.59349e-05
-8.72527e-06
3.73227e-05
-9.08243e-06
3.8641e-05
-9.37119e-06
3.98817e-05
-9.58202e-06
4.1037e-05
-9.71359e-06
4.21029e-05
-9.76268e-06
4.30771e-05
-9.73471e-06
4.39604e-05
-9.62935e-06
4.47546e-05
-9.45556e-06
4.54638e-05
-9.21534e-06
4.60925e-05
-8.92154e-06
4.66472e-05
-8.57723e-06
4.7134e-05
-8.19744e-06
4.75603e-05
-7.78445e-06
4.79327e-05
-7.35401e-06
4.82578e-05
-6.90628e-06
4.85418e-05
-6.4569e-06
4.87903e-05
-6.00318e-06
4.90081e-05
-5.56049e-06
4.91996e-05
-5.1231e-06
4.93686e-05
-4.70634e-06
4.95184e-05
-4.30141e-06
4.96518e-05
-3.92393e-06
4.97709e-05
-3.56211e-06
4.98782e-05
-3.23235e-06
4.99747e-05
-2.91996e-06
5.00627e-05
-2.64269e-06
5.01426e-05
-2.38297e-06
5.02163e-05
-2.16042e-06
5.02837e-05
-1.95462e-06
5.03468e-05
-1.7876e-06
5.04051e-05
-1.63603e-06
5.04607e-05
-1.52492e-06
5.05127e-05
-1.42787e-06
5.05631e-05
-1.37326e-06
-1.33387e-06
-1.503e-06
2.56593e-06
-1.95953e-06
2.40542e-06
-2.12918e-06
2.27523e-06
-2.14906e-06
2.05229e-06
-2.03852e-06
1.80794e-06
-1.82093e-06
1.57714e-06
-1.51522e-06
1.36587e-06
-1.1355e-06
1.17249e-06
-6.94517e-07
9.95594e-07
-2.04381e-07
8.35122e-07
3.25669e-07
6.88063e-07
8.88058e-07
5.52541e-07
1.47643e-06
4.27492e-07
2.08583e-06
3.11594e-07
2.71253e-06
2.03496e-07
3.35357e-06
1.02121e-07
4.00595e-06
7.45482e-09
4.67116e-06
-8.60157e-08
5.34675e-06
-1.74334e-07
6.03203e-06
-2.59549e-07
6.72676e-06
-3.4262e-07
7.43208e-06
-4.25663e-07
8.14896e-06
-5.09173e-07
8.87865e-06
-5.94239e-07
9.62234e-06
-6.82045e-07
1.03811e-05
-7.73689e-07
1.1159e-05
-8.70035e-07
1.19574e-05
-9.72855e-07
1.27789e-05
-1.08341e-06
1.3626e-05
-1.20296e-06
1.45014e-05
-1.33269e-06
1.5408e-05
-1.47398e-06
1.63483e-05
-1.62805e-06
1.73257e-05
-1.79643e-06
1.83434e-05
-1.98028e-06
1.94042e-05
-2.18143e-06
2.05104e-05
-2.40183e-06
2.16641e-05
-2.64384e-06
2.28664e-05
-2.90979e-06
2.41175e-05
-3.20231e-06
2.54156e-05
-3.52371e-06
2.6758e-05
-3.8758e-06
2.81393e-05
-4.2596e-06
2.95528e-05
-4.6756e-06
3.09898e-05
-5.12231e-06
3.24409e-05
-5.59667e-06
3.38952e-05
-6.09375e-06
3.53417e-05
-6.60701e-06
3.67668e-05
-7.12588e-06
3.81579e-05
-7.64093e-06
3.95019e-05
-8.14119e-06
4.07864e-05
-8.615e-06
4.1999e-05
-9.05083e-06
4.31297e-05
-9.43726e-06
4.41691e-05
-9.76468e-06
4.51109e-05
-1.00242e-05
4.59501e-05
-1.02104e-05
4.6686e-05
-1.03179e-05
4.73187e-05
-1.03463e-05
4.78509e-05
-1.02949e-05
4.8289e-05
-1.01728e-05
4.86416e-05
-9.98194e-06
4.8917e-05
-9.73093e-06
4.91254e-05
-9.42376e-06
4.92764e-05
-9.07247e-06
4.93801e-05
-8.681e-06
4.94455e-05
-8.26286e-06
4.94814e-05
-7.82028e-06
4.94946e-05
-7.36725e-06
4.94916e-05
-6.90331e-06
4.94773e-05
-6.44257e-06
4.94557e-05
-5.98153e-06
4.94298e-05
-5.53465e-06
4.9402e-05
-5.0953e-06
4.93742e-05
-4.67848e-06
4.93471e-05
-4.27433e-06
4.9322e-05
-3.89882e-06
4.92988e-05
-3.53887e-06
4.92783e-05
-3.21191e-06
4.92599e-05
-2.9016e-06
4.92445e-05
-2.62728e-06
4.92309e-05
-2.3693e-06
4.92199e-05
-2.14942e-06
4.92099e-05
-1.94463e-06
4.9202e-05
-1.77973e-06
4.91942e-05
-1.62825e-06
4.91878e-05
-1.51854e-06
4.91806e-05
-1.42058e-06
4.91743e-05
-1.36699e-06
-1.3217e-06
-9.01208e-07
3.46714e-06
-7.492e-07
2.25341e-06
-2.57717e-07
1.78375e-06
4.58032e-07
1.33654e-06
1.33273e-06
9.33234e-07
2.30023e-06
6.09638e-07
3.31431e-06
3.51794e-07
4.3479e-06
1.38888e-07
5.38547e-06
-4.19716e-08
6.41432e-06
-1.93723e-07
7.43499e-06
-3.32614e-07
8.4451e-06
-4.57569e-07
9.44229e-06
-5.69695e-07
1.04252e-05
-6.71295e-07
1.13937e-05
-7.65038e-07
1.23482e-05
-8.5239e-07
1.32903e-05
-9.34604e-07
1.42183e-05
-1.01407e-06
1.51346e-05
-1.09056e-06
1.60404e-05
-1.16539e-06
1.69379e-05
-1.24012e-06
1.78286e-05
-1.3164e-06
1.87148e-05
-1.39536e-06
1.95988e-05
-1.47822e-06
2.04829e-05
-1.56617e-06
2.13699e-05
-1.66064e-06
2.22627e-05
-1.76281e-06
2.31638e-05
-1.874e-06
2.4076e-05
-1.99557e-06
2.50018e-05
-2.12877e-06
2.59437e-05
-2.27462e-06
2.6904e-05
-2.43431e-06
2.7885e-05
-2.60899e-06
2.88884e-05
-2.79989e-06
2.99162e-05
-3.00809e-06
3.09697e-05
-3.23484e-06
3.20493e-05
-3.48148e-06
3.31549e-05
-3.74949e-06
3.42854e-05
-4.04025e-06
3.54387e-05
-4.3556e-06
3.66111e-05
-4.69614e-06
3.77969e-05
-5.06161e-06
3.89891e-05
-5.45174e-06
4.01787e-05
-5.86526e-06
4.13556e-05
-6.29921e-06
4.25084e-05
-6.74948e-06
4.36246e-05
-7.20995e-06
4.46909e-05
-7.67331e-06
4.56953e-05
-8.13027e-06
4.66259e-05
-8.57147e-06
4.74714e-05
-8.98674e-06
4.82228e-05
-9.36635e-06
4.88726e-05
-9.70061e-06
4.94166e-05
-9.98128e-06
4.98529e-05
-1.0201e-05
5.01832e-05
-1.03546e-05
5.04112e-05
-1.04384e-05
5.05442e-05
-1.04509e-05
5.05913e-05
-1.03933e-05
5.05644e-05
-1.0268e-05
5.04745e-05
-1.0083e-05
5.03351e-05
-9.84256e-06
5.01577e-05
-9.55357e-06
4.99546e-05
-9.22059e-06
4.97348e-05
-8.85272e-06
4.95078e-05
-8.45401e-06
4.92797e-05
-8.03476e-06
4.90566e-05
-7.59718e-06
4.88415e-05
-7.15212e-06
4.86373e-05
-6.69913e-06
4.84447e-05
-6.24993e-06
4.82646e-05
-5.80144e-06
4.80967e-05
-5.36673e-06
4.79409e-05
-4.93952e-06
4.77966e-05
-4.53418e-06
4.7663e-05
-4.14078e-06
4.75397e-05
-3.77554e-06
4.74256e-05
-3.4247e-06
4.73205e-05
-3.10683e-06
4.72229e-05
-2.80399e-06
4.71333e-05
-2.53769e-06
4.70494e-05
-2.28546e-06
4.69725e-05
-2.07245e-06
4.68993e-05
-1.87144e-06
4.68317e-05
-1.71213e-06
4.67656e-05
-1.56215e-06
4.67035e-05
-1.45646e-06
4.66401e-05
-1.35722e-06
4.65787e-05
-1.30554e-06
-1.25696e-06
3.66762e-06
-2.00484e-07
6.40103e-06
-4.79994e-07
8.82056e-06
-6.3578e-07
1.09518e-05
-7.94693e-07
1.28377e-05
-9.52636e-07
1.45423e-05
-1.09498e-06
1.61103e-05
-1.21622e-06
1.75584e-05
-1.30919e-06
1.89141e-05
-1.39774e-06
2.01978e-05
-1.47741e-06
2.14141e-05
-1.54885e-06
2.25706e-05
-1.61406e-06
2.36749e-05
-1.67402e-06
2.47331e-05
-1.72953e-06
2.57496e-05
-1.78151e-06
2.67282e-05
-1.83103e-06
2.76726e-05
-1.87895e-06
2.8585e-05
-1.92648e-06
2.9469e-05
-1.97461e-06
3.0328e-05
-2.02438e-06
3.11649e-05
-2.07703e-06
3.19824e-05
-2.1339e-06
3.27834e-05
-2.1963e-06
3.35706e-05
-2.26549e-06
3.43471e-05
-2.34263e-06
3.51154e-05
-2.42895e-06
3.58782e-05
-2.52557e-06
3.66378e-05
-2.63362e-06
3.73967e-05
-2.75444e-06
3.81568e-05
-2.88894e-06
3.89198e-05
-3.03754e-06
3.96868e-05
-3.20137e-06
4.0459e-05
-3.38122e-06
4.1237e-05
-3.57784e-06
4.20208e-05
-3.79191e-06
4.28101e-05
-4.02411e-06
4.36036e-05
-4.27506e-06
4.43995e-05
-4.54538e-06
4.51948e-05
-4.83552e-06
4.59849e-05
-5.14568e-06
4.67642e-05
-5.47544e-06
4.75264e-05
-5.82379e-06
4.82637e-05
-6.18903e-06
4.89671e-05
-6.56873e-06
4.96272e-05
-6.95925e-06
5.02337e-05
-7.35598e-06
5.07766e-05
-7.7529e-06
5.12466e-05
-8.14326e-06
5.16356e-05
-8.51928e-06
5.19371e-05
-8.87302e-06
5.21467e-05
-9.19627e-06
5.22621e-05
-9.48177e-06
5.22844e-05
-9.72295e-06
5.22178e-05
-9.9146e-06
5.20688e-05
-1.00521e-05
5.1847e-05
-1.01328e-05
5.15632e-05
-1.01546e-05
5.12298e-05
-1.01175e-05
5.08596e-05
-1.00232e-05
5.04666e-05
-9.87492e-06
5.00604e-05
-9.67675e-06
4.96512e-05
-9.43338e-06
4.92465e-05
-9.14888e-06
4.8853e-05
-8.82704e-06
4.84731e-05
-8.47288e-06
4.811e-05
-8.09084e-06
4.7763e-05
-7.6878e-06
4.74333e-05
-7.26752e-06
4.71186e-05
-6.83743e-06
4.68189e-05
-6.39935e-06
4.6531e-05
-5.96202e-06
4.62552e-05
-5.52568e-06
4.59891e-05
-5.10068e-06
4.57338e-05
-4.6842e-06
4.54874e-05
-4.28779e-06
4.52514e-05
-3.90472e-06
4.50243e-05
-3.54851e-06
4.48077e-05
-3.20804e-06
4.46004e-05
-2.89958e-06
4.44034e-05
-2.60696e-06
4.42159e-05
-2.35018e-06
4.40377e-05
-2.10724e-06
4.38685e-05
-1.90325e-06
4.37068e-05
-1.70974e-06
4.35529e-05
-1.55831e-06
4.34037e-05
-1.41293e-06
4.32605e-05
-1.3132e-06
4.31175e-05
-1.21426e-06
4.29773e-05
-1.16539e-06
-1.11581e-06
3.86334e-05
2.36465e-09
3.86077e-05
-4.54356e-07
3.87544e-05
-7.82504e-07
3.89885e-05
-1.02873e-06
3.92718e-05
-1.23594e-06
3.95986e-05
-1.42176e-06
3.99701e-05
-1.58775e-06
4.03882e-05
-1.7273e-06
4.08326e-05
-1.84219e-06
4.12926e-05
-1.93734e-06
4.17617e-05
-2.01802e-06
4.22346e-05
-2.08691e-06
4.27069e-05
-2.14629e-06
4.31754e-05
-2.19806e-06
4.36377e-05
-2.24385e-06
4.4092e-05
-2.28531e-06
4.4537e-05
-2.32398e-06
4.4972e-05
-2.36146e-06
4.53967e-05
-2.39932e-06
4.58114e-05
-2.43907e-06
4.62166e-05
-2.48216e-06
4.66128e-05
-2.53008e-06
4.70007e-05
-2.5843e-06
4.73815e-05
-2.6462e-06
4.77559e-05
-2.71704e-06
4.8125e-05
-2.79803e-06
4.84896e-05
-2.89023e-06
4.88507e-05
-2.99468e-06
4.92085e-05
-3.11225e-06
4.95633e-05
-3.24373e-06
4.99154e-05
-3.38966e-06
5.02647e-05
-3.55065e-06
5.06106e-05
-3.72717e-06
5.09524e-05
-3.91964e-06
5.12889e-05
-4.12835e-06
5.16183e-05
-4.35353e-06
5.19385e-05
-4.59526e-06
5.22466e-05
-4.85352e-06
5.25392e-05
-5.12805e-06
5.28118e-05
-5.41826e-06
5.30595e-05
-5.72318e-06
5.3277e-05
-6.04129e-06
5.34584e-05
-6.37047e-06
5.35977e-05
-6.70803e-06
5.36889e-05
-7.05048e-06
5.37265e-05
-7.39354e-06
5.37058e-05
-7.73222e-06
5.36235e-05
-8.06096e-06
5.34781e-05
-8.37382e-06
5.32697e-05
-8.66468e-06
5.30008e-05
-8.92731e-06
5.26751e-05
-9.15612e-06
5.22999e-05
-9.34771e-06
5.18832e-05
-9.4979e-06
5.14344e-05
-9.60333e-06
5.09634e-05
-9.66173e-06
5.04796e-05
-9.67085e-06
4.99915e-05
-9.62933e-06
4.95049e-05
-9.53666e-06
4.90243e-05
-9.3943e-06
4.85516e-05
-9.20408e-06
4.80876e-05
-8.96937e-06
4.76312e-05
-8.69248e-06
4.7181e-05
-8.37681e-06
4.67336e-05
-8.02552e-06
4.62872e-05
-7.64442e-06
4.5839e-05
-7.2396e-06
4.5389e-05
-6.81756e-06
4.49357e-05
-6.38408e-06
4.44808e-05
-5.94443e-06
4.40237e-05
-5.50498e-06
4.35684e-05
-5.07035e-06
4.3115e-05
-4.64727e-06
4.26686e-05
-4.23781e-06
4.22294e-05
-3.84856e-06
4.1803e-05
-3.47831e-06
4.13887e-05
-3.13424e-06
4.0992e-05
-2.81138e-06
4.0611e-05
-2.51856e-06
4.02504e-05
-2.2463e-06
3.99064e-05
-2.00622e-06
3.9583e-05
-1.78381e-06
3.92754e-05
-1.59565e-06
3.89865e-05
-1.42085e-06
3.87109e-05
-1.28274e-06
3.84502e-05
-1.15225e-06
3.8199e-05
-1.06193e-06
3.7957e-05
-9.72259e-07
3.77196e-05
-9.27978e-07
-8.78627e-07
5.29962e-05
7.95947e-08
5.29062e-05
-3.64288e-07
5.28802e-05
-7.56499e-07
5.29068e-05
-1.05538e-06
5.29554e-05
-1.28457e-06
5.3007e-05
-1.47329e-06
5.30576e-05
-1.63842e-06
5.31148e-05
-1.78446e-06
5.31832e-05
-1.91059e-06
5.32627e-05
-2.01685e-06
5.33499e-05
-2.10519e-06
5.34414e-05
-2.17847e-06
5.35348e-05
-2.23965e-06
5.36281e-05
-2.29134e-06
5.372e-05
-2.33573e-06
5.38094e-05
-2.37474e-06
5.38956e-05
-2.41017e-06
5.39779e-05
-2.44381e-06
5.4056e-05
-2.47737e-06
5.41295e-05
-2.51256e-06
5.41983e-05
-2.55101e-06
5.42625e-05
-2.5943e-06
5.43222e-05
-2.64392e-06
5.43773e-05
-2.70131e-06
5.4428e-05
-2.76774e-06
5.44743e-05
-2.8444e-06
5.45164e-05
-2.93228e-06
5.4554e-05
-3.03231e-06
5.4587e-05
-3.1452e-06
5.46149e-05
-3.27165e-06
5.46374e-05
-3.41214e-06
5.46538e-05
-3.56711e-06
5.46635e-05
-3.73681e-06
5.46653e-05
-3.92149e-06
5.46582e-05
-4.12122e-06
5.46407e-05
-4.33603e-06
5.46112e-05
-4.56575e-06
5.45677e-05
-4.81008e-06
5.45082e-05
-5.06851e-06
5.44302e-05
-5.34024e-06
5.43311e-05
-5.62413e-06
5.42083e-05
-5.91846e-06
5.4059e-05
-6.22115e-06
5.38809e-05
-6.52997e-06
5.36722e-05
-6.84172e-06
5.34313e-05
-7.15268e-06
5.31578e-05
-7.4587e-06
5.28519e-05
-7.75504e-06
5.25148e-05
-8.03679e-06
5.21488e-05
-8.29867e-06
5.1757e-05
-8.53549e-06
5.13431e-05
-8.74222e-06
5.091e-05
-8.91459e-06
5.04605e-05
-9.04845e-06
4.99973e-05
-9.14006e-06
4.95217e-05
-9.18621e-06
4.90344e-05
-9.18353e-06
4.85334e-05
-9.12827e-06
4.80157e-05
-9.01897e-06
4.74777e-05
-8.85637e-06
4.69161e-05
-8.64245e-06
4.63266e-05
-8.37983e-06
4.57059e-05
-8.07179e-06
4.50533e-05
-7.72428e-06
4.43692e-05
-7.34139e-06
4.36552e-05
-6.93037e-06
4.29142e-05
-6.49867e-06
4.21512e-05
-6.05453e-06
4.13714e-05
-5.6043e-06
4.05823e-05
-5.1553e-06
3.97908e-05
-4.71345e-06
3.90054e-05
-4.28501e-06
3.8232e-05
-3.87388e-06
3.74785e-05
-3.48429e-06
3.67488e-05
-3.11886e-06
3.60503e-05
-2.77978e-06
3.53842e-05
-2.46819e-06
3.47568e-05
-2.18392e-06
3.41661e-05
-1.92791e-06
3.36174e-05
-1.69755e-06
3.31048e-05
-1.49363e-06
3.26329e-05
-1.3119e-06
3.21931e-05
-1.15586e-06
3.17901e-05
-1.01785e-06
3.14125e-05
-9.05125e-07
3.10655e-05
-8.053e-07
3.07354e-05
-7.31793e-07
3.04283e-05
-6.65163e-07
3.01286e-05
-6.28241e-07
-5.88473e-07
5.4329e-05
-2.41691e-07
5.45095e-05
-5.44876e-07
5.46133e-05
-8.60219e-07
5.47005e-05
-1.14265e-06
5.47873e-05
-1.37135e-06
5.48673e-05
-1.55333e-06
5.49333e-05
-1.70435e-06
5.4984e-05
-1.83521e-06
5.50238e-05
-1.95036e-06
5.50574e-05
-2.05044e-06
5.50875e-05
-2.13532e-06
5.51149e-05
-2.20582e-06
5.51391e-05
-2.26385e-06
5.51595e-05
-2.31176e-06
5.51756e-05
-2.35185e-06
5.51871e-05
-2.38624e-06
5.51938e-05
-2.41683e-06
5.51954e-05
-2.44542e-06
5.51918e-05
-2.47377e-06
5.51828e-05
-2.50359e-06
5.51684e-05
-2.53656e-06
5.51484e-05
-2.5743e-06
5.51228e-05
-2.61832e-06
5.50915e-05
-2.67006e-06
5.50546e-05
-2.7308e-06
5.50119e-05
-2.80172e-06
5.49634e-05
-2.88378e-06
5.4909e-05
-2.97787e-06
5.48484e-05
-3.08464e-06
5.47815e-05
-3.20475e-06
5.4708e-05
-3.3386e-06
5.46274e-05
-3.4866e-06
5.45395e-05
-3.6489e-06
5.44438e-05
-3.82571e-06
5.43395e-05
-4.01697e-06
5.42261e-05
-4.22264e-06
5.41028e-05
-4.44241e-06
5.39686e-05
-4.67593e-06
5.38226e-05
-4.9225e-06
5.36636e-05
-5.18127e-06
5.34905e-05
-5.45095e-06
5.33018e-05
-5.72981e-06
5.30964e-05
-6.01571e-06
5.28725e-05
-6.30606e-06
5.26285e-05
-6.59774e-06
5.23628e-05
-6.88702e-06
5.20737e-05
-7.16961e-06
5.17593e-05
-7.44057e-06
5.14174e-05
-7.69488e-06
5.10458e-05
-7.92712e-06
5.06425e-05
-8.13218e-06
5.02049e-05
-8.30461e-06
4.97298e-05
-8.43946e-06
4.92132e-05
-8.53193e-06
4.8651e-05
-8.57779e-06
4.80378e-05
-8.57306e-06
4.73682e-05
-8.51395e-06
4.66375e-05
-8.39753e-06
4.58428e-05
-8.22426e-06
4.49836e-05
-7.99714e-06
4.406e-05
-7.71883e-06
4.30713e-05
-7.39118e-06
4.2019e-05
-7.01951e-06
4.09099e-05
-6.6151e-06
3.9754e-05
-6.18551e-06
3.85623e-05
-5.73875e-06
3.73463e-05
-5.28262e-06
3.61166e-05
-4.82482e-06
3.48854e-05
-4.37309e-06
3.3666e-05
-3.93596e-06
3.24726e-05
-3.52004e-06
3.13174e-05
-3.12982e-06
3.02106e-05
-2.76701e-06
2.91605e-05
-2.43422e-06
2.81736e-05
-2.13191e-06
2.7255e-05
-1.86119e-06
2.64069e-05
-1.62017e-06
2.56314e-05
-1.4084e-06
2.49261e-05
-1.22254e-06
2.42902e-05
-1.06168e-06
2.37185e-05
-9.21927e-07
2.32093e-05
-8.02769e-07
2.2754e-05
-7.00557e-07
2.23514e-05
-6.15156e-07
2.19896e-05
-5.43357e-07
2.16691e-05
-4.8485e-07
2.13752e-05
-4.37877e-07
2.11107e-05
-4.00644e-07
2.08578e-05
-3.75353e-07
-3.54891e-07
5.39229e-05
-5.71125e-07
5.4176e-05
-7.98046e-07
5.43572e-05
-1.04135e-06
5.44903e-05
-1.2758e-06
5.45997e-05
-1.48075e-06
5.46969e-05
-1.6505e-06
5.47827e-05
-1.79018e-06
5.48555e-05
-1.90796e-06
5.4915e-05
-2.00993e-06
5.49634e-05
-2.09879e-06
5.50032e-05
-2.17509e-06
5.50363e-05
-2.23901e-06
5.50638e-05
-2.29133e-06
5.50857e-05
-2.33359e-06
5.51016e-05
-2.36776e-06
5.51112e-05
-2.39587e-06
5.51143e-05
-2.41994e-06
5.51107e-05
-2.44183e-06
5.51003e-05
-2.46335e-06
5.50829e-05
-2.48624e-06
5.50586e-05
-2.51222e-06
5.50272e-05
-2.54291e-06
5.49888e-05
-2.5799e-06
5.49433e-05
-2.6246e-06
5.48909e-05
-2.67834e-06
5.48314e-05
-2.74226e-06
5.4765e-05
-2.81736e-06
5.46915e-05
-2.90444e-06
5.4611e-05
-3.00413e-06
5.45233e-05
-3.11697e-06
5.4428e-05
-3.24331e-06
5.43248e-05
-3.38343e-06
5.42133e-05
-3.53743e-06
5.4093e-05
-3.70536e-06
5.39631e-05
-3.88704e-06
5.38227e-05
-4.0823e-06
5.36709e-05
-4.2906e-06
5.35064e-05
-4.51142e-06
5.33277e-05
-4.74377e-06
5.3133e-05
-4.98657e-06
5.29202e-05
-5.23816e-06
5.2687e-05
-5.4966e-06
5.24304e-05
-5.7592e-06
5.21472e-05
-6.02278e-06
5.18331e-05
-6.28368e-06
5.14837e-05
-6.53765e-06
5.10938e-05
-6.77972e-06
5.06575e-05
-7.00426e-06
5.01683e-05
-7.20564e-06
4.96194e-05
-7.3782e-06
4.90043e-05
-7.5171e-06
4.83173e-05
-7.61762e-06
4.75539e-05
-7.67602e-06
4.67093e-05
-7.68742e-06
4.57789e-05
-7.64731e-06
4.47567e-05
-7.55085e-06
4.36369e-05
-7.39418e-06
4.24165e-05
-7.1772e-06
4.11006e-05
-6.90836e-06
3.96988e-05
-6.59534e-06
3.82204e-05
-6.24036e-06
3.66719e-05
-5.84274e-06
3.50618e-05
-5.4094e-06
3.34025e-05
-4.95581e-06
3.17167e-05
-4.49966e-06
3.00271e-05
-4.04917e-06
2.83538e-05
-3.60929e-06
2.67142e-05
-3.18522e-06
2.51266e-05
-2.78553e-06
2.36092e-05
-2.4185e-06
2.21773e-05
-2.08822e-06
2.08439e-05
-1.79635e-06
1.96195e-05
-1.54265e-06
1.85108e-05
-1.32549e-06
1.75203e-05
-1.14141e-06
1.66462e-05
-9.87164e-07
1.58842e-05
-8.58113e-07
1.52265e-05
-7.50718e-07
1.46642e-05
-6.60278e-07
1.41872e-05
-5.84614e-07
1.37851e-05
-5.19859e-07
1.34479e-05
-4.65536e-07
1.31656e-05
-4.18276e-07
1.29296e-05
-3.79146e-07
1.27307e-05
-3.4445e-07
1.25623e-05
-3.16512e-07
1.24153e-05
-2.90884e-07
1.22854e-05
-2.70711e-07
1.21624e-05
-2.52376e-07
-2.36377e-07
5.35772e-05
-8.83158e-07
5.38443e-05
-1.06512e-06
5.40579e-05
-1.25494e-06
5.42245e-05
-1.44238e-06
5.43599e-05
-1.61618e-06
5.4477e-05
-1.76763e-06
5.45814e-05
-1.89453e-06
5.46741e-05
-2.00066e-06
5.47549e-05
-2.09072e-06
5.48239e-05
-2.16781e-06
5.48822e-05
-2.23337e-06
5.49311e-05
-2.28788e-06
5.49715e-05
-2.33178e-06
5.50039e-05
-2.36594e-06
5.50279e-05
-2.39184e-06
5.50434e-05
-2.41129e-06
5.50497e-05
-2.42628e-06
5.50466e-05
-2.43876e-06
5.5034e-05
-2.45068e-06
5.50115e-05
-2.4638e-06
5.49792e-05
-2.4799e-06
5.49369e-05
-2.50065e-06
5.48847e-05
-2.52765e-06
5.48224e-05
-2.56231e-06
5.475e-05
-2.60597e-06
5.46675e-05
-2.65975e-06
5.45748e-05
-2.7247e-06
5.44718e-05
-2.80138e-06
5.4358e-05
-2.89039e-06
5.42331e-05
-2.99201e-06
5.40963e-05
-3.10651e-06
5.39467e-05
-3.23389e-06
5.37834e-05
-3.37411e-06
5.3605e-05
-3.5269e-06
5.34098e-05
-3.69192e-06
5.31961e-05
-3.86861e-06
5.29618e-05
-4.05622e-06
5.27041e-05
-4.25376e-06
5.24202e-05
-4.4599e-06
5.21067e-05
-4.67299e-06
5.17594e-05
-4.89089e-06
5.13739e-05
-5.11116e-06
5.09453e-05
-5.33052e-06
5.04676e-05
-5.54515e-06
4.99348e-05
-5.75081e-06
4.93397e-05
-5.94257e-06
4.86746e-05
-6.11462e-06
4.79312e-05
-6.26091e-06
4.71009e-05
-6.37525e-06
4.61749e-05
-6.45225e-06
4.51448e-05
-6.48702e-06
4.40047e-05
-6.47745e-06
4.2753e-05
-6.42441e-06
4.13905e-05
-6.32484e-06
3.99184e-05
-6.17522e-06
3.83337e-05
-5.96616e-06
3.66337e-05
-5.69419e-06
3.48219e-05
-5.3654e-06
3.29159e-05
-5.0024e-06
3.09354e-05
-4.61483e-06
2.89043e-05
-4.20922e-06
2.68447e-05
-3.78316e-06
2.47777e-05
-3.34244e-06
2.27266e-05
-2.90471e-06
2.07204e-05
-2.49341e-06
1.87927e-05
-2.1215e-06
1.69757e-05
-1.79227e-06
1.5297e-05
-1.50657e-06
1.3776e-05
-1.26447e-06
1.24295e-05
-1.07198e-06
1.12608e-05
-9.19597e-07
1.02621e-05
-7.97555e-07
9.42123e-06
-7.01827e-07
8.72249e-06
-6.26756e-07
8.14723e-06
-5.66152e-07
7.67593e-06
-5.15855e-07
7.2905e-06
-4.72685e-07
6.97471e-06
-4.34927e-07
6.71552e-06
-4.01093e-07
6.50196e-06
-3.71054e-07
6.3261e-06
-3.43997e-07
6.18091e-06
-3.20344e-07
6.06166e-06
-2.99032e-07
5.96322e-06
-2.80707e-07
5.88232e-06
-2.63546e-07
5.8142e-06
-2.48394e-07
5.75554e-06
-2.32221e-07
5.70104e-06
-2.16212e-07
5.64539e-06
-1.96732e-07
-1.77672e-07
5.34326e-05
-1.18631e-06
5.37004e-05
-1.33292e-06
5.39283e-05
-1.48282e-06
5.41177e-05
-1.63173e-06
5.42753e-05
-1.77379e-06
5.44103e-05
-1.90264e-06
5.45295e-05
-2.01375e-06
5.46356e-05
-2.10672e-06
5.47288e-05
-2.18392e-06
5.48088e-05
-2.24787e-06
5.48757e-05
-2.30021e-06
5.49296e-05
-2.34177e-06
5.49708e-05
-2.373e-06
5.49994e-05
-2.39456e-06
5.50151e-05
-2.40754e-06
5.50173e-05
-2.4135e-06
5.50054e-05
-2.41435e-06
5.49787e-05
-2.41213e-06
5.4937e-05
-2.40894e-06
5.488e-05
-2.40676e-06
5.48075e-05
-2.40741e-06
5.47193e-05
-2.41252e-06
5.46153e-05
-2.42365e-06
5.44952e-05
-2.4422e-06
5.43588e-05
-2.46953e-06
5.42057e-05
-2.50666e-06
5.40355e-05
-2.55446e-06
5.38475e-05
-2.61337e-06
5.36408e-05
-2.68374e-06
5.34143e-05
-2.76554e-06
5.31666e-05
-2.85877e-06
5.28957e-05
-2.96301e-06
5.25996e-05
-3.07796e-06
5.22756e-05
-3.20289e-06
5.19208e-05
-3.33718e-06
5.15319e-05
-3.47972e-06
5.11052e-05
-3.62953e-06
5.06365e-05
-3.785e-06
5.01211e-05
-3.94451e-06
4.95538e-05
-4.10565e-06
4.89287e-05
-4.2658e-06
4.8239e-05
-4.42153e-06
4.74779e-05
-4.56943e-06
4.66387e-05
-4.70594e-06
4.57145e-05
-4.82661e-06
4.46973e-05
-4.92534e-06
4.35789e-05
-4.99619e-06
4.23514e-05
-5.03341e-06
4.10082e-05
-5.03208e-06
3.95427e-05
-4.98672e-06
3.79499e-05
-4.89421e-06
3.62264e-05
-4.75395e-06
3.43769e-05
-4.57492e-06
3.24107e-05
-4.35862e-06
3.03463e-05
-4.11086e-06
2.81918e-05
-3.8117e-06
2.59577e-05
-3.46008e-06
2.3669e-05
-3.07665e-06
2.13545e-05
-2.68796e-06
1.90504e-05
-2.31066e-06
1.67861e-05
-1.9449e-06
1.46248e-05
-1.62188e-06
1.26164e-05
-1.33405e-06
1.0796e-05
-1.08431e-06
9.18781e-06
-8.85227e-07
7.81657e-06
-7.50261e-07
6.67889e-06
-6.54584e-07
5.76073e-06
-5.8841e-07
5.03183e-06
-5.35574e-07
4.44324e-06
-4.83391e-07
3.95486e-06
-4.31225e-07
3.54202e-06
-3.8471e-07
3.18825e-06
-3.4806e-07
2.88184e-06
-3.20344e-07
2.61769e-06
-3.02001e-07
2.3914e-06
-2.89564e-07
2.19821e-06
-2.79499e-07
2.03352e-06
-2.70235e-07
1.89358e-06
-2.61153e-07
1.77507e-06
-2.52541e-07
1.67479e-06
-2.43718e-07
1.58985e-06
-2.35402e-07
1.51824e-06
-2.27426e-07
1.45741e-06
-2.19879e-07
1.40563e-06
-2.1176e-07
1.3599e-06
-2.02663e-07
1.31812e-06
-1.90445e-07
1.27633e-06
-1.74418e-07
1.23303e-06
-1.53435e-07
-1.36563e-07
5.34597e-05
-1.47782e-06
5.37177e-05
-1.59094e-06
5.39403e-05
-1.70543e-06
5.41285e-05
-1.81987e-06
5.4285e-05
-1.93032e-06
5.44138e-05
-2.03144e-06
5.45192e-05
-2.11914e-06
5.46041e-05
-2.19164e-06
5.46694e-05
-2.24921e-06
5.47147e-05
-2.29317e-06
5.47393e-05
-2.32479e-06
5.47425e-05
-2.34499e-06
5.47239e-05
-2.35438e-06
5.4683e-05
-2.3537e-06
5.46195e-05
-2.34401e-06
5.45328e-05
-2.32678e-06
5.44222e-05
-2.30382e-06
5.42874e-05
-2.27724e-06
5.41277e-05
-2.24932e-06
5.39434e-05
-2.22246e-06
5.37347e-05
-2.19869e-06
5.35014e-05
-2.17922e-06
5.32432e-05
-2.16544e-06
5.29598e-05
-2.15873e-06
5.26506e-05
-2.16032e-06
5.23149e-05
-2.17103e-06
5.19519e-05
-2.19144e-06
5.15602e-05
-2.22169e-06
5.11383e-05
-2.26177e-06
5.0684e-05
-2.31125e-06
5.01949e-05
-2.36968e-06
4.96681e-05
-2.43622e-06
4.91002e-05
-2.51012e-06
4.84875e-05
-2.59019e-06
4.78258e-05
-2.67543e-06
4.71104e-05
-2.76428e-06
4.63363e-05
-2.85548e-06
4.54983e-05
-2.94701e-06
4.45911e-05
-3.03726e-06
4.36088e-05
-3.12342e-06
4.2546e-05
-3.20299e-06
4.13954e-05
-3.27093e-06
4.01484e-05
-3.32242e-06
3.88024e-05
-3.35998e-06
3.73528e-05
-3.377e-06
3.57944e-05
-3.36692e-06
3.41228e-05
-3.32456e-06
3.23362e-05
-3.24683e-06
3.04374e-05
-3.13328e-06
2.84277e-05
-2.977e-06
2.63182e-05
-2.78469e-06
2.41248e-05
-2.56055e-06
2.18541e-05
-2.30424e-06
1.95389e-05
-2.04342e-06
1.72078e-05
-1.77974e-06
1.49071e-05
-1.51107e-06
1.26918e-05
-1.24472e-06
1.06112e-05
-9.96081e-07
8.71169e-06
-7.88458e-07
7.04512e-06
-6.44093e-07
5.67844e-06
-5.78221e-07
4.58885e-06
-5.32292e-07
3.73175e-06
-4.76943e-07
3.04679e-06
-3.99359e-07
2.47885e-06
-3.17282e-07
1.98518e-06
-2.56591e-07
1.55395e-06
-2.2336e-07
1.18285e-06
-2.17301e-07
8.6257e-07
-2.15299e-07
5.85547e-07
-2.06367e-07
3.4519e-07
-1.90868e-07
1.35008e-07
-1.74527e-07
-5.04185e-08
-1.62634e-07
-2.1373e-07
-1.57032e-07
-3.59892e-07
-1.55839e-07
-4.92182e-07
-1.57274e-07
-6.12159e-07
-1.59521e-07
-7.21061e-07
-1.61333e-07
-8.19939e-07
-1.62276e-07
-9.09955e-07
-1.62525e-07
-9.91557e-07
-1.62115e-07
-1.06572e-06
-1.61238e-07
-1.13332e-06
-1.5983e-07
-1.19546e-06
-1.57738e-07
-1.25292e-06
-1.54294e-07
-1.30686e-06
-1.48731e-07
-1.35777e-06
-1.39537e-07
-1.4062e-06
-1.25986e-07
-1.44995e-06
-1.09686e-07
-9.88658e-08
5.33974e-05
-1.69022e-06
5.35655e-05
-1.75902e-06
5.36888e-05
-1.82874e-06
5.37671e-05
-1.89819e-06
5.38017e-05
-1.96492e-06
5.37932e-05
-2.02292e-06
5.37434e-05
-2.06932e-06
5.36546e-05
-2.10282e-06
5.35287e-05
-2.12337e-06
5.33667e-05
-2.13114e-06
5.31686e-05
-2.12673e-06
5.29346e-05
-2.11097e-06
5.26649e-05
-2.08468e-06
5.236e-05
-2.04877e-06
5.20207e-05
-2.00467e-06
5.16477e-05
-1.95381e-06
5.12418e-05
-1.89797e-06
5.08038e-05
-1.83924e-06
5.03343e-05
-1.77976e-06
4.98338e-05
-1.72202e-06
4.9304e-05
-1.66886e-06
4.8745e-05
-1.62017e-06
4.81568e-05
-1.5773e-06
4.75394e-05
-1.54136e-06
4.68922e-05
-1.51312e-06
4.62143e-05
-1.49305e-06
4.55041e-05
-1.48125e-06
4.47598e-05
-1.47747e-06
4.39793e-05
-1.4812e-06
4.31597e-05
-1.49166e-06
4.2298e-05
-1.50794e-06
4.13906e-05
-1.5289e-06
4.04339e-05
-1.55338e-06
3.94237e-05
-1.58001e-06
3.83558e-05
-1.60749e-06
3.72257e-05
-1.63426e-06
3.60292e-05
-1.65893e-06
3.4762e-05
-1.6798e-06
3.34202e-05
-1.69551e-06
3.20009e-05
-1.7041e-06
3.05021e-05
-1.70418e-06
2.89229e-05
-1.6917e-06
2.72608e-05
-1.66032e-06
2.55196e-05
-1.61882e-06
2.37028e-05
-1.56019e-06
2.18168e-05
-1.48093e-06
1.98723e-05
-1.38001e-06
1.78808e-05
-1.25534e-06
1.58583e-05
-1.11079e-06
1.38338e-05
-9.52458e-07
1.184e-05
-7.90924e-07
9.92105e-06
-6.41612e-07
8.1426e-06
-5.25791e-07
6.55667e-06
-4.57479e-07
5.21657e-06
-4.39646e-07
4.11668e-06
-4.11178e-07
3.22454e-06
-3.52571e-07
2.49261e-06
-2.64151e-07
1.8795e-06
-1.75351e-07
1.35895e-06
-1.23538e-07
8.9749e-07
-1.16766e-07
5.03935e-07
-1.38738e-07
1.71226e-07
-1.44234e-07
-1.08844e-07
-1.1929e-07
-3.45606e-07
-8.05199e-08
-5.49247e-07
-5.29507e-08
-7.26922e-07
-4.56844e-08
-8.91034e-07
-5.31892e-08
-1.04318e-06
-6.31536e-08
-1.18095e-06
-6.85982e-08
-1.30331e-06
-6.85051e-08
-1.41197e-06
-6.58724e-08
-1.51076e-06
-6.38377e-08
-1.60376e-06
-6.40351e-08
-1.69298e-06
-6.66165e-08
-1.77971e-06
-7.05486e-08
-1.86444e-06
-7.47848e-08
-1.94714e-06
-7.86409e-08
-2.02754e-06
-8.18715e-08
-2.10556e-06
-8.45082e-08
-2.18109e-06
-8.65855e-08
-2.25415e-06
-8.81722e-08
-2.32477e-06
-8.92169e-08
-2.39292e-06
-8.95806e-08
-2.45834e-06
-8.8875e-08
-2.52052e-06
-8.65584e-08
-2.57815e-06
-8.19049e-08
-2.62922e-06
-7.49106e-08
-2.67186e-06
-6.70442e-08
-6.17635e-08
5.1061e-05
-1.46181e-06
5.07664e-05
-1.46447e-06
5.04065e-05
-1.46878e-06
4.99813e-05
-1.47299e-06
4.94913e-05
-1.47494e-06
4.89405e-05
-1.47214e-06
4.8333e-05
-1.4618e-06
4.76728e-05
-1.44264e-06
4.6966e-05
-1.41655e-06
4.62172e-05
-1.38234e-06
4.54307e-05
-1.34021e-06
4.46105e-05
-1.29082e-06
4.37608e-05
-1.23496e-06
4.28856e-05
-1.17359e-06
4.19888e-05
-1.10781e-06
4.10738e-05
-1.03889e-06
4.01441e-05
-9.68275e-07
3.92025e-05
-8.97646e-07
3.82515e-05
-8.28719e-07
3.72926e-05
-7.63156e-07
3.63261e-05
-7.02319e-07
3.5353e-05
-6.47044e-07
3.43736e-05
-5.97896e-07
3.33875e-05
-5.55268e-07
3.23937e-05
-5.1933e-07
3.13906e-05
-4.89987e-07
3.03762e-05
-4.66855e-07
2.93481e-05
-4.49306e-07
2.83034e-05
-4.3651e-07
2.72392e-05
-4.27521e-07
2.61526e-05
-4.21307e-07
2.50405e-05
-4.16814e-07
2.39001e-05
-4.12979e-07
2.27289e-05
-4.08786e-07
2.15247e-05
-4.03274e-07
2.0286e-05
-3.95617e-07
1.90123e-05
-3.8515e-07
1.77039e-05
-3.71479e-07
1.6363e-05
-3.54578e-07
1.49938e-05
-3.34857e-07
1.3603e-05
-3.1348e-07
1.22034e-05
-2.9204e-07
1.08166e-05
-2.73515e-07
9.45789e-06
-2.60133e-07
8.15003e-06
-2.52327e-07
6.91764e-06
-2.48548e-07
5.7834e-06
-2.4576e-07
4.7691e-06
-2.4105e-07
3.87254e-06
-2.14222e-07
3.09004e-06
-1.69965e-07
2.411e-06
-1.11881e-07
1.8239e-06
-5.45141e-08
1.31508e-06
-1.69637e-08
8.70891e-07
-1.32943e-08
4.69187e-07
-3.79414e-08
1.225e-07
-6.4492e-08
-1.64501e-07
-6.55698e-08
-3.91238e-07
-3.74138e-08
-5.64439e-07
-2.1496e-09
-7.08507e-07
2.05291e-08
-8.38878e-07
1.3606e-08
-9.73798e-07
-3.81831e-09
-1.1017e-06
-1.63312e-08
-1.20621e-06
-1.47821e-08
-1.2817e-06
-5.02388e-09
-1.33692e-06
2.2666e-09
-1.38556e-06
2.9516e-09
-1.43695e-06
-1.79383e-09
-1.49251e-06
-7.59897e-09
-1.54967e-06
-1.14338e-08
-1.60532e-06
-1.28539e-08
-1.65822e-06
-1.29769e-08
-1.70895e-06
-1.31053e-08
-1.75906e-06
-1.39273e-08
-1.81018e-06
-1.54935e-08
-1.86321e-06
-1.75222e-08
-1.91832e-06
-1.96703e-08
-1.97527e-06
-2.16898e-08
-2.03367e-06
-2.34785e-08
-2.09314e-06
-2.50362e-08
-2.15335e-06
-2.63778e-08
-2.21398e-06
-2.75355e-08
-2.27469e-06
-2.85125e-08
-2.33499e-06
-2.92809e-08
-2.39414e-06
-2.97179e-08
-2.45107e-06
-2.9636e-08
-2.50405e-06
-2.89206e-08
-2.55104e-06
-2.79177e-08
-2.59093e-06
-2.71542e-08
-2.66094e-08
3.49901e-05
3.35256e-05
3.20569e-05
3.05839e-05
2.91089e-05
2.76368e-05
2.6175e-05
2.47324e-05
2.33158e-05
2.19335e-05
2.05933e-05
1.93024e-05
1.80675e-05
1.68939e-05
1.57861e-05
1.47472e-05
1.37789e-05
1.28813e-05
1.20526e-05
1.12894e-05
1.05871e-05
9.94004e-06
9.34214e-06
8.78687e-06
8.26754e-06
7.77756e-06
7.3107e-06
6.8614e-06
6.42489e-06
5.99737e-06
5.57606e-06
5.15924e-06
4.74627e-06
4.33748e-06
3.93421e-06
3.53859e-06
3.15344e-06
2.78196e-06
2.42738e-06
2.09253e-06
1.77905e-06
1.48701e-06
1.21349e-06
9.53358e-07
7.01032e-07
4.52484e-07
2.06724e-07
-3.4326e-08
-2.48548e-07
-4.18513e-07
-5.30394e-07
-5.84908e-07
-6.01872e-07
-6.15166e-07
-6.53108e-07
-7.176e-07
-7.8317e-07
-8.20583e-07
-8.22733e-07
-8.02204e-07
-7.88598e-07
-7.92416e-07
-8.08747e-07
-8.23529e-07
-8.28553e-07
-8.26287e-07
-8.23335e-07
-8.25129e-07
-8.32728e-07
-8.44162e-07
-8.57016e-07
-8.69993e-07
-8.83098e-07
-8.97025e-07
-9.12519e-07
-9.30041e-07
-9.49711e-07
-9.71401e-07
-9.94879e-07
-1.01992e-06
-1.04629e-06
-1.07383e-06
-1.10234e-06
-1.13162e-06
-1.16134e-06
-1.19098e-06
-1.2199e-06
-1.24781e-06
-1.27497e-06
)
;

boundaryField
{
    fixedWalls
    {
        type            calculated;
        value           uniform 0;
    }
    inflowWall
    {
        type            calculated;
        value           nonuniform List<scalar> 10(-5e-05 -5e-05 -5e-05 -5e-05 -5e-05 -5e-05 -5e-05 -5e-05 -5e-05 -5e-05);
    }
    outflowWall
    {
        type            calculated;
        value           nonuniform List<scalar> 
20
(
1.16943e-05
2.5885e-05
3.50896e-05
4.21369e-05
4.72873e-05
5.01427e-05
5.06087e-05
4.91621e-05
4.6514e-05
4.28362e-05
3.74824e-05
2.98384e-05
2.06242e-05
1.20439e-05
5.58669e-06
1.19192e-06
-1.48764e-06
-2.70897e-06
-2.62609e-06
-1.30158e-06
)
;
    }
    frontAndBack
    {
        type            empty;
        value           nonuniform List<scalar> 0();
    }
}


// ************************************************************************* //
