/*--------------------------------*- C++ -*----------------------------------*\
| =========                 |                                                 |
| \\      /  F ield         | OpenFOAM: The Open Source CFD Toolbox           |
|  \\    /   O peration     | Version:  2306                                  |
|   \\  /    A nd           | Website:  www.openfoam.com                      |
|    \\/     M anipulation  |                                                 |
\*---------------------------------------------------------------------------*/
FoamFile
{
    version     2.0;
    format      ascii;
    arch        "LSB;label=32;scalar=64";
    class       volScalarField;
    location    "0.04";
    object      p;
}
// * * * * * * * * * * * * * * * * * * * * * * * * * * * * * * * * * * * * * //

dimensions      [0 2 -2 0 0 0 0];

internalField   nonuniform List<scalar> 
475
(
3.30825
2.58792
2.1208
1.77953
1.40713
2.72915
2.43598
2.11672
1.83025
1.56517
2.62515
2.43271
2.16734
1.91143
1.6938
2.77012
2.48416
2.19055
1.9478
1.75125
3.3615
2.64775
2.21329
1.94427
1.73672
1.23769
1.27159
1.3242
1.36754
1.38895
1.38692
1.36645
1.33425
1.29587
1.25499
1.21369
1.17302
1.13337
1.09479
1.05716
1.02035
0.984182
0.948501
0.913189
0.87815
0.843309
0.80861
0.774013
0.739486
0.705007
0.670562
0.636139
0.601731
0.567333
0.532941
0.498553
0.464168
0.429784
0.395401
0.361018
0.326636
0.292254
0.257871
0.223489
0.189106
0.154724
0.120341
0.0859577
0.0515743
0.0171911
1.2063
1.24651
1.296
1.33885
1.36287
1.36494
1.34902
1.32115
1.28644
1.24843
1.20927
1.17011
1.13149
1.09359
1.05644
1.01993
0.983935
0.948366
0.913121
0.878121
0.843303
0.808616
0.774024
0.739499
0.70502
0.670573
0.636149
0.601739
0.567339
0.532946
0.498557
0.464171
0.429786
0.395403
0.36102
0.326637
0.292254
0.257872
0.223489
0.189107
0.154724
0.120341
0.0859581
0.0515748
0.0171915
1.13454
1.21029
1.27198
1.3226
1.35122
1.35514
1.33997
1.31283
1.27915
1.24236
1.20442
1.16637
1.12869
1.09155
1.05496
1.01887
0.983208
0.947869
0.91278
0.877891
0.84315
0.808517
0.773961
0.739459
0.704996
0.67056
0.636141
0.601736
0.567338
0.532946
0.498558
0.464172
0.429787
0.395404
0.361021
0.326638
0.292255
0.257872
0.223489
0.189107
0.154724
0.120341
0.0859582
0.051575
0.0171917
1.03135
1.1599
1.24766
1.30985
1.34308
1.34746
1.3314
1.3038
1.2705
1.2347
1.19803
1.16126
1.12474
1.08857
1.05276
1.01727
0.982061
0.947089
0.912224
0.877507
0.842889
0.808342
0.773845
0.739384
0.704948
0.67053
0.636124
0.601725
0.567333
0.532944
0.498557
0.464172
0.429788
0.395404
0.361021
0.326638
0.292255
0.257873
0.22349
0.189107
0.154724
0.120341
0.0859583
0.0515751
0.0171918
0.743135
1.09321
1.23827
1.30826
1.33959
1.34056
1.32184
1.29314
1.26014
1.22549
1.19033
1.1551
1.11997
1.08496
1.05008
1.01532
0.980648
0.946029
0.911512
0.877021
0.842559
0.808119
0.773697
0.739287
0.704886
0.67049
0.636099
0.601711
0.567325
0.532939
0.498555
0.464172
0.429788
0.395405
0.361022
0.326639
0.292256
0.257873
0.22349
0.189107
0.154724
0.120341
0.0859584
0.0515752
0.0171919
1.11397
1.20435
1.29453
1.33726
1.34759
1.3362
1.31178
1.28132
1.24869
1.21545
1.18203
1.1485
1.11487
1.08112
1.04724
1.01325
0.979166
0.944986
0.910769
0.876504
0.842205
0.80788
0.773537
0.739182
0.704818
0.670447
0.636073
0.601695
0.567316
0.532935
0.498553
0.464171
0.429788
0.395406
0.361023
0.326639
0.292256
0.257873
0.22349
0.189108
0.154725
0.120342
0.0859585
0.0515752
0.017192
1.36784
1.34041
1.36261
1.36749
1.35331
1.32864
1.29909
1.26789
1.23648
1.20516
1.17375
1.14205
1.10996
1.07745
1.04454
1.0113
0.977792
0.944004
0.910077
0.876025
0.841876
0.807658
0.773389
0.739085
0.704755
0.670408
0.636048
0.601681
0.567307
0.532931
0.498551
0.46417
0.429789
0.395406
0.361023
0.32664
0.292257
0.257874
0.223491
0.189108
0.154725
0.120342
0.0859586
0.0515753
0.0171919
1.52885
1.44786
1.41179
1.38129
1.34838
1.3155
1.28404
1.25397
1.22476
1.19577
1.16645
1.1365
1.10581
1.07438
1.04231
1.00967
0.97657
0.94319
0.909519
0.875643
0.841617
0.807485
0.773275
0.73901
0.704708
0.670378
0.636031
0.601671
0.567302
0.532928
0.498551
0.464171
0.429789
0.395407
0.361024
0.326641
0.292257
0.257874
0.223491
0.189108
0.154725
0.120342
0.0859586
0.0515752
0.0171917
1.59601
1.48978
1.42108
1.37127
1.33111
1.29746
1.26814
1.24112
1.21485
1.18831
1.16094
1.13247
1.1029
1.07229
1.04082
1.00863
0.975875
0.942695
0.90918
0.875414
0.841466
0.807386
0.773212
0.738971
0.704684
0.670365
0.636023
0.601667
0.567301
0.532928
0.498551
0.464172
0.42979
0.395408
0.361025
0.326641
0.292258
0.257875
0.223491
0.189108
0.154725
0.120342
0.0859585
0.0515751
0.0171915
1.57224
1.45461
1.37826
1.32927
1.29578
1.27037
1.24854
1.22747
1.2056
1.18215
1.15689
1.12984
1.10121
1.07125
1.04018
1.00825
0.975658
0.942574
0.909119
0.87539
0.841463
0.807393
0.773224
0.738985
0.704697
0.670376
0.636033
0.601675
0.567307
0.532933
0.498555
0.464175
0.429792
0.395409
0.361026
0.326642
0.292259
0.257875
0.223492
0.189108
0.154725
0.120342
0.0859583
0.0515746
0.0171912
)
;

boundaryField
{
    fixedWalls
    {
        type            zeroGradient;
    }
    inflowWall
    {
        type            zeroGradient;
    }
    outflowWall
    {
        type            fixedValue;
        value           uniform 0;
    }
    frontAndBack
    {
        type            empty;
    }
}


// ************************************************************************* //
