/*--------------------------------*- C++ -*----------------------------------*\
| =========                 |                                                 |
| \\      /  F ield         | OpenFOAM: The Open Source CFD Toolbox           |
|  \\    /   O peration     | Version:  2306                                  |
|   \\  /    A nd           | Website:  www.openfoam.com                      |
|    \\/     M anipulation  |                                                 |
\*---------------------------------------------------------------------------*/
FoamFile
{
    version     2.0;
    format      ascii;
    arch        "LSB;label=32;scalar=64";
    class       volVectorField;
    location    "7.6";
    object      U;
}
// * * * * * * * * * * * * * * * * * * * * * * * * * * * * * * * * * * * * * //

dimensions      [0 1 -1 0 0 0 0];

internalField   nonuniform List<vector> 
1900
(
(0.984274 0.0072909 0)
(0.961758 0.0216825 0)
(0.952321 0.0181801 0)
(0.918694 0.0253028 0)
(0.903396 0.0154493 0)
(0.863045 0.0257489 0)
(0.852215 0.0116135 0)
(0.811899 0.0267303 0)
(0.809545 0.00459046 0)
(0.770329 0.0259943 0)
(1.00256 0.0115602 0)
(1.00446 0.0258638 0)
(1.01943 0.0289703 0)
(1.02197 0.0304645 0)
(1.03486 0.028018 0)
(1.03395 0.0284365 0)
(1.04402 0.0258101 0)
(1.04274 0.02513 0)
(1.05112 0.0207199 0)
(1.05217 0.0162803 0)
(1.00048 0.00388867 0)
(1.00419 0.0111593 0)
(1.01255 0.0140078 0)
(1.02112 0.0157996 0)
(1.03153 0.0147318 0)
(1.04052 0.0144456 0)
(1.04996 0.0124137 0)
(1.05836 0.0109809 0)
(1.06683 0.00738085 0)
(1.07466 0.00324474 0)
(1.00007 0.00207907 0)
(1.00313 0.00584855 0)
(1.00888 0.00806507 0)
(1.01648 0.00905022 0)
(1.02527 0.00857757 0)
(1.0343 0.0074859 0)
(1.04323 0.00571614 0)
(1.05178 0.00356577 0)
(1.05996 0.000754802 0)
(1.06762 -0.00274149 0)
(1.00003 0.000426589 0)
(1.00261 0.00117882 0)
(1.00738 0.00144612 0)
(1.01402 0.00117126 0)
(1.02191 0.000279323 0)
(1.03035 -0.00107572 0)
(1.03879 -0.00285944 0)
(1.04691 -0.00504701 0)
(1.05459 -0.00768629 0)
(1.06174 -0.0108356 0)
(1.00003 -0.00105845 0)
(1.00255 -0.00302005 0)
(1.0072 -0.00473688 0)
(1.01366 -0.006169 0)
(1.02133 -0.00746188 0)
(1.02949 -0.00881545 0)
(1.03759 -0.0104154 0)
(1.04533 -0.0123712 0)
(1.05261 -0.0147232 0)
(1.05939 -0.0174418 0)
(1.00003 -0.00270835 0)
(1.00303 -0.00742524 0)
(1.00836 -0.0110462 0)
(1.01546 -0.0134765 0)
(1.02347 -0.0150932 0)
(1.03164 -0.0164451 0)
(1.03951 -0.0179367 0)
(1.04692 -0.0197458 0)
(1.05385 -0.0218648 0)
(1.06034 -0.0242038 0)
(1.00004 -0.00476706 0)
(1.00441 -0.0122263 0)
(1.01138 -0.0169048 0)
(1.0198 -0.0193292 0)
(1.02841 -0.0206479 0)
(1.03642 -0.0218089 0)
(1.04363 -0.0232607 0)
(1.05011 -0.0250295 0)
(1.056 -0.026974 0)
(1.06132 -0.0289601 0)
(1.00006 -0.0121172 0)
(1.00722 -0.0259467 0)
(1.01559 -0.0314202 0)
(1.02288 -0.0325638 0)
(1.02795 -0.0326415 0)
(1.03076 -0.0330089 0)
(1.03178 -0.0337784 0)
(1.03149 -0.0346861 0)
(1.03011 -0.0355166 0)
(1.02764 -0.0362097 0)
(0.980777 -0.00916304 0)
(0.964588 -0.0188199 0)
(0.945465 -0.0220431 0)
(0.920805 -0.0221805 0)
(0.892026 -0.0217319 0)
(0.861728 -0.0215677 0)
(0.83151 -0.0215957 0)
(0.801851 -0.0215804 0)
(0.772684 -0.0213977 0)
(0.743767 -0.0210629 0)
(0.000207217 -0.000110126 0)
(0.000342029 -2.06311e-05 0)
(7.39737e-05 2.87672e-05 0)
(-0.000416033 5.80757e-05 0)
(-0.00106969 7.61378e-05 0)
(-0.00184438 9.37603e-05 0)
(-0.00272691 0.000114405 0)
(-0.00371252 0.000137009 0)
(-0.00479606 0.000160355 0)
(-0.00597128 0.000183734 0)
(-0.0072311 0.000206714 0)
(-0.00856802 0.000228995 0)
(-0.00997438 0.000250331 0)
(-0.0114426 0.000270525 0)
(-0.0129653 0.000289429 0)
(-0.0145354 0.000306956 0)
(-0.0161464 0.000323065 0)
(-0.017792 0.000337738 0)
(-0.0194666 0.00035095 0)
(-0.021165 0.000362706 0)
(-0.0228828 0.00037304 0)
(-0.0246163 0.00038202 0)
(-0.026363 0.00038974 0)
(-0.0281213 0.000396315 0)
(-0.0298904 0.000401868 0)
(-0.0316711 0.000406555 0)
(-0.0334652 0.000410583 0)
(-0.0352758 0.000414204 0)
(-0.0371076 0.000417682 0)
(-0.0389669 0.000421289 0)
(-0.0408611 0.00042527 0)
(-0.0427993 0.000429793 0)
(-0.0447916 0.000434922 0)
(-0.0468494 0.000440715 0)
(-0.0489855 0.000447438 0)
(-0.0512148 0.000455747 0)
(-0.0535546 0.000466798 0)
(-0.0560254 0.00048252 0)
(-0.0586519 0.000506095 0)
(-0.0614636 0.00054243 0)
(-0.0644968 0.000598906 0)
(-0.0677963 0.000686166 0)
(-0.0714168 0.000818222 0)
(-0.0754234 0.00101104 0)
(-0.0798873 0.00127985 0)
(-0.0848793 0.00163582 0)
(-0.0904584 0.00208184 0)
(-0.0966595 0.00260941 0)
(-0.103481 0.00319638 0)
(-0.110872 0.00380436 0)
(-0.118718 0.004378 0)
(-0.126831 0.00485665 0)
(-0.134967 0.00518474 0)
(-0.142834 0.00532259 0)
(-0.150106 0.0052465 0)
(-0.156452 0.00496369 0)
(-0.161576 0.00451879 0)
(-0.165233 0.00396191 0)
(-0.167169 0.00326407 0)
(-0.167217 0.002419 0)
(-0.165291 0.0014463 0)
(-0.161363 0.000415232 0)
(-0.155394 -0.000650111 0)
(-0.147463 -0.0016971 0)
(-0.137655 -0.00269766 0)
(-0.126129 -0.00363448 0)
(-0.113032 -0.00446713 0)
(-0.0985496 -0.00519987 0)
(-0.0829463 -0.00579458 0)
(-0.0662552 -0.00633353 0)
(-0.0490377 -0.00662388 0)
(-0.0310197 -0.00689009 0)
(-0.0131589 -0.00697769 0)
(0.00542525 -0.00702625 0)
(0.0231739 -0.0069144 0)
(0.0416587 -0.00682871 0)
(0.0585788 -0.00655098 0)
(0.0764638 -0.00636451 0)
(0.0920925 -0.00598275 0)
(0.109092 -0.00575932 0)
(0.123101 -0.00533044 0)
(0.13917 -0.00513013 0)
(0.15138 -0.00471023 0)
(0.16676 -0.00458668 0)
(0.177049 -0.00423017 0)
(0.192385 -0.00423077 0)
(0.200479 -0.00398376 0)
(0.217141 -0.00419504 0)
(0.222148 -0.0040718 0)
(0.242862 -0.00490222 0)
(5.90324e-05 -0.00051402 0)
(-0.000537075 0.000152677 0)
(-0.00204741 0.000726998 0)
(-0.00397701 0.00113143 0)
(-0.00629162 0.00141058 0)
(-0.00891825 0.00163299 0)
(-0.0118194 0.00183462 0)
(-0.0149666 0.00202332 0)
(-0.0183306 0.00219898 0)
(-0.0218831 0.00236057 0)
(-0.0255972 0.00250724 0)
(-0.029447 0.00263872 0)
(-0.033408 0.0027552 0)
(-0.0374574 0.00285716 0)
(-0.0415747 0.00294533 0)
(-0.0457412 0.00302058 0)
(-0.049941 0.00308388 0)
(-0.0541604 0.00313616 0)
(-0.0583879 0.00317841 0)
(-0.0626144 0.00321198 0)
(-0.0668334 0.00323847 0)
(-0.0710412 0.00325972 0)
(-0.0752366 0.00327766 0)
(-0.0794209 0.00329438 0)
(-0.0835984 0.00331205 0)
(-0.0877755 0.00333299 0)
(-0.0919614 0.00335981 0)
(-0.0961679 0.00339527 0)
(-0.100409 0.00344218 0)
(-0.104702 0.00350341 0)
(-0.109064 0.00358173 0)
(-0.113517 0.00367977 0)
(-0.11808 0.00380002 0)
(-0.122775 0.00394516 0)
(-0.127624 0.00411859 0)
(-0.132649 0.00432454 0)
(-0.13787 0.00456776 0)
(-0.143306 0.00485363 0)
(-0.148973 0.00518855 0)
(-0.154879 0.00557956 0)
(-0.161026 0.00603438 0)
(-0.167408 0.00656107 0)
(-0.174004 0.0071663 0)
(-0.180781 0.00785098 0)
(-0.187683 0.00860495 0)
(-0.19463 0.00940343 0)
(-0.201511 0.0102037 0)
(-0.208184 0.0109476 0)
(-0.214482 0.0115665 0)
(-0.220215 0.0119848 0)
(-0.225167 0.0121144 0)
(-0.229108 0.0118823 0)
(-0.231798 0.0112377 0)
(-0.233017 0.0101663 0)
(-0.232535 0.00864751 0)
(-0.230152 0.0066812 0)
(-0.22573 0.00429928 0)
(-0.219268 0.00160356 0)
(-0.210635 -0.00133214 0)
(-0.199883 -0.00441452 0)
(-0.186906 -0.0075905 0)
(-0.171886 -0.0107351 0)
(-0.154739 -0.0138322 0)
(-0.135783 -0.0167548 0)
(-0.114994 -0.0194108 0)
(-0.0927017 -0.0218354 0)
(-0.069044 -0.0239576 0)
(-0.0441305 -0.0258047 0)
(-0.0186403 -0.0273033 0)
(0.00819995 -0.0285215 0)
(0.0346477 -0.0293065 0)
(0.0627249 -0.0299088 0)
(0.088937 -0.0300513 0)
(0.11755 -0.0301133 0)
(0.142763 -0.0296818 0)
(0.171383 -0.0293424 0)
(0.194915 -0.0284708 0)
(0.22318 -0.0278484 0)
(0.244458 -0.0266796 0)
(0.272286 -0.0259311 0)
(0.290842 -0.0246126 0)
(0.318436 -0.0238947 0)
(0.333877 -0.0225663 0)
(0.361748 -0.0220336 0)
(0.373732 -0.0208234 0)
(0.40271 -0.0206381 0)
(0.410925 -0.0196639 0)
(0.442135 -0.0200393 0)
(0.446292 -0.0194404 0)
(0.480923 -0.02078 0)
(-0.000163934 0.000436281 0)
(-0.00196521 0.0023164 0)
(-0.00546669 0.00354181 0)
(-0.00944321 0.00436201 0)
(-0.0138593 0.00500202 0)
(-0.0186129 0.00556862 0)
(-0.0236618 0.00608747 0)
(-0.0289658 0.00655831 0)
(-0.0344708 0.00697639 0)
(-0.0401244 0.00733996 0)
(-0.0458786 0.0076489 0)
(-0.0516905 0.0079052 0)
(-0.0575228 0.00811232 0)
(-0.0633439 0.0082744 0)
(-0.0691274 0.00839598 0)
(-0.074852 0.00848191 0)
(-0.0805014 0.0085371 0)
(-0.086063 0.00856658 0)
(-0.0915277 0.00857547 0)
(-0.0968894 0.00856884 0)
(-0.102146 0.00855176 0)
(-0.107296 0.00852938 0)
(-0.112344 0.00850688 0)
(-0.117294 0.00848938 0)
(-0.122152 0.00848183 0)
(-0.126925 0.00848922 0)
(-0.131622 0.0085166 0)
(-0.136251 0.00856901 0)
(-0.14082 0.008651 0)
(-0.145338 0.00876662 0)
(-0.149811 0.00891919 0)
(-0.154244 0.00911103 0)
(-0.158638 0.0093433 0)
(-0.162991 0.00961615 0)
(-0.167297 0.00992922 0)
(-0.171542 0.0102817 0)
(-0.175712 0.0106716 0)
(-0.179781 0.0110941 0)
(-0.183718 0.0115435 0)
(-0.187479 0.0120118 0)
(-0.191012 0.0124891 0)
(-0.19425 0.0129646 0)
(-0.197118 0.0134261 0)
(-0.199528 0.0138572 0)
(-0.201379 0.0142265 0)
(-0.202557 0.0144923 0)
(-0.202936 0.0145986 0)
(-0.202374 0.0144798 0)
(-0.200726 0.0140645 0)
(-0.197876 0.0132964 0)
(-0.193676 0.0120777 0)
(-0.188014 0.0103447 0)
(-0.180749 0.00803738 0)
(-0.171877 0.00515887 0)
(-0.161309 0.00171983 0)
(-0.14906 -0.00220829 0)
(-0.135018 -0.00663755 0)
(-0.119335 -0.0114268 0)
(-0.101721 -0.0165018 0)
(-0.0826667 -0.0216448 0)
(-0.0617838 -0.0268148 0)
(-0.0397678 -0.0318114 0)
(-0.0160796 -0.0366685 0)
(0.0085466 -0.041127 0)
(0.0345894 -0.0452345 0)
(0.0614232 -0.0488338 0)
(0.0888335 -0.0519786 0)
(0.11727 -0.054569 0)
(0.145196 -0.0566795 0)
(0.174759 -0.0582244 0)
(0.202321 -0.0591921 0)
(0.232491 -0.0598019 0)
(0.258942 -0.0597541 0)
(0.289204 -0.0595237 0)
(0.313872 -0.0586113 0)
(0.343875 -0.0577253 0)
(0.366224 -0.0561567 0)
(0.395797 -0.0548396 0)
(0.415407 -0.0528422 0)
(0.444585 -0.0513406 0)
(0.461155 -0.0491458 0)
(0.490181 -0.0477061 0)
(0.503508 -0.0455304 0)
(0.532824 -0.0443909 0)
(0.542792 -0.0424339 0)
(0.573015 -0.0418353 0)
(0.579579 -0.0402977 0)
(0.611466 -0.0405133 0)
(0.614619 -0.0396339 0)
(0.648972 -0.0409826 0)
(-0.000924022 0.00124139 0)
(-0.0048098 0.00514455 0)
(-0.0107412 0.00762932 0)
(-0.0168204 0.00929453 0)
(-0.0232243 0.010532 0)
(-0.0299015 0.0115144 0)
(-0.0367662 0.0123145 0)
(-0.0437207 0.0129692 0)
(-0.0506743 0.0134925 0)
(-0.057555 0.0138963 0)
(-0.0643075 0.0141928 0)
(-0.0708878 0.0143939 0)
(-0.0772638 0.0145111 0)
(-0.0834131 0.0145558 0)
(-0.0893206 0.0145392 0)
(-0.0949772 0.0144717 0)
(-0.100379 0.0143633 0)
(-0.105524 0.0142228 0)
(-0.110415 0.0140586 0)
(-0.115055 0.0138787 0)
(-0.119449 0.0136904 0)
(-0.123604 0.0135005 0)
(-0.127524 0.0133156 0)
(-0.131216 0.0131413 0)
(-0.134684 0.0129826 0)
(-0.137932 0.0128438 0)
(-0.14096 0.0127289 0)
(-0.14377 0.0126417 0)
(-0.146359 0.0125844 0)
(-0.14872 0.0125581 0)
(-0.150847 0.0125628 0)
(-0.152727 0.0125963 0)
(-0.154344 0.0126547 0)
(-0.155676 0.0127323 0)
(-0.156696 0.0128223 0)
(-0.157374 0.0129183 0)
(-0.157674 0.0130134 0)
(-0.157554 0.0130948 0)
(-0.156967 0.0131493 0)
(-0.155857 0.0131612 0)
(-0.154158 0.0131132 0)
(-0.151794 0.0129871 0)
(-0.148685 0.0127663 0)
(-0.144756 0.0124371 0)
(-0.139914 0.0119549 0)
(-0.134073 0.011271 0)
(-0.127133 0.0103287 0)
(-0.119007 0.00906913 0)
(-0.109564 0.00737051 0)
(-0.098855 0.00521549 0)
(-0.0867243 0.00253179 0)
(-0.073248 -0.000691764 0)
(-0.0582673 -0.00453129 0)
(-0.0420061 -0.00896305 0)
(-0.024161 -0.0140174 0)
(-0.00513005 -0.0195339 0)
(0.015528 -0.0254728 0)
(0.0370391 -0.0315864 0)
(0.0602718 -0.0379238 0)
(0.0840326 -0.0442228 0)
(0.109494 -0.0505484 0)
(0.135193 -0.0565583 0)
(0.162398 -0.062416 0)
(0.1897 -0.0676567 0)
(0.217992 -0.0725257 0)
(0.246498 -0.0766947 0)
(0.27522 -0.0803359 0)
(0.304433 -0.0832075 0)
(0.332827 -0.0854406 0)
(0.362261 -0.086945 0)
(0.389613 -0.087754 0)
(0.41882 -0.0879789 0)
(0.444493 -0.0875001 0)
(0.473125 -0.0866328 0)
(0.496583 -0.0850824 0)
(0.524427 -0.0833867 0)
(0.545273 -0.081044 0)
(0.572276 -0.0788301 0)
(0.590239 -0.0759986 0)
(0.616513 -0.0735905 0)
(0.631442 -0.070572 0)
(0.657257 -0.0682853 0)
(0.669096 -0.0653611 0)
(0.694864 -0.0634923 0)
(0.703628 -0.0609195 0)
(0.729878 -0.0597525 0)
(0.73562 -0.0577793 0)
(0.762974 -0.0576047 0)
(0.76575 -0.0564887 0)
(0.794885 -0.0576079 0)
(-0.0012813 0.00695047 0)
(-0.00687741 0.013822 0)
(-0.0155084 0.0164585 0)
(-0.0240079 0.0176201 0)
(-0.0325148 0.0184537 0)
(-0.0407823 0.0192339 0)
(-0.0486821 0.0199117 0)
(-0.0561733 0.0204101 0)
(-0.0632259 0.0207099 0)
(-0.069808 0.0208371 0)
(-0.0759023 0.0208202 0)
(-0.0815036 0.0206843 0)
(-0.0866164 0.0204517 0)
(-0.0912515 0.0201417 0)
(-0.0954244 0.0197712 0)
(-0.0991531 0.0193549 0)
(-0.102457 0.0189053 0)
(-0.105355 0.0184327 0)
(-0.107866 0.0179451 0)
(-0.110005 0.0174506 0)
(-0.111789 0.0169565 0)
(-0.11323 0.0164687 0)
(-0.114338 0.0159923 0)
(-0.115123 0.0155313 0)
(-0.11559 0.0150884 0)
(-0.115738 0.0146649 0)
(-0.115567 0.0142615 0)
(-0.11507 0.0138796 0)
(-0.114241 0.0135182 0)
(-0.113064 0.0131742 0)
(-0.111526 0.0128437 0)
(-0.109606 0.0125205 0)
(-0.10728 0.0121966 0)
(-0.104518 0.0118617 0)
(-0.101287 0.011505 0)
(-0.0975463 0.0111189 0)
(-0.0932656 0.010699 0)
(-0.0883945 0.0102227 0)
(-0.0828883 0.00967008 0)
(-0.0766954 0.00902206 0)
(-0.0697533 0.0082556 0)
(-0.0619946 0.00734602 0)
(-0.0533222 0.00625327 0)
(-0.0437433 0.00494524 0)
(-0.0331423 0.00339482 0)
(-0.0214815 0.0015739 0)
(-0.00863322 -0.000574571 0)
(0.00532313 -0.00309387 0)
(0.0205669 -0.00606914 0)
(0.0369076 -0.0095328 0)
(0.0547065 -0.0135781 0)
(0.07355 -0.0181671 0)
(0.0939324 -0.0233665 0)
(0.115097 -0.0290576 0)
(0.137882 -0.0352843 0)
(0.161119 -0.0418753 0)
(0.186063 -0.0488866 0)
(0.211078 -0.0560065 0)
(0.237811 -0.0633368 0)
(0.264281 -0.0704962 0)
(0.292383 -0.0776289 0)
(0.319922 -0.0842972 0)
(0.348873 -0.0907002 0)
(0.377031 -0.096373 0)
(0.406224 -0.101569 0)
(0.434507 -0.105867 0)
(0.463298 -0.109544 0)
(0.491212 -0.112245 0)
(0.518943 -0.114248 0)
(0.546042 -0.115302 0)
(0.572124 -0.11565 0)
(0.598074 -0.115172 0)
(0.622029 -0.114038 0)
(0.646633 -0.11227 0)
(0.668108 -0.10993 0)
(0.691316 -0.107205 0)
(0.710092 -0.104005 0)
(0.731995 -0.100704 0)
(0.747966 -0.0970156 0)
(0.768784 -0.0935275 0)
(0.78194 -0.0897137 0)
(0.802 -0.0864092 0)
(0.812389 -0.0828023 0)
(0.832109 -0.0800211 0)
(0.83981 -0.0769188 0)
(0.859671 -0.0749727 0)
(0.864759 -0.0726455 0)
(0.88529 -0.0718305 0)
(0.887795 -0.070536 0)
(0.909553 -0.0711499 0)
(-0.00367144 0.0068378 0)
(-0.013481 0.0172926 0)
(-0.0245237 0.0220216 0)
(-0.033634 0.0246833 0)
(-0.0418898 0.026272 0)
(-0.0494876 0.0271116 0)
(-0.0563884 0.0273811 0)
(-0.062469 0.0272659 0)
(-0.0676389 0.0269024 0)
(-0.0719028 0.0263629 0)
(-0.0753189 0.0256936 0)
(-0.0779494 0.0249281 0)
(-0.0798569 0.0240948 0)
(-0.0811015 0.0232162 0)
(-0.0817389 0.0223101 0)
(-0.0818202 0.0213905 0)
(-0.081392 0.020469 0)
(-0.0804957 0.0195535 0)
(-0.0791645 0.0186471 0)
(-0.0774292 0.0177551 0)
(-0.0753144 0.0168818 0)
(-0.0728402 0.0160293 0)
(-0.0700215 0.015198 0)
(-0.0668692 0.0143884 0)
(-0.063389 0.0135987 0)
(-0.0595809 0.0128254 0)
(-0.0554364 0.0120645 0)
(-0.0509521 0.0113179 0)
(-0.0461129 0.010581 0)
(-0.0409002 0.00984648 0)
(-0.0352933 0.00910675 0)
(-0.0292668 0.00835294 0)
(-0.0227926 0.0075746 0)
(-0.0158365 0.00675834 0)
(-0.00835235 0.0058864 0)
(-0.000286475 0.00493337 0)
(0.00835121 0.00387779 0)
(0.0176319 0.00271585 0)
(0.0276064 0.00143152 0)
(0.0383099 1.45788e-06 0)
(0.0498168 -0.00160482 0)
(0.0621354 -0.00340744 0)
(0.0753869 -0.00543881 0)
(0.089501 -0.00773348 0)
(0.104677 -0.0103423 0)
(0.12082 -0.0132882 0)
(0.138177 -0.0166119 0)
(0.156463 -0.0203622 0)
(0.176115 -0.024592 0)
(0.196565 -0.0292684 0)
(0.218513 -0.0344864 0)
(0.24105 -0.0401857 0)
(0.265179 -0.0464591 0)
(0.289576 -0.0531477 0)
(0.3156 -0.0603422 0)
(0.341509 -0.0677829 0)
(0.369034 -0.0755719 0)
(0.396028 -0.0833503 0)
(0.424565 -0.091248 0)
(0.452145 -0.0988399 0)
(0.481141 -0.106296 0)
(0.508759 -0.113144 0)
(0.537604 -0.119606 0)
(0.564686 -0.125194 0)
(0.592748 -0.130191 0)
(0.618738 -0.134125 0)
(0.645418 -0.137345 0)
(0.669848 -0.139414 0)
(0.694639 -0.140735 0)
(0.71718 -0.140927 0)
(0.739716 -0.140421 0)
(0.760213 -0.138902 0)
(0.780281 -0.136802 0)
(0.798741 -0.133881 0)
(0.816257 -0.130538 0)
(0.832827 -0.126615 0)
(0.847815 -0.122443 0)
(0.862747 -0.117961 0)
(0.8753 -0.11339 0)
(0.888924 -0.108784 0)
(0.899175 -0.10422 0)
(0.911867 -0.0998914 0)
(0.919955 -0.0956946 0)
(0.932119 -0.0919996 0)
(0.938163 -0.0884813 0)
(0.950213 -0.0857312 0)
(0.954278 -0.0831588 0)
(0.966631 -0.0816322 0)
(0.9687 -0.0802406 0)
(0.981764 -0.0801963 0)
(-0.00179944 0.0288047 0)
(-0.00957263 0.0405604 0)
(-0.0240441 0.0404989 0)
(-0.0354245 0.038066 0)
(-0.0444385 0.036199 0)
(-0.050844 0.0346933 0)
(-0.054945 0.0332014 0)
(-0.0571426 0.0316488 0)
(-0.0577995 0.0300449 0)
(-0.0571963 0.0284155 0)
(-0.0555226 0.0267815 0)
(-0.0529297 0.0251581 0)
(-0.0495451 0.023563 0)
(-0.0454775 0.0220075 0)
(-0.0408183 0.020498 0)
(-0.0356457 0.0190388 0)
(-0.0300255 0.0176314 0)
(-0.0240196 0.0162752 0)
(-0.0176579 0.0149569 0)
(-0.010985 0.0136809 0)
(-0.00402834 0.0124483 0)
(0.00319164 0.0112556 0)
(0.0106607 0.010099 0)
(0.0183712 0.00897462 0)
(0.0263208 0.00787821 0)
(0.0345122 0.00680206 0)
(0.0429806 0.00573011 0)
(0.0517147 0.00464405 0)
(0.060737 0.00353736 0)
(0.0700785 0.00240692 0)
(0.0797661 0.00124507 0)
(0.0898331 3.85151e-05 0)
(0.100314 -0.00122744 0)
(0.111246 -0.00256949 0)
(0.122666 -0.00400446 0)
(0.134619 -0.00554964 0)
(0.147127 -0.00723229 0)
(0.160248 -0.00907411 0)
(0.17406 -0.0110944 0)
(0.18855 -0.0133138 0)
(0.203835 -0.0157612 0)
(0.219848 -0.0184594 0)
(0.236777 -0.0214424 0)
(0.254463 -0.0247191 0)
(0.273192 -0.0283309 0)
(0.292669 -0.0322985 0)
(0.313317 -0.0366758 0)
(0.334628 -0.0414617 0)
(0.357209 -0.0467208 0)
(0.380287 -0.0524117 0)
(0.404683 -0.0586084 0)
(0.429321 -0.0652191 0)
(0.455273 -0.0723166 0)
(0.481116 -0.0797294 0)
(0.508208 -0.0875236 0)
(0.534757 -0.0954418 0)
(0.562438 -0.103556 0)
(0.589083 -0.111531 0)
(0.616716 -0.119461 0)
(0.642792 -0.126951 0)
(0.669707 -0.13414 0)
(0.694551 -0.140589 0)
(0.720101 -0.146502 0)
(0.743113 -0.151418 0)
(0.766736 -0.155622 0)
(0.787445 -0.158652 0)
(0.808722 -0.160882 0)
(0.826838 -0.161862 0)
(0.845539 -0.162059 0)
(0.860984 -0.161039 0)
(0.877079 -0.159346 0)
(0.889976 -0.156565 0)
(0.90359 -0.153293 0)
(0.914201 -0.149131 0)
(0.92556 -0.144699 0)
(0.93423 -0.139613 0)
(0.943603 -0.134489 0)
(0.950714 -0.128955 0)
(0.958371 -0.123597 0)
(0.964303 -0.118064 0)
(0.970485 -0.112887 0)
(0.975592 -0.107751 0)
(0.980484 -0.103113 0)
(0.985087 -0.0987113 0)
(0.98881 -0.0949105 0)
(0.993192 -0.0915284 0)
(0.995783 -0.0888097 0)
(1.00019 -0.0866881 0)
(1.00159 -0.0852523 0)
(1.00623 -0.0845928 0)
(-0.0195817 0.00828017 0)
(-0.0378048 0.0318968 0)
(-0.0410085 0.0392119 0)
(-0.0431171 0.0399924 0)
(-0.0420253 0.0383242 0)
(-0.0386043 0.0355644 0)
(-0.0333114 0.0324991 0)
(-0.0264946 0.0294612 0)
(-0.0183992 0.026544 0)
(-0.00932814 0.0238217 0)
(0.000553549 0.0212662 0)
(0.0110633 0.0188601 0)
(0.0220523 0.0165988 0)
(0.0334051 0.0144756 0)
(0.0450348 0.0124801 0)
(0.0568648 0.0106035 0)
(0.0688441 0.00883834 0)
(0.0808816 0.007185 0)
(0.0930331 0.00564059 0)
(0.105234 0.00417979 0)
(0.117468 0.00277719 0)
(0.12973 0.00141682 0)
(0.142022 8.9017e-05 0)
(0.154352 -0.00121706 0)
(0.166733 -0.00251199 0)
(0.179165 -0.00380711 0)
(0.191694 -0.00511135 0)
(0.204332 -0.00643997 0)
(0.217115 -0.00780891 0)
(0.230089 -0.00923418 0)
(0.243288 -0.0107287 0)
(0.25675 -0.0123099 0)
(0.270516 -0.0139926 0)
(0.284624 -0.0157974 0)
(0.299123 -0.0177393 0)
(0.314041 -0.0198394 0)
(0.329442 -0.0221063 0)
(0.34533 -0.0245661 0)
(0.361799 -0.0272401 0)
(0.378811 -0.0301544 0)
(0.396493 -0.0333289 0)
(0.414748 -0.0367873 0)
(0.433754 -0.0405509 0)
(0.453333 -0.0446395 0)
(0.473729 -0.0490782 0)
(0.494653 -0.0538816 0)
(0.516432 -0.0590766 0)
(0.538628 -0.0646592 0)
(0.561669 -0.0706556 0)
(0.584931 -0.0770313 0)
(0.608974 -0.0838058 0)
(0.632945 -0.0909013 0)
(0.657578 -0.0983276 0)
(0.681752 -0.105949 0)
(0.706426 -0.113767 0)
(0.730165 -0.121581 0)
(0.754215 -0.129397 0)
(0.776801 -0.13695 0)
(0.799534 -0.144265 0)
(0.82026 -0.151026 0)
(0.841034 -0.157308 0)
(0.859295 -0.162753 0)
(0.877607 -0.167517 0)
(0.892977 -0.171215 0)
(0.908528 -0.174104 0)
(0.920817 -0.175783 0)
(0.933543 -0.176628 0)
(0.942803 -0.176219 0)
(0.952861 -0.175052 0)
(0.95936 -0.172689 0)
(0.967089 -0.169732 0)
(0.971247 -0.165722 0)
(0.977081 -0.161352 0)
(0.979379 -0.156124 0)
(0.983763 -0.150798 0)
(0.984664 -0.144831 0)
(0.988 -0.139025 0)
(0.987907 -0.132785 0)
(0.990513 -0.126942 0)
(0.989745 -0.120851 0)
(0.99185 -0.115356 0)
(0.99064 -0.109774 0)
(0.992383 -0.104951 0)
(0.990887 -0.100175 0)
(0.992329 -0.0962891 0)
(0.990641 -0.0925629 0)
(0.991761 -0.0898264 0)
(0.989926 -0.0873464 0)
(0.990623 -0.0859244 0)
(0.988644 -0.0848403 0)
(-0.0189445 0.107839 0)
(-0.0181805 0.0727246 0)
(-0.0113615 0.0580283 0)
(0.00107087 0.0461401 0)
(0.0173284 0.0363362 0)
(0.0357156 0.0288125 0)
(0.0553003 0.0229133 0)
(0.0753041 0.0180871 0)
(0.0956221 0.01395 0)
(0.115616 0.0103208 0)
(0.13548 0.00712472 0)
(0.155067 0.00431295 0)
(0.174294 0.00181335 0)
(0.193132 -0.000436091 0)
(0.211583 -0.00247832 0)
(0.229626 -0.00434405 0)
(0.247286 -0.00605678 0)
(0.264531 -0.00763868 0)
(0.281426 -0.00910847 0)
(0.29795 -0.0104874 0)
(0.314117 -0.0118013 0)
(0.329961 -0.0130752 0)
(0.345517 -0.0143297 0)
(0.36082 -0.0155847 0)
(0.375906 -0.0168578 0)
(0.390807 -0.0181657 0)
(0.405573 -0.0195207 0)
(0.420254 -0.0209332 0)
(0.434885 -0.0224146 0)
(0.449519 -0.0239854 0)
(0.464196 -0.0256612 0)
(0.478967 -0.0274631 0)
(0.49387 -0.0294045 0)
(0.508952 -0.0315065 0)
(0.524249 -0.0337803 0)
(0.539797 -0.0362477 0)
(0.555635 -0.0389187 0)
(0.571782 -0.0418171 0)
(0.588279 -0.0449537 0)
(0.605124 -0.0483533 0)
(0.62236 -0.0520234 0)
(0.639952 -0.0559872 0)
(0.657951 -0.0602488 0)
(0.676276 -0.0648286 0)
(0.694992 -0.0697268 0)
(0.713959 -0.0749591 0)
(0.733259 -0.0805212 0)
(0.752664 -0.0864182 0)
(0.772295 -0.0926338 0)
(0.791809 -0.0991512 0)
(0.811387 -0.105936 0)
(0.830547 -0.112941 0)
(0.849566 -0.120113 0)
(0.86779 -0.127365 0)
(0.885654 -0.134627 0)
(0.902287 -0.141771 0)
(0.91837 -0.148722 0)
(0.932779 -0.15531 0)
(0.946532 -0.161479 0)
(0.958193 -0.167023 0)
(0.96923 -0.171935 0)
(0.97782 -0.175985 0)
(0.985992 -0.179249 0)
(0.991444 -0.181474 0)
(0.996868 -0.182846 0)
(0.99938 -0.183086 0)
(1.00242 -0.182514 0)
(1.0024 -0.180805 0)
(1.00358 -0.178419 0)
(1.00157 -0.174967 0)
(1.00147 -0.171049 0)
(0.99803 -0.166197 0)
(0.997205 -0.161145 0)
(0.992821 -0.15532 0)
(0.991716 -0.149575 0)
(0.986765 -0.143218 0)
(0.985694 -0.137209 0)
(0.980421 -0.130733 0)
(0.979569 -0.124848 0)
(0.974103 -0.118615 0)
(0.973553 -0.113184 0)
(0.967933 -0.107501 0)
(0.967693 -0.1028 0)
(0.961889 -0.0979222 0)
(0.961914 -0.0941787 0)
(0.955852 -0.0903137 0)
(0.956051 -0.0877061 0)
(0.949616 -0.0850161 0)
(0.949851 -0.0836751 0)
(0.942897 -0.0822743 0)
(0.069766 0.00704047 0)
(0.089644 0.006543 0)
(0.153198 0.00610426 0)
(0.197963 0.00295385 0)
(0.236641 -0.00130448 0)
(0.271762 -0.00537706 0)
(0.304186 -0.00887937 0)
(0.333701 -0.0118288 0)
(0.361161 -0.0143393 0)
(0.386725 -0.0164869 0)
(0.410841 -0.0183559 0)
(0.433666 -0.0199958 0)
(0.455308 -0.0214467 0)
(0.475876 -0.0227395 0)
(0.495475 -0.0238986 0)
(0.514184 -0.0249418 0)
(0.532076 -0.025889 0)
(0.549209 -0.0267585 0)
(0.565642 -0.027578 0)
(0.581431 -0.0283674 0)
(0.596622 -0.0291438 0)
(0.611274 -0.0299274 0)
(0.625437 -0.0307374 0)
(0.639171 -0.0315936 0)
(0.652521 -0.0325127 0)
(0.665547 -0.0335114 0)
(0.678296 -0.0346041 0)
(0.690827 -0.0358063 0)
(0.703175 -0.0371297 0)
(0.715395 -0.0385904 0)
(0.727518 -0.0402001 0)
(0.739597 -0.0419755 0)
(0.751656 -0.0439268 0)
(0.763742 -0.0460715 0)
(0.775867 -0.0484193 0)
(0.788072 -0.0509877 0)
(0.800357 -0.0537839 0)
(0.812753 -0.0568252 0)
(0.825246 -0.0601163 0)
(0.837855 -0.0636741 0)
(0.850554 -0.0674997 0)
(0.863343 -0.0716083 0)
(0.87618 -0.0759951 0)
(0.889045 -0.0806725 0)
(0.901881 -0.085628 0)
(0.914638 -0.0908697 0)
(0.927244 -0.0963754 0)
(0.939616 -0.102145 0)
(0.951676 -0.108138 0)
(0.963298 -0.114341 0)
(0.974415 -0.120692 0)
(0.984846 -0.127155 0)
(0.994564 -0.133648 0)
(1.00332 -0.140111 0)
(1.01118 -0.146439 0)
(1.01781 -0.152551 0)
(1.02343 -0.158332 0)
(1.02758 -0.163687 0)
(1.03073 -0.16851 0)
(1.03225 -0.172704 0)
(1.03293 -0.176198 0)
(1.03188 -0.178895 0)
(1.03034 -0.180788 0)
(1.02703 -0.181777 0)
(1.02375 -0.18194 0)
(1.01863 -0.181159 0)
(1.01421 -0.179623 0)
(1.00782 -0.177165 0)
(1.00287 -0.174104 0)
(0.995688 -0.170194 0)
(0.990727 -0.165898 0)
(0.983097 -0.16085 0)
(0.978482 -0.155674 0)
(0.970599 -0.149846 0)
(0.966543 -0.144165 0)
(0.958469 -0.137913 0)
(0.955063 -0.132083 0)
(0.946761 -0.12574 0)
(0.944017 -0.120089 0)
(0.935396 -0.113958 0)
(0.933289 -0.108775 0)
(0.924226 -0.103121 0)
(0.922715 -0.0986589 0)
(0.913066 -0.0937086 0)
(0.912103 -0.0901775 0)
(0.901708 -0.0861197 0)
(0.901224 -0.0836839 0)
(0.889892 -0.0806597 0)
(0.889782 -0.0794245 0)
(0.877295 -0.077516 0)
(0.773393 -0.00909301 0)
(0.77487 -0.0204612 0)
(0.775627 -0.0266277 0)
(0.777217 -0.0302769 0)
(0.78076 -0.0328811 0)
(0.786032 -0.0350345 0)
(0.79275 -0.036866 0)
(0.800289 -0.0383378 0)
(0.808416 -0.0394726 0)
(0.816926 -0.0403019 0)
(0.82564 -0.0409041 0)
(0.834427 -0.0413481 0)
(0.843187 -0.0416774 0)
(0.851849 -0.0419183 0)
(0.860359 -0.042089 0)
(0.868674 -0.0422049 0)
(0.876765 -0.0422817 0)
(0.884611 -0.0423367 0)
(0.892199 -0.0423891 0)
(0.899529 -0.0424586 0)
(0.906602 -0.0425638 0)
(0.913432 -0.0427241 0)
(0.920031 -0.0429586 0)
(0.926421 -0.043286 0)
(0.932623 -0.0437234 0)
(0.938662 -0.0442873 0)
(0.944559 -0.0449935 0)
(0.950341 -0.0458573 0)
(0.956026 -0.0468908 0)
(0.961638 -0.0481058 0)
(0.96719 -0.049512 0)
(0.972703 -0.0511196 0)
(0.978186 -0.052937 0)
(0.983655 -0.054974 0)
(0.989105 -0.0572382 0)
(0.99455 -0.0597383 0)
(0.999977 -0.0624798 0)
(1.00539 -0.0654701 0)
(1.01076 -0.0687123 0)
(1.01609 -0.0722121 0)
(1.02134 -0.0759694 0)
(1.02649 -0.0799871 0)
(1.03148 -0.0842599 0)
(1.03631 -0.0887865 0)
(1.04089 -0.0935538 0)
(1.0452 -0.0985541 0)
(1.04914 -0.103762 0)
(1.05269 -0.109161 0)
(1.05574 -0.11471 0)
(1.05826 -0.120381 0)
(1.06014 -0.126114 0)
(1.06135 -0.131869 0)
(1.0618 -0.137566 0)
(1.06146 -0.143152 0)
(1.06027 -0.148531 0)
(1.05823 -0.153643 0)
(1.05533 -0.158382 0)
(1.05156 -0.162695 0)
(1.04702 -0.166475 0)
(1.04167 -0.169685 0)
(1.03575 -0.172232 0)
(1.0291 -0.174099 0)
(1.02218 -0.175221 0)
(1.01459 -0.1756 0)
(1.00711 -0.175214 0)
(0.998936 -0.174077 0)
(0.991288 -0.172224 0)
(0.982771 -0.169655 0)
(0.97524 -0.166483 0)
(0.966455 -0.162663 0)
(0.959179 -0.158404 0)
(0.950057 -0.153568 0)
(0.943088 -0.148499 0)
(0.933481 -0.142918 0)
(0.926843 -0.137345 0)
(0.916579 -0.131309 0)
(0.910314 -0.125549 0)
(0.899228 -0.119347 0)
(0.893424 -0.11372 0)
(0.881366 -0.107632 0)
(0.876161 -0.102442 0)
(0.862984 -0.096724 0)
(0.85855 -0.0922441 0)
(0.844072 -0.0871099 0)
(0.840594 -0.0835685 0)
(0.824569 -0.0791832 0)
(0.82222 -0.076756 0)
(0.804318 -0.0732264 0)
(0.803246 -0.0720128 0)
(0.783056 -0.0693661 0)
(1.05702 0.00843835 0)
(1.06009 0.000103135 0)
(1.06077 -0.00700177 0)
(1.05999 -0.0126042 0)
(1.05907 -0.0171783 0)
(1.05872 -0.021131 0)
(1.05908 -0.024638 0)
(1.06 -0.0277089 0)
(1.06125 -0.0303397 0)
(1.06269 -0.032548 0)
(1.06422 -0.034377 0)
(1.06581 -0.03588 0)
(1.06741 -0.0371087 0)
(1.06901 -0.0381087 0)
(1.07059 -0.0389191 0)
(1.07213 -0.039574 0)
(1.0736 -0.0401056 0)
(1.075 -0.0405444 0)
(1.07631 -0.0409207 0)
(1.07752 -0.041264 0)
(1.07864 -0.0416031 0)
(1.07966 -0.0419652 0)
(1.08058 -0.0423765 0)
(1.08142 -0.0428611 0)
(1.08217 -0.0434416 0)
(1.08285 -0.0441389 0)
(1.08347 -0.044972 0)
(1.08403 -0.0459577 0)
(1.08453 -0.0471108 0)
(1.08499 -0.0484434 0)
(1.0854 -0.0499663 0)
(1.08577 -0.0516885 0)
(1.08609 -0.0536181 0)
(1.08637 -0.0557613 0)
(1.08659 -0.0581238 0)
(1.08676 -0.0607095 0)
(1.08685 -0.0635224 0)
(1.08687 -0.0665646 0)
(1.08678 -0.0698379 0)
(1.08658 -0.0733419 0)
(1.08624 -0.0770756 0)
(1.08574 -0.0810349 0)
(1.08505 -0.0852142 0)
(1.08414 -0.0896041 0)
(1.08299 -0.0941923 0)
(1.08156 -0.0989619 0)
(1.07981 -0.103891 0)
(1.07772 -0.108954 0)
(1.07525 -0.114118 0)
(1.07239 -0.119345 0)
(1.06909 -0.12459 0)
(1.06535 -0.129804 0)
(1.06113 -0.134929 0)
(1.05645 -0.139906 0)
(1.05129 -0.144665 0)
(1.04568 -0.149146 0)
(1.0396 -0.153273 0)
(1.03311 -0.156995 0)
(1.0262 -0.160233 0)
(1.01895 -0.162951 0)
(1.01133 -0.165072 0)
(1.00341 -0.166578 0)
(0.99518 -0.1674 0)
(0.98664 -0.167547 0)
(0.977839 -0.166963 0)
(0.96864 -0.165693 0)
(0.95923 -0.163703 0)
(0.949242 -0.161067 0)
(0.93914 -0.157776 0)
(0.928188 -0.153913 0)
(0.917333 -0.149496 0)
(0.905254 -0.144595 0)
(0.893667 -0.139283 0)
(0.880364 -0.133594 0)
(0.868203 -0.127693 0)
(0.853664 -0.121523 0)
(0.841227 -0.115382 0)
(0.825485 -0.109049 0)
(0.813175 -0.103023 0)
(0.79625 -0.0968306 0)
(0.784548 -0.0912622 0)
(0.766376 -0.0854725 0)
(0.755814 -0.0806629 0)
(0.73617 -0.075462 0)
(0.727314 -0.0716533 0)
(0.70573 -0.0671444 0)
(0.699209 -0.0645221 0)
(0.674927 -0.0607263 0)
(0.671491 -0.0594097 0)
(0.643438 -0.0562577 0)
(1.08181 -0.00309456 0)
(1.08777 -0.0106305 0)
(1.09208 -0.0179184 0)
(1.09475 -0.0239621 0)
(1.09628 -0.0286184 0)
(1.09728 -0.0322122 0)
(1.09813 -0.0351018 0)
(1.099 -0.0375141 0)
(1.09987 -0.0395418 0)
(1.10071 -0.0412124 0)
(1.10147 -0.0425394 0)
(1.10213 -0.0435481 0)
(1.1027 -0.0442773 0)
(1.10318 -0.0447728 0)
(1.10359 -0.0450805 0)
(1.10392 -0.0452432 0)
(1.10417 -0.0452993 0)
(1.10435 -0.045284 0)
(1.10443 -0.04523 0)
(1.10442 -0.0451688 0)
(1.10432 -0.0451298 0)
(1.10413 -0.0451409 0)
(1.10384 -0.0452278 0)
(1.10347 -0.0454142 0)
(1.103 -0.0457217 0)
(1.10245 -0.0461692 0)
(1.10182 -0.0467735 0)
(1.10111 -0.0475494 0)
(1.10033 -0.0485089 0)
(1.09946 -0.0496622 0)
(1.09852 -0.0510174 0)
(1.0975 -0.0525807 0)
(1.0964 -0.0543572 0)
(1.09522 -0.0563502 0)
(1.09394 -0.0585624 0)
(1.09257 -0.0609954 0)
(1.09109 -0.0636504 0)
(1.0895 -0.0665272 0)
(1.08778 -0.0696253 0)
(1.08593 -0.0729422 0)
(1.08393 -0.0764743 0)
(1.08176 -0.0802159 0)
(1.07941 -0.0841591 0)
(1.07687 -0.0882928 0)
(1.07412 -0.0926034 0)
(1.07114 -0.0970725 0)
(1.06792 -0.101679 0)
(1.06442 -0.106395 0)
(1.06065 -0.11119 0)
(1.05657 -0.116026 0)
(1.05216 -0.120861 0)
(1.04741 -0.125645 0)
(1.04228 -0.130324 0)
(1.03676 -0.134838 0)
(1.03081 -0.139128 0)
(1.0244 -0.143128 0)
(1.01749 -0.146779 0)
(1.01005 -0.150018 0)
(1.00203 -0.152787 0)
(0.993397 -0.15503 0)
(0.984085 -0.156693 0)
(0.974065 -0.157731 0)
(0.963258 -0.15809 0)
(0.951641 -0.15774 0)
(0.939125 -0.156645 0)
(0.925703 -0.154813 0)
(0.911305 -0.152235 0)
(0.895943 -0.148972 0)
(0.879617 -0.145031 0)
(0.862326 -0.140504 0)
(0.844208 -0.135397 0)
(0.825166 -0.129831 0)
(0.805567 -0.123819 0)
(0.785074 -0.117524 0)
(0.764473 -0.110976 0)
(0.742946 -0.104351 0)
(0.721967 -0.0976832 0)
(0.699847 -0.0911147 0)
(0.679176 -0.0847038 0)
(0.656798 -0.0785156 0)
(0.637128 -0.0726865 0)
(0.614627 -0.0671249 0)
(0.596671 -0.0621409 0)
(0.57386 -0.0573508 0)
(0.558393 -0.0534085 0)
(0.534597 -0.0494121 0)
(0.522616 -0.0466606 0)
(0.496476 -0.0433573 0)
(0.489531 -0.041936 0)
(0.458721 -0.0391059 0)
(1.07461 -0.00700658 0)
(1.08069 -0.0119126 0)
(1.08564 -0.0170054 0)
(1.08939 -0.0217512 0)
(1.09209 -0.0258018 0)
(1.09404 -0.0291086 0)
(1.09556 -0.031805 0)
(1.09688 -0.0340506 0)
(1.0981 -0.0359531 0)
(1.09922 -0.0375605 0)
(1.10023 -0.0388873 0)
(1.10111 -0.0399419 0)
(1.10185 -0.0407424 0)
(1.10247 -0.0413185 0)
(1.10297 -0.0417071 0)
(1.10336 -0.0419474 0)
(1.10363 -0.0420772 0)
(1.1038 -0.0421321 0)
(1.10384 -0.0421455 0)
(1.10377 -0.0421488 0)
(1.10358 -0.0421722 0)
(1.10327 -0.0422438 0)
(1.10284 -0.0423894 0)
(1.1023 -0.0426327 0)
(1.10165 -0.0429943 0)
(1.10089 -0.0434926 0)
(1.10002 -0.0441432 0)
(1.09905 -0.0449597 0)
(1.09799 -0.0459534 0)
(1.09682 -0.0471338 0)
(1.09556 -0.0485078 0)
(1.0942 -0.0500808 0)
(1.09273 -0.0518563 0)
(1.09116 -0.0538367 0)
(1.08947 -0.0560234 0)
(1.08767 -0.0584172 0)
(1.08573 -0.0610177 0)
(1.08365 -0.0638242 0)
(1.08142 -0.0668344 0)
(1.07901 -0.0700455 0)
(1.07643 -0.0734522 0)
(1.07364 -0.0770479 0)
(1.07063 -0.080823 0)
(1.06737 -0.0847657 0)
(1.06385 -0.08886 0)
(1.06003 -0.0930871 0)
(1.05587 -0.0974231 0)
(1.05135 -0.10184 0)
(1.04643 -0.106305 0)
(1.04106 -0.110779 0)
(1.03518 -0.115215 0)
(1.02875 -0.119564 0)
(1.0217 -0.123765 0)
(1.01395 -0.127759 0)
(1.00544 -0.13148 0)
(0.996082 -0.134862 0)
(0.985786 -0.137839 0)
(0.974464 -0.140348 0)
(0.962039 -0.142328 0)
(0.948427 -0.143726 0)
(0.933569 -0.144491 0)
(0.917399 -0.144575 0)
(0.899885 -0.143932 0)
(0.880984 -0.142523 0)
(0.860693 -0.140323 0)
(0.839006 -0.137331 0)
(0.815966 -0.133583 0)
(0.791633 -0.129133 0)
(0.766127 -0.124051 0)
(0.739589 -0.118419 0)
(0.712211 -0.112312 0)
(0.684168 -0.105831 0)
(0.655685 -0.0990574 0)
(0.626923 -0.092129 0)
(0.598184 -0.0851414 0)
(0.569576 -0.0782609 0)
(0.541532 -0.0715457 0)
(0.513966 -0.0651563 0)
(0.48751 -0.0590799 0)
(0.461659 -0.0534656 0)
(0.437487 -0.0482299 0)
(0.413705 -0.0435299 0)
(0.392336 -0.0392322 0)
(0.370583 -0.035503 0)
(0.352453 -0.03219 0)
(0.332113 -0.0294092 0)
(0.317837 -0.0271041 0)
(0.297355 -0.0251463 0)
(0.288495 -0.0239246 0)
(0.264516 -0.0225041 0)
(1.06829 -0.0144532 0)
(1.07415 -0.0184214 0)
(1.07922 -0.0225146 0)
(1.08341 -0.0264589 0)
(1.08676 -0.0300134 0)
(1.08941 -0.0330513 0)
(1.09156 -0.035573 0)
(1.09339 -0.0376511 0)
(1.09504 -0.0393669 0)
(1.09654 -0.0407779 0)
(1.09791 -0.041915 0)
(1.09913 -0.042794 0)
(1.10019 -0.0434299 0)
(1.10108 -0.0438442 0)
(1.10181 -0.0440669 0)
(1.10238 -0.0441332 0)
(1.10278 -0.0440803 0)
(1.10302 -0.0439455 0)
(1.1031 -0.0437648 0)
(1.103 -0.0435725 0)
(1.10274 -0.0434011 0)
(1.10231 -0.0432807 0)
(1.10172 -0.0432387 0)
(1.10096 -0.0432993 0)
(1.10005 -0.0434828 0)
(1.09899 -0.0438064 0)
(1.09777 -0.0442846 0)
(1.09642 -0.0449301 0)
(1.09491 -0.0457531 0)
(1.09327 -0.0467619 0)
(1.09147 -0.0479624 0)
(1.08953 -0.0493588 0)
(1.08743 -0.0509533 0)
(1.08516 -0.0527468 0)
(1.08271 -0.0547387 0)
(1.08006 -0.0569279 0)
(1.0772 -0.059312 0)
(1.07411 -0.0618879 0)
(1.07076 -0.0646512 0)
(1.06712 -0.0675963 0)
(1.06317 -0.0707156 0)
(1.05887 -0.0739995 0)
(1.05419 -0.0774356 0)
(1.04907 -0.0810084 0)
(1.04348 -0.0846983 0)
(1.03736 -0.088482 0)
(1.03066 -0.0923314 0)
(1.0233 -0.0962141 0)
(1.01522 -0.100092 0)
(1.00635 -0.103921 0)
(0.996601 -0.107651 0)
(0.985886 -0.111224 0)
(0.97411 -0.114574 0)
(0.961178 -0.117635 0)
(0.946982 -0.120336 0)
(0.931426 -0.122609 0)
(0.914406 -0.124383 0)
(0.895838 -0.125598 0)
(0.875638 -0.126196 0)
(0.853761 -0.126135 0)
(0.830167 -0.125379 0)
(0.804871 -0.123899 0)
(0.777901 -0.121669 0)
(0.749328 -0.118673 0)
(0.719241 -0.114905 0)
(0.687765 -0.110395 0)
(0.655043 -0.105204 0)
(0.62128 -0.0994202 0)
(0.586732 -0.0931526 0)
(0.551721 -0.0865212 0)
(0.5166 -0.0796657 0)
(0.481723 -0.0727221 0)
(0.447449 -0.0658105 0)
(0.414068 -0.0590517 0)
(0.381906 -0.0525642 0)
(0.351224 -0.046452 0)
(0.322378 -0.0408039 0)
(0.295507 -0.0357171 0)
(0.270888 -0.0312211 0)
(0.248418 -0.0273524 0)
(0.228299 -0.0240494 0)
(0.210108 -0.0213182 0)
(0.194124 -0.0190212 0)
(0.179499 -0.0171891 0)
(0.166934 -0.0156129 0)
(0.154815 -0.0144414 0)
(0.145061 -0.0133753 0)
(0.134058 -0.0127841 0)
(0.127546 -0.0122275 0)
(0.114819 -0.0122003 0)
(1.06567 -0.0204486 0)
(1.07141 -0.023638 0)
(1.07653 -0.0268841 0)
(1.08098 -0.0300414 0)
(1.08473 -0.0329635 0)
(1.08786 -0.0355388 0)
(1.09048 -0.0377193 0)
(1.09272 -0.0395159 0)
(1.09469 -0.0409703 0)
(1.09644 -0.0421265 0)
(1.098 -0.0430173 0)
(1.09936 -0.0436634 0)
(1.10051 -0.0440807 0)
(1.10142 -0.0442874 0)
(1.10209 -0.0443075 0)
(1.1025 -0.0441713 0)
(1.10267 -0.0439138 0)
(1.10258 -0.0435718 0)
(1.10224 -0.0431827 0)
(1.10163 -0.0427825 0)
(1.10076 -0.0424059 0)
(1.09964 -0.0420849 0)
(1.09826 -0.0418487 0)
(1.09663 -0.0417219 0)
(1.09477 -0.0417235 0)
(1.09267 -0.0418688 0)
(1.09034 -0.04217 0)
(1.08777 -0.0426374 0)
(1.08496 -0.0432792 0)
(1.08192 -0.0441013 0)
(1.07862 -0.0451077 0)
(1.07507 -0.0463001 0)
(1.07124 -0.0476786 0)
(1.06711 -0.0492414 0)
(1.06267 -0.0509853 0)
(1.05787 -0.0529059 0)
(1.0527 -0.0549973 0)
(1.04711 -0.0572528 0)
(1.04107 -0.0596641 0)
(1.03452 -0.0622214 0)
(1.02742 -0.064913 0)
(1.0197 -0.0677247 0)
(1.01133 -0.0706395 0)
(1.00221 -0.0736368 0)
(0.992293 -0.0766916 0)
(0.981495 -0.0797742 0)
(0.969736 -0.08285 0)
(0.956927 -0.08588 0)
(0.942983 -0.0888224 0)
(0.927806 -0.0916288 0)
(0.911308 -0.0942437 0)
(0.893393 -0.0966049 0)
(0.87397 -0.0986465 0)
(0.852947 -0.100301 0)
(0.830243 -0.101503 0)
(0.805784 -0.102189 0)
(0.779519 -0.102305 0)
(0.751419 -0.101802 0)
(0.721485 -0.100638 0)
(0.689755 -0.0987863 0)
(0.656289 -0.0962214 0)
(0.621257 -0.092947 0)
(0.584826 -0.0889656 0)
(0.547271 -0.0843139 0)
(0.508911 -0.079068 0)
(0.470075 -0.0733274 0)
(0.431096 -0.0671973 0)
(0.392376 -0.0608007 0)
(0.354337 -0.0542819 0)
(0.317563 -0.047799 0)
(0.282513 -0.0415086 0)
(0.249761 -0.0356125 0)
(0.219731 -0.0303122 0)
(0.192688 -0.0257628 0)
(0.168651 -0.0219741 0)
(0.147678 -0.0189326 0)
(0.129575 -0.0165436 0)
(0.114033 -0.0146723 0)
(0.100743 -0.0131647 0)
(0.0892779 -0.0119207 0)
(0.0793175 -0.0108579 0)
(0.070473 -0.00995618 0)
(0.0626017 -0.0091558 0)
(0.0553762 -0.00846179 0)
(0.0488637 -0.00780431 0)
(0.0426685 -0.00726531 0)
(0.0371948 -0.00678196 0)
(0.0317185 -0.00662273 0)
(0.0276821 -0.00654088 0)
(0.0216479 -0.0071794 0)
(1.0664 -0.0266704 0)
(1.07196 -0.0291976 0)
(1.07695 -0.0317304 0)
(1.08131 -0.0342019 0)
(1.085 -0.0365292 0)
(1.08806 -0.0386274 0)
(1.09055 -0.0404326 0)
(1.09254 -0.0419184 0)
(1.09412 -0.0430917 0)
(1.09532 -0.0439759 0)
(1.09617 -0.0445959 0)
(1.09667 -0.0449717 0)
(1.09678 -0.0451198 0)
(1.09651 -0.0450564 0)
(1.09583 -0.044803 0)
(1.09473 -0.0443868 0)
(1.09322 -0.0438412 0)
(1.0913 -0.0432027 0)
(1.08896 -0.0425099 0)
(1.08621 -0.0418009 0)
(1.08307 -0.0411131 0)
(1.07954 -0.0404808 0)
(1.07563 -0.0399355 0)
(1.07135 -0.0395028 0)
(1.06672 -0.0392017 0)
(1.06174 -0.0390467 0)
(1.05641 -0.0390482 0)
(1.05073 -0.0392133 0)
(1.04469 -0.039546 0)
(1.03827 -0.0400473 0)
(1.03147 -0.0407167 0)
(1.02426 -0.0415513 0)
(1.01661 -0.0425468 0)
(1.00849 -0.0436975 0)
(0.99987 -0.0449964 0)
(0.990697 -0.0464351 0)
(0.980931 -0.0480043 0)
(0.970513 -0.049693 0)
(0.959393 -0.0514887 0)
(0.947503 -0.0533773 0)
(0.934783 -0.0553428 0)
(0.921159 -0.057367 0)
(0.906564 -0.0594285 0)
(0.890917 -0.0615035 0)
(0.874146 -0.063563 0)
(0.856169 -0.0655749 0)
(0.836907 -0.0674994 0)
(0.816282 -0.0692967 0)
(0.794216 -0.0709211 0)
(0.770636 -0.0723179 0)
(0.745491 -0.0734275 0)
(0.718732 -0.0741881 0)
(0.690335 -0.0745411 0)
(0.660282 -0.0744316 0)
(0.628592 -0.0738141 0)
(0.595303 -0.0726505 0)
(0.560506 -0.0709201 0)
(0.524325 -0.0686129 0)
(0.486973 -0.0657325 0)
(0.448679 -0.0622707 0)
(0.409722 -0.0582134 0)
(0.370501 -0.053585 0)
(0.331465 -0.0484159 0)
(0.293171 -0.0428455 0)
(0.256241 -0.0371491 0)
(0.22129 -0.0316559 0)
(0.188847 -0.0266563 0)
(0.159367 -0.0223765 0)
(0.133154 -0.0188529 0)
(0.110677 -0.0161098 0)
(0.0916972 -0.0139683 0)
(0.0757907 -0.0121976 0)
(0.0623647 -0.0107168 0)
(0.0508415 -0.00946126 0)
(0.0406259 -0.00842321 0)
(0.0315315 -0.00767295 0)
(0.0233974 -0.007126 0)
(0.0161649 -0.00665869 0)
(0.00977555 -0.00619696 0)
(0.00411211 -0.00571628 0)
(-0.000930107 -0.0052124 0)
(-0.00547098 -0.00470656 0)
(-0.00957911 -0.00421078 0)
(-0.0133552 -0.00375536 0)
(-0.016807 -0.00335297 0)
(-0.0200205 -0.00307701 0)
(-0.0229061 -0.00297164 0)
(-0.0255758 -0.00317213 0)
(-0.027907 -0.00362013 0)
(-0.0308093 -0.00458366 0)
(1.06603 -0.0309273 0)
(1.07002 -0.0328686 0)
(1.07319 -0.0347821 0)
(1.07547 -0.0366406 0)
(1.07684 -0.0383893 0)
(1.07732 -0.0399607 0)
(1.07694 -0.041294 0)
(1.07577 -0.04235 0)
(1.07385 -0.0431161 0)
(1.07123 -0.0435988 0)
(1.06795 -0.0438136 0)
(1.06404 -0.0437775 0)
(1.05949 -0.0435064 0)
(1.05433 -0.0430176 0)
(1.04856 -0.0423315 0)
(1.04221 -0.0414752 0)
(1.03531 -0.040482 0)
(1.02788 -0.0393907 0)
(1.01995 -0.0382425 0)
(1.01156 -0.0370802 0)
(1.00273 -0.0359433 0)
(0.99348 -0.0348677 0)
(0.98384 -0.0338832 0)
(0.973824 -0.0330154 0)
(0.963455 -0.0322885 0)
(0.952739 -0.0317205 0)
(0.941677 -0.0313213 0)
(0.930257 -0.031093 0)
(0.918464 -0.0310316 0)
(0.906274 -0.031129 0)
(0.893662 -0.0313749 0)
(0.880593 -0.0317574 0)
(0.867031 -0.0322646 0)
(0.852933 -0.0328837 0)
(0.838253 -0.0336025 0)
(0.822938 -0.0344074 0)
(0.806938 -0.0352857 0)
(0.790192 -0.036222 0)
(0.772648 -0.0372023 0)
(0.754239 -0.0382087 0)
(0.734916 -0.0392251 0)
(0.714607 -0.0402304 0)
(0.693272 -0.0412058 0)
(0.670841 -0.0421261 0)
(0.647288 -0.0429694 0)
(0.622552 -0.0437048 0)
(0.596636 -0.0443037 0)
(0.569512 -0.0447242 0)
(0.541183 -0.0449089 0)
(0.511675 -0.0447951 0)
(0.481053 -0.0443202 0)
(0.449403 -0.0434293 0)
(0.416856 -0.0420769 0)
(0.383572 -0.0402384 0)
(0.349772 -0.0379171 0)
(0.315726 -0.0351421 0)
(0.281748 -0.0319947 0)
(0.248222 -0.0286068 0)
(0.215648 -0.0251544 0)
(0.184555 -0.0218003 0)
(0.15554 -0.018698 0)
(0.129063 -0.0158807 0)
(0.105723 -0.0134483 0)
(0.0856108 -0.0114072 0)
(0.0684308 -0.00968593 0)
(0.0537338 -0.00821799 0)
(0.0410272 -0.00699516 0)
(0.0299015 -0.00606359 0)
(0.0198684 -0.00548005 0)
(0.0109297 -0.0052324 0)
(0.00312869 -0.00507856 0)
(-0.00364917 -0.00474468 0)
(-0.00954356 -0.00414431 0)
(-0.0146422 -0.00340992 0)
(-0.0191311 -0.00274921 0)
(-0.023099 -0.00227725 0)
(-0.0266575 -0.00201129 0)
(-0.0298883 -0.00190725 0)
(-0.0328368 -0.00188328 0)
(-0.0355256 -0.00186095 0)
(-0.0379697 -0.001794 0)
(-0.0401913 -0.00167007 0)
(-0.0422101 -0.00149731 0)
(-0.0440552 -0.00130394 0)
(-0.0457337 -0.00113126 0)
(-0.0472664 -0.00105592 0)
(-0.0486508 -0.00115187 0)
(-0.049983 -0.00149989 0)
(-0.051446 -0.00209064 0)
(-0.0530753 -0.00284087 0)
(1.02399 -0.0368091 0)
(1.01907 -0.0373734 0)
(1.01283 -0.0379295 0)
(1.00525 -0.0384626 0)
(0.996384 -0.0389309 0)
(0.986278 -0.0392814 0)
(0.975025 -0.039467 0)
(0.962736 -0.039452 0)
(0.949515 -0.0392125 0)
(0.935481 -0.03874 0)
(0.920747 -0.0380391 0)
(0.905421 -0.0371229 0)
(0.889596 -0.0360081 0)
(0.873362 -0.034715 0)
(0.856802 -0.0332662 0)
(0.839998 -0.0316893 0)
(0.823026 -0.0300165 0)
(0.80596 -0.0282855 0)
(0.788857 -0.0265365 0)
(0.771773 -0.02481 0)
(0.754742 -0.0231429 0)
(0.737799 -0.0215677 0)
(0.720951 -0.0201098 0)
(0.704195 -0.0187901 0)
(0.687531 -0.0176278 0)
(0.670954 -0.0166353 0)
(0.654446 -0.0158175 0)
(0.637979 -0.0151714 0)
(0.621516 -0.0146883 0)
(0.605012 -0.0143544 0)
(0.58842 -0.0141534 0)
(0.571686 -0.0140676 0)
(0.554759 -0.0140788 0)
(0.537586 -0.0141688 0)
(0.520115 -0.0143199 0)
(0.502293 -0.0145143 0)
(0.484076 -0.0147346 0)
(0.465419 -0.0149633 0)
(0.446286 -0.0151833 0)
(0.426643 -0.0153772 0)
(0.406473 -0.0155287 0)
(0.385758 -0.015621 0)
(0.364507 -0.0156399 0)
(0.342725 -0.01557 0)
(0.320467 -0.015403 0)
(0.29776 -0.0151266 0)
(0.274754 -0.0147431 0)
(0.251565 -0.0142361 0)
(0.228343 -0.0135889 0)
(0.205278 -0.0127986 0)
(0.182609 -0.0118744 0)
(0.160596 -0.0108381 0)
(0.139526 -0.00970792 0)
(0.119657 -0.00852449 0)
(0.101204 -0.0072589 0)
(0.0843688 -0.00599989 0)
(0.0691487 -0.00481744 0)
(0.0554578 -0.00377321 0)
(0.0431891 -0.0029479 0)
(0.0322256 -0.00243338 0)
(0.0224489 -0.00228175 0)
(0.013542 -0.00242697 0)
(0.00559091 -0.00277033 0)
(-0.00140988 -0.00299942 0)
(-0.00749537 -0.00282837 0)
(-0.0126735 -0.00223633 0)
(-0.0170211 -0.00142886 0)
(-0.020666 -0.000711346 0)
(-0.0237749 -0.000327297 0)
(-0.0265435 -0.000240775 0)
(-0.0291071 -0.000336036 0)
(-0.0314846 -0.00046317 0)
(-0.0336028 -0.000468129 0)
(-0.035401 -0.000380766 0)
(-0.0369008 -0.00026701 0)
(-0.0381664 -0.000187529 0)
(-0.039293 -0.000178092 0)
(-0.0403522 -0.000231247 0)
(-0.0413822 -0.0003025 0)
(-0.0423901 -0.000355367 0)
(-0.0433592 -0.00037176 0)
(-0.044265 -0.000349163 0)
(-0.0450857 -0.000293827 0)
(-0.0458117 -0.000220148 0)
(-0.0464452 -0.000151172 0)
(-0.0470088 -0.000133824 0)
(-0.0475508 -0.000229681 0)
(-0.048208 -0.000509593 0)
(-0.0492104 -0.000965349 0)
(-0.0504085 -0.00140483 0)
(0.714891 -0.020652 0)
(0.685942 -0.0202272 0)
(0.65689 -0.0198145 0)
(0.627755 -0.0194078 0)
(0.598601 -0.0189832 0)
(0.569507 -0.0185099 0)
(0.540605 -0.0179599 0)
(0.512064 -0.0173095 0)
(0.48405 -0.0165349 0)
(0.456737 -0.0156236 0)
(0.430297 -0.0145779 0)
(0.404888 -0.0134134 0)
(0.380648 -0.0121545 0)
(0.357693 -0.0108303 0)
(0.336118 -0.0094726 0)
(0.31599 -0.00811465 0)
(0.29735 -0.00679111 0)
(0.280206 -0.00553611 0)
(0.26453 -0.00438082 0)
(0.250262 -0.00335032 0)
(0.237313 -0.0024627 0)
(0.225567 -0.00172755 0)
(0.214895 -0.00114821 0)
(0.205159 -0.000714185 0)
(0.196224 -0.000403153 0)
(0.187958 -0.000193103 0)
(0.180232 -6.65323e-05 0)
(0.172923 -9.17615e-06 0)
(0.165917 -7.7612e-06 0)
(0.15911 -4.8966e-05 0)
(0.152416 -0.000119639 0)
(0.145763 -0.000207351 0)
(0.139092 -0.000300803 0)
(0.13236 -0.000389892 0)
(0.125537 -0.000465689 0)
(0.118606 -0.000520382 0)
(0.111561 -0.000547342 0)
(0.104408 -0.000541203 0)
(0.0971645 -0.00049803 0)
(0.0898565 -0.000415551 0)
(0.0825196 -0.000293379 0)
(0.0751958 -0.000133506 0)
(0.0679343 5.95414e-05 0)
(0.0607864 0.000277853 0)
(0.0538065 0.000510337 0)
(0.0470431 0.000740059 0)
(0.0405412 0.00094251 0)
(0.0343245 0.00107358 0)
(0.0284037 0.00109218 0)
(0.022777 0.000973618 0)
(0.017434 0.000714302 0)
(0.012358 0.000335948 0)
(0.00755013 -0.000108331 0)
(0.0030348 -0.000531452 0)
(-0.00123455 -0.000820533 0)
(-0.00513 -0.000995406 0)
(-0.00849321 -0.000988876 0)
(-0.011239 -0.000772186 0)
(-0.013333 -0.000393859 0)
(-0.0148378 4.15059e-05 0)
(-0.0158985 0.000408752 0)
(-0.0167666 0.000628952 0)
(-0.0176495 0.000715807 0)
(-0.0186537 0.000697268 0)
(-0.0196913 0.000632576 0)
(-0.0205688 0.000562495 0)
(-0.0211399 0.000506125 0)
(-0.0213788 0.000457053 0)
(-0.0213924 0.000388282 0)
(-0.0213525 0.000274808 0)
(-0.0213967 0.000150317 0)
(-0.0215676 6.38547e-05 0)
(-0.0218006 4.05192e-05 0)
(-0.0220012 6.41257e-05 0)
(-0.0221236 0.00010321 0)
(-0.0221722 0.000130771 0)
(-0.0221888 0.000134372 0)
(-0.0222213 0.00011668 0)
(-0.0222978 8.68228e-05 0)
(-0.0224215 5.57681e-05 0)
(-0.0225766 3.23751e-05 0)
(-0.0227388 2.14073e-05 0)
(-0.0228834 2.39769e-05 0)
(-0.022991 3.79106e-05 0)
(-0.0230527 5.80339e-05 0)
(-0.0230789 7.1686e-05 0)
(-0.0231115 5.4109e-05 0)
(-0.0232604 -3.4195e-05 0)
(-0.023743 -0.000204951 0)
(-0.0246038 -0.000364836 0)
)
;

boundaryField
{
    fixedWalls
    {
        type            noSlip;
    }
    inflowWall
    {
        type            fixedValue;
        value           uniform (1 0 0);
    }
    outflowWall
    {
        type            zeroGradient;
    }
    frontAndBack
    {
        type            empty;
    }
}


// ************************************************************************* //
