/*--------------------------------*- C++ -*----------------------------------*\
| =========                 |                                                 |
| \\      /  F ield         | OpenFOAM: The Open Source CFD Toolbox           |
|  \\    /   O peration     | Version:  2306                                  |
|   \\  /    A nd           | Website:  www.openfoam.com                      |
|    \\/     M anipulation  |                                                 |
\*---------------------------------------------------------------------------*/
FoamFile
{
    version     2.0;
    format      ascii;
    arch        "LSB;label=32;scalar=64";
    class       surfaceScalarField;
    location    "4.28";
    object      phi;
}
// * * * * * * * * * * * * * * * * * * * * * * * * * * * * * * * * * * * * * //

dimensions      [0 3 -1 0 0 0 0];

oriented        oriented;

internalField   nonuniform List<scalar> 
3680
(
4.9347e-05
6.53044e-07
4.79741e-05
1.37282e-06
4.66978e-05
1.27633e-06
4.52607e-05
1.43705e-06
4.41228e-05
1.13795e-06
4.27191e-05
1.40371e-06
4.17352e-05
9.83876e-07
4.0434e-05
1.30121e-06
3.98025e-05
6.31479e-07
9.8615e-07
3.88164e-05
5.03392e-05
3.13832e-07
5.08678e-05
8.44207e-07
5.11321e-05
1.01205e-06
5.14652e-05
1.10395e-06
5.15927e-05
1.01042e-06
5.19759e-05
1.02059e-06
5.20611e-05
8.98629e-07
5.25127e-05
8.49657e-07
5.25069e-05
6.37244e-07
4.30837e-07
5.30622e-05
5.01633e-05
1.50545e-07
5.05554e-05
4.52123e-07
5.09759e-05
5.91514e-07
5.14195e-05
6.6035e-07
5.18166e-05
6.13318e-07
5.22676e-05
5.69589e-07
5.26947e-05
4.71545e-07
5.31637e-05
3.8069e-07
5.35806e-05
2.20343e-07
1.04881e-08
5.40009e-05
5.00932e-05
5.73255e-08
5.03764e-05
1.68981e-07
5.0734e-05
2.33867e-07
5.1146e-05
2.48318e-07
5.15496e-05
2.0977e-07
5.19721e-05
1.47126e-07
5.23831e-05
6.05273e-08
5.28118e-05
-4.80041e-08
5.3222e-05
-1.89929e-07
-3.59943e-07
5.35925e-05
5.00738e-05
-1.64649e-08
5.02912e-05
-4.84685e-08
5.0611e-05
-8.59229e-08
5.09886e-05
-1.29268e-07
5.13801e-05
-1.81709e-07
5.17741e-05
-2.46848e-07
5.21649e-05
-3.30262e-07
5.2551e-05
-4.34159e-07
5.29205e-05
-5.59401e-07
-7.05627e-07
5.32662e-05
5.00732e-05
-8.96262e-08
5.02829e-05
-2.582e-07
5.05977e-05
-4.00721e-07
5.09651e-05
-4.96698e-07
5.13442e-05
-5.60743e-07
5.17212e-05
-6.23942e-07
5.20909e-05
-6.99938e-07
5.24518e-05
-7.94998e-07
5.28011e-05
-9.0875e-07
-1.03693e-06
5.31324e-05
5.00942e-05
-1.83817e-07
5.03555e-05
-5.19543e-07
5.06981e-05
-7.43327e-07
5.1068e-05
-8.66571e-07
5.14403e-05
-9.33022e-07
5.18039e-05
-9.87596e-07
5.21605e-05
-1.05647e-06
5.25116e-05
-1.14608e-06
5.28521e-05
-1.24927e-06
-1.35788e-06
5.3173e-05
5.01665e-05
-3.50282e-07
5.0518e-05
-8.71055e-07
5.09207e-05
-1.14603e-06
5.12994e-05
-1.24527e-06
5.16481e-05
-1.28172e-06
5.19853e-05
-1.32481e-06
5.23189e-05
-1.3901e-06
5.264e-05
-1.46717e-06
5.29347e-05
-1.544e-06
-1.61511e-06
5.3192e-05
5.03676e-05
-7.17884e-07
5.08004e-05
-1.30381e-06
5.1099e-05
-1.44467e-06
5.12764e-05
-1.42267e-06
5.14048e-05
-1.41015e-06
5.15034e-05
-1.42333e-06
5.15545e-05
-1.44128e-06
5.15417e-05
-1.45433e-06
5.14565e-05
-1.45882e-06
-1.45812e-06
5.12995e-05
4.92821e-05
4.79783e-05
4.65336e-05
4.5111e-05
4.37008e-05
4.22775e-05
4.08362e-05
3.93819e-05
3.79231e-05
3.64649e-05
1.44042e-08
-1.44042e-08
1.09891e-08
3.41494e-09
-7.48414e-09
1.84732e-08
-3.56344e-08
2.81503e-08
-7.07124e-08
3.5078e-08
-1.11419e-07
4.07064e-08
-1.57348e-07
4.59297e-08
-2.08239e-07
5.0891e-08
-2.63796e-07
5.55566e-08
-3.23686e-07
5.98896e-08
-3.87551e-07
6.3865e-08
-4.55023e-07
6.74723e-08
-5.25737e-07
7.07139e-08
-5.99337e-07
7.36e-08
-6.75484e-07
7.6147e-08
-7.5386e-07
7.83764e-08
-8.34174e-07
8.03137e-08
-9.16162e-07
8.19878e-08
-9.99593e-07
8.34317e-08
-1.08428e-06
8.46901e-08
-1.1701e-06
8.58196e-08
-1.25699e-06
8.68836e-08
-1.34494e-06
8.79499e-08
-1.43403e-06
8.90892e-08
-1.5244e-06
9.0376e-08
-1.61629e-06
9.18881e-08
-1.70999e-06
9.37017e-08
-1.80587e-06
9.58834e-08
-1.90436e-06
9.84877e-08
-2.00592e-06
1.01558e-07
-2.11105e-06
1.05132e-07
-2.22032e-06
1.09266e-07
-2.3344e-06
1.14078e-07
-2.45421e-06
1.19817e-07
-2.58113e-06
1.26915e-07
-2.71714e-06
1.36006e-07
-2.8651e-06
1.47962e-07
-3.02899e-06
1.63893e-07
-3.21405e-06
1.85059e-07
-3.42677e-06
2.1272e-07
-3.67464e-06
2.47875e-07
-3.96549e-06
2.90844e-07
-4.3062e-06
3.40711e-07
-4.70112e-06
3.94917e-07
-5.15041e-06
4.49293e-07
-5.64892e-06
4.98514e-07
-6.18571e-06
5.36783e-07
-6.7443e-06
5.58593e-07
-7.30384e-06
5.59538e-07
-7.84097e-06
5.37132e-07
-8.33224e-06
4.9127e-07
-8.75644e-06
4.24205e-07
-9.0927e-06
3.36255e-07
-9.32531e-06
2.32612e-07
-9.44233e-06
1.17023e-07
-9.43096e-06
-1.1377e-08
-9.29621e-06
-1.34743e-07
-9.03578e-06
-2.60435e-07
-8.65119e-06
-3.84585e-07
-8.14913e-06
-5.02065e-07
-7.5384e-06
-6.10728e-07
-6.83e-06
-7.08396e-07
-6.0357e-06
-7.94307e-07
-5.16914e-06
-8.6656e-07
-4.24374e-06
-9.25399e-07
-3.27339e-06
-9.70348e-07
-2.2751e-06
-9.9829e-07
-1.26141e-06
-1.01369e-06
-2.45845e-07
-1.01556e-06
7.60922e-07
-1.00677e-06
1.74694e-06
-9.86016e-07
2.70452e-06
-9.57584e-07
3.62337e-06
-9.18846e-07
4.49971e-06
-8.76343e-07
5.32555e-06
-8.25837e-07
6.10137e-06
-7.7582e-07
6.82058e-06
-7.19212e-07
7.48724e-06
-6.66665e-07
8.09664e-06
-6.09395e-07
8.6564e-06
-5.59763e-07
9.1626e-06
-5.06194e-07
9.62626e-06
-4.63664e-07
1.00434e-05
-4.17132e-07
1.04285e-05
-3.85133e-07
1.07764e-05
-3.47859e-07
1.1105e-05
-3.28665e-07
1.14068e-05
-3.01798e-07
1.17056e-05
-2.98784e-07
1.19913e-05
-2.85622e-07
-3.10026e-07
-1.07719e-08
-3.6322e-09
-6.42397e-08
5.68827e-08
-1.47526e-07
1.01759e-07
-2.52633e-07
1.33258e-07
-3.74703e-07
1.57148e-07
-5.11394e-07
1.77397e-07
-6.6107e-07
1.95605e-07
-8.22273e-07
2.12093e-07
-9.93621e-07
2.26905e-07
-1.1738e-06
2.40066e-07
-1.36155e-06
2.51613e-07
-1.55568e-06
2.61611e-07
-1.75512e-06
2.70149e-07
-1.95886e-06
2.77342e-07
-2.16604e-06
2.83322e-07
-2.3759e-06
2.88237e-07
-2.58783e-06
2.92243e-07
-2.80135e-06
2.95507e-07
-3.01612e-06
2.98205e-07
-3.23197e-06
3.00538e-07
-3.44888e-06
3.02732e-07
-3.66702e-06
3.05023e-07
-3.88672e-06
3.07654e-07
-4.1085e-06
3.10865e-07
-4.33303e-06
3.14902e-07
-4.56115e-06
3.20013e-07
-4.79389e-06
3.26441e-07
-5.03241e-06
3.34403e-07
-5.27801e-06
3.44085e-07
-5.5321e-06
3.55649e-07
-5.7962e-06
3.69234e-07
-6.07192e-06
3.84982e-07
-6.36093e-06
4.03089e-07
-6.665e-06
4.23887e-07
-6.98597e-06
4.47884e-07
-7.32564e-06
4.75685e-07
-7.68562e-06
5.07934e-07
-8.06699e-06
5.45268e-07
-8.47004e-06
5.88105e-07
-8.89374e-06
6.36423e-07
-9.33538e-06
6.89514e-07
-9.79016e-06
7.45628e-07
-1.02508e-05
8.01346e-07
-1.07072e-05
8.51285e-07
-1.11466e-05
8.88716e-07
-1.15543e-05
9.06272e-07
-1.19147e-05
8.97122e-07
-1.22117e-05
8.55558e-07
-1.24295e-05
7.77407e-07
-1.25536e-05
6.6125e-07
-1.25711e-05
5.08721e-07
-1.24707e-05
3.23828e-07
-1.22407e-05
1.06239e-07
-1.18818e-05
-1.26251e-07
-1.13964e-05
-3.68408e-07
-1.07857e-05
-6.22048e-07
-1.00425e-05
-8.78009e-07
-9.17525e-06
-1.12765e-06
-8.19103e-06
-1.36881e-06
-7.09936e-06
-1.59374e-06
-5.91079e-06
-1.7993e-06
-4.63896e-06
-1.98023e-06
-3.29491e-06
-2.13836e-06
-1.89503e-06
-2.26644e-06
-4.5134e-07
-2.36909e-06
1.01724e-06
-2.43893e-06
2.50243e-06
-2.48348e-06
3.9894e-06
-2.50066e-06
5.46655e-06
-2.49272e-06
6.92208e-06
-2.4623e-06
8.34608e-06
-2.41001e-06
9.72991e-06
-2.34142e-06
1.10663e-05
-2.25526e-06
1.23497e-05
-2.1597e-06
1.35753e-05
-2.05141e-06
1.47402e-05
-1.94071e-06
1.58425e-05
-1.82158e-06
1.68824e-05
-1.70654e-06
1.78597e-05
-1.58672e-06
1.87769e-05
-1.47693e-06
1.96355e-05
-1.36481e-06
2.04399e-05
-1.26804e-06
2.11929e-05
-1.17016e-06
2.19004e-05
-1.09266e-06
2.25665e-05
-1.01395e-06
2.31987e-05
-9.60879e-07
2.38023e-05
-9.05329e-07
2.43858e-05
-8.82312e-07
2.49535e-05
-8.53299e-07
-8.59504e-07
-4.99475e-08
4.63153e-08
-1.86258e-07
1.93194e-07
-3.68492e-07
2.83993e-07
-5.77807e-07
3.42574e-07
-8.05358e-07
3.84699e-07
-1.04869e-06
4.20731e-07
-1.30624e-06
4.53158e-07
-1.5755e-06
4.81349e-07
-1.85388e-06
5.05284e-07
-2.13899e-06
5.25176e-07
-2.42867e-06
5.41297e-07
-2.72104e-06
5.53976e-07
-3.01448e-06
5.63587e-07
-3.30766e-06
5.70527e-07
-3.59953e-06
5.75195e-07
-3.88928e-06
5.7798e-07
-4.1763e-06
5.79262e-07
-4.46021e-06
5.79421e-07
-4.74078e-06
5.78781e-07
-5.01797e-06
5.77722e-07
-5.29188e-06
5.76646e-07
-5.56279e-06
5.7593e-07
-5.83106e-06
5.75923e-07
-6.09713e-06
5.76942e-07
-6.36151e-06
5.79273e-07
-6.62468e-06
5.83184e-07
-6.88714e-06
5.88908e-07
-7.14934e-06
5.96597e-07
-7.41157e-06
6.0632e-07
-7.67399e-06
6.1807e-07
-7.93653e-06
6.31767e-07
-8.19882e-06
6.47275e-07
-8.46015e-06
6.64417e-07
-8.71941e-06
6.83147e-07
-8.97517e-06
7.03648e-07
-9.22547e-06
7.25986e-07
-9.46763e-06
7.5009e-07
-9.69817e-06
7.75806e-07
-9.91268e-06
8.02615e-07
-1.01057e-05
8.29403e-07
-1.02705e-05
8.54405e-07
-1.03998e-05
8.7488e-07
-1.04847e-05
8.86239e-07
-1.05162e-05
8.82777e-07
-1.0485e-05
8.5753e-07
-1.03818e-05
8.03028e-07
-1.01981e-05
7.13424e-07
-9.92749e-06
5.84993e-07
-9.56509e-06
4.15004e-07
-9.10611e-06
2.02272e-07
-8.54528e-06
-5.21124e-08
-7.88912e-06
-3.32327e-07
-7.13736e-06
-6.45525e-07
-6.28455e-06
-9.79061e-07
-5.32903e-06
-1.32393e-06
-4.27987e-06
-1.67121e-06
-3.14153e-06
-2.01635e-06
-1.92051e-06
-2.34866e-06
-6.22293e-07
-2.66703e-06
7.40544e-07
-2.95657e-06
2.16107e-06
-3.21982e-06
3.62877e-06
-3.44793e-06
5.13396e-06
-3.64354e-06
6.66404e-06
-3.79653e-06
8.20926e-06
-3.9143e-06
9.75876e-06
-3.98843e-06
1.13015e-05
-4.02626e-06
1.28258e-05
-4.02496e-06
1.43239e-05
-3.9908e-06
1.57852e-05
-3.92358e-06
1.72043e-05
-3.8291e-06
1.8573e-05
-3.71008e-06
1.98887e-05
-3.57096e-06
2.11456e-05
-3.41668e-06
2.23438e-05
-3.24963e-06
2.34798e-05
-3.0767e-06
2.45559e-05
-2.89769e-06
2.55706e-05
-2.72124e-06
2.6528e-05
-2.54411e-06
2.74281e-05
-2.37698e-06
2.82763e-05
-2.21302e-06
2.90738e-05
-2.06555e-06
2.98271e-05
-1.9235e-06
3.05384e-05
-1.8039e-06
3.12148e-05
-1.6904e-06
3.18594e-05
-1.60543e-06
3.24799e-05
-1.52587e-06
3.30788e-05
-1.48124e-06
3.36642e-05
-1.43863e-06
-1.44232e-06
-1.3825e-07
1.84565e-07
-3.92284e-07
4.47228e-07
-6.8576e-07
5.77468e-07
-9.96595e-07
6.53408e-07
-1.32263e-06
7.10737e-07
-1.66113e-06
7.59232e-07
-2.00709e-06
7.99117e-07
-2.3558e-06
8.30061e-07
-2.70327e-06
8.52755e-07
-3.04649e-06
8.68391e-07
-3.38301e-06
8.77814e-07
-3.71093e-06
8.81904e-07
-4.02893e-06
8.81581e-07
-4.33605e-06
8.77653e-07
-4.6317e-06
8.7084e-07
-4.91551e-06
8.61788e-07
-5.18731e-06
8.51065e-07
-5.44705e-06
8.39166e-07
-5.69482e-06
8.26546e-07
-5.93075e-06
8.13656e-07
-6.15503e-06
8.00919e-07
-6.36781e-06
7.88711e-07
-6.56924e-06
7.77351e-07
-6.75937e-06
7.67076e-07
-6.93815e-06
7.58055e-07
-7.10539e-06
7.50421e-07
-7.26075e-06
7.4427e-07
-7.40374e-06
7.39584e-07
-7.53361e-06
7.3619e-07
-7.64936e-06
7.33824e-07
-7.74971e-06
7.3212e-07
-7.83306e-06
7.30623e-07
-7.89746e-06
7.28815e-07
-7.94052e-06
7.26208e-07
-7.95938e-06
7.22512e-07
-7.95094e-06
7.17539e-07
-7.91146e-06
7.10611e-07
-7.83665e-06
7.00993e-07
-7.72161e-06
6.87576e-07
-7.56092e-06
6.68721e-07
-7.34842e-06
6.41898e-07
-7.07713e-06
6.03594e-07
-6.74198e-06
5.51084e-07
-6.3378e-06
4.78601e-07
-5.86029e-06
3.80016e-07
-5.3057e-06
2.48443e-07
-4.67033e-06
7.805e-08
-3.95627e-06
-1.29066e-07
-3.16435e-06
-3.76916e-07
-2.29579e-06
-6.66285e-07
-1.35316e-06
-9.94741e-07
-3.3268e-07
-1.35281e-06
7.60699e-07
-1.7389e-06
1.92094e-06
-2.1393e-06
3.14683e-06
-2.54982e-06
4.43421e-06
-2.95859e-06
5.77977e-06
-3.36191e-06
7.17691e-06
-3.74581e-06
8.61981e-06
-4.10992e-06
1.01016e-05
-4.43832e-06
1.1615e-05
-4.73328e-06
1.31492e-05
-4.98214e-06
1.4696e-05
-5.19036e-06
1.62449e-05
-5.34536e-06
1.77863e-05
-5.45572e-06
1.931e-05
-5.51219e-06
2.08083e-05
-5.52453e-06
2.22706e-05
-5.48721e-06
2.36914e-05
-5.41163e-06
2.50622e-05
-5.29442e-06
2.63803e-05
-5.14717e-06
2.76391e-05
-4.96886e-06
2.88385e-05
-4.7704e-06
2.99743e-05
-4.55244e-06
3.10487e-05
-4.32407e-06
3.20594e-05
-4.08736e-06
3.30106e-05
-3.84885e-06
3.39013e-05
-3.61193e-06
3.47372e-05
-3.38002e-06
3.55184e-05
-3.15822e-06
3.62517e-05
-2.94626e-06
3.69377e-05
-2.75163e-06
3.75841e-05
-2.56981e-06
3.81918e-05
-2.4116e-06
3.87689e-05
-2.26752e-06
3.93164e-05
-2.15299e-06
3.98431e-05
-2.05252e-06
4.03497e-05
-1.98781e-06
4.08477e-05
-1.93671e-06
-1.93149e-06
-1.95418e-07
3.79983e-07
-5.66213e-07
8.18023e-07
-9.84544e-07
9.95799e-07
-1.41231e-06
1.08117e-06
-1.83333e-06
1.13176e-06
-2.23891e-06
1.16481e-06
-2.62529e-06
1.1855e-06
-2.99137e-06
1.19614e-06
-3.33538e-06
1.19676e-06
-3.65583e-06
1.18884e-06
-3.95203e-06
1.17402e-06
-4.22388e-06
1.15375e-06
-4.47162e-06
1.12932e-06
-4.69579e-06
1.10181e-06
-4.89706e-06
1.07211e-06
-5.07622e-06
1.04095e-06
-5.23405e-06
1.0089e-06
-5.37128e-06
9.76398e-07
-5.48855e-06
9.43812e-07
-5.58641e-06
9.11517e-07
-5.66532e-06
8.79827e-07
-5.72559e-06
8.48979e-07
-5.76737e-06
8.19138e-07
-5.79064e-06
7.90345e-07
-5.79514e-06
7.62554e-07
-5.78038e-06
7.35658e-07
-5.74569e-06
7.09584e-07
-5.69025e-06
6.84144e-07
-5.61297e-06
6.58903e-07
-5.51248e-06
6.33342e-07
-5.38721e-06
6.06848e-07
-5.23528e-06
5.78691e-07
-5.05452e-06
5.48056e-07
-4.84236e-06
5.14049e-07
-4.59573e-06
4.75883e-07
-4.31173e-06
4.33532e-07
-3.98676e-06
3.85647e-07
-3.61686e-06
3.31095e-07
-3.19767e-06
2.68382e-07
-2.72447e-06
1.9552e-07
-2.19233e-06
1.09754e-07
-1.59429e-06
5.56132e-09
-9.32311e-07
-1.10898e-07
-2.01456e-07
-2.52253e-07
6.01353e-07
-4.22793e-07
1.47557e-06
-6.25779e-07
2.41846e-06
-8.64838e-07
3.43025e-06
-1.14085e-06
4.50921e-06
-1.45588e-06
5.65061e-06
-1.80768e-06
6.85038e-06
-2.19452e-06
8.10522e-06
-2.60765e-06
9.41049e-06
-3.04418e-06
1.07632e-05
-3.492e-06
1.216e-05
-3.94665e-06
1.35958e-05
-4.39433e-06
1.50656e-05
-4.83175e-06
1.6563e-05
-5.24317e-06
1.80804e-05
-5.62738e-06
1.96104e-05
-5.96832e-06
2.11446e-05
-6.26747e-06
2.26732e-05
-6.51072e-06
2.41869e-05
-6.70405e-06
2.56766e-05
-6.8351e-06
2.71341e-05
-6.91319e-06
2.85508e-05
-6.92889e-06
2.9921e-05
-6.89469e-06
3.12375e-05
-6.80374e-06
3.2497e-05
-6.67112e-06
3.36944e-05
-6.49187e-06
3.48294e-05
-6.28219e-06
3.58989e-05
-6.03833e-06
3.6905e-05
-5.7765e-06
3.78461e-05
-5.49351e-06
3.87265e-05
-5.20449e-06
3.95455e-05
-4.90636e-06
4.03091e-05
-4.61243e-06
4.10169e-05
-4.31975e-06
4.16762e-05
-4.03932e-06
4.22866e-05
-3.76858e-06
4.28562e-05
-3.51594e-06
4.33844e-05
-3.27977e-06
4.38801e-05
-3.06555e-06
4.43418e-05
-2.87331e-06
4.47796e-05
-2.70527e-06
4.51906e-05
-2.56403e-06
4.55862e-05
-2.44813e-06
4.59624e-05
-2.36397e-06
4.63316e-05
-2.30592e-06
-2.29076e-06
-4.22355e-07
8.02338e-07
-9.63075e-07
1.35874e-06
-1.45672e-06
1.48944e-06
-1.8915e-06
1.51595e-06
-2.28889e-06
1.52916e-06
-2.65397e-06
1.52989e-06
-2.98205e-06
1.51358e-06
-3.26704e-06
1.48114e-06
-3.50548e-06
1.4352e-06
-3.69947e-06
1.38282e-06
-3.85201e-06
1.32656e-06
-3.96608e-06
1.26782e-06
-4.04456e-06
1.20781e-06
-4.0902e-06
1.14746e-06
-4.1055e-06
1.08741e-06
-4.09269e-06
1.02814e-06
-4.05376e-06
9.69968e-07
-3.99035e-06
9.12992e-07
-3.90381e-06
8.57266e-07
-3.79521e-06
8.02918e-07
-3.66539e-06
7.50009e-07
-3.51491e-06
6.98494e-07
-3.34405e-06
6.48279e-07
-3.15279e-06
5.99091e-07
-2.94082e-06
5.50586e-07
-2.70749e-06
5.0232e-07
-2.45197e-06
4.5407e-07
-2.17332e-06
4.05492e-07
-1.87018e-06
3.55766e-07
-1.54103e-06
3.04192e-07
-1.18416e-06
2.49974e-07
-7.97599e-07
1.9213e-07
-3.79059e-07
1.29515e-07
7.43732e-08
6.06168e-08
5.66051e-07
-1.57945e-08
1.0965e-06
-9.69136e-08
1.6702e-06
-1.88053e-07
2.29085e-06
-2.89561e-07
2.96213e-06
-4.02899e-07
3.68779e-06
-5.30132e-07
4.47107e-06
-6.73527e-07
5.31194e-06
-8.35309e-07
6.21898e-06
-1.01794e-06
7.19186e-06
-1.22514e-06
8.23043e-06
-1.46136e-06
9.33361e-06
-1.72895e-06
1.04992e-05
-2.03047e-06
1.17244e-05
-2.36603e-06
1.30049e-05
-2.73639e-06
1.43356e-05
-3.13834e-06
1.5711e-05
-3.56988e-06
1.7126e-05
-4.02267e-06
1.85743e-05
-4.4925e-06
2.00501e-05
-4.96776e-06
2.15467e-05
-5.44327e-06
2.30572e-05
-5.90486e-06
2.45733e-05
-6.34786e-06
2.6087e-05
-6.7568e-06
2.75885e-05
-7.12895e-06
2.90694e-05
-7.44924e-06
3.05202e-05
-7.71819e-06
3.19321e-05
-7.9227e-06
3.32968e-05
-8.0687e-06
3.46075e-05
-8.14585e-06
3.58587e-05
-8.16433e-06
3.70458e-05
-8.11603e-06
3.81662e-05
-8.0151e-06
3.92178e-05
-7.85526e-06
4.02004e-05
-7.65378e-06
4.1114e-05
-7.40542e-06
4.19611e-05
-7.12929e-06
4.27428e-05
-6.82009e-06
4.34638e-05
-6.4975e-06
4.41257e-05
-6.15537e-06
4.47343e-05
-5.81306e-06
4.5291e-05
-5.46313e-06
4.58027e-05
-5.12409e-06
4.62701e-05
-4.78715e-06
4.67005e-05
-4.46976e-06
4.70939e-05
-4.16194e-06
4.7458e-05
-3.88009e-06
4.77916e-05
-3.61336e-06
4.81032e-05
-3.3771e-06
4.83899e-05
-3.16007e-06
4.86613e-05
-2.9766e-06
4.89128e-05
-2.81558e-06
4.9155e-05
-2.69032e-06
4.93815e-05
-2.5905e-06
4.9604e-05
-2.52842e-06
-2.50072e-06
-2.66942e-07
1.06928e-06
-8.63247e-07
1.95505e-06
-1.48406e-06
2.11026e-06
-2.00376e-06
2.03565e-06
-2.39504e-06
1.92043e-06
-2.66069e-06
1.79553e-06
-2.81847e-06
1.67136e-06
-2.88865e-06
1.55132e-06
-2.88862e-06
1.43517e-06
-2.8294e-06
1.3236e-06
-2.71933e-06
1.21649e-06
-2.56502e-06
1.11351e-06
-2.37218e-06
1.01496e-06
-2.14567e-06
9.2095e-07
-1.8896e-06
8.31345e-07
-1.60737e-06
7.45901e-07
-1.30184e-06
6.64435e-07
-9.75189e-07
5.86345e-07
-6.2913e-07
5.11207e-07
-2.65046e-07
4.38833e-07
1.16101e-07
3.68863e-07
5.13745e-07
3.0085e-07
9.27679e-07
2.34345e-07
1.35822e-06
1.68554e-07
1.80604e-06
1.0276e-07
2.27249e-06
3.58693e-08
2.75833e-06
-3.17664e-08
3.26429e-06
-1.00471e-07
3.79256e-06
-1.72502e-07
4.34508e-06
-2.48327e-07
4.9239e-06
-3.28843e-07
5.53123e-06
-4.15203e-07
6.16931e-06
-5.08561e-07
6.84006e-06
-6.10142e-07
7.54511e-06
-7.20845e-07
8.28984e-06
-8.41637e-07
9.076e-06
-9.74216e-07
9.90661e-06
-1.12017e-06
1.07846e-05
-1.28086e-06
1.17126e-05
-1.45821e-06
1.26931e-05
-1.65395e-06
1.37283e-05
-1.8705e-06
1.482e-05
-2.10968e-06
1.59687e-05
-2.37387e-06
1.71729e-05
-2.66556e-06
1.84305e-05
-2.98652e-06
1.97378e-05
-3.33775e-06
2.10903e-05
-3.71858e-06
2.2482e-05
-4.12807e-06
2.39062e-05
-4.56253e-06
2.53547e-05
-5.01842e-06
2.68198e-05
-5.48777e-06
2.82919e-05
-5.96455e-06
2.97623e-05
-6.43814e-06
3.12206e-05
-6.90164e-06
3.2658e-05
-7.34226e-06
3.40638e-05
-7.75356e-06
3.54288e-05
-8.12187e-06
3.67433e-05
-8.4434e-06
3.79998e-05
-8.70575e-06
3.91902e-05
-8.90866e-06
4.03093e-05
-9.0418e-06
4.13519e-05
-9.11124e-06
4.23162e-05
-9.11021e-06
4.32016e-05
-9.04968e-06
4.40092e-05
-8.92366e-06
4.47412e-05
-8.74707e-06
4.54009e-05
-8.51493e-06
4.59927e-05
-8.24559e-06
4.65212e-05
-7.9339e-06
4.69922e-05
-7.6003e-06
4.74104e-05
-7.23831e-06
4.77823e-05
-6.86936e-06
4.81117e-05
-6.48484e-06
4.84052e-05
-6.10652e-06
4.86654e-05
-5.72333e-06
4.88984e-05
-5.35715e-06
4.91057e-05
-4.9944e-06
4.92931e-05
-4.65712e-06
4.94604e-05
-4.32931e-06
4.96136e-05
-4.03331e-06
4.97512e-05
-3.75092e-06
4.98791e-05
-3.50504e-06
4.99945e-05
-3.27547e-06
5.01039e-05
-3.08595e-06
5.02028e-05
-2.91452e-06
5.02985e-05
-2.78604e-06
5.0385e-05
-2.67697e-06
5.04698e-05
-2.61322e-06
-2.57314e-06
-1.49543e-06
2.56471e-06
-1.94689e-06
2.40651e-06
-2.11276e-06
2.27613e-06
-2.12975e-06
2.05264e-06
-2.01751e-06
1.80819e-06
-1.79983e-06
1.57785e-06
-1.49592e-06
1.36745e-06
-1.12018e-06
1.17558e-06
-6.85299e-07
1.00029e-06
-2.03565e-07
8.41866e-07
3.15751e-07
6.97177e-07
8.64961e-07
5.64302e-07
1.43735e-06
4.42569e-07
2.02788e-06
3.30426e-07
2.6327e-06
2.2652e-07
3.24869e-06
1.29913e-07
3.8729e-06
4.02222e-08
4.50488e-06
-4.56309e-08
5.14391e-06
-1.27824e-07
5.78855e-06
-2.05803e-07
6.43855e-06
-2.8114e-07
7.0941e-06
-3.54697e-07
7.75514e-06
-4.267e-07
8.42313e-06
-4.99431e-07
9.09935e-06
-5.7346e-07
9.7847e-06
-6.49486e-07
1.04812e-05
-7.28228e-07
1.11914e-05
-8.10724e-07
1.19171e-05
-8.98221e-07
1.26606e-05
-9.91809e-07
1.34242e-05
-1.09246e-06
1.42104e-05
-1.20134e-06
1.50213e-05
-1.31951e-06
1.58594e-05
-1.44823e-06
1.67271e-05
-1.58857e-06
1.76272e-05
-1.74171e-06
1.85617e-05
-1.90872e-06
1.95327e-05
-2.09119e-06
2.05421e-05
-2.29027e-06
2.15915e-05
-2.5076e-06
2.26819e-05
-2.74438e-06
2.38139e-05
-3.00241e-06
2.49869e-05
-3.28275e-06
2.61998e-05
-3.58676e-06
2.74494e-05
-3.91511e-06
2.87314e-05
-4.26857e-06
3.00402e-05
-4.64648e-06
3.1369e-05
-5.04744e-06
3.27095e-05
-5.46856e-06
3.40531e-05
-5.90611e-06
3.53895e-05
-6.35486e-06
3.67083e-05
-6.80654e-06
3.79978e-05
-7.25409e-06
3.9248e-05
-7.68837e-06
4.04475e-05
-8.10109e-06
4.15871e-05
-8.48191e-06
4.2657e-05
-8.82343e-06
4.36508e-05
-9.11563e-06
4.45614e-05
-9.35404e-06
4.5386e-05
-9.53031e-06
4.61215e-05
-9.64422e-06
4.67693e-05
-9.68953e-06
4.7329e-05
-9.67094e-06
4.78059e-05
-9.58715e-06
4.82052e-05
-9.44893e-06
4.8534e-05
-9.25252e-06
4.87992e-05
-9.01221e-06
4.90087e-05
-8.72447e-06
4.91702e-05
-8.40713e-06
4.92913e-05
-8.05499e-06
4.93793e-05
-7.68829e-06
4.94401e-05
-7.29908e-06
4.948e-05
-6.90934e-06
4.9503e-05
-6.50775e-06
4.95142e-05
-6.11775e-06
4.95153e-05
-5.72445e-06
4.9511e-05
-5.35278e-06
4.95008e-05
-4.98424e-06
4.94891e-05
-4.64538e-06
4.94738e-05
-4.31408e-06
4.94593e-05
-4.01876e-06
4.94422e-05
-3.7338e-06
4.94269e-05
-3.48975e-06
4.94089e-05
-3.25755e-06
4.93932e-05
-3.07022e-06
4.93741e-05
-2.89536e-06
4.93567e-05
-2.76872e-06
4.93346e-05
-2.65481e-06
4.93139e-05
-2.59256e-06
-2.53995e-06
-8.95989e-07
3.4607e-06
-7.42512e-07
2.25303e-06
-2.52517e-07
1.78614e-06
4.59314e-07
1.34081e-06
1.32783e-06
9.39673e-07
2.28694e-06
6.18738e-07
3.29032e-06
3.64075e-07
4.31063e-06
1.55274e-07
5.33375e-06
-2.2832e-08
6.34498e-06
-1.69366e-07
7.34588e-06
-3.03717e-07
8.33478e-06
-4.24603e-07
9.30722e-06
-5.2987e-07
1.02624e-05
-6.24761e-07
1.12002e-05
-7.11294e-07
1.21209e-05
-7.90751e-07
1.30254e-05
-8.64332e-07
1.39135e-05
-9.33695e-07
1.47856e-05
-9.99887e-07
1.56434e-05
-1.06361e-06
1.64882e-05
-1.12599e-06
1.73214e-05
-1.18787e-06
1.81455e-05
-1.25076e-06
1.89622e-05
-1.31621e-06
1.97739e-05
-1.38508e-06
2.05827e-05
-1.45831e-06
2.13914e-05
-1.5369e-06
2.22025e-05
-1.62187e-06
2.30186e-05
-1.71429e-06
2.38421e-05
-1.81533e-06
2.46756e-05
-1.92594e-06
2.55214e-05
-2.04712e-06
2.63816e-05
-2.17974e-06
2.72583e-05
-2.3249e-06
2.81532e-05
-2.48348e-06
2.9068e-05
-2.65653e-06
3.0004e-05
-2.84477e-06
3.09622e-05
-3.04933e-06
3.19429e-05
-3.27096e-06
3.2946e-05
-3.51072e-06
3.39708e-05
-3.76915e-06
3.50158e-05
-4.04741e-06
3.60788e-05
-4.34581e-06
3.71561e-05
-4.66405e-06
3.82428e-05
-5.00177e-06
3.93327e-05
-5.35852e-06
4.04185e-05
-5.73227e-06
4.14919e-05
-6.12083e-06
4.25435e-05
-6.52011e-06
4.35632e-05
-6.92581e-06
4.45399e-05
-7.33156e-06
4.54641e-05
-7.73081e-06
4.63257e-05
-8.11564e-06
4.7116e-05
-8.47871e-06
4.78267e-05
-8.81183e-06
4.84525e-05
-9.10771e-06
4.89885e-05
-9.35942e-06
4.94339e-05
-9.56099e-06
4.9788e-05
-9.70815e-06
5.00547e-05
-9.79698e-06
5.02374e-05
-9.82695e-06
5.03443e-05
-9.79637e-06
5.03823e-05
-9.70901e-06
5.03617e-05
-9.56656e-06
5.02908e-05
-9.37805e-06
5.01809e-05
-9.14257e-06
5.00398e-05
-8.8711e-06
4.98774e-05
-8.56204e-06
4.96999e-05
-8.22969e-06
4.95148e-05
-7.8699e-06
4.93265e-05
-7.49996e-06
4.91395e-05
-7.11205e-06
4.89565e-05
-6.72634e-06
4.87793e-05
-6.33055e-06
4.86096e-05
-5.94808e-06
4.8447e-05
-5.56187e-06
4.82932e-05
-5.19897e-06
4.8146e-05
-4.83704e-06
4.80077e-05
-4.50702e-06
4.78744e-05
-4.18086e-06
4.77496e-05
-3.89388e-06
4.76278e-05
-3.61202e-06
4.75136e-05
-3.37553e-06
4.74e-05
-3.14399e-06
4.72929e-05
-2.96317e-06
4.71836e-05
-2.78598e-06
4.70791e-05
-2.66425e-06
4.69685e-05
-2.54425e-06
4.68605e-05
-2.48451e-06
-2.42241e-06
3.65536e-06
-1.94665e-07
6.38005e-06
-4.71657e-07
8.79035e-06
-6.24159e-07
1.09108e-05
-7.79595e-07
1.27842e-05
-9.33771e-07
1.44749e-05
-1.07192e-06
1.60274e-05
-1.18848e-06
1.74589e-05
-1.27626e-06
1.87951e-05
-1.35903e-06
2.00584e-05
-1.43259e-06
2.1252e-05
-1.4974e-06
2.23828e-05
-1.55539e-06
2.34601e-05
-1.60713e-06
2.4489e-05
-1.65365e-06
2.54736e-05
-1.69596e-06
2.64179e-05
-1.73499e-06
2.73251e-05
-1.77159e-06
2.81982e-05
-1.80676e-06
2.90398e-05
-1.84154e-06
2.98531e-05
-1.8769e-06
3.06409e-05
-1.91379e-06
3.14064e-05
-1.95332e-06
3.21523e-05
-1.99669e-06
3.28812e-05
-2.04513e-06
3.35958e-05
-2.09968e-06
3.42989e-05
-2.16134e-06
3.4993e-05
-2.23101e-06
3.56807e-05
-2.30959e-06
3.63644e-05
-2.39796e-06
3.70461e-05
-2.4971e-06
3.77283e-05
-2.6081e-06
3.84123e-05
-2.73118e-06
3.90998e-05
-2.86715e-06
3.97917e-05
-3.01681e-06
4.04889e-05
-3.18071e-06
4.11919e-05
-3.35949e-06
4.19007e-05
-3.55357e-06
4.26148e-05
-3.76347e-06
4.33333e-05
-3.98949e-06
4.40546e-05
-4.23201e-06
4.47765e-05
-4.49106e-06
4.54958e-05
-4.76668e-06
4.62083e-05
-5.05833e-06
4.69095e-05
-5.36527e-06
4.75939e-05
-5.68613e-06
4.82548e-05
-6.01941e-06
4.88851e-05
-6.36253e-06
4.94769e-05
-6.71264e-06
5.00223e-05
-7.06553e-06
5.05133e-05
-7.41685e-06
5.09425e-05
-7.76076e-06
5.13035e-05
-8.09179e-06
5.1591e-05
-8.40313e-06
5.18013e-05
-8.68906e-06
5.19325e-05
-8.94296e-06
5.1985e-05
-9.16018e-06
5.19611e-05
-9.33556e-06
5.18662e-05
-9.4661e-06
5.17064e-05
-9.54834e-06
5.14907e-05
-9.58125e-06
5.12272e-05
-9.56353e-06
5.09271e-05
-9.49619e-06
5.05995e-05
-9.38143e-06
5.02549e-05
-9.22197e-06
4.98991e-05
-9.02224e-06
4.95411e-05
-8.78463e-06
4.91848e-05
-8.51472e-06
4.88363e-05
-8.21356e-06
4.8496e-05
-7.88935e-06
4.81677e-05
-7.54161e-06
4.78496e-05
-7.18187e-06
4.75442e-05
-6.80665e-06
4.72485e-05
-6.43069e-06
4.69641e-05
-6.04612e-06
4.66878e-05
-5.67181e-06
4.64206e-05
-5.2947e-06
4.61604e-05
-4.93869e-06
4.59074e-05
-4.58409e-06
4.56608e-05
-4.26044e-06
4.542e-05
-3.94004e-06
4.51855e-05
-3.6594e-06
4.49551e-05
-3.38155e-06
4.4731e-05
-3.15149e-06
4.45085e-05
-2.92149e-06
4.42922e-05
-2.74685e-06
4.40737e-05
-2.56753e-06
4.38605e-05
-2.45102e-06
4.36396e-05
-2.32337e-06
4.34212e-05
-2.26604e-06
-2.19527e-06
3.86087e-05
1.29959e-08
3.85769e-05
-4.39862e-07
3.87159e-05
-7.6315e-07
3.89411e-05
-1.00476e-06
3.92144e-05
-1.20715e-06
3.95302e-05
-1.38768e-06
3.98896e-05
-1.54782e-06
4.0294e-05
-1.68067e-06
4.07232e-05
-1.7883e-06
4.11673e-05
-1.87661e-06
4.16192e-05
-1.94933e-06
4.20734e-05
-2.00959e-06
4.25259e-05
-2.05963e-06
4.29735e-05
-2.10124e-06
4.34136e-05
-2.13606e-06
4.38443e-05
-2.16571e-06
4.42644e-05
-2.19169e-06
4.46732e-05
-2.2155e-06
4.50702e-05
-2.23861e-06
4.54558e-05
-2.26245e-06
4.58304e-05
-2.28837e-06
4.61947e-05
-2.31771e-06
4.65498e-05
-2.35177e-06
4.68965e-05
-2.39179e-06
4.72358e-05
-2.43896e-06
4.75687e-05
-2.49432e-06
4.78966e-05
-2.55882e-06
4.82203e-05
-2.6333e-06
4.85408e-05
-2.71854e-06
4.8859e-05
-2.81529e-06
4.91751e-05
-2.92419e-06
4.94897e-05
-3.04572e-06
4.98028e-05
-3.18033e-06
5.01145e-05
-3.32844e-06
5.04242e-05
-3.4904e-06
5.07312e-05
-3.66648e-06
5.10344e-05
-3.85682e-06
5.13325e-05
-4.06153e-06
5.16235e-05
-4.28056e-06
5.19053e-05
-4.51376e-06
5.2175e-05
-4.76078e-06
5.24294e-05
-5.02106e-06
5.26648e-05
-5.29372e-06
5.28771e-05
-5.57762e-06
5.30621e-05
-5.87111e-06
5.32149e-05
-6.17223e-06
5.33309e-05
-6.47848e-06
5.34053e-05
-6.78701e-06
5.3434e-05
-7.09423e-06
5.34133e-05
-7.39618e-06
5.33409e-05
-7.68833e-06
5.32152e-05
-7.96611e-06
5.30366e-05
-8.22451e-06
5.28065e-05
-8.45899e-06
5.25281e-05
-8.66454e-06
5.22057e-05
-8.83782e-06
5.18458e-05
-8.97563e-06
5.1455e-05
-9.07537e-06
5.10409e-05
-9.13416e-06
5.06106e-05
-9.15098e-06
5.01707e-05
-9.12364e-06
4.97271e-05
-9.05262e-06
4.92833e-05
-8.9376e-06
4.88425e-05
-8.78113e-06
4.84047e-05
-8.58449e-06
4.79714e-05
-8.35135e-06
4.75406e-05
-8.08391e-06
4.7113e-05
-7.78595e-06
4.66847e-05
-7.46109e-06
4.62569e-05
-7.11378e-06
4.58255e-05
-6.75041e-06
4.53933e-05
-6.37445e-06
4.49565e-05
-5.99396e-06
4.45199e-05
-5.60948e-06
4.40797e-05
-5.23163e-06
4.36421e-05
-4.85708e-06
4.32034e-05
-4.49998e-06
4.27705e-05
-4.1512e-06
4.23395e-05
-3.82948e-06
4.19174e-05
-3.51793e-06
4.14999e-05
-3.24192e-06
4.1093e-05
-2.97463e-06
4.06923e-05
-2.7508e-06
4.03017e-05
-2.53091e-06
3.99174e-05
-2.36254e-06
3.95399e-05
-2.19003e-06
3.91675e-05
-2.07858e-06
3.87959e-05
-1.95174e-06
3.8427e-05
-1.89716e-06
-1.81665e-06
5.29845e-05
9.07065e-08
5.28902e-05
-3.45534e-07
5.2861e-05
-7.33936e-07
5.28844e-05
-1.0282e-06
5.29294e-05
-1.25215e-06
5.29768e-05
-1.43508e-06
5.30229e-05
-1.59392e-06
5.30754e-05
-1.73318e-06
5.31392e-05
-1.85207e-06
5.32132e-05
-1.95063e-06
5.32945e-05
-2.03069e-06
5.338e-05
-2.09502e-06
5.34669e-05
-2.14654e-06
5.35535e-05
-2.1878e-06
5.36383e-05
-2.22096e-06
5.37205e-05
-2.24791e-06
5.37993e-05
-2.27042e-06
5.38739e-05
-2.29018e-06
5.39442e-05
-2.30886e-06
5.40098e-05
-2.32806e-06
5.40708e-05
-2.34932e-06
5.41272e-05
-2.37413e-06
5.41792e-05
-2.40382e-06
5.42271e-05
-2.43971e-06
5.42712e-05
-2.48297e-06
5.43115e-05
-2.53467e-06
5.43484e-05
-2.59572e-06
5.43821e-05
-2.66695e-06
5.44126e-05
-2.74903e-06
5.44398e-05
-2.84258e-06
5.44637e-05
-2.94807e-06
5.44839e-05
-3.06595e-06
5.45001e-05
-3.19652e-06
5.45117e-05
-3.34004e-06
5.4518e-05
-3.49666e-06
5.4518e-05
-3.6665e-06
5.45107e-05
-3.84953e-06
5.44949e-05
-4.04569e-06
5.44691e-05
-4.25473e-06
5.44316e-05
-4.47634e-06
5.43809e-05
-4.71e-06
5.43148e-05
-4.95501e-06
5.42315e-05
-5.21041e-06
5.41289e-05
-5.47498e-06
5.40049e-05
-5.74711e-06
5.38574e-05
-6.02475e-06
5.36846e-05
-6.30571e-06
5.34851e-05
-6.58754e-06
5.3258e-05
-6.86708e-06
5.30026e-05
-7.1408e-06
5.27192e-05
-7.40492e-06
5.24085e-05
-7.65537e-06
5.2072e-05
-7.88801e-06
5.17116e-05
-8.09859e-06
5.133e-05
-8.28294e-06
5.09294e-05
-8.43729e-06
5.0512e-05
-8.55823e-06
5.00793e-05
-8.64263e-06
4.96327e-05
-8.68754e-06
4.91724e-05
-8.69071e-06
4.8698e-05
-8.64919e-06
4.82074e-05
-8.56202e-06
4.76985e-05
-8.42874e-06
4.71688e-05
-8.25147e-06
4.6616e-05
-8.03165e-06
4.60372e-05
-7.77258e-06
4.54312e-05
-7.47787e-06
4.47985e-05
-7.15329e-06
4.41395e-05
-6.80207e-06
4.34571e-05
-6.43132e-06
4.27527e-05
-6.04609e-06
4.20322e-05
-5.65395e-06
4.12979e-05
-5.25959e-06
4.05578e-05
-4.86943e-06
3.98141e-05
-4.48787e-06
3.90763e-05
-4.11931e-06
3.83443e-05
-3.76804e-06
3.76285e-05
-3.43539e-06
3.69257e-05
-3.12665e-06
3.62468e-05
-2.83902e-06
3.55851e-05
-2.58021e-06
3.49519e-05
-2.34148e-06
3.43367e-05
-2.1356e-06
3.37512e-05
-1.9454e-06
3.31808e-05
-1.79214e-06
3.26372e-05
-1.64639e-06
3.21035e-05
-1.54491e-06
3.15909e-05
-1.4391e-06
3.10825e-05
-1.38882e-06
-1.31285e-06
5.43209e-05
-2.29254e-07
5.45032e-05
-5.27894e-07
5.46076e-05
-8.38268e-07
5.4695e-05
-1.11563e-06
5.47821e-05
-1.3392e-06
5.48627e-05
-1.5157e-06
5.49295e-05
-1.66072e-06
5.49813e-05
-1.78501e-06
5.50223e-05
-1.89304e-06
5.50571e-05
-1.98544e-06
5.50885e-05
-2.06208e-06
5.51172e-05
-2.12374e-06
5.51429e-05
-2.17225e-06
5.5165e-05
-2.20991e-06
5.51831e-05
-2.23899e-06
5.51967e-05
-2.26154e-06
5.52057e-05
-2.27946e-06
5.52101e-05
-2.29449e-06
5.52095e-05
-2.3083e-06
5.5204e-05
-2.32255e-06
5.51935e-05
-2.33882e-06
5.5178e-05
-2.35862e-06
5.51575e-05
-2.38336e-06
5.51321e-05
-2.41435e-06
5.51019e-05
-2.45276e-06
5.50669e-05
-2.49965e-06
5.50271e-05
-2.55593e-06
5.49826e-05
-2.62238e-06
5.49332e-05
-2.69964e-06
5.48789e-05
-2.78825e-06
5.48194e-05
-2.88864e-06
5.47546e-05
-3.00116e-06
5.46842e-05
-3.12606e-06
5.46076e-05
-3.26352e-06
5.45246e-05
-3.41362e-06
5.44345e-05
-3.5764e-06
5.43367e-05
-3.75176e-06
5.42306e-05
-3.93956e-06
5.41154e-05
-4.1395e-06
5.39902e-05
-4.35119e-06
5.38542e-05
-4.57401e-06
5.37065e-05
-4.80726e-06
5.35459e-05
-5.04987e-06
5.33715e-05
-5.30059e-06
5.31821e-05
-5.55768e-06
5.29765e-05
-5.81914e-06
5.27534e-05
-6.08266e-06
5.25115e-05
-6.34563e-06
5.22493e-05
-6.60486e-06
5.19652e-05
-6.85672e-06
5.16575e-05
-7.0972e-06
5.13242e-05
-7.32207e-06
5.09633e-05
-7.52713e-06
5.05727e-05
-7.70803e-06
5.01504e-05
-7.8606e-06
4.96936e-05
-7.98048e-06
4.91993e-05
-8.06396e-06
4.86641e-05
-8.10739e-06
4.80842e-05
-8.10766e-06
4.74555e-05
-8.06196e-06
4.67743e-05
-7.96802e-06
4.60377e-05
-7.82544e-06
4.5245e-05
-7.63598e-06
4.43962e-05
-7.40273e-06
4.34927e-05
-7.12815e-06
4.25352e-05
-6.81506e-06
4.15273e-05
-6.47001e-06
4.04753e-05
-6.10129e-06
3.93877e-05
-5.71447e-06
3.82733e-05
-5.3169e-06
3.71416e-05
-4.9144e-06
3.60017e-05
-4.51407e-06
3.48633e-05
-4.12113e-06
3.37366e-05
-3.74279e-06
3.2631e-05
-3.38228e-06
3.15564e-05
-3.04467e-06
3.05185e-05
-2.73012e-06
2.95252e-05
-2.44215e-06
2.8578e-05
-2.17946e-06
2.76837e-05
-1.94465e-06
2.68385e-05
-1.73507e-06
2.60489e-05
-1.55189e-06
2.53054e-05
-1.39205e-06
2.46151e-05
-1.25511e-06
2.39625e-05
-1.13955e-06
2.33582e-05
-1.0421e-06
2.27793e-05
-9.66042e-07
2.22416e-05
-9.01399e-07
2.17149e-05
-8.62067e-07
-8.21175e-07
5.3921e-05
-5.5777e-07
5.41747e-05
-7.81648e-07
5.43571e-05
-1.02068e-06
5.44918e-05
-1.25026e-06
5.46028e-05
-1.45018e-06
5.47017e-05
-1.61463e-06
5.47895e-05
-1.74857e-06
5.48646e-05
-1.86007e-06
5.49267e-05
-1.95516e-06
5.49778e-05
-2.03655e-06
5.50205e-05
-2.10479e-06
5.50568e-05
-2.16003e-06
5.50876e-05
-2.20303e-06
5.51129e-05
-2.23527e-06
5.51326e-05
-2.25868e-06
5.51463e-05
-2.27525e-06
5.51538e-05
-2.28697e-06
5.5155e-05
-2.29565e-06
5.51498e-05
-2.30306e-06
5.51381e-05
-2.31086e-06
5.512e-05
-2.3207e-06
5.50954e-05
-2.3341e-06
5.50646e-05
-2.35252e-06
5.50275e-05
-2.37729e-06
5.49843e-05
-2.40957e-06
5.49351e-05
-2.4504e-06
5.48798e-05
-2.50068e-06
5.48187e-05
-2.5612e-06
5.47515e-05
-2.63254e-06
5.46784e-05
-2.71514e-06
5.45992e-05
-2.80938e-06
5.45135e-05
-2.9155e-06
5.44211e-05
-3.03367e-06
5.43216e-05
-3.16398e-06
5.42144e-05
-3.30643e-06
5.4099e-05
-3.46094e-06
5.39745e-05
-3.62731e-06
5.38402e-05
-3.80529e-06
5.36952e-05
-3.99444e-06
5.35382e-05
-4.19421e-06
5.3368e-05
-4.40382e-06
5.31831e-05
-4.62236e-06
5.29818e-05
-4.84855e-06
5.27621e-05
-5.08089e-06
5.25218e-05
-5.31736e-06
5.22583e-05
-5.55563e-06
5.19686e-05
-5.79295e-06
5.16492e-05
-6.02629e-06
5.12963e-05
-6.25195e-06
5.09054e-05
-6.46581e-06
5.04715e-05
-6.66333e-06
4.99894e-05
-6.83992e-06
4.94534e-05
-6.99114e-06
4.88582e-05
-7.11285e-06
4.81989e-05
-7.20133e-06
4.74714e-05
-7.25296e-06
4.6672e-05
-7.26456e-06
4.57972e-05
-7.23257e-06
4.48433e-05
-7.15379e-06
4.38066e-05
-7.02525e-06
4.26848e-05
-6.84617e-06
4.14788e-05
-6.61951e-06
4.01951e-05
-6.35222e-06
3.88416e-05
-6.04931e-06
3.74265e-05
-5.71298e-06
3.59577e-05
-5.34632e-06
3.44449e-05
-4.95721e-06
3.29004e-05
-4.55678e-06
3.13415e-05
-4.15555e-06
2.97854e-05
-3.76079e-06
2.82485e-05
-3.37754e-06
2.67453e-05
-3.01079e-06
2.529e-05
-2.66584e-06
2.38952e-05
-2.34801e-06
2.25726e-05
-2.05973e-06
2.13309e-05
-1.80293e-06
2.01773e-05
-1.57652e-06
1.91157e-05
-1.38057e-06
1.81478e-05
-1.21155e-06
1.72721e-05
-1.06889e-06
1.64844e-05
-9.47424e-07
1.57797e-05
-8.47227e-07
1.51495e-05
-7.61814e-07
1.45877e-05
-6.93283e-07
1.40822e-05
-6.34029e-07
1.36294e-05
-5.89293e-07
1.32131e-05
-5.49757e-07
1.2836e-05
-5.24305e-07
1.24759e-05
-5.01962e-07
-4.90891e-07
5.35789e-05
-8.70453e-07
5.38466e-05
-1.04936e-06
5.40614e-05
-1.23554e-06
5.42299e-05
-1.41873e-06
5.43675e-05
-1.58778e-06
5.4487e-05
-1.73409e-06
5.45939e-05
-1.85548e-06
5.46894e-05
-1.95559e-06
5.47733e-05
-2.03904e-06
5.48456e-05
-2.1089e-06
5.49074e-05
-2.1666e-06
5.49601e-05
-2.21265e-06
5.50045e-05
-2.24744e-06
5.50411e-05
-2.27186e-06
5.50697e-05
-2.28733e-06
5.50901e-05
-2.29562e-06
5.51018e-05
-2.29868e-06
5.51045e-05
-2.29842e-06
5.50982e-05
-2.29673e-06
5.50828e-05
-2.29544e-06
5.50583e-05
-2.29623e-06
5.50249e-05
-2.30065e-06
5.49825e-05
-2.31018e-06
5.49314e-05
-2.32612e-06
5.48714e-05
-2.34963e-06
5.48028e-05
-2.38174e-06
5.47255e-05
-2.42335e-06
5.46394e-05
-2.47519e-06
5.45447e-05
-2.53778e-06
5.44409e-05
-2.61134e-06
5.43277e-05
-2.69615e-06
5.42045e-05
-2.79229e-06
5.40706e-05
-2.89977e-06
5.39251e-05
-3.01849e-06
5.37669e-05
-3.14828e-06
5.35948e-05
-3.28886e-06
5.34074e-05
-3.43985e-06
5.32028e-05
-3.60074e-06
5.29792e-05
-3.77087e-06
5.27345e-05
-3.94941e-06
5.24659e-05
-4.13528e-06
5.21707e-05
-4.32717e-06
5.18456e-05
-4.52345e-06
5.1487e-05
-4.72222e-06
5.10907e-05
-4.9211e-06
5.06524e-05
-5.11731e-06
5.01671e-05
-5.3077e-06
4.96295e-05
-5.48871e-06
4.90336e-05
-5.656e-06
4.83728e-05
-5.80506e-06
4.76405e-05
-5.93103e-06
4.683e-05
-6.02936e-06
4.59344e-05
-6.09557e-06
4.49475e-05
-6.1259e-06
4.38638e-05
-6.11767e-06
4.26818e-05
-6.07092e-06
4.14012e-05
-5.98399e-06
4.00236e-05
-5.85496e-06
3.85501e-05
-5.68032e-06
3.69798e-05
-5.45498e-06
3.53158e-05
-5.18219e-06
3.3567e-05
-4.87071e-06
3.17498e-05
-4.53501e-06
2.98819e-05
-4.18135e-06
2.79818e-05
-3.81292e-06
2.60706e-05
-3.43514e-06
2.41674e-05
-3.05401e-06
2.22921e-05
-2.68143e-06
2.04683e-05
-2.33178e-06
1.87208e-05
-2.01332e-06
1.70725e-05
-1.72916e-06
1.5543e-05
-1.48135e-06
1.41474e-05
-1.27019e-06
1.28945e-05
-1.09508e-06
1.1787e-05
-9.52233e-07
1.08199e-05
-8.35887e-07
9.98444e-06
-7.41049e-07
9.2679e-06
-6.64031e-07
8.65688e-06
-6.00527e-07
8.13599e-06
-5.47998e-07
7.69159e-06
-5.03029e-07
7.30945e-06
-4.65088e-07
6.97885e-06
-4.31208e-07
6.68836e-06
-4.02795e-07
6.43067e-06
-3.76347e-07
6.19724e-06
-3.55854e-07
5.98329e-06
-3.35815e-07
5.78345e-06
-3.24461e-07
5.59213e-06
-3.10644e-07
-3.08743e-07
5.34367e-05
-1.17472e-06
5.37058e-05
-1.3185e-06
5.39354e-05
-1.46512e-06
5.41269e-05
-1.61022e-06
5.42871e-05
-1.74795e-06
5.4425e-05
-1.87197e-06
5.45473e-05
-1.97784e-06
5.46568e-05
-2.06507e-06
5.47537e-05
-2.13594e-06
5.48378e-05
-2.19295e-06
5.49089e-05
-2.23773e-06
5.49674e-05
-2.27113e-06
5.50136e-05
-2.29365e-06
5.50477e-05
-2.30592e-06
5.50694e-05
-2.30904e-06
5.50783e-05
-2.30454e-06
5.50739e-05
-2.29425e-06
5.50556e-05
-2.28016e-06
5.50232e-05
-2.26435e-06
5.49766e-05
-2.24886e-06
5.4916e-05
-2.23562e-06
5.48416e-05
-2.2262e-06
5.47533e-05
-2.22193e-06
5.46512e-05
-2.22398e-06
5.45351e-05
-2.23353e-06
5.4405e-05
-2.2516e-06
5.42607e-05
-2.27906e-06
5.41019e-05
-2.31644e-06
5.39282e-05
-2.36409e-06
5.37389e-05
-2.42206e-06
5.35331e-05
-2.49035e-06
5.33096e-05
-2.56878e-06
5.30669e-05
-2.6571e-06
5.28034e-05
-2.75491e-06
5.25169e-05
-2.86179e-06
5.22051e-05
-2.97711e-06
5.18655e-05
-3.10025e-06
5.14951e-05
-3.23034e-06
5.10907e-05
-3.36645e-06
5.06487e-05
-3.50735e-06
5.01651e-05
-3.65168e-06
4.96356e-05
-3.79767e-06
4.90554e-05
-3.94325e-06
4.84191e-05
-4.08599e-06
4.77212e-05
-4.22316e-06
4.69561e-05
-4.35222e-06
4.61184e-05
-4.46997e-06
4.52019e-05
-4.57223e-06
4.42001e-05
-4.65425e-06
4.31066e-05
-4.71152e-06
4.19154e-05
-4.73982e-06
4.06218e-05
-4.73574e-06
3.92217e-05
-4.69553e-06
3.77122e-05
-4.61636e-06
3.60898e-05
-4.49533e-06
3.43594e-05
-4.34049e-06
3.25285e-05
-4.15308e-06
3.06077e-05
-3.93421e-06
2.86125e-05
-3.68509e-06
2.65507e-05
-3.39319e-06
2.44398e-05
-3.07124e-06
2.23035e-05
-2.73443e-06
2.01692e-05
-2.40066e-06
1.80661e-05
-2.07828e-06
1.60231e-05
-1.76994e-06
1.40876e-05
-1.49967e-06
1.2294e-05
-1.26036e-06
1.06664e-05
-1.05381e-06
9.22066e-06
-8.86077e-07
7.97195e-06
-7.64608e-07
6.91189e-06
-6.69104e-07
6.02857e-06
-5.98036e-07
5.30013e-06
-5.41745e-07
4.69698e-06
-4.9193e-07
4.19002e-06
-4.4528e-07
3.7567e-06
-4.0256e-07
3.38114e-06
-3.65491e-07
3.05225e-06
-3.35143e-07
2.76223e-06
-3.10502e-07
2.50586e-06
-2.91633e-07
2.27976e-06
-2.76932e-07
2.07934e-06
-2.64665e-07
1.90129e-06
-2.53154e-07
1.74102e-06
-2.42525e-07
1.59628e-06
-2.31605e-07
1.46226e-06
-2.21834e-07
1.33855e-06
-2.12113e-07
1.22e-06
-2.05909e-07
1.10839e-06
-1.99027e-07
-2.0793e-07
5.34661e-05
-1.46782e-06
5.37261e-05
-1.57847e-06
5.3951e-05
-1.69003e-06
5.41418e-05
-1.80104e-06
5.43014e-05
-1.90759e-06
5.44339e-05
-2.00441e-06
5.45434e-05
-2.08733e-06
5.46328e-05
-2.15454e-06
5.47032e-05
-2.2063e-06
5.47541e-05
-2.24388e-06
5.47849e-05
-2.26855e-06
5.47951e-05
-2.28125e-06
5.47842e-05
-2.28277e-06
5.47521e-05
-2.27386e-06
5.46986e-05
-2.25557e-06
5.46234e-05
-2.22931e-06
5.45261e-05
-2.19693e-06
5.44064e-05
-2.16044e-06
5.42641e-05
-2.12211e-06
5.40994e-05
-2.08416e-06
5.39127e-05
-2.04884e-06
5.37048e-05
-2.01833e-06
5.34759e-05
-1.99305e-06
5.32258e-05
-1.97384e-06
5.29542e-05
-1.96199e-06
5.26611e-05
-1.95845e-06
5.23459e-05
-1.96387e-06
5.2008e-05
-1.97854e-06
5.16464e-05
-2.00248e-06
5.12598e-05
-2.03547e-06
5.08466e-05
-2.07715e-06
5.04048e-05
-2.12698e-06
4.99321e-05
-2.18439e-06
4.94258e-05
-2.24861e-06
4.88829e-05
-2.3189e-06
4.83001e-05
-2.39428e-06
4.76737e-05
-2.47384e-06
4.69997e-05
-2.55636e-06
4.6274e-05
-2.64072e-06
4.5492e-05
-2.72539e-06
4.46493e-05
-2.80897e-06
4.3741e-05
-2.88943e-06
4.27626e-05
-2.96475e-06
4.17083e-05
-3.03176e-06
4.05718e-05
-3.08663e-06
3.93497e-05
-3.1301e-06
3.80386e-05
-3.15885e-06
3.66344e-05
-3.16807e-06
3.51339e-05
-3.15376e-06
3.35348e-05
-3.11242e-06
3.18364e-05
-3.04137e-06
3.00414e-05
-2.94076e-06
2.81544e-05
-2.80856e-06
2.61832e-05
-2.6451e-06
2.41414e-05
-2.45359e-06
2.20376e-05
-2.23667e-06
1.98976e-05
-2.01308e-06
1.77473e-05
-1.78395e-06
1.56141e-05
-1.55184e-06
1.3543e-05
-1.32208e-06
1.1575e-05
-1.10323e-06
9.74684e-06
-9.06293e-07
8.09159e-06
-7.45409e-07
6.64891e-06
-6.35597e-07
5.44676e-06
-5.6779e-07
4.46258e-06
-5.1549e-07
3.66367e-06
-4.61446e-07
3.00654e-06
-3.96673e-07
2.45036e-06
-3.299e-07
1.96073e-06
-2.74976e-07
1.5286e-06
-2.36978e-07
1.15085e-06
-2.2028e-07
8.21565e-07
-2.12464e-07
5.34248e-07
-2.04613e-07
2.82541e-07
-1.93573e-07
6.04901e-08
-1.80509e-07
-1.3688e-07
-1.68121e-07
-3.13349e-07
-1.58675e-07
-4.71498e-07
-1.52352e-07
-6.14938e-07
-1.48192e-07
-7.46126e-07
-1.45744e-07
-8.66799e-07
-1.43992e-07
-9.7814e-07
-1.41813e-07
-1.08175e-06
-1.38913e-07
-1.17833e-06
-1.35024e-07
-1.26907e-06
-1.31096e-07
-1.35367e-06
-1.27512e-07
-1.43365e-06
-1.25935e-07
-1.50527e-06
-1.27402e-07
-1.38863e-07
5.34066e-05
-1.68243e-06
5.35774e-05
-1.74927e-06
5.3704e-05
-1.81667e-06
5.37863e-05
-1.88335e-06
5.38254e-05
-1.94664e-06
5.38224e-05
-2.00139e-06
5.37789e-05
-2.04386e-06
5.36975e-05
-2.07311e-06
5.35802e-05
-2.08901e-06
5.3428e-05
-2.09172e-06
5.32413e-05
-2.08183e-06
5.30201e-05
-2.06009e-06
5.27652e-05
-2.02781e-06
5.24773e-05
-1.98595e-06
5.21574e-05
-1.93572e-06
5.18067e-05
-1.87862e-06
5.14263e-05
-1.81654e-06
5.10174e-05
-1.7515e-06
5.0581e-05
-1.68573e-06
5.01181e-05
-1.6213e-06
4.96297e-05
-1.56036e-06
4.91174e-05
-1.5061e-06
4.8582e-05
-1.4576e-06
4.80233e-05
-1.41519e-06
4.74415e-05
-1.38013e-06
4.6836e-05
-1.353e-06
4.62062e-05
-1.33404e-06
4.55508e-05
-1.32315e-06
4.48683e-05
-1.31998e-06
4.41568e-05
-1.32395e-06
4.3414e-05
-1.33435e-06
4.26373e-05
-1.35033e-06
4.18239e-05
-1.371e-06
4.09707e-05
-1.39538e-06
4.00743e-05
-1.42248e-06
3.91312e-05
-1.45118e-06
3.81377e-05
-1.4804e-06
3.70903e-05
-1.5089e-06
3.59851e-05
-1.53557e-06
3.48188e-05
-1.55905e-06
3.3588e-05
-1.5782e-06
3.22901e-05
-1.59154e-06
3.09232e-05
-1.59789e-06
2.94858e-05
-1.59427e-06
2.7976e-05
-1.57684e-06
2.63968e-05
-1.55091e-06
2.47499e-05
-1.51197e-06
2.30394e-05
-1.4576e-06
2.12719e-05
-1.38624e-06
1.94576e-05
-1.29813e-06
1.76084e-05
-1.19216e-06
1.57388e-05
-1.07112e-06
1.38704e-05
-9.40155e-07
1.20311e-05
-8.05828e-07
1.02556e-05
-6.78085e-07
8.58839e-06
-5.69494e-07
7.06597e-06
-4.90654e-07
5.7335e-06
-4.51481e-07
4.59964e-06
-4.17983e-07
3.6538e-06
-3.76239e-07
2.86636e-06
-3.15792e-07
2.20254e-06
-2.42471e-07
1.63275e-06
-1.75627e-07
1.13185e-06
-1.34695e-07
6.887e-07
-1.24638e-07
3.0681e-07
-1.336e-07
-2.02351e-08
-1.34401e-07
-2.99525e-07
-1.17383e-07
-5.40015e-07
-8.94098e-08
-7.49184e-07
-6.58066e-08
-9.32152e-07
-5.40103e-08
-1.09821e-06
-5.42274e-08
-1.25127e-06
-5.93986e-08
-1.39136e-06
-6.45204e-08
-1.51838e-06
-6.65591e-08
-1.63316e-06
-6.57237e-08
-1.73763e-06
-6.36568e-08
-1.83437e-06
-6.19362e-08
-1.92536e-06
-6.13602e-08
-2.01165e-06
-6.18961e-08
-2.09429e-06
-6.31099e-08
-2.17386e-06
-6.44156e-08
-2.25046e-06
-6.52159e-08
-2.32409e-06
-6.52884e-08
-2.39446e-06
-6.46506e-08
-2.46156e-06
-6.3991e-08
-2.52482e-06
-6.42513e-08
-2.58356e-06
-6.72036e-08
-2.6371e-06
-7.38616e-08
-8.26476e-08
5.10745e-05
-1.4574e-06
5.07841e-05
-1.45892e-06
5.04294e-05
-1.4619e-06
5.00105e-05
-1.46452e-06
4.95286e-05
-1.46466e-06
4.89871e-05
-1.45991e-06
4.83904e-05
-1.44721e-06
4.77432e-05
-1.42592e-06
4.70516e-05
-1.39734e-06
4.63203e-05
-1.36045e-06
4.5554e-05
-1.31554e-06
4.47572e-05
-1.26332e-06
4.39342e-05
-1.20475e-06
4.3089e-05
-1.14082e-06
4.2226e-05
-1.07267e-06
4.13489e-05
-1.00157e-06
4.04614e-05
-9.29029e-07
3.95666e-05
-8.56701e-07
3.86672e-05
-7.86307e-07
3.77654e-05
-7.19485e-07
3.68627e-05
-6.57662e-07
3.59585e-05
-6.01888e-07
3.50535e-05
-5.52581e-07
3.41481e-05
-5.09874e-07
3.32419e-05
-4.73861e-07
3.23334e-05
-4.4452e-07
3.1421e-05
-4.21609e-07
3.05025e-05
-4.04644e-07
2.95754e-05
-3.92942e-07
2.86372e-05
-3.85693e-07
2.76848e-05
-3.82025e-07
2.67156e-05
-3.81055e-07
2.57265e-05
-3.819e-07
2.47148e-05
-3.83705e-07
2.36779e-05
-3.8564e-07
2.26137e-05
-3.86924e-07
2.15201e-05
-3.86831e-07
2.03959e-05
-3.84721e-07
1.92404e-05
-3.80065e-07
1.80539e-05
-3.72483e-07
1.68375e-05
-3.61817e-07
1.55941e-05
-3.48134e-07
1.43281e-05
-3.31937e-07
1.30479e-05
-3.14011e-07
1.17671e-05
-2.96083e-07
1.04959e-05
-2.79689e-07
9.2496e-06
-2.6567e-07
8.04625e-06
-2.54252e-07
6.90443e-06
-2.44422e-07
5.84106e-06
-2.34761e-07
4.87425e-06
-2.25352e-07
4.00505e-06
-2.01922e-07
3.23276e-06
-1.67864e-07
2.55183e-06
-1.24897e-07
1.95394e-06
-8.01984e-08
1.42909e-06
-4.46379e-08
9.66706e-07
-2.82712e-08
5.47632e-07
-3.24068e-08
1.79447e-07
-4.97979e-08
-1.36575e-07
-6.02176e-08
-4.00591e-07
-5.17752e-08
-6.15187e-07
-2.78753e-08
-7.8794e-07
-2.87442e-09
-9.33801e-07
1.11662e-08
-1.06558e-06
7.14415e-09
-1.19492e-06
-4.25813e-09
-1.31567e-06
-1.36599e-08
-1.41872e-06
-1.43268e-08
-1.49985e-06
-8.27681e-09
-1.56369e-06
-1.9673e-09
-1.61834e-06
6.31454e-10
-1.67141e-06
-1.14928e-09
-1.72567e-06
-5.14037e-09
-1.78126e-06
-8.93583e-09
-1.83649e-06
-1.1322e-08
-1.88988e-06
-1.23415e-08
-1.94089e-06
-1.26443e-08
-1.98994e-06
-1.28811e-08
-2.03794e-06
-1.33682e-08
-2.08567e-06
-1.41596e-08
-2.13362e-06
-1.51622e-08
-2.18186e-06
-1.61742e-08
-2.2301e-06
-1.69758e-08
-2.27792e-06
-1.74738e-08
-2.32487e-06
-1.76985e-08
-2.37086e-06
-1.79946e-08
-2.41597e-06
-1.91431e-08
-2.46056e-06
-2.2614e-08
-2.50553e-06
-2.88987e-08
-3.4642e-08
3.50076e-05
3.35486e-05
3.20867e-05
3.06222e-05
2.91576e-05
2.76976e-05
2.62504e-05
2.48245e-05
2.34272e-05
2.20667e-05
2.07512e-05
1.94879e-05
1.82831e-05
1.71423e-05
1.60696e-05
1.50681e-05
1.4139e-05
1.32823e-05
1.2496e-05
1.17765e-05
1.11189e-05
1.0517e-05
9.96441e-06
9.45454e-06
8.98068e-06
8.53616e-06
8.11455e-06
7.7099e-06
7.31696e-06
6.93127e-06
6.54924e-06
6.16819e-06
5.78629e-06
5.40258e-06
5.01694e-06
4.63002e-06
4.24319e-06
3.85847e-06
3.4784e-06
3.10592e-06
2.7441e-06
2.39597e-06
2.06403e-06
1.75002e-06
1.45394e-06
1.17425e-06
9.0858e-07
6.54328e-07
4.09906e-07
1.75145e-07
-5.02074e-08
-2.52129e-07
-4.19993e-07
-5.44891e-07
-6.25089e-07
-6.69727e-07
-6.97998e-07
-7.30405e-07
-7.80203e-07
-8.4042e-07
-8.92196e-07
-9.20071e-07
-9.22945e-07
-9.11779e-07
-9.04635e-07
-9.08893e-07
-9.22553e-07
-9.3688e-07
-9.45157e-07
-9.47124e-07
-9.46493e-07
-9.47642e-07
-9.52782e-07
-9.61718e-07
-9.7304e-07
-9.85382e-07
-9.98026e-07
-1.01091e-06
-1.02428e-06
-1.03843e-06
-1.0536e-06
-1.06977e-06
-1.08675e-06
-1.10422e-06
-1.12192e-06
-1.13991e-06
-1.15906e-06
-1.18167e-06
-1.21057e-06
)
;

boundaryField
{
    fixedWalls
    {
        type            calculated;
        value           uniform 0;
    }
    inflowWall
    {
        type            calculated;
        value           nonuniform List<scalar> 10(-5e-05 -5e-05 -5e-05 -5e-05 -5e-05 -5e-05 -5e-05 -5e-05 -5e-05 -5e-05);
    }
    outflowWall
    {
        type            calculated;
        value           nonuniform List<scalar> 
20
(
1.23013e-05
2.55029e-05
3.4247e-05
4.13369e-05
4.66909e-05
4.9814e-05
5.05422e-05
4.92807e-05
4.67429e-05
4.3194e-05
3.80484e-05
3.05787e-05
2.12232e-05
1.21456e-05
5.40998e-06
1.00757e-06
-1.57434e-06
-2.69331e-06
-2.55353e-06
-1.24521e-06
)
;
    }
    frontAndBack
    {
        type            empty;
        value           nonuniform List<scalar> 0();
    }
}


// ************************************************************************* //
