/*--------------------------------*- C++ -*----------------------------------*\
| =========                 |                                                 |
| \\      /  F ield         | OpenFOAM: The Open Source CFD Toolbox           |
|  \\    /   O peration     | Version:  2306                                  |
|   \\  /    A nd           | Website:  www.openfoam.com                      |
|    \\/     M anipulation  |                                                 |
\*---------------------------------------------------------------------------*/
FoamFile
{
    version     2.0;
    format      ascii;
    arch        "LSB;label=32;scalar=64";
    class       volScalarField;
    location    "9.7";
    object      p;
}
// * * * * * * * * * * * * * * * * * * * * * * * * * * * * * * * * * * * * * //

dimensions      [0 2 -2 0 0 0 0];

internalField   nonuniform List<scalar> 
1900
(
0.0528998
0.0286828
0.00829489
-0.00703917
-0.0180507
-0.0285922
-0.0390157
-0.0511541
-0.0636748
-0.0776824
0.0236386
0.0154414
0.00412942
-0.00741761
-0.0184338
-0.0286106
-0.0390281
-0.0495223
-0.0609957
-0.072029
0.0145404
0.0100511
0.00253848
-0.00682524
-0.0169029
-0.0268745
-0.036645
-0.0461876
-0.055603
-0.0646727
0.00883375
0.0057612
0.000113232
-0.00753231
-0.01638
-0.0256156
-0.034801
-0.0437086
-0.0522944
-0.0604493
0.00660277
0.00406762
-0.000670571
-0.00731802
-0.0152959
-0.0238984
-0.0325722
-0.0409951
-0.0490195
-0.0565572
0.00723013
0.00474895
0.000137367
-0.00632899
-0.0140694
-0.0223757
-0.0306895
-0.0386943
-0.0462667
-0.0533782
0.0106792
0.00773219
0.0024491
-0.00463705
-0.0127016
-0.0209944
-0.0290502
-0.0366921
-0.0439125
-0.0507468
0.0173727
0.0130758
0.00617522
-0.00229813
-0.0111244
-0.0195574
-0.0274018
-0.0347516
-0.0417571
-0.0484809
0.0275088
0.0194079
0.00896842
-0.00149807
-0.0108129
-0.018935
-0.0263171
-0.0333827
-0.0402959
-0.047017
0.056357
0.0336825
0.0139716
-9.73608e-05
-0.00976333
-0.0174699
-0.0247137
-0.0319503
-0.0391303
-0.046049
-0.100807
-0.100841
-0.100885
-0.100939
-0.101
-0.101065
-0.101136
-0.101212
-0.101289
-0.101368
-0.101447
-0.101522
-0.101593
-0.101658
-0.101715
-0.101762
-0.101798
-0.10182
-0.101827
-0.101818
-0.101791
-0.101746
-0.101681
-0.101595
-0.101488
-0.101358
-0.101206
-0.10103
-0.10083
-0.100606
-0.100358
-0.100083
-0.0997829
-0.0994555
-0.0991
-0.0987151
-0.0982989
-0.0978492
-0.0973631
-0.0968367
-0.0962647
-0.0956406
-0.0949556
-0.0941985
-0.0933549
-0.0924068
-0.0913329
-0.0901079
-0.0887039
-0.08709
-0.0852322
-0.0830943
-0.0806378
-0.0778219
-0.0746029
-0.0709371
-0.0667899
-0.0621401
-0.0569678
-0.0512772
-0.045105
-0.0384973
-0.0315229
-0.0242745
-0.0168615
-0.00940788
-0.00204202
0.00510662
0.011907
0.0182499
0.0240183
0.0291438
0.0335394
0.0371852
0.0400235
0.0420783
0.0433263
0.0438215
0.0435597
0.0426211
0.0410043
0.0388062
0.0360141
0.0327348
0.0289265
0.0247105
0.019985
0.014916
0.00927233
0.00337773
-0.100802
-0.100834
-0.100861
-0.100902
-0.100953
-0.101012
-0.101078
-0.101149
-0.101223
-0.101298
-0.101374
-0.101447
-0.101516
-0.10158
-0.101636
-0.101682
-0.101717
-0.101739
-0.101746
-0.101737
-0.101711
-0.101666
-0.101601
-0.101516
-0.101409
-0.101279
-0.101126
-0.10095
-0.100749
-0.100524
-0.100273
-0.0999957
-0.0996918
-0.0993602
-0.0989995
-0.0986084
-0.098185
-0.097727
-0.0972314
-0.0966942
-0.0961105
-0.0954739
-0.0947763
-0.0940078
-0.0931557
-0.0922046
-0.0911356
-0.0899264
-0.0885515
-0.0869826
-0.0851869
-0.0831268
-0.0807602
-0.0780415
-0.0749211
-0.0713454
-0.0672731
-0.0627025
-0.0576163
-0.0520121
-0.0459012
-0.039336
-0.032388
-0.0251531
-0.0177411
-0.0102782
-0.00289883
0.00426853
0.0110795
0.0174461
0.023221
0.0283604
0.0327599
0.0364131
0.0392555
0.041318
0.0425682
0.0430739
0.0428161
0.0418937
0.0402854
0.0381127
0.0353354
0.0320925
0.028308
0.0241386
0.0194559
0.0144428
0.00892062
0.00314822
-0.100685
-0.100766
-0.100812
-0.100865
-0.100921
-0.100982
-0.101049
-0.101122
-0.101199
-0.101277
-0.101356
-0.101432
-0.101506
-0.101573
-0.101633
-0.101683
-0.101721
-0.101747
-0.101757
-0.101751
-0.101727
-0.101685
-0.101622
-0.101537
-0.101431
-0.101302
-0.101149
-0.100972
-0.100771
-0.100545
-0.100293
-0.100015
-0.0997104
-0.0993784
-0.0990179
-0.0986274
-0.0982055
-0.09775
-0.097258
-0.0967258
-0.0961483
-0.0955192
-0.0948305
-0.0940734
-0.093237
-0.0923083
-0.091271
-0.0901045
-0.0887847
-0.087285
-0.0855731
-0.0836079
-0.0813392
-0.0787196
-0.0757077
-0.0722487
-0.068285
-0.0637699
-0.0587026
-0.0530972
-0.0469792
-0.0404059
-0.0334466
-0.0261967
-0.0187762
-0.0113151
-0.00395175
0.0032032
0.00999537
0.0163366
0.0220868
0.0271965
0.031566
0.0351875
0.0379995
0.0400351
0.0412631
0.0417542
0.0414917
0.0405746
0.0389866
0.0368449
0.0341203
0.0309399
0.0272504
0.0231848
0.0186594
0.0138174
0.0085543
0.00303877
-0.100766
-0.10084
-0.100845
-0.100871
-0.100916
-0.100978
-0.101052
-0.101132
-0.101217
-0.101304
-0.101391
-0.101476
-0.101557
-0.101631
-0.101697
-0.101752
-0.101795
-0.101824
-0.101838
-0.101834
-0.101812
-0.10177
-0.101707
-0.101622
-0.101515
-0.101384
-0.10123
-0.10105
-0.100846
-0.100617
-0.100362
-0.100081
-0.0997742
-0.0994403
-0.0990785
-0.0986875
-0.0982662
-0.0978127
-0.0973246
-0.0967982
-0.0962288
-0.0956096
-0.0949331
-0.0941915
-0.0933762
-0.0924756
-0.0914742
-0.0903524
-0.0890848
-0.0876479
-0.0860093
-0.0841253
-0.0819406
-0.0793985
-0.0764346
-0.0730121
-0.0690765
-0.0645969
-0.0595605
-0.0539831
-0.0478912
-0.0413472
-0.0344271
-0.0272303
-0.0198793
-0.0124984
-0.00522993
0.00181086
0.00848035
0.0146844
0.0203005
0.0252715
0.0295131
0.0330114
0.0357192
0.0376638
0.0388276
0.0392734
0.0389996
0.0380933
0.0365558
0.034487
0.0318798
0.028839
0.0253416
0.021493
0.0172512
0.0127243
0.00785221
0.00275216
-0.100443
-0.100648
-0.100739
-0.100842
-0.100941
-0.101034
-0.101126
-0.101221
-0.101319
-0.101416
-0.101512
-0.101604
-0.101691
-0.10177
-0.101839
-0.101897
-0.101942
-0.101971
-0.101985
-0.10198
-0.101955
-0.101911
-0.101845
-0.101756
-0.101645
-0.10151
-0.10135
-0.101166
-0.100957
-0.100724
-0.100465
-0.100181
-0.0998714
-0.0995364
-0.0991744
-0.0987839
-0.0983642
-0.0979141
-0.097431
-0.0969116
-0.0963507
-0.0957417
-0.0950762
-0.0943497
-0.0935543
-0.0926775
-0.0917027
-0.090614
-0.0893801
-0.0879688
-0.0863437
-0.084469
-0.0822869
-0.0797472
-0.0767868
-0.0733628
-0.0694246
-0.0649502
-0.0599293
-0.054383
-0.0483452
-0.0418807
-0.0350703
-0.0280166
-0.0208381
-0.0136595
-0.0066151
0.000175496
0.00658565
0.0125177
0.0178695
0.02258
0.0265834
0.0298617
0.0323856
0.0341767
0.0352344
0.0356115
0.0353241
0.0344447
0.0329935
0.0310518
0.0286342
0.0258236
0.0226228
0.0191138
0.0152851
0.0112198
0.00689355
0.00239833
-0.101274
-0.101297
-0.101196
-0.101151
-0.101161
-0.101219
-0.101307
-0.101407
-0.10151
-0.101611
-0.101708
-0.1018
-0.101885
-0.101961
-0.102026
-0.102078
-0.102117
-0.10214
-0.102147
-0.102135
-0.102104
-0.102053
-0.10198
-0.101885
-0.101767
-0.101626
-0.101461
-0.101272
-0.101059
-0.100821
-0.100559
-0.100272
-0.099961
-0.0996247
-0.0992619
-0.0988707
-0.0984535
-0.0980078
-0.09753
-0.0970166
-0.0964627
-0.0958623
-0.0952054
-0.0944815
-0.0936821
-0.0927985
-0.0918124
-0.0907047
-0.0894457
-0.0880067
-0.0863468
-0.0844273
-0.0821928
-0.0795957
-0.0765791
-0.0731036
-0.0691302
-0.064644
-0.0596417
-0.0541495
-0.0482087
-0.0418885
-0.0352726
-0.0284653
-0.02158
-0.0147389
-0.00806381
-0.00167087
0.00433109
0.00984871
0.0147997
0.0191258
0.0227807
0.0257468
0.0280133
0.0295984
0.0305181
0.030817
0.0305263
0.0297054
0.0283897
0.0266433
0.0244972
0.0220148
0.0192175
0.0161664
0.0128721
0.00939593
0.00574001
0.00196989
-0.0999538
-0.100597
-0.1008
-0.101055
-0.10127
-0.101432
-0.101554
-0.101654
-0.101747
-0.101835
-0.101918
-0.101995
-0.102065
-0.102126
-0.102178
-0.102217
-0.102244
-0.102256
-0.102253
-0.102232
-0.102193
-0.102134
-0.102054
-0.101953
-0.10183
-0.101684
-0.101514
-0.101321
-0.101105
-0.100865
-0.100601
-0.100314
-0.100002
-0.0996667
-0.0993051
-0.0989141
-0.0984899
-0.0980354
-0.0975475
-0.0970216
-0.096451
-0.0958289
-0.0951458
-0.0943931
-0.0935588
-0.0926312
-0.0915903
-0.090416
-0.0890785
-0.0875476
-0.0857833
-0.0837473
-0.0813919
-0.0786747
-0.0755498
-0.0719856
-0.0679552
-0.0634531
-0.0584858
-0.0530865
-0.0473033
-0.0412095
-0.0348893
-0.0284461
-0.0219858
-0.0156238
-0.00946698
-0.00362019
0.00182801
0.00679627
0.0112229
0.0150591
0.0182775
0.0208656
0.0228288
0.0241844
0.0249616
0.0251978
0.0249348
0.0242195
0.023097
0.0216155
0.0198163
0.0177444
0.015434
0.0129259
0.0102465
0.00743462
0.00451083
0.00151606
-0.104659
-0.10328
-0.102652
-0.102218
-0.101991
-0.101901
-0.101889
-0.101913
-0.101952
-0.101998
-0.102047
-0.102096
-0.102143
-0.102185
-0.102221
-0.102248
-0.102264
-0.102269
-0.102258
-0.102229
-0.102183
-0.102119
-0.102035
-0.101931
-0.101806
-0.10166
-0.10149
-0.101293
-0.101071
-0.100824
-0.100552
-0.100255
-0.0999308
-0.0995786
-0.0991964
-0.098782
-0.098333
-0.0978477
-0.0973221
-0.0967511
-0.0961272
-0.0954427
-0.0946874
-0.0938507
-0.0929191
-0.0918786
-0.09071
-0.0893921
-0.0878969
-0.0861952
-0.0842516
-0.0820315
-0.0794963
-0.0766123
-0.0733473
-0.0696812
-0.0656009
-0.0611117
-0.0562307
-0.050998
-0.0454655
-0.0397073
-0.0338041
-0.0278535
-0.0219506
-0.0161991
-0.010689
-0.00550952
-0.000726452
0.003596
0.00741805
0.0107037
0.013444
0.0156322
0.0172868
0.0184237
0.0190806
0.0192867
0.0190898
0.0185239
0.0176393
0.0164686
0.0150595
0.0134394
0.0116509
0.00971555
0.00767068
0.00553331
0.0033354
0.00109067
-0.098826
-0.0999062
-0.100742
-0.101352
-0.101669
-0.101788
-0.101823
-0.101838
-0.101853
-0.101883
-0.101921
-0.101961
-0.102001
-0.102038
-0.102071
-0.102096
-0.102112
-0.102119
-0.102118
-0.102098
-0.102057
-0.101995
-0.10191
-0.101802
-0.10167
-0.101512
-0.101329
-0.101118
-0.100878
-0.100609
-0.100308
-0.0999752
-0.0996091
-0.099208
-0.0987695
-0.0982909
-0.0977685
-0.0971985
-0.0965762
-0.0958957
-0.0951494
-0.0943285
-0.0934224
-0.0924196
-0.0913064
-0.0900686
-0.0886888
-0.0871475
-0.0854211
-0.0834848
-0.0813108
-0.0788722
-0.0761414
-0.0730954
-0.0697138
-0.0659866
-0.061914
-0.0575124
-0.0528089
-0.0478484
-0.0426844
-0.0373874
-0.0320302
-0.0266988
-0.0214721
-0.0164356
-0.0116583
-0.00721142
-0.00314199
0.000503092
0.00370459
0.0064395
0.00871355
0.0105243
0.0118984
0.0128485
0.0134165
0.0136225
0.0135169
0.013121
0.0124883
0.0116361
0.010617
0.00944138
0.00815898
0.0067719
0.00532747
0.00382024
0.00229428
0.000734254
-0.121465
-0.106571
-0.104647
-0.10317
-0.102255
-0.101827
-0.101652
-0.101591
-0.101575
-0.10158
-0.101621
-0.101681
-0.101745
-0.101806
-0.101862
-0.101909
-0.101946
-0.101969
-0.101974
-0.101956
-0.101911
-0.101836
-0.101732
-0.101597
-0.101429
-0.101228
-0.100996
-0.10073
-0.100427
-0.100085
-0.0997016
-0.0992755
-0.098805
-0.0982884
-0.0977233
-0.0971065
-0.096434
-0.0957017
-0.0949042
-0.0940359
-0.0930892
-0.092056
-0.0909266
-0.0896901
-0.0883344
-0.0868452
-0.0852067
-0.0834027
-0.0814156
-0.0792276
-0.0768199
-0.0741755
-0.0712786
-0.068118
-0.064687
-0.0609882
-0.057032
-0.0528415
-0.0484477
-0.043894
-0.0392293
-0.0345139
-0.0298085
-0.0251827
-0.020698
-0.0164204
-0.0123997
-0.00868848
-0.00531786
-0.00232044
0.000299186
0.00252823
0.00438128
0.00585796
0.00698876
0.00778254
0.00828262
0.00850157
0.00849057
0.00826006
0.00786549
0.00731056
0.00665258
0.00588469
0.00506489
0.00417331
0.00326949
0.00232025
0.00138796
0.000421336
-0.0890829
-0.0955148
-0.098021
-0.0988706
-0.0993261
-0.0997359
-0.100116
-0.100436
-0.100713
-0.100954
-0.101163
-0.101341
-0.101493
-0.101624
-0.101734
-0.101824
-0.10189
-0.101927
-0.101932
-0.101899
-0.101826
-0.101709
-0.101548
-0.101341
-0.10109
-0.100793
-0.10045
-0.100062
-0.0996261
-0.0991404
-0.0986035
-0.0980136
-0.0973689
-0.0966664
-0.0959034
-0.0950773
-0.0941844
-0.0932208
-0.0921819
-0.0910621
-0.0898553
-0.0885544
-0.0871514
-0.0856376
-0.0840036
-0.0822391
-0.0803336
-0.0782767
-0.0760577
-0.0736668
-0.071094
-0.0683315
-0.0653731
-0.062217
-0.0588656
-0.055328
-0.0516192
-0.0477626
-0.0437875
-0.0397315
-0.0356357
-0.0315482
-0.0275176
-0.0235977
-0.0198358
-0.016281
-0.0129694
-0.00993782
-0.00720425
-0.00478783
-0.00268579
-0.000902819
0.000579202
0.00176336
0.00268011
0.00333804
0.00377895
0.0040122
0.00408708
0.00400745
0.00382767
0.00354106
0.00320678
0.00280273
0.00239403
0.00193752
0.00150685
0.00103259
0.000602574
0.000115701
-0.0832505
-0.0910175
-0.0949926
-0.0964143
-0.0968512
-0.0971956
-0.0977038
-0.0983322
-0.0989675
-0.0995365
-0.100014
-0.100408
-0.100736
-0.101012
-0.101245
-0.101435
-0.101578
-0.101669
-0.101702
-0.101672
-0.101576
-0.101412
-0.101181
-0.100881
-0.100515
-0.100085
-0.0995905
-0.0990338
-0.098415
-0.0977343
-0.0969913
-0.0961854
-0.0953156
-0.0943804
-0.0933779
-0.0923061
-0.0911623
-0.0899434
-0.0886458
-0.0872652
-0.0857968
-0.0842356
-0.082576
-0.0808123
-0.0789387
-0.0769494
-0.0748387
-0.0726014
-0.0702325
-0.0677281
-0.0650846
-0.0623005
-0.0593757
-0.0563137
-0.0531214
-0.0498102
-0.0463963
-0.0429017
-0.0393532
-0.0357836
-0.0322288
-0.0287284
-0.0253208
-0.0220454
-0.0189369
-0.0160287
-0.0133456
-0.0109101
-0.00873267
-0.00682264
-0.00517438
-0.00378364
-0.00262985
-0.00170275
-0.000974197
-0.000432173
-4.03529e-05
0.000212363
0.000368668
0.000432012
0.000448885
0.00040834
0.000362782
0.000281427
0.000228529
0.000143509
0.000109654
2.00109e-05
-7.24768e-06
-0.00014039
-0.0731111
-0.0802813
-0.0856245
-0.0891282
-0.0912926
-0.0927708
-0.0940105
-0.0951919
-0.0963281
-0.0973742
-0.0982918
-0.0990705
-0.0997206
-0.100259
-0.100701
-0.101052
-0.101314
-0.101485
-0.101562
-0.10154
-0.101421
-0.101203
-0.100889
-0.100482
-0.0999853
-0.0994029
-0.0987385
-0.0979957
-0.0971774
-0.096286
-0.0953234
-0.0942905
-0.0931879
-0.0920154
-0.0907722
-0.0894568
-0.0880674
-0.0866017
-0.0850571
-0.0834306
-0.081719
-0.0799191
-0.0780277
-0.076042
-0.0739592
-0.0717773
-0.0694947
-0.0671108
-0.0646255
-0.0620398
-0.0593558
-0.056577
-0.0537089
-0.0507582
-0.0477341
-0.0446485
-0.0415168
-0.0383587
-0.0351987
-0.0320659
-0.0289926
-0.0260124
-0.0231573
-0.0204554
-0.0179289
-0.0155952
-0.0134661
-0.011551
-0.00985493
-0.00838103
-0.00712232
-0.00606651
-0.00518922
-0.0044704
-0.00388387
-0.00341426
-0.00303526
-0.00273386
-0.00247952
-0.00226556
-0.00206116
-0.00187469
-0.00167243
-0.00148189
-0.00125558
-0.00105231
-0.000797285
-0.000609418
-0.000355286
-0.000264817
-0.0679664
-0.0745959
-0.0800808
-0.0843182
-0.0874317
-0.0897301
-0.0915534
-0.0931398
-0.0945976
-0.0959444
-0.09716
-0.0982239
-0.0991296
-0.099883
-0.100495
-0.100973
-0.101323
-0.101545
-0.101639
-0.101602
-0.101437
-0.101144
-0.100729
-0.100198
-0.099555
-0.0988082
-0.0979635
-0.0970269
-0.0960037
-0.0948984
-0.0937148
-0.0924559
-0.0911234
-0.0897182
-0.0882403
-0.0866889
-0.0850629
-0.0833606
-0.0815803
-0.0797202
-0.0777788
-0.0757545
-0.0736467
-0.0714548
-0.0691792
-0.0668213
-0.0643833
-0.0618686
-0.0592818
-0.0566289
-0.0539169
-0.0511543
-0.04835
-0.0455136
-0.0426555
-0.0397871
-0.0369221
-0.0340773
-0.0312734
-0.0285361
-0.0258949
-0.0233812
-0.0210229
-0.0188403
-0.0168421
-0.0150268
-0.0133869
-0.0119173
-0.0106177
-0.00949003
-0.008529
-0.00771894
-0.00703193
-0.00643882
-0.00591389
-0.00544416
-0.00501775
-0.00462787
-0.00425864
-0.00390272
-0.00354347
-0.00318219
-0.00280386
-0.00242325
-0.00202012
-0.00163138
-0.00121619
-0.000864501
-0.000472428
-0.000273717
-0.0635255
-0.0698161
-0.075301
-0.0798863
-0.0835807
-0.0865174
-0.0889054
-0.0909435
-0.0927637
-0.0944244
-0.0959333
-0.0972771
-0.0984424
-0.0994245
-0.100226
-0.100853
-0.101309
-0.101597
-0.10172
-0.101677
-0.101471
-0.101109
-0.100596
-0.0999424
-0.0991567
-0.0982486
-0.0972271
-0.0961004
-0.0948761
-0.093561
-0.0921612
-0.0906818
-0.0891259
-0.0874955
-0.0857915
-0.0840137
-0.0821616
-0.0802342
-0.0782307
-0.0761504
-0.0739931
-0.0717595
-0.0694507
-0.0670691
-0.064618
-0.0621018
-0.0595264
-0.056899
-0.0542288
-0.0515266
-0.0488046
-0.0460761
-0.0433538
-0.0406493
-0.0379735
-0.0353369
-0.03275
-0.0302247
-0.0277747
-0.025418
-0.0231793
-0.0210877
-0.0191696
-0.0174402
-0.015897
-0.0145171
-0.0132708
-0.0121378
-0.0111145
-0.0102052
-0.00941064
-0.00872209
-0.0081148
-0.00755575
-0.00701809
-0.00649162
-0.0059756
-0.00547582
-0.00499456
-0.00453321
-0.00408479
-0.0036462
-0.00320596
-0.0027644
-0.00231055
-0.00185784
-0.00139388
-0.000965931
-0.000532421
-0.000263713
-0.0600099
-0.0661074
-0.0715853
-0.0763665
-0.0804285
-0.0838255
-0.0866785
-0.0891322
-0.0913064
-0.0932725
-0.0950564
-0.0966559
-0.0980583
-0.099253
-0.100235
-0.101005
-0.101563
-0.101913
-0.102057
-0.101998
-0.101741
-0.101295
-0.100671
-0.099881
-0.0989403
-0.0978615
-0.0966558
-0.0953337
-0.0939049
-0.0923786
-0.0907628
-0.0890641
-0.0872876
-0.0854367
-0.0835132
-0.0815178
-0.0794508
-0.0773118
-0.0751009
-0.0728186
-0.0704663
-0.0680462
-0.0655621
-0.0630192
-0.0604238
-0.0577839
-0.0551083
-0.0524077
-0.0496946
-0.0469842
-0.0442943
-0.0416423
-0.0390437
-0.0365109
-0.034053
-0.0316771
-0.029389
-0.0271939
-0.025096
-0.0230998
-0.0212202
-0.0194813
-0.0179054
-0.0165062
-0.0152791
-0.0141904
-0.0131975
-0.0122704
-0.0114005
-0.0105896
-0.00983536
-0.00914467
-0.00851685
-0.00793506
-0.00737977
-0.00684518
-0.00632345
-0.00580812
-0.00529864
-0.00479665
-0.00430137
-0.00381264
-0.00332797
-0.00284806
-0.00236895
-0.00189458
-0.00142169
-0.00097305
-0.000541365
-0.000254407
-0.0571939
-0.0631992
-0.0686815
-0.0735756
-0.077861
-0.0815702
-0.0847801
-0.0875893
-0.0900903
-0.0923488
-0.0943971
-0.0962402
-0.0978682
-0.0992674
-0.100426
-0.101338
-0.102001
-0.102414
-0.102579
-0.102502
-0.102189
-0.101652
-0.100907
-0.0999732
-0.0988708
-0.097617
-0.0962262
-0.0947109
-0.0930829
-0.0913533
-0.0895321
-0.0876279
-0.0856474
-0.0835955
-0.0814753
-0.0792885
-0.0770364
-0.0747197
-0.0723393
-0.0698972
-0.0673959
-0.0648397
-0.0622346
-0.0595886
-0.0569114
-0.0542146
-0.0515099
-0.0488092
-0.0461263
-0.043479
-0.0408879
-0.0383716
-0.0359444
-0.0336153
-0.031389
-0.0292668
-0.027248
-0.0253325
-0.0235211
-0.0218156
-0.02022
-0.0187437
-0.0173992
-0.0161875
-0.0150944
-0.0141035
-0.0131971
-0.0123561
-0.0115689
-0.0108346
-0.0101514
-0.00949441
-0.00884395
-0.00819491
-0.00755694
-0.00693942
-0.00635051
-0.00579311
-0.00526785
-0.00476847
-0.00428563
-0.00381218
-0.00334178
-0.00287218
-0.00240108
-0.00193031
-0.0014625
-0.0010106
-0.000591299
-0.000250604
-0.0548842
-0.0608766
-0.066375
-0.0713355
-0.0757583
-0.0796806
-0.0831626
-0.0862717
-0.0890714
-0.0916114
-0.0939201
-0.096004
-0.0978546
-0.099456
-0.100791
-0.101847
-0.102616
-0.103094
-0.103282
-0.103186
-0.102816
-0.102187
-0.101319
-0.10024
-0.0989757
-0.09755
-0.0959816
-0.0942876
-0.0924832
-0.0905818
-0.0885948
-0.0865316
-0.0843995
-0.0822036
-0.0799475
-0.0776336
-0.0752636
-0.0728389
-0.0703615
-0.0678339
-0.0652599
-0.062645
-0.0599961
-0.0573229
-0.0546372
-0.0519529
-0.0492845
-0.0466434
-0.0440461
-0.0415136
-0.0390643
-0.0367108
-0.0344597
-0.032312
-0.0302656
-0.0283166
-0.02646
-0.0246959
-0.0230334
-0.0214886
-0.0200747
-0.0187943
-0.0176387
-0.016586
-0.0155782
-0.0145793
-0.0135851
-0.0126141
-0.0117008
-0.0108674
-0.0101098
-0.00942195
-0.00878067
-0.0081645
-0.00756362
-0.00697698
-0.00640666
-0.00585892
-0.00533321
-0.00482528
-0.00433057
-0.00384533
-0.00336671
-0.00289319
-0.00242381
-0.00195875
-0.00149999
-0.0010574
-0.000646698
-0.000255494
-0.0534186
-0.0593861
-0.0648604
-0.0698335
-0.0743299
-0.0783911
-0.0820656
-0.0854009
-0.0884392
-0.0912146
-0.0937469
-0.0960405
-0.0980854
-0.0998633
-0.101353
-0.102535
-0.103396
-0.103926
-0.104126
-0.104002
-0.10357
-0.102852
-0.101875
-0.100665
-0.0992509
-0.0976625
-0.0959293
-0.094077
-0.0921265
-0.0900942
-0.0879928
-0.0858314
-0.0836163
-0.0813516
-0.0790398
-0.0766821
-0.0742795
-0.0718327
-0.0693432
-0.066813
-0.0642455
-0.0616456
-0.0590202
-0.0563781
-0.0537308
-0.0510926
-0.0484804
-0.045916
-0.0434213
-0.0410151
-0.038712
-0.0365202
-0.03444
-0.0324623
-0.0305704
-0.0287458
-0.0269737
-0.0252397
-0.023548
-0.0219195
-0.0203835
-0.0189685
-0.0176894
-0.0165294
-0.0154678
-0.0144748
-0.0135331
-0.0126345
-0.0117808
-0.0109799
-0.0102374
-0.00954288
-0.00888149
-0.00824282
-0.00762344
-0.00702453
-0.00644822
-0.00589507
-0.00536335
-0.00484998
-0.00435089
-0.00386229
-0.00338156
-0.0029076
-0.00244056
-0.00198134
-0.00153169
-0.00109721
-0.000684512
-0.000263153
-0.0525413
-0.058532
-0.0640129
-0.0690108
-0.0735657
-0.0777206
-0.0815188
-0.0850036
-0.0882104
-0.0911606
-0.0938619
-0.0963098
-0.0984904
-0.100384
-0.101969
-0.103227
-0.104141
-0.104704
-0.104918
-0.104791
-0.10434
-0.103592
-0.102575
-0.101322
-0.0998668
-0.0982399
-0.0964707
-0.094585
-0.0926043
-0.0905459
-0.0884231
-0.0862453
-0.084019
-0.0817482
-0.0794353
-0.0770815
-0.0746873
-0.0722533
-0.0697803
-0.0672699
-0.0647248
-0.0621491
-0.0595485
-0.0569309
-0.0543062
-0.0516866
-0.049087
-0.0465238
-0.044014
-0.0415742
-0.0392188
-0.0369579
-0.0347961
-0.032732
-0.03076
-0.0288724
-0.0270482
-0.0252874
-0.023598
-0.0219965
-0.0205018
-0.019126
-0.0178738
-0.0167292
-0.0156616
-0.0146447
-0.0136678
-0.012734
-0.0118543
-0.0110363
-0.0102793
-0.00957385
-0.00890586
-0.00826453
-0.00764519
-0.00704739
-0.00647207
-0.00591942
-0.00538736
-0.00487235
-0.00437056
-0.00387884
-0.00339531
-0.00291955
-0.0024526
-0.00199638
-0.00155281
-0.00112344
-0.0007064
-0.000272356
)
;

boundaryField
{
    fixedWalls
    {
        type            zeroGradient;
    }
    inflowWall
    {
        type            zeroGradient;
    }
    outflowWall
    {
        type            fixedValue;
        value           uniform 0;
    }
    frontAndBack
    {
        type            empty;
    }
}


// ************************************************************************* //
