/*--------------------------------*- C++ -*----------------------------------*\
| =========                 |                                                 |
| \\      /  F ield         | OpenFOAM: The Open Source CFD Toolbox           |
|  \\    /   O peration     | Version:  2306                                  |
|   \\  /    A nd           | Website:  www.openfoam.com                      |
|    \\/     M anipulation  |                                                 |
\*---------------------------------------------------------------------------*/
FoamFile
{
    version     2.0;
    format      ascii;
    arch        "LSB;label=32;scalar=64";
    class       surfaceScalarField;
    location    "3.76";
    object      phi;
}
// * * * * * * * * * * * * * * * * * * * * * * * * * * * * * * * * * * * * * //

dimensions      [0 3 -1 0 0 0 0];

oriented        oriented;

internalField   nonuniform List<scalar> 
3680
(
4.9347e-05
6.52957e-07
4.79742e-05
1.37284e-06
4.66982e-05
1.27604e-06
4.52613e-05
1.43688e-06
4.41239e-05
1.1374e-06
4.27206e-05
1.4033e-06
4.17377e-05
9.82837e-07
4.04375e-05
1.30021e-06
3.98084e-05
6.29108e-07
9.83471e-07
3.8825e-05
5.03392e-05
3.13763e-07
5.0868e-05
8.44069e-07
5.11323e-05
1.01172e-06
5.14657e-05
1.10349e-06
5.15934e-05
1.00968e-06
5.19771e-05
1.01956e-06
5.20629e-05
8.97096e-07
5.25156e-05
8.47472e-07
5.25105e-05
6.3424e-07
4.2684e-07
5.30671e-05
5.01633e-05
1.50464e-07
5.05555e-05
4.51914e-07
5.09761e-05
5.91082e-07
5.14198e-05
6.59734e-07
5.18171e-05
6.12386e-07
5.22683e-05
5.68367e-07
5.26956e-05
4.69866e-07
5.31645e-05
3.78501e-07
5.35816e-05
2.17222e-07
4.18711e-09
5.40042e-05
5.00932e-05
5.7242e-08
5.03764e-05
1.68722e-07
5.07341e-05
2.33392e-07
5.11462e-05
2.47603e-07
5.15499e-05
2.08765e-07
5.19725e-05
1.45746e-07
5.23836e-05
5.87141e-08
5.28129e-05
-5.0741e-08
5.32236e-05
-1.93499e-07
-3.64687e-07
5.35925e-05
5.00738e-05
-1.65488e-08
5.02913e-05
-4.87463e-08
5.0611e-05
-8.63969e-08
5.09887e-05
-1.30004e-07
5.13802e-05
-1.82738e-07
5.17742e-05
-2.48279e-07
5.21651e-05
-3.32192e-07
5.25511e-05
-4.36781e-07
5.29204e-05
-5.62779e-07
-7.0995e-07
5.32657e-05
5.00732e-05
-8.97054e-08
5.02829e-05
-2.58459e-07
5.05976e-05
-4.01173e-07
5.0965e-05
-4.97392e-07
5.1344e-05
-5.61726e-07
5.1721e-05
-6.25285e-07
5.20906e-05
-7.01739e-07
5.24512e-05
-7.97374e-07
5.28002e-05
-9.11832e-07
-1.04087e-06
5.31311e-05
5.00942e-05
-1.83884e-07
5.03555e-05
-5.19764e-07
5.0698e-05
-7.43719e-07
5.10678e-05
-8.67166e-07
5.14399e-05
-9.33866e-07
5.18034e-05
-9.88752e-07
5.21597e-05
-1.05802e-06
5.25104e-05
-1.14813e-06
5.28505e-05
-1.25192e-06
-1.36128e-06
5.31709e-05
5.01664e-05
-3.50333e-07
5.05179e-05
-8.7122e-07
5.09205e-05
-1.14632e-06
5.12991e-05
-1.24572e-06
5.16476e-05
-1.28236e-06
5.19845e-05
-1.32569e-06
5.23178e-05
-1.39129e-06
5.26384e-05
-1.46875e-06
5.29325e-05
-1.54605e-06
-1.61776e-06
5.3189e-05
5.03676e-05
-7.17914e-07
5.08003e-05
-1.30391e-06
5.10988e-05
-1.44484e-06
5.1276e-05
-1.42292e-06
5.14041e-05
-1.41051e-06
5.15023e-05
-1.42382e-06
5.15529e-05
-1.44195e-06
5.15394e-05
-1.45521e-06
5.14533e-05
-1.45998e-06
-1.45961e-06
5.12952e-05
4.92821e-05
4.79782e-05
4.65333e-05
4.51104e-05
4.36999e-05
4.22761e-05
4.08342e-05
3.93789e-05
3.7919e-05
3.64594e-05
1.42121e-08
-1.42121e-08
1.0507e-08
3.70491e-09
-8.11125e-09
1.86182e-08
-3.62061e-08
2.80949e-08
-7.10441e-08
3.4838e-08
-1.11386e-07
4.03423e-08
-1.56874e-07
4.5488e-08
-2.07263e-07
5.0389e-08
-2.62258e-07
5.49945e-08
-3.21523e-07
5.92655e-08
-3.84704e-07
6.31805e-08
-4.51437e-07
6.67329e-08
-5.21365e-07
6.9928e-08
-5.94143e-07
7.27785e-08
-6.69447e-07
7.53035e-08
-7.46974e-07
7.75276e-08
-8.26455e-07
7.94809e-08
-9.07655e-07
8.11995e-08
-9.9038e-07
8.27255e-08
-1.07449e-06
8.41128e-08
-1.15992e-06
8.54264e-08
-1.24666e-06
8.6736e-08
-1.33477e-06
8.8111e-08
-1.42439e-06
8.96191e-08
-1.51571e-06
9.13264e-08
-1.60901e-06
9.32944e-08
-1.70458e-06
9.55719e-08
-1.80277e-06
9.81909e-08
-1.90394e-06
1.01174e-07
-2.00849e-06
1.04546e-07
-2.11686e-06
1.08368e-07
-2.22967e-06
1.12815e-07
-2.34794e-06
1.18269e-07
-2.47332e-06
1.25381e-07
-2.60845e-06
1.35123e-07
-2.75726e-06
1.48813e-07
-2.92534e-06
1.6808e-07
-3.12005e-06
1.94708e-07
-3.35039e-06
2.30347e-07
-3.62642e-06
2.76031e-07
-3.95797e-06
3.3155e-07
-4.35283e-06
3.94852e-07
-4.81457e-06
4.61739e-07
-5.34044e-06
5.25879e-07
-5.92039e-06
5.79946e-07
-6.5374e-06
6.17012e-07
-7.16868e-06
6.31276e-07
-7.78782e-06
6.19136e-07
-8.36749e-06
5.79673e-07
-8.88326e-06
5.1577e-07
-9.31018e-06
4.26925e-07
-9.62684e-06
3.16653e-07
-9.82169e-06
1.94856e-07
-9.88208e-06
6.03873e-08
-9.8049e-06
-7.71775e-08
-9.59222e-06
-2.1268e-07
-9.24471e-06
-3.47513e-07
-8.76778e-06
-4.76926e-07
-8.16854e-06
-5.99241e-07
-7.462e-06
-7.06547e-07
-6.65851e-06
-8.03491e-07
-5.77299e-06
-8.85514e-07
-4.81997e-06
-9.53019e-07
-3.81545e-06
-1.00452e-06
-2.7752e-06
-1.04024e-06
-1.71571e-06
-1.05949e-06
-6.5105e-07
-1.06466e-06
4.05787e-07
-1.05684e-06
1.44259e-06
-1.0368e-06
2.44887e-06
-1.00628e-06
3.41453e-06
-9.6566e-07
4.33315e-06
-9.18626e-07
5.19767e-06
-8.64514e-07
6.00468e-06
-8.07014e-07
6.74962e-06
-7.4494e-07
7.43319e-06
-6.83572e-07
8.05311e-06
-6.19921e-07
8.61329e-06
-5.60176e-07
9.113e-06
-4.99711e-07
9.55894e-06
-4.45944e-07
9.95119e-06
-3.92247e-07
1.02989e-05
-3.47722e-07
1.06022e-05
-3.03265e-07
1.08725e-05
-2.70355e-07
1.11092e-05
-2.36652e-07
1.13263e-05
-2.17144e-07
1.15207e-05
-1.94326e-07
1.17094e-05
-1.88794e-07
1.18874e-05
-1.77926e-07
-1.951e-07
-1.11163e-08
-3.0956e-09
-6.48609e-08
5.74495e-08
-1.48165e-07
1.01923e-07
-2.52891e-07
1.32821e-07
-3.74224e-07
1.56171e-07
-5.09929e-07
1.76048e-07
-6.58469e-07
1.94028e-07
-8.18451e-07
2.10371e-07
-9.88539e-07
2.25083e-07
-1.16745e-06
2.3818e-07
-1.35398e-06
2.49708e-07
-1.54699e-06
2.59744e-07
-1.74545e-06
2.68384e-07
-1.94842e-06
2.75751e-07
-2.15511e-06
2.81988e-07
-2.36483e-06
2.87254e-07
-2.57707e-06
2.91721e-07
-2.79145e-06
2.95578e-07
-3.00775e-06
2.99028e-07
-3.22594e-06
3.02298e-07
-3.44615e-06
3.05637e-07
-3.66871e-06
3.09301e-07
-3.89414e-06
3.13541e-07
-4.12313e-06
3.18605e-07
-4.35654e-06
3.24741e-07
-4.59545e-06
3.32195e-07
-4.84107e-06
3.41196e-07
-5.09483e-06
3.51948e-07
-5.3583e-06
3.64646e-07
-5.63324e-06
3.79489e-07
-5.92159e-06
3.96717e-07
-6.22546e-06
4.1669e-07
-6.5472e-06
4.40005e-07
-6.88934e-06
4.67518e-07
-7.25446e-06
5.00245e-07
-7.64491e-06
5.39262e-07
-8.0624e-06
5.8557e-07
-8.50747e-06
6.39775e-07
-8.97883e-06
7.01712e-07
-9.47277e-06
7.69972e-07
-9.98262e-06
8.414e-07
-1.04984e-05
9.10639e-07
-1.1007e-05
9.70311e-07
-1.14923e-05
1.01121e-06
-1.19364e-05
1.02398e-06
-1.23209e-05
1.00153e-06
-1.2628e-05
9.38368e-07
-1.28408e-05
8.3201e-07
-1.29443e-05
6.83095e-07
-1.29248e-05
4.96287e-07
-1.27733e-05
2.75435e-07
-1.2474e-05
1.73214e-08
-1.20436e-05
-2.35522e-07
-1.14779e-05
-5.05292e-07
-1.07737e-05
-7.81398e-07
-9.93306e-06
-1.0533e-06
-8.96434e-06
-1.31623e-06
-7.87792e-06
-1.56335e-06
-6.68127e-06
-1.79589e-06
-5.39274e-06
-1.99508e-06
-4.02307e-06
-2.17316e-06
-2.58816e-06
-2.32042e-06
-1.10262e-06
-2.43856e-06
4.15999e-07
-2.52314e-06
1.95355e-06
-2.57779e-06
3.49661e-06
-2.60256e-06
5.03243e-06
-2.60048e-06
6.54703e-06
-2.57143e-06
8.02965e-06
-2.51942e-06
9.46966e-06
-2.44628e-06
1.08593e-05
-2.35534e-06
1.21908e-05
-2.25013e-06
1.34592e-05
-2.13291e-06
1.46604e-05
-2.00821e-06
1.57925e-05
-1.877e-06
1.68538e-05
-1.74483e-06
1.78448e-05
-1.61092e-06
1.87661e-05
-1.48149e-06
1.96202e-05
-1.35387e-06
2.04095e-05
-1.23524e-06
2.11381e-05
-1.12081e-06
2.18094e-05
-1.01908e-06
2.2429e-05
-9.22826e-07
2.30011e-05
-8.42461e-07
2.35322e-05
-7.67791e-07
2.40271e-05
-7.12034e-07
2.44939e-05
-6.61083e-07
2.49378e-05
-6.32701e-07
2.53668e-05
-6.06885e-07
-6.03656e-07
-4.99773e-08
4.68817e-08
-1.86242e-07
1.93715e-07
-3.68066e-07
2.83746e-07
-5.76576e-07
3.41331e-07
-8.0305e-07
3.82645e-07
-1.04514e-06
4.18137e-07
-1.30143e-06
4.50322e-07
-1.56952e-06
4.78455e-07
-1.8469e-06
5.02465e-07
-2.13127e-06
5.22552e-07
-2.42056e-06
5.38998e-07
-2.71295e-06
5.52135e-07
-3.00692e-06
5.62347e-07
-3.3012e-06
5.70038e-07
-3.59483e-06
5.75619e-07
-3.88707e-06
5.79494e-07
-4.17741e-06
5.8206e-07
-4.46556e-06
5.83726e-07
-4.75139e-06
5.84856e-07
-5.03494e-06
5.85846e-07
-5.31642e-06
5.87125e-07
-5.5962e-06
5.89081e-07
-5.87472e-06
5.92057e-07
-6.15247e-06
5.96352e-07
-6.42996e-06
6.02231e-07
-6.70769e-06
6.09934e-07
-6.98614e-06
6.19644e-07
-7.26564e-06
6.31445e-07
-7.54636e-06
6.45364e-07
-7.82826e-06
6.61386e-07
-8.11101e-06
6.79474e-07
-8.39387e-06
6.99548e-07
-8.67577e-06
7.21904e-07
-8.95522e-06
7.46965e-07
-9.23011e-06
7.75134e-07
-9.49749e-06
8.06641e-07
-9.75341e-06
8.41492e-07
-9.99271e-06
8.79073e-07
-1.02088e-05
9.17834e-07
-1.03939e-05
9.55077e-07
-1.05392e-05
9.86704e-07
-1.0634e-05
1.00544e-06
-1.0668e-05
1.00429e-06
-1.0631e-05
9.74212e-07
-1.05125e-05
9.055e-07
-1.03047e-05
7.93666e-07
-1.00011e-05
6.34771e-07
-9.59761e-06
4.28546e-07
-9.0888e-06
1.74288e-07
-8.47379e-06
-1.18721e-07
-7.75627e-06
-4.42086e-07
-6.94437e-06
-7.9458e-07
-6.01693e-06
-1.16296e-06
-4.98627e-06
-1.53595e-06
-3.85927e-06
-1.90839e-06
-2.64188e-06
-2.2707e-06
-1.33999e-06
-2.61811e-06
4.00466e-08
-2.94339e-06
1.47667e-06
-3.23252e-06
2.97182e-06
-3.49023e-06
4.51143e-06
-3.71276e-06
6.08193e-06
-3.89092e-06
7.67325e-06
-4.02988e-06
9.27219e-06
-4.12209e-06
1.08688e-05
-4.17443e-06
1.24489e-05
-4.1826e-06
1.40031e-05
-4.15475e-06
1.55201e-05
-4.08844e-06
1.6993e-05
-3.99227e-06
1.84126e-05
-3.86591e-06
1.97752e-05
-3.71794e-06
2.10743e-05
-3.5492e-06
2.2309e-05
-3.36763e-06
2.34754e-05
-3.17463e-06
2.45753e-05
-2.97691e-06
2.56066e-05
-2.77612e-06
2.65732e-05
-2.57751e-06
2.74745e-05
-2.38274e-06
2.8316e-05
-2.19543e-06
2.90981e-05
-2.01733e-06
2.98277e-05
-1.85044e-06
3.05056e-05
-1.69694e-06
3.11398e-05
-1.55699e-06
3.17311e-05
-1.43377e-06
3.22885e-05
-1.32523e-06
3.28129e-05
-1.23641e-06
3.33142e-05
-1.16243e-06
3.37926e-05
-1.11106e-06
3.42584e-05
-1.07269e-06
-1.06297e-06
-1.37937e-07
1.84819e-07
-3.91387e-07
4.47164e-07
-6.84057e-07
5.76416e-07
-9.93956e-07
6.5123e-07
-1.31906e-06
7.07746e-07
-1.65681e-06
7.55887e-07
-2.00228e-06
7.958e-07
-2.35087e-06
8.27041e-07
-2.69863e-06
8.50227e-07
-3.0426e-06
8.66521e-07
-3.38039e-06
8.76782e-07
-3.71011e-06
8.81854e-07
-4.03042e-06
8.82659e-07
-4.34038e-06
8.80005e-07
-4.63938e-06
8.74615e-07
-4.92703e-06
8.67144e-07
-5.20314e-06
8.58166e-07
-5.4676e-06
8.48192e-07
-5.72046e-06
8.37713e-07
-5.96181e-06
8.27199e-07
-6.19177e-06
8.17081e-07
-6.41042e-06
8.07726e-07
-6.61777e-06
7.9941e-07
-6.81374e-06
7.92323e-07
-6.99809e-06
7.86575e-07
-7.17039e-06
7.82235e-07
-7.33008e-06
7.79337e-07
-7.47634e-06
7.77708e-07
-7.60807e-06
7.77087e-07
-7.72382e-06
7.77144e-07
-7.82185e-06
7.77503e-07
-7.90007e-06
7.77771e-07
-7.9558e-06
7.77629e-07
-7.98582e-06
7.76986e-07
-7.9866e-06
7.75919e-07
-7.95395e-06
7.73983e-07
-7.88294e-06
7.70488e-07
-7.76798e-06
7.64108e-07
-7.6028e-06
7.52654e-07
-7.38048e-06
7.32762e-07
-7.09345e-06
6.99669e-07
-6.73571e-06
6.47708e-07
-6.30241e-06
5.7099e-07
-5.79055e-06
4.62351e-07
-5.1959e-06
3.10847e-07
-4.51677e-06
1.14534e-07
-3.75506e-06
-1.26935e-07
-2.91369e-06
-4.1283e-07
-1.99427e-06
-7.45125e-07
-9.97405e-07
-1.11559e-06
7.79635e-08
-1.51745e-06
1.22605e-06
-1.94267e-06
2.44294e-06
-2.37986e-06
3.72655e-06
-2.81956e-06
5.07397e-06
-3.25581e-06
6.47948e-06
-3.6762e-06
7.93787e-06
-4.07651e-06
9.43884e-06
-4.44435e-06
1.09815e-05
-4.7752e-06
1.25508e-05
-5.05948e-06
1.41383e-05
-5.30034e-06
1.57331e-05
-5.48566e-06
1.73246e-05
-5.62139e-06
1.89015e-05
-5.69904e-06
2.04545e-05
-5.72741e-06
2.19726e-05
-5.70063e-06
2.34481e-05
-5.6303e-06
2.48723e-05
-5.5126e-06
2.62404e-05
-5.36041e-06
2.75459e-05
-5.17144e-06
2.87872e-05
-4.95922e-06
2.99601e-05
-4.72209e-06
3.10657e-05
-4.4732e-06
3.21019e-05
-4.21081e-06
3.30719e-05
-3.94697e-06
3.39753e-05
-3.6795e-06
3.48169e-05
-3.41911e-06
3.55972e-05
-3.16307e-06
3.63223e-05
-2.92051e-06
3.69933e-05
-2.68837e-06
3.76171e-05
-2.47416e-06
3.8195e-05
-2.27487e-06
3.87343e-05
-2.09631e-06
3.92366e-05
-1.93607e-06
3.97094e-05
-1.79806e-06
4.01542e-05
-1.68121e-06
4.05789e-05
-1.58711e-06
4.09849e-05
-1.51699e-06
4.13821e-05
-1.46996e-06
-1.45275e-06
-1.94804e-07
3.79623e-07
-5.6482e-07
8.1718e-07
-9.824e-07
9.93997e-07
-1.4097e-06
1.07853e-06
-1.83069e-06
1.12874e-06
-2.23673e-06
1.16192e-06
-2.624e-06
1.18307e-06
-2.99136e-06
1.19441e-06
-3.337e-06
1.19586e-06
-3.65936e-06
1.18888e-06
-3.95769e-06
1.17511e-06
-4.23179e-06
1.15596e-06
-4.48185e-06
1.13271e-06
-4.70829e-06
1.10644e-06
-4.91171e-06
1.07804e-06
-5.09278e-06
1.04822e-06
-5.25219e-06
1.01758e-06
-5.39053e-06
9.86529e-07
-5.5083e-06
9.55488e-07
-5.60595e-06
9.24847e-07
-5.68379e-06
8.9492e-07
-5.74199e-06
8.65923e-07
-5.78052e-06
8.37944e-07
-5.79916e-06
8.10961e-07
-5.79744e-06
7.84851e-07
-5.77461e-06
7.59404e-07
-5.72981e-06
7.34547e-07
-5.66195e-06
7.0984e-07
-5.56958e-06
6.84719e-07
-5.451e-06
6.58561e-07
-5.30418e-06
6.30683e-07
-5.12676e-06
6.00356e-07
-4.91595e-06
5.66823e-07
-4.66821e-06
5.29244e-07
-4.38004e-06
4.87741e-07
-4.0474e-06
4.41348e-07
-3.66571e-06
3.88802e-07
-3.23001e-06
3.28403e-07
-2.73506e-06
2.57703e-07
-2.17557e-06
1.73276e-07
-1.54605e-06
7.01424e-08
-8.43679e-07
-5.46589e-08
-6.93047e-08
-2.03385e-07
7.82349e-07
-3.89302e-07
1.70743e-06
-6.14237e-07
2.70305e-06
-8.81079e-07
3.76751e-06
-1.1914e-06
4.89884e-06
-1.54415e-06
6.09186e-06
-1.93815e-06
7.34256e-06
-2.36628e-06
8.64785e-06
-2.82275e-06
1.00028e-05
-3.29766e-06
1.14063e-05
-3.78335e-06
1.2854e-05
-4.26719e-06
1.43414e-05
-4.74321e-06
1.58623e-05
-5.19715e-06
1.74099e-05
-5.6241e-06
1.89752e-05
-6.00964e-06
2.05511e-05
-6.35105e-06
2.21268e-05
-6.63522e-06
2.36915e-05
-6.86499e-06
2.52353e-05
-7.02947e-06
2.67484e-05
-7.13456e-06
2.82218e-05
-7.1724e-06
2.96475e-05
-7.15314e-06
3.10184e-05
-7.07151e-06
3.23291e-05
-6.94103e-06
3.35748e-05
-6.7583e-06
3.47533e-05
-6.53892e-06
3.58622e-05
-6.28029e-06
3.6902e-05
-5.99903e-06
3.78722e-05
-5.6923e-06
3.87756e-05
-5.37661e-06
3.9613e-05
-5.04814e-06
4.03886e-05
-4.72261e-06
4.11039e-05
-4.39485e-06
4.17644e-05
-4.0796e-06
4.23717e-05
-3.77032e-06
4.29318e-05
-3.48066e-06
4.34464e-05
-3.2029e-06
4.39219e-05
-2.94969e-06
4.43595e-05
-2.71246e-06
4.47662e-05
-2.50301e-06
4.51425e-05
-2.31233e-06
4.54958e-05
-2.1514e-06
4.58259e-05
-2.01129e-06
4.61409e-05
-1.90218e-06
4.64399e-05
-1.81592e-06
4.67318e-05
-1.76189e-06
-1.73818e-06
-4.21973e-07
8.01596e-07
-9.62325e-07
1.35753e-06
-1.45598e-06
1.48765e-06
-1.89135e-06
1.51389e-06
-2.28991e-06
1.5273e-06
-2.65656e-06
1.52858e-06
-2.98644e-06
1.51295e-06
-3.27329e-06
1.48125e-06
-3.51348e-06
1.43606e-06
-3.70901e-06
1.38441e-06
-3.86277e-06
1.32887e-06
-3.97763e-06
1.27082e-06
-4.05639e-06
1.21147e-06
-4.10168e-06
1.15173e-06
-4.1159e-06
1.09225e-06
-4.10115e-06
1.03347e-06
-4.05932e-06
9.7575e-07
-3.9919e-06
9.19106e-07
-3.90008e-06
8.63664e-07
-3.7848e-06
8.09574e-07
-3.64676e-06
7.56881e-07
-3.48637e-06
7.05526e-07
-3.30371e-06
6.55286e-07
-3.09856e-06
6.05815e-07
-2.87044e-06
5.5673e-07
-2.61841e-06
5.07373e-07
-2.34165e-06
4.57784e-07
-2.03886e-06
4.07056e-07
-1.7085e-06
3.54356e-07
-1.3488e-06
2.98866e-07
-9.57763e-07
2.39642e-07
-5.32984e-07
1.75577e-07
-7.15165e-08
1.05355e-07
4.30706e-07
2.70212e-08
9.75405e-07
-5.69574e-08
1.56625e-06
-1.49501e-07
2.20793e-06
-2.52872e-07
2.90477e-06
-3.68442e-07
3.66098e-06
-4.98502e-07
4.48031e-06
-6.46056e-07
5.36481e-06
-8.14354e-07
6.31741e-06
-1.00727e-06
7.34171e-06
-1.22768e-06
8.43493e-06
-1.48252e-06
9.59497e-06
-1.77428e-06
1.08185e-05
-2.10465e-06
1.21017e-05
-2.47457e-06
1.34396e-05
-2.88205e-06
1.48264e-05
-3.32495e-06
1.62567e-05
-3.79663e-06
1.77251e-05
-4.29109e-06
1.92253e-05
-4.79785e-06
2.07513e-05
-5.30938e-06
2.22966e-05
-5.81253e-06
2.3853e-05
-6.29962e-06
2.54122e-05
-6.75629e-06
2.69641e-05
-7.17602e-06
2.84993e-05
-7.54483e-06
3.00074e-05
-7.85918e-06
3.14791e-05
-8.10685e-06
3.29039e-05
-8.28981e-06
3.42742e-05
-8.39976e-06
3.55828e-05
-8.44315e-06
3.68247e-05
-8.41435e-06
3.79959e-05
-8.3243e-06
3.9094e-05
-8.16968e-06
4.01181e-05
-7.96511e-06
4.10684e-05
-7.70855e-06
4.19465e-05
-7.41701e-06
4.27546e-05
-7.08839e-06
4.34963e-05
-6.74074e-06
4.41748e-05
-6.37078e-06
4.47947e-05
-5.99659e-06
4.53596e-05
-5.61296e-06
4.58745e-05
-5.23752e-06
4.63425e-05
-4.86289e-06
4.67691e-05
-4.5062e-06
4.71566e-05
-4.15785e-06
4.75106e-05
-3.83462e-06
4.78325e-05
-3.52482e-06
4.8128e-05
-3.24516e-06
4.83976e-05
-2.98208e-06
4.86472e-05
-2.75256e-06
4.88762e-05
-2.54142e-06
4.9091e-05
-2.36618e-06
4.92901e-05
-2.21034e-06
4.94802e-05
-2.09226e-06
4.96587e-05
-1.99439e-06
4.98331e-05
-1.93633e-06
-1.90452e-06
-2.66693e-07
1.06829e-06
-8.63665e-07
1.9545e-06
-1.48575e-06
2.10974e-06
-2.00713e-06
2.03527e-06
-2.40022e-06
1.9204e-06
-2.66755e-06
1.7959e-06
-2.82666e-06
1.67206e-06
-2.89763e-06
1.55222e-06
-2.8978e-06
1.43623e-06
-2.83809e-06
1.32471e-06
-2.72678e-06
1.21755e-06
-2.5704e-06
1.11444e-06
-2.37456e-06
1.01564e-06
-2.14404e-06
9.21222e-07
-1.88288e-06
8.31081e-07
-1.59434e-06
7.44936e-07
-1.28122e-06
6.62629e-07
-9.45501e-07
5.83387e-07
-5.88813e-07
5.06976e-07
-2.12408e-07
4.33169e-07
1.82901e-07
3.61572e-07
5.96718e-07
2.9171e-07
1.02915e-06
2.22856e-07
1.48064e-06
1.54323e-07
1.9521e-06
8.52682e-08
2.4455e-06
1.39702e-08
2.96044e-06
-5.71524e-08
3.49903e-06
-1.31531e-07
4.0634e-06
-2.10019e-07
4.65566e-06
-2.93392e-07
5.27806e-06
-3.82757e-07
5.93303e-06
-4.794e-07
6.62297e-06
-5.84581e-07
7.34942e-06
-6.99424e-07
8.11717e-06
-8.24715e-07
8.92978e-06
-9.62111e-07
9.79023e-06
-1.11332e-06
1.0702e-05
-1.28022e-06
1.16683e-05
-1.46476e-06
1.26918e-05
-1.66954e-06
1.37745e-05
-1.89709e-06
1.49178e-05
-2.15061e-06
1.61225e-05
-2.43239e-06
1.73858e-05
-2.74577e-06
1.87043e-05
-3.09275e-06
2.00735e-05
-3.47392e-06
2.14877e-05
-3.88872e-06
2.29402e-05
-4.33452e-06
2.44229e-05
-4.80765e-06
2.59276e-05
-5.30136e-06
2.74448e-05
-5.80833e-06
2.89654e-05
-6.31841e-06
3.04788e-05
-6.82278e-06
3.19753e-05
-7.30907e-06
3.34438e-05
-7.76809e-06
3.48741e-05
-8.18656e-06
3.6255e-05
-8.55698e-06
3.75779e-05
-8.86773e-06
3.88336e-05
-9.11485e-06
4.00153e-05
-9.2886e-06
4.11167e-05
-9.39115e-06
4.21347e-05
-9.41778e-06
4.30678e-05
-9.37625e-06
4.39171e-05
-9.26368e-06
4.46843e-05
-9.09148e-06
4.53731e-05
-8.85849e-06
4.59878e-05
-8.57979e-06
4.65339e-05
-8.25464e-06
4.70172e-05
-7.90029e-06
4.74437e-05
-7.51493e-06
4.78197e-05
-7.11675e-06
4.81508e-05
-6.70183e-06
4.84427e-05
-6.28855e-06
4.87001e-05
-5.87029e-06
4.8928e-05
-5.46543e-06
4.91296e-05
-5.06456e-06
4.93096e-05
-4.68615e-06
4.94697e-05
-4.31801e-06
4.96141e-05
-3.97898e-06
4.97435e-05
-3.65419e-06
4.98616e-05
-3.36324e-06
4.99682e-05
-3.08869e-06
5.00669e-05
-2.85133e-06
5.01568e-05
-2.63125e-06
5.02415e-05
-2.45087e-06
5.0319e-05
-2.28793e-06
5.03937e-05
-2.16689e-06
5.04624e-05
-2.06315e-06
5.05296e-05
-2.00345e-06
-1.96363e-06
-1.49761e-06
2.5659e-06
-1.9502e-06
2.40709e-06
-2.11704e-06
2.27658e-06
-2.13483e-06
2.05306e-06
-2.02293e-06
1.8085e-06
-1.80491e-06
1.57788e-06
-1.49989e-06
1.36705e-06
-1.12216e-06
1.17448e-06
-6.84413e-07
9.98484e-07
-1.98865e-07
8.39162e-07
3.25227e-07
6.93456e-07
8.8026e-07
5.59408e-07
1.45965e-06
4.36246e-07
2.05837e-06
3.22496e-07
2.67267e-06
2.16789e-07
3.29946e-06
1.18139e-07
3.93583e-06
2.62631e-08
4.58215e-06
-6.29315e-08
5.23693e-06
-1.47806e-07
5.89914e-06
-2.2904e-07
6.56865e-06
-3.07934e-07
7.24529e-06
-3.84934e-07
7.93036e-06
-4.62215e-07
8.62508e-06
-5.40397e-07
9.33067e-06
-6.2032e-07
1.00477e-05
-7.03027e-07
1.07797e-05
-7.89212e-07
1.15286e-05
-8.80361e-07
1.22963e-05
-9.77723e-07
1.30853e-05
-1.08247e-06
1.38983e-05
-1.19569e-06
1.47376e-05
-1.31869e-06
1.56056e-05
-1.45262e-06
1.6505e-05
-1.59886e-06
1.74388e-05
-1.75846e-06
1.84095e-05
-1.9328e-06
1.94194e-05
-2.12324e-06
2.04707e-05
-2.33158e-06
2.15653e-05
-2.55934e-06
2.27044e-05
-2.80858e-06
2.38882e-05
-3.08097e-06
2.51163e-05
-3.37863e-06
2.63865e-05
-3.70266e-06
2.76952e-05
-4.05444e-06
2.90368e-05
-4.43434e-06
3.04047e-05
-4.84184e-06
3.17906e-05
-5.27463e-06
3.31854e-05
-5.7293e-06
3.45789e-05
-6.20118e-06
3.59601e-05
-6.68255e-06
3.73165e-05
-7.16469e-06
3.86367e-05
-7.63864e-06
3.99085e-05
-8.09459e-06
4.11212e-05
-8.5218e-06
4.22637e-05
-8.91057e-06
4.33277e-05
-9.25056e-06
4.43051e-05
-9.5344e-06
4.51913e-05
-9.75391e-06
4.59822e-05
-9.90575e-06
4.66782e-05
-9.98459e-06
4.7279e-05
-9.99197e-06
4.77884e-05
-9.92719e-06
4.82122e-05
-9.80002e-06
4.85582e-05
-9.60965e-06
4.88336e-05
-9.36692e-06
4.90477e-05
-9.07257e-06
4.92087e-05
-8.7408e-06
4.93257e-05
-8.37158e-06
4.94064e-05
-7.98101e-06
4.94583e-05
-7.5669e-06
4.94881e-05
-7.14647e-06
4.95008e-05
-6.71457e-06
4.95015e-05
-6.28921e-06
4.94932e-05
-5.862e-06
4.94795e-05
-5.45181e-06
4.94619e-05
-5.04691e-06
4.9443e-05
-4.66727e-06
4.94228e-05
-4.29777e-06
4.94035e-05
-3.95973e-06
4.93841e-05
-3.63472e-06
4.93666e-05
-3.34582e-06
4.93492e-05
-3.07126e-06
4.93342e-05
-2.8363e-06
4.93188e-05
-2.61584e-06
4.93056e-05
-2.43771e-06
4.92912e-05
-2.27349e-06
4.92784e-05
-2.15412e-06
4.92632e-05
-2.04794e-06
4.92493e-05
-1.98955e-06
-1.94094e-06
-8.97485e-07
3.46339e-06
-7.43704e-07
2.25331e-06
-2.52517e-07
1.78539e-06
4.61313e-07
1.33923e-06
1.3327e-06
9.37112e-07
2.29558e-06
6.15008e-07
3.30366e-06
3.58962e-07
4.32975e-06
1.484e-07
5.35912e-06
-3.08928e-08
6.37796e-06
-1.79681e-07
7.38726e-06
-3.15839e-07
8.38536e-06
-4.38689e-07
9.36852e-06
-5.46912e-07
1.03356e-05
-6.44636e-07
1.12867e-05
-7.34279e-07
1.2222e-05
-8.17181e-07
1.31429e-05
-8.94566e-07
1.40483e-05
-9.68361e-07
1.49397e-05
-1.03919e-06
1.58184e-05
-1.10771e-06
1.66856e-05
-1.17521e-06
1.7544e-05
-1.24329e-06
1.83951e-05
-1.31333e-06
1.92411e-05
-1.38644e-06
2.00844e-05
-1.46361e-06
2.09274e-05
-1.54604e-06
2.17731e-05
-1.63484e-06
2.26239e-05
-1.73118e-06
2.34824e-05
-1.83627e-06
2.43513e-05
-1.95136e-06
2.52331e-05
-2.07744e-06
2.613e-05
-2.21558e-06
2.70442e-05
-2.3668e-06
2.79776e-05
-2.53227e-06
2.8932e-05
-2.71292e-06
2.99091e-05
-2.90983e-06
3.09098e-05
-3.12393e-06
3.19346e-05
-3.35645e-06
3.29836e-05
-3.60833e-06
3.40558e-05
-3.88075e-06
3.51496e-05
-4.17476e-06
3.62623e-05
-4.49136e-06
3.73894e-05
-4.82975e-06
3.85251e-05
-5.19018e-06
3.96623e-05
-5.57146e-06
4.07922e-05
-5.97182e-06
4.19053e-05
-6.38772e-06
4.2991e-05
-6.81498e-06
4.40373e-05
-7.24744e-06
4.50329e-05
-7.67817e-06
4.59668e-05
-8.09861e-06
4.68287e-05
-8.50055e-06
4.76089e-05
-8.87479e-06
4.83001e-05
-9.21296e-06
4.88961e-05
-9.50664e-06
4.93945e-05
-9.74892e-06
4.97939e-05
-9.93383e-06
5.0097e-05
-1.0057e-05
5.03073e-05
-1.0116e-05
5.04323e-05
-1.01096e-05
5.04802e-05
-1.00398e-05
5.04616e-05
-9.90861e-06
5.03862e-05
-9.7246e-06
5.02661e-05
-9.48964e-06
5.01111e-05
-9.21189e-06
4.99321e-05
-8.89352e-06
4.97366e-05
-8.54537e-06
4.95333e-05
-8.16821e-06
4.93271e-05
-7.77486e-06
4.91237e-05
-7.36349e-06
4.89258e-05
-6.94855e-06
4.8736e-05
-6.52481e-06
4.85554e-05
-6.10862e-06
4.83846e-05
-5.6912e-06
4.8224e-05
-5.29121e-06
4.8073e-05
-4.89583e-06
4.79318e-05
-4.52616e-06
4.7799e-05
-4.16488e-06
4.76752e-05
-3.83602e-06
4.7558e-05
-3.5175e-06
4.74491e-05
-3.23684e-06
4.73447e-05
-2.96687e-06
4.72475e-05
-2.73916e-06
4.71528e-05
-2.52112e-06
4.70641e-05
-2.34904e-06
4.69753e-05
-2.18465e-06
4.68909e-05
-2.06977e-06
4.68032e-05
-1.9602e-06
4.67177e-05
-1.90405e-06
-1.84954e-06
3.6608e-06
-1.97412e-07
6.38935e-06
-4.75237e-07
8.8038e-06
-6.29068e-07
1.0929e-05
-7.85978e-07
1.28079e-05
-9.41764e-07
1.45046e-05
-1.08171e-06
1.60638e-05
-1.20027e-06
1.75025e-05
-1.29027e-06
1.88471e-05
-1.37553e-06
2.01192e-05
-1.45172e-06
2.13227e-05
-1.51939e-06
2.24646e-05
-1.58053e-06
2.35535e-05
-1.63584e-06
2.45951e-05
-1.68626e-06
2.55936e-05
-1.73278e-06
2.65528e-05
-1.77639e-06
2.74762e-05
-1.81798e-06
2.83665e-05
-1.85858e-06
2.92265e-05
-1.89924e-06
3.00597e-05
-1.94088e-06
3.08691e-05
-1.98461e-06
3.16575e-05
-2.03174e-06
3.24277e-05
-2.0835e-06
3.31823e-05
-2.14109e-06
3.39243e-05
-2.20558e-06
3.46564e-05
-2.27807e-06
3.53811e-05
-2.35958e-06
3.6101e-05
-2.4511e-06
3.68184e-05
-2.55366e-06
3.75356e-05
-2.66857e-06
3.82544e-05
-2.79627e-06
3.89763e-05
-2.93748e-06
3.97026e-05
-3.09306e-06
4.04341e-05
-3.26377e-06
4.11714e-05
-3.4502e-06
4.19145e-05
-3.65297e-06
4.26631e-05
-3.87256e-06
4.34162e-05
-4.10949e-06
4.4172e-05
-4.36412e-06
4.4928e-05
-4.63676e-06
4.56806e-05
-4.92741e-06
4.6425e-05
-5.23576e-06
4.71561e-05
-5.5608e-06
4.78672e-05
-5.90129e-06
4.85509e-05
-6.25514e-06
4.91988e-05
-6.6197e-06
4.98021e-05
-6.9911e-06
5.0352e-05
-7.36481e-06
5.08395e-05
-7.735e-06
5.12569e-05
-8.09556e-06
5.15976e-05
-8.43928e-06
5.18564e-05
-8.75935e-06
5.203e-05
-9.04842e-06
5.21176e-05
-9.30053e-06
5.21208e-05
-9.50987e-06
5.20442e-05
-9.67233e-06
5.18942e-05
-9.78384e-06
5.16798e-05
-9.84258e-06
5.14106e-05
-9.84679e-06
5.10978e-05
-9.7969e-06
5.07528e-05
-9.6947e-06
5.03874e-05
-9.54323e-06
5.00093e-05
-9.34652e-06
4.9628e-05
-9.10839e-06
4.92493e-05
-8.83316e-06
4.88796e-05
-8.52378e-06
4.85204e-05
-8.18617e-06
4.81752e-05
-7.82303e-06
4.7843e-05
-7.44263e-06
4.75256e-05
-7.04613e-06
4.72205e-05
-6.64347e-06
4.69286e-05
-6.23291e-06
4.66468e-05
-5.82678e-06
4.63759e-05
-5.42026e-06
4.61133e-05
-5.02861e-06
4.58601e-05
-4.64262e-06
4.56145e-05
-4.2806e-06
4.53774e-05
-3.92782e-06
4.5148e-05
-3.60656e-06
4.49263e-05
-3.29582e-06
4.47124e-05
-3.02295e-06
4.45052e-05
-2.75964e-06
4.43056e-05
-2.53962e-06
4.41107e-05
-2.32622e-06
4.39229e-05
-2.16117e-06
4.37365e-05
-1.99829e-06
4.35558e-05
-1.88906e-06
4.33718e-05
-1.77623e-06
4.31905e-05
-1.72274e-06
-1.66398e-06
3.86193e-05
8.28306e-09
3.85902e-05
-4.4613e-07
3.87325e-05
-7.71412e-07
3.89615e-05
-1.01495e-06
3.92391e-05
-1.21939e-06
3.95596e-05
-1.4022e-06
3.99242e-05
-1.56486e-06
4.03345e-05
-1.70056e-06
4.07703e-05
-1.81139e-06
4.12212e-05
-1.90263e-06
4.16807e-05
-1.9788e-06
4.21429e-05
-2.04281e-06
4.2604e-05
-2.09693e-06
4.30607e-05
-2.14298e-06
4.35106e-05
-2.18261e-06
4.39516e-05
-2.21744e-06
4.43827e-05
-2.24901e-06
4.48029e-05
-2.27885e-06
4.52121e-05
-2.30846e-06
4.56106e-05
-2.33932e-06
4.59988e-05
-2.37281e-06
4.63774e-05
-2.41036e-06
4.67472e-05
-2.45332e-06
4.71092e-05
-2.50304e-06
4.74643e-05
-2.56071e-06
4.78137e-05
-2.62745e-06
4.81583e-05
-2.70424e-06
4.84992e-05
-2.79203e-06
4.88373e-05
-2.89167e-06
4.91726e-05
-3.00396e-06
4.95059e-05
-3.12949e-06
4.98372e-05
-3.26877e-06
5.01664e-05
-3.42229e-06
5.04931e-05
-3.59048e-06
5.08165e-05
-3.77365e-06
5.11356e-05
-3.97202e-06
5.14487e-05
-4.18571e-06
5.1754e-05
-4.41474e-06
5.20489e-05
-4.659e-06
5.23303e-05
-4.91818e-06
5.25946e-05
-5.19173e-06
5.28376e-05
-5.47873e-06
5.30547e-05
-5.7779e-06
5.32408e-05
-6.08744e-06
5.33908e-05
-6.40507e-06
5.34991e-05
-6.728e-06
5.35607e-05
-7.05276e-06
5.35711e-05
-7.37522e-06
5.35268e-05
-7.69066e-06
5.34253e-05
-7.99404e-06
5.32659e-05
-8.27994e-06
5.30496e-05
-8.54303e-06
5.2779e-05
-8.7778e-06
5.24581e-05
-8.97967e-06
5.20937e-05
-9.14546e-06
5.16931e-05
-9.2717e-06
5.12646e-05
-9.35533e-06
5.08167e-05
-9.39463e-06
5.03573e-05
-9.3874e-06
4.98934e-05
-9.33307e-06
4.943e-05
-9.23125e-06
4.89706e-05
-9.08389e-06
4.85166e-05
-8.89249e-06
4.80688e-05
-8.66058e-06
4.76259e-05
-8.39031e-06
4.71877e-05
-8.08549e-06
4.67507e-05
-7.74921e-06
4.63145e-05
-7.38681e-06
4.58759e-05
-7.00402e-06
4.54361e-05
-6.60637e-06
4.49927e-05
-6.20011e-06
4.45488e-05
-5.78898e-06
4.41024e-05
-5.38037e-06
4.36582e-05
-4.97611e-06
4.32147e-05
-4.58512e-06
4.27778e-05
-4.20567e-06
4.23455e-05
-3.84831e-06
4.19242e-05
-3.50652e-06
4.15113e-05
-3.19366e-06
4.11128e-05
-2.89733e-06
4.07252e-05
-2.63532e-06
4.03534e-05
-2.38788e-06
3.9993e-05
-2.17922e-06
3.96474e-05
-1.98058e-06
3.93119e-05
-1.82564e-06
3.89878e-05
-1.67421e-06
3.86713e-05
-1.57253e-06
3.83606e-05
-1.46556e-06
3.80537e-05
-1.4159e-06
-1.35305e-06
5.29895e-05
8.58948e-08
5.2897e-05
-3.53613e-07
5.28692e-05
-7.43591e-07
5.2894e-05
-1.03979e-06
5.29406e-05
-1.26598e-06
5.29898e-05
-1.45139e-06
5.30379e-05
-1.61295e-06
5.30925e-05
-1.75514e-06
5.31582e-05
-1.87716e-06
5.32347e-05
-1.97906e-06
5.33186e-05
-2.06272e-06
5.34067e-05
-2.13095e-06
5.34965e-05
-2.18669e-06
5.3586e-05
-2.23253e-06
5.3674e-05
-2.27061e-06
5.37595e-05
-2.30287e-06
5.38415e-05
-2.33108e-06
5.39197e-05
-2.35698e-06
5.39934e-05
-2.38224e-06
5.40627e-05
-2.40854e-06
5.41273e-05
-2.43743e-06
5.41874e-05
-2.47044e-06
5.4243e-05
-2.50898e-06
5.42944e-05
-2.55444e-06
5.43417e-05
-2.60803e-06
5.43852e-05
-2.67087e-06
5.44248e-05
-2.74392e-06
5.44609e-05
-2.82805e-06
5.44932e-05
-2.92396e-06
5.45215e-05
-3.0323e-06
5.45456e-05
-3.15359e-06
5.45651e-05
-3.28825e-06
5.45794e-05
-3.43658e-06
5.45877e-05
-3.59881e-06
5.45891e-05
-3.77508e-06
5.45826e-05
-3.96544e-06
5.45666e-05
-4.1698e-06
5.45399e-05
-4.388e-06
5.45006e-05
-4.6197e-06
5.44468e-05
-4.86439e-06
5.43764e-05
-5.12133e-06
5.42872e-05
-5.3895e-06
5.41768e-05
-5.66756e-06
5.4043e-05
-5.95357e-06
5.38833e-05
-6.24539e-06
5.3696e-05
-6.5407e-06
5.34796e-05
-6.83637e-06
5.32332e-05
-7.12877e-06
5.29565e-05
-7.41399e-06
5.265e-05
-7.6876e-06
5.23152e-05
-7.94514e-06
5.19541e-05
-8.18185e-06
5.15694e-05
-8.39313e-06
5.11642e-05
-8.57451e-06
5.0741e-05
-8.72224e-06
5.03019e-05
-8.8326e-06
4.98489e-05
-8.90231e-06
4.93828e-05
-8.92861e-06
4.89038e-05
-8.90834e-06
4.84098e-05
-8.83906e-06
4.78984e-05
-8.71987e-06
4.73666e-05
-8.55209e-06
4.68116e-05
-8.33751e-06
4.623e-05
-8.07894e-06
4.56194e-05
-7.77977e-06
4.49799e-05
-7.44596e-06
4.43118e-05
-7.08111e-06
4.36172e-05
-6.69221e-06
4.28986e-05
-6.28543e-06
4.21609e-05
-5.86866e-06
4.14082e-05
-5.44738e-06
4.06478e-05
-5.02861e-06
3.98846e-05
-4.61711e-06
3.91271e-05
-4.21862e-06
3.83786e-05
-3.83668e-06
3.76478e-05
-3.47484e-06
3.69355e-05
-3.13605e-06
3.62504e-05
-2.82137e-06
3.55904e-05
-2.53362e-06
3.49636e-05
-2.27054e-06
3.43644e-05
-2.03619e-06
3.38011e-05
-1.82455e-06
3.32639e-05
-1.64199e-06
3.27607e-05
-1.47743e-06
3.22789e-05
-1.34382e-06
3.18268e-05
-1.22211e-06
3.1389e-05
-1.13468e-06
3.09743e-05
-1.05089e-06
3.05659e-05
-1.00749e-06
-9.52898e-07
5.43245e-05
-2.3437e-07
5.45059e-05
-5.35029e-07
5.46099e-05
-8.47628e-07
5.46973e-05
-1.12721e-06
5.47843e-05
-1.35298e-06
5.48648e-05
-1.53181e-06
5.49312e-05
-1.6794e-06
5.49826e-05
-1.80653e-06
5.50231e-05
-1.91764e-06
5.50574e-05
-2.01338e-06
5.50883e-05
-2.09361e-06
5.51165e-05
-2.15913e-06
5.51416e-05
-2.2118e-06
5.5163e-05
-2.25395e-06
5.51803e-05
-2.28787e-06
5.5193e-05
-2.31564e-06
5.52011e-05
-2.33915e-06
5.52043e-05
-2.36018e-06
5.52025e-05
-2.38043e-06
5.51956e-05
-2.4016e-06
5.51834e-05
-2.42529e-06
5.51661e-05
-2.45307e-06
5.51435e-05
-2.4864e-06
5.51157e-05
-2.52664e-06
5.50827e-05
-2.57503e-06
5.50445e-05
-2.63267e-06
5.50011e-05
-2.70051e-06
5.49524e-05
-2.77937e-06
5.48983e-05
-2.8699e-06
5.48387e-05
-2.9727e-06
5.47733e-05
-3.0882e-06
5.47019e-05
-3.21677e-06
5.46239e-05
-3.35864e-06
5.45391e-05
-3.51397e-06
5.44468e-05
-3.68281e-06
5.43465e-05
-3.86515e-06
5.42375e-05
-4.0608e-06
5.41191e-05
-4.26954e-06
5.39903e-05
-4.49091e-06
5.38502e-05
-4.72435e-06
5.36979e-05
-4.96901e-06
5.35322e-05
-5.22383e-06
5.3352e-05
-5.48731e-06
5.3156e-05
-5.75755e-06
5.29429e-05
-6.03231e-06
5.27112e-05
-6.30904e-06
5.24595e-05
-6.58465e-06
5.21861e-05
-6.85541e-06
5.18894e-05
-7.11725e-06
5.15674e-05
-7.36554e-06
5.12179e-05
-7.59573e-06
5.0839e-05
-7.80293e-06
5.04285e-05
-7.9826e-06
4.99838e-05
-8.12981e-06
4.95018e-05
-8.24026e-06
4.89789e-05
-8.30969e-06
4.84111e-05
-8.33448e-06
4.77937e-05
-8.31121e-06
4.71222e-05
-8.23683e-06
4.63927e-05
-8.10958e-06
4.56034e-05
-7.93059e-06
4.47542e-05
-7.70285e-06
4.38456e-05
-7.42901e-06
4.2878e-05
-7.11132e-06
4.18538e-05
-6.7555e-06
4.07791e-05
-6.37133e-06
3.96633e-05
-5.9653e-06
3.85161e-05
-5.54497e-06
3.73479e-05
-5.11724e-06
3.61686e-05
-4.6894e-06
3.49891e-05
-4.2679e-06
3.3821e-05
-3.86047e-06
3.26759e-05
-3.472e-06
3.15646e-05
-3.10736e-06
3.04956e-05
-2.76765e-06
2.94766e-05
-2.45582e-06
2.8512e-05
-2.1715e-06
2.76073e-05
-1.91667e-06
2.67627e-05
-1.68902e-06
2.59815e-05
-1.48929e-06
2.52591e-05
-1.31383e-06
2.45974e-05
-1.16289e-06
2.3988e-05
-1.0325e-06
2.34332e-05
-9.22717e-07
2.29199e-05
-8.30434e-07
2.24526e-05
-7.54875e-07
2.20131e-05
-6.9514e-07
2.16098e-05
-6.47586e-07
2.12189e-05
-6.16609e-07
-5.90563e-07
5.39217e-05
-5.63573e-07
5.41753e-05
-7.88643e-07
5.43571e-05
-1.02948e-06
5.44911e-05
-1.26119e-06
5.46014e-05
-1.46328e-06
5.46996e-05
-1.63001e-06
5.47866e-05
-1.76641e-06
5.48607e-05
-1.88063e-06
5.49218e-05
-1.97869e-06
5.49717e-05
-2.06333e-06
5.50132e-05
-2.13508e-06
5.50482e-05
-2.1941e-06
5.50775e-05
-2.24118e-06
5.51014e-05
-2.27781e-06
5.51195e-05
-2.30593e-06
5.51314e-05
-2.3276e-06
5.5137e-05
-2.34476e-06
5.51361e-05
-2.35929e-06
5.51287e-05
-2.37295e-06
5.51145e-05
-2.38747e-06
5.50937e-05
-2.40448e-06
5.50662e-05
-2.42558e-06
5.50321e-05
-2.45228e-06
5.49914e-05
-2.48595e-06
5.49442e-05
-2.52781e-06
5.48905e-05
-2.57898e-06
5.48304e-05
-2.64039e-06
5.47638e-05
-2.71285e-06
5.46909e-05
-2.79695e-06
5.46114e-05
-2.89318e-06
5.45251e-05
-3.00191e-06
5.44317e-05
-3.12342e-06
5.43309e-05
-3.25783e-06
5.42222e-05
-3.40524e-06
5.41049e-05
-3.56555e-06
5.39784e-05
-3.73866e-06
5.38419e-05
-3.92424e-06
5.36943e-05
-4.12192e-06
5.35344e-05
-4.33106e-06
5.3361e-05
-4.5509e-06
5.31723e-05
-4.78034e-06
5.29666e-05
-5.0181e-06
5.27416e-05
-5.26235e-06
5.2495e-05
-5.51095e-06
5.22238e-05
-5.76111e-06
5.19246e-05
-6.00981e-06
5.15934e-05
-6.25345e-06
5.12258e-05
-6.48785e-06
5.08168e-05
-6.70823e-06
5.03607e-05
-6.90945e-06
4.98515e-05
-7.08654e-06
4.92832e-05
-7.23462e-06
4.86501e-05
-7.34946e-06
4.79472e-05
-7.42691e-06
4.71704e-05
-7.46355e-06
4.63158e-05
-7.45506e-06
4.53791e-05
-7.39776e-06
4.43555e-05
-7.28763e-06
4.3241e-05
-7.1223e-06
4.20344e-05
-6.90296e-06
4.07412e-05
-6.63736e-06
3.93702e-05
-6.3319e-06
3.793e-05
-5.98875e-06
3.6428e-05
-5.60933e-06
3.48734e-05
-5.20088e-06
3.32782e-05
-4.77616e-06
3.16617e-05
-4.34885e-06
3.00439e-05
-3.92716e-06
2.84431e-05
-3.51636e-06
2.68752e-05
-3.12155e-06
2.53566e-05
-2.74925e-06
2.39021e-05
-2.40601e-06
2.25255e-05
-2.09543e-06
2.12375e-05
-1.81933e-06
2.0047e-05
-1.57717e-06
1.89594e-05
-1.36819e-06
1.79771e-05
-1.18918e-06
1.70986e-05
-1.03818e-06
1.63202e-05
-9.10631e-07
1.56355e-05
-8.04592e-07
1.50366e-05
-7.14897e-07
1.45147e-05
-6.41073e-07
1.40601e-05
-5.77904e-07
1.36645e-05
-5.27071e-07
1.33168e-05
-4.8277e-07
1.30111e-05
-4.49185e-07
1.2735e-05
-4.1896e-07
1.24863e-05
-3.98927e-07
1.225e-05
-3.80342e-07
-3.69975e-07
5.3578e-05
-8.75942e-07
5.38455e-05
-1.05614e-06
5.40599e-05
-1.24385e-06
5.42276e-05
-1.42885e-06
5.43642e-05
-1.59995e-06
5.44827e-05
-1.74848e-06
5.45885e-05
-1.87225e-06
5.46829e-05
-1.97495e-06
5.47654e-05
-2.06126e-06
5.48364e-05
-2.13426e-06
5.48967e-05
-2.19538e-06
5.49477e-05
-2.24512e-06
5.49904e-05
-2.28388e-06
5.50252e-05
-2.31257e-06
5.50518e-05
-2.3326e-06
5.507e-05
-2.34581e-06
5.50794e-05
-2.35412e-06
5.50796e-05
-2.35951e-06
5.50705e-05
-2.36385e-06
5.5052e-05
-2.36899e-06
5.50242e-05
-2.3766e-06
5.49869e-05
-2.3883e-06
5.49402e-05
-2.40562e-06
5.48842e-05
-2.42993e-06
5.48189e-05
-2.46245e-06
5.47442e-05
-2.50428e-06
5.46601e-05
-2.55634e-06
5.45667e-05
-2.61943e-06
5.44636e-05
-2.6939e-06
5.43506e-05
-2.78017e-06
5.42271e-05
-2.87841e-06
5.40925e-05
-2.98875e-06
5.39458e-05
-3.11112e-06
5.37859e-05
-3.24541e-06
5.36117e-05
-3.39133e-06
5.34216e-05
-3.54852e-06
5.32138e-05
-3.71645e-06
5.29863e-05
-3.89443e-06
5.27368e-05
-4.08154e-06
5.24625e-05
-4.27663e-06
5.21604e-05
-4.47821e-06
5.18268e-05
-4.68451e-06
5.14577e-05
-4.89332e-06
5.10488e-05
-5.10202e-06
5.0595e-05
-5.30727e-06
5.00908e-05
-5.50562e-06
4.95301e-05
-5.69279e-06
4.89063e-05
-5.86401e-06
4.8212e-05
-6.01389e-06
4.74397e-05
-6.13715e-06
4.65817e-05
-6.22855e-06
4.56306e-05
-6.28355e-06
4.45794e-05
-6.29824e-06
4.34241e-05
-6.27168e-06
4.21641e-05
-6.20353e-06
4.08003e-05
-6.09126e-06
3.93342e-05
-5.93164e-06
3.77636e-05
-5.71705e-06
3.60887e-05
-5.44736e-06
3.43155e-05
-5.12971e-06
3.24605e-05
-4.78239e-06
3.05427e-05
-4.41415e-06
2.85826e-05
-4.02862e-06
2.6602e-05
-3.62877e-06
2.46212e-05
-3.22003e-06
2.26613e-05
-2.8163e-06
2.07484e-05
-2.43589e-06
1.89109e-05
-2.08974e-06
1.71762e-05
-1.78164e-06
1.55679e-05
-1.51327e-06
1.41039e-05
-1.2852e-06
1.27962e-05
-1.09835e-06
1.1649e-05
-9.48227e-07
1.06567e-05
-8.27036e-07
9.80921e-06
-7.29668e-07
9.0927e-06
-6.51677e-07
8.49165e-06
-5.88128e-07
7.98903e-06
-5.35551e-07
7.56909e-06
-4.9069e-07
7.21673e-06
-4.52234e-07
6.91998e-06
-4.18145e-07
6.66758e-06
-3.8868e-07
6.45179e-06
-3.62111e-07
6.26453e-06
-3.39811e-07
6.10097e-06
-3.19209e-07
5.95467e-06
-3.02886e-07
5.82205e-06
-2.86338e-07
5.6975e-06
-2.74383e-07
5.57606e-06
-2.589e-07
-2.50122e-07
5.34349e-05
-1.17971e-06
5.37035e-05
-1.32471e-06
5.39324e-05
-1.47272e-06
5.41229e-05
-1.61944e-06
5.4282e-05
-1.75903e-06
5.44187e-05
-1.88513e-06
5.45397e-05
-1.99326e-06
5.46477e-05
-2.08298e-06
5.4743e-05
-2.15658e-06
5.48254e-05
-2.2166e-06
5.48947e-05
-2.26466e-06
5.49512e-05
-2.30162e-06
5.49952e-05
-2.32794e-06
5.50269e-05
-2.34426e-06
5.5046e-05
-2.3517e-06
5.5052e-05
-2.35181e-06
5.50443e-05
-2.34642e-06
5.50224e-05
-2.33759e-06
5.49859e-05
-2.32736e-06
5.49348e-05
-2.31784e-06
5.4869e-05
-2.31083e-06
5.47886e-05
-2.30793e-06
5.46935e-05
-2.31054e-06
5.45836e-05
-2.31998e-06
5.44586e-05
-2.33749e-06
5.43185e-05
-2.36416e-06
5.4163e-05
-2.40079e-06
5.39915e-05
-2.44796e-06
5.38035e-05
-2.50591e-06
5.35981e-05
-2.57478e-06
5.33741e-05
-2.65444e-06
5.31301e-05
-2.74476e-06
5.28644e-05
-2.84532e-06
5.25747e-05
-2.95574e-06
5.22587e-05
-3.07536e-06
5.19137e-05
-3.20352e-06
5.15366e-05
-3.33929e-06
5.11238e-05
-3.48167e-06
5.06716e-05
-3.62932e-06
5.01757e-05
-3.78073e-06
4.96314e-05
-3.93391e-06
4.90334e-05
-4.08652e-06
4.83758e-05
-4.23577e-06
4.76524e-05
-4.37858e-06
4.68572e-05
-4.51204e-06
4.5984e-05
-4.63244e-06
4.5026e-05
-4.7348e-06
4.39758e-05
-4.81383e-06
4.28263e-05
-4.86439e-06
4.15712e-05
-4.88206e-06
4.02053e-05
-4.86265e-06
3.87239e-05
-4.8021e-06
3.71227e-05
-4.69703e-06
3.54019e-05
-4.55089e-06
3.35676e-05
-4.36924e-06
3.16299e-05
-4.15358e-06
2.96061e-05
-3.9079e-06
2.75035e-05
-3.61443e-06
2.53359e-05
-3.27971e-06
2.31276e-05
-2.92147e-06
2.09066e-05
-2.56138e-06
1.87049e-05
-2.21246e-06
1.65517e-05
-1.87544e-06
1.45008e-05
-1.57786e-06
1.25947e-05
-1.31389e-06
1.08633e-05
-1.08487e-06
9.32662e-06
-8.99239e-07
8.00441e-06
-7.67528e-07
6.89196e-06
-6.69186e-07
5.97678e-06
-5.98102e-07
5.23431e-06
-5.42728e-07
4.62832e-06
-4.92363e-07
4.12383e-06
-4.43737e-07
3.69588e-06
-3.99083e-07
3.32757e-06
-3.61352e-07
3.00753e-06
-3.31644e-07
2.72766e-06
-3.08258e-07
2.48421e-06
-2.92097e-07
2.27306e-06
-2.79538e-07
2.0898e-06
-2.68978e-07
1.93085e-06
-2.59191e-07
1.79242e-06
-2.50253e-07
1.67159e-06
-2.41286e-07
1.56445e-06
-2.32668e-07
1.46891e-06
-2.23669e-07
1.38104e-06
-2.15017e-07
1.29949e-06
-2.04785e-07
1.21939e-06
-1.9428e-07
1.14136e-06
-1.80877e-07
-1.77382e-07
5.34633e-05
-1.47212e-06
5.37225e-05
-1.58383e-06
5.39464e-05
-1.69665e-06
5.41361e-05
-1.80911e-06
5.42944e-05
-1.91734e-06
5.44253e-05
-2.01601e-06
5.4533e-05
-2.10099e-06
5.46205e-05
-2.17048e-06
5.46887e-05
-2.22476e-06
5.47372e-05
-2.26511e-06
5.47653e-05
-2.29281e-06
5.47725e-05
-2.30877e-06
5.47582e-05
-2.3137e-06
5.47223e-05
-2.30838e-06
5.46645e-05
-2.29387e-06
5.45843e-05
-2.27159e-06
5.44812e-05
-2.24337e-06
5.43549e-05
-2.21128e-06
5.42051e-05
-2.17756e-06
5.40318e-05
-2.14453e-06
5.38355e-05
-2.11453e-06
5.36167e-05
-2.08912e-06
5.33751e-05
-2.06894e-06
5.31105e-05
-2.05536e-06
5.28226e-05
-2.04959e-06
5.2511e-05
-2.05256e-06
5.21751e-05
-2.06484e-06
5.18138e-05
-2.08672e-06
5.1426e-05
-2.11811e-06
5.101e-05
-2.15882e-06
5.05639e-05
-2.20833e-06
5.00853e-05
-2.26612e-06
4.95713e-05
-2.33138e-06
4.9019e-05
-2.40335e-06
4.84246e-05
-2.48096e-06
4.77843e-05
-2.56324e-06
4.70938e-05
-2.64884e-06
4.63487e-05
-2.73655e-06
4.5544e-05
-2.82465e-06
4.46749e-05
-2.91163e-06
4.37362e-05
-2.99517e-06
4.27227e-05
-3.07305e-06
4.16284e-05
-3.14146e-06
4.04456e-05
-3.19573e-06
3.91712e-05
-3.23762e-06
3.78013e-05
-3.26255e-06
3.63314e-05
-3.26496e-06
3.47578e-05
-3.24016e-06
3.30777e-05
-3.1843e-06
3.12918e-05
-3.09614e-06
2.94035e-05
-2.97443e-06
2.74173e-05
-2.81586e-06
2.53462e-05
-2.62595e-06
2.32019e-05
-2.40657e-06
2.09985e-05
-2.16582e-06
1.87682e-05
-1.92326e-06
1.65366e-05
-1.67637e-06
1.43502e-05
-1.42798e-06
1.2256e-05
-1.18549e-06
1.02973e-05
-9.62844e-07
8.51345e-06
-7.77503e-07
6.94728e-06
-6.4628e-07
5.64975e-06
-5.7791e-07
4.59895e-06
-5.27061e-07
3.75865e-06
-4.73597e-07
3.07825e-06
-4.04472e-07
2.50942e-06
-3.30404e-07
2.0125e-06
-2.70609e-07
1.57552e-06
-2.32205e-07
1.19615e-06
-2.18735e-07
8.67365e-07
-2.13939e-07
5.81836e-07
-2.06835e-07
3.32854e-07
-1.94756e-07
1.14187e-07
-1.80416e-07
-7.93643e-08
-1.678e-07
-2.51467e-07
-1.59542e-07
-4.04683e-07
-1.55042e-07
-5.43458e-07
-1.53322e-07
-6.69651e-07
-1.53344e-07
-7.84744e-07
-1.53885e-07
-8.89875e-07
-1.5406e-07
-9.86469e-07
-1.53659e-07
-1.07535e-06
-1.52404e-07
-1.15773e-06
-1.50292e-07
-1.23443e-06
-1.46967e-07
-1.30693e-06
-1.42517e-07
-1.37546e-06
-1.36255e-07
-1.44102e-06
-1.28718e-07
-1.50049e-06
-1.21406e-07
-1.22048e-07
5.34026e-05
-1.68578e-06
5.35723e-05
-1.75346e-06
5.36975e-05
-1.82185e-06
5.37781e-05
-1.88971e-06
5.38152e-05
-1.95449e-06
5.38098e-05
-2.01063e-06
5.37636e-05
-2.0548e-06
5.3679e-05
-2.08588e-06
5.35581e-05
-2.10379e-06
5.34016e-05
-2.10869e-06
5.321e-05
-2.10121e-06
5.29834e-05
-2.08212e-06
5.2722e-05
-2.05233e-06
5.24268e-05
-2.01311e-06
5.20985e-05
-1.96559e-06
5.17381e-05
-1.91126e-06
5.13467e-05
-1.85196e-06
5.09252e-05
-1.78974e-06
5.04744e-05
-1.72681e-06
4.99952e-05
-1.66532e-06
4.94886e-05
-1.6079e-06
4.89562e-05
-1.55669e-06
4.83978e-05
-1.51056e-06
4.78136e-05
-1.47114e-06
4.72033e-05
-1.43928e-06
4.65662e-05
-1.4155e-06
4.59013e-05
-1.39998e-06
4.52072e-05
-1.39256e-06
4.44819e-05
-1.39282e-06
4.37232e-05
-1.4001e-06
4.29284e-05
-1.41357e-06
4.20946e-05
-1.43233e-06
4.12186e-05
-1.4553e-06
4.02966e-05
-1.48141e-06
3.93251e-05
-1.50942e-06
3.83e-05
-1.53816e-06
3.72174e-05
-1.56621e-06
3.60732e-05
-1.59237e-06
3.48636e-05
-1.61507e-06
3.35851e-05
-1.63313e-06
3.22347e-05
-1.64481e-06
3.08106e-05
-1.64891e-06
2.93113e-05
-1.64212e-06
2.77347e-05
-1.61921e-06
2.60841e-05
-1.58699e-06
2.43618e-05
-1.54028e-06
2.25727e-05
-1.47582e-06
2.07251e-05
-1.39255e-06
1.88302e-05
-1.28946e-06
1.69009e-05
-1.16677e-06
1.49558e-05
-1.02939e-06
1.30233e-05
-8.83289e-07
1.1136e-05
-7.38665e-07
9.33888e-06
-6.09472e-07
7.6853e-06
-5.12245e-07
6.21848e-06
-4.56444e-07
4.97489e-06
-4.32776e-07
3.94461e-06
-3.97694e-07
3.09751e-06
-3.38385e-07
2.39322e-06
-2.58555e-07
1.79621e-06
-1.80493e-07
1.28195e-06
-1.32027e-07
8.24104e-07
-1.2006e-07
4.3153e-07
-1.34487e-07
9.72639e-08
-1.3933e-07
-1.86389e-07
-1.2082e-07
-4.28543e-07
-8.8249e-08
-6.37677e-07
-6.14751e-08
-8.19954e-07
-4.99282e-08
-9.85982e-07
-5.27072e-08
-1.13963e-06
-6.02911e-08
-1.28004e-06
-6.64219e-08
-1.40656e-06
-6.82374e-08
-1.52011e-06
-6.68666e-08
-1.62321e-06
-6.46982e-08
-1.7192e-06
-6.35556e-08
-1.81009e-06
-6.41519e-08
-1.89719e-06
-6.62232e-08
-1.98146e-06
-6.90782e-08
-2.0633e-06
-7.20441e-08
-2.14272e-06
-7.46364e-08
-2.21972e-06
-7.66595e-08
-2.29417e-06
-7.79528e-08
-2.366e-06
-7.84585e-08
-2.43495e-06
-7.80165e-08
-2.50082e-06
-7.66467e-08
-2.56265e-06
-7.44248e-08
-2.619e-06
-7.23737e-08
-2.6685e-06
-7.19001e-08
-7.38675e-08
5.10687e-05
-1.45929e-06
5.07765e-05
-1.4613e-06
5.04195e-05
-1.46485e-06
4.9998e-05
-1.46815e-06
4.95125e-05
-1.46907e-06
4.89671e-05
-1.46516e-06
4.83658e-05
-1.45348e-06
4.7713e-05
-1.43311e-06
4.70148e-05
-1.40561e-06
4.6276e-05
-1.36988e-06
4.5501e-05
-1.32619e-06
4.46941e-05
-1.2752e-06
4.38595e-05
-1.2178e-06
4.30014e-05
-1.15501e-06
4.21237e-05
-1.08791e-06
4.12303e-05
-1.0178e-06
4.03245e-05
-9.46153e-07
3.94094e-05
-8.74623e-07
3.84875e-05
-8.04946e-07
3.75609e-05
-7.38763e-07
3.66305e-05
-6.77503e-07
3.5696e-05
-6.2212e-07
3.47584e-05
-5.73014e-07
3.38177e-05
-5.30461e-07
3.28731e-05
-4.94625e-07
3.1923e-05
-4.65464e-07
3.09657e-05
-4.42678e-07
2.99989e-05
-4.25709e-07
2.90199e-05
-4.13812e-07
2.80259e-05
-4.06112e-07
2.7014e-05
-4.01674e-07
2.59812e-05
-3.99535e-07
2.49246e-05
-3.98737e-07
2.38416e-05
-3.98338e-07
2.27296e-05
-3.97442e-07
2.15866e-05
-3.9521e-07
2.04113e-05
-3.90905e-07
1.92029e-05
-3.83932e-07
1.79617e-05
-3.73873e-07
1.66892e-05
-3.60614e-07
1.53887e-05
-3.44313e-07
1.40655e-05
-3.25733e-07
1.27293e-05
-3.05917e-07
1.13972e-05
-2.87141e-07
1.00815e-05
-2.71254e-07
8.80043e-06
-2.5921e-07
7.57515e-06
-2.50541e-07
6.42645e-06
-2.43852e-07
5.37451e-06
-2.37517e-07
4.43107e-06
-2.23324e-07
3.59436e-06
-1.92684e-07
2.85974e-06
-1.48668e-07
2.21812e-06
-9.70475e-08
1.65908e-06
-5.0429e-08
1.17014e-06
-2.33024e-08
7.36391e-07
-2.26983e-08
3.47226e-07
-4.36107e-08
1.1677e-08
-6.21452e-08
-2.66947e-07
-5.97608e-08
-4.90988e-07
-3.45138e-08
-6.67246e-07
-4.23447e-09
-8.14431e-07
1.51577e-08
-9.45582e-07
1.10912e-08
-1.07743e-06
-2.64211e-09
-1.2024e-06
-1.43546e-08
-1.30814e-06
-1.5079e-08
-1.38874e-06
-7.6572e-09
-1.45002e-06
-1.91892e-10
-1.5019e-06
1.95456e-09
-1.5538e-06
-8.06087e-10
-1.60837e-06
-5.72617e-09
-1.6649e-06
-9.89208e-09
-1.72099e-06
-1.21483e-08
-1.77496e-06
-1.28886e-08
-1.82659e-06
-1.30697e-08
-1.8767e-06
-1.3452e-08
-1.92654e-06
-1.43076e-08
-1.97714e-06
-1.56219e-08
-2.02901e-06
-1.72073e-08
-2.08222e-06
-1.8837e-08
-2.13652e-06
-2.03366e-08
-2.19155e-06
-2.16285e-08
-2.24684e-06
-2.26612e-08
-2.30188e-06
-2.34209e-08
-2.35603e-06
-2.38663e-08
-2.40863e-06
-2.40469e-08
-2.45876e-06
-2.42905e-08
-2.50555e-06
-2.55858e-08
-2.54895e-06
-2.85069e-08
-3.12416e-08
3.50001e-05
3.35388e-05
3.20739e-05
3.06058e-05
2.91367e-05
2.76715e-05
2.6218e-05
2.47849e-05
2.33793e-05
2.20094e-05
2.06833e-05
1.94081e-05
1.81903e-05
1.70353e-05
1.59473e-05
1.49295e-05
1.39834e-05
1.31088e-05
1.23038e-05
1.15651e-05
1.08876e-05
1.02654e-05
9.69242e-06
9.16196e-06
8.66733e-06
8.20187e-06
7.75919e-06
7.33348e-06
6.91967e-06
6.51356e-06
6.11189e-06
5.71235e-06
5.31361e-06
4.91528e-06
4.51783e-06
4.12262e-06
3.73172e-06
3.34779e-06
2.97391e-06
2.6133e-06
2.26899e-06
1.94325e-06
1.63734e-06
1.3502e-06
1.07894e-06
8.19732e-07
5.6919e-07
3.25338e-07
8.78215e-08
-1.35502e-07
-3.28187e-07
-4.76855e-07
-5.73902e-07
-6.24331e-07
-6.47633e-07
-6.70332e-07
-7.13943e-07
-7.76088e-07
-8.35848e-07
-8.70362e-07
-8.74597e-07
-8.59439e-07
-8.48348e-07
-8.5099e-07
-8.65345e-07
-8.80423e-07
-8.88081e-07
-8.88273e-07
-8.86318e-07
-8.87124e-07
-8.9285e-07
-9.02742e-07
-9.14891e-07
-9.27779e-07
-9.40849e-07
-9.54301e-07
-9.68608e-07
-9.8423e-07
-1.00144e-06
-1.02027e-06
-1.04061e-06
-1.06224e-06
-1.0849e-06
-1.10832e-06
-1.13219e-06
-1.15624e-06
-1.18053e-06
-1.20611e-06
-1.23462e-06
)
;

boundaryField
{
    fixedWalls
    {
        type            calculated;
        value           uniform 0;
    }
    inflowWall
    {
        type            calculated;
        value           nonuniform List<scalar> 10(-5e-05 -5e-05 -5e-05 -5e-05 -5e-05 -5e-05 -5e-05 -5e-05 -5e-05 -5e-05);
    }
    outflowWall
    {
        type            calculated;
        value           nonuniform List<scalar> 
20
(
1.20825e-05
2.57753e-05
3.47177e-05
4.17719e-05
4.70172e-05
4.99994e-05
5.05887e-05
4.92266e-05
4.66263e-05
4.3005e-05
3.77428e-05
3.01657e-05
2.08566e-05
1.20294e-05
5.45621e-06
1.06862e-06
-1.55583e-06
-2.71668e-06
-2.59157e-06
-1.26586e-06
)
;
    }
    frontAndBack
    {
        type            empty;
        value           nonuniform List<scalar> 0();
    }
}


// ************************************************************************* //
