/*--------------------------------*- C++ -*----------------------------------*\
| =========                 |                                                 |
| \\      /  F ield         | OpenFOAM: The Open Source CFD Toolbox           |
|  \\    /   O peration     | Version:  2306                                  |
|   \\  /    A nd           | Website:  www.openfoam.com                      |
|    \\/     M anipulation  |                                                 |
\*---------------------------------------------------------------------------*/
FoamFile
{
    version     2.0;
    format      ascii;
    arch        "LSB;label=32;scalar=64";
    class       surfaceScalarField;
    location    "3.24";
    object      phi;
}
// * * * * * * * * * * * * * * * * * * * * * * * * * * * * * * * * * * * * * //

dimensions      [0 3 -1 0 0 0 0];

oriented        oriented;

internalField   nonuniform List<scalar> 
3680
(
4.93472e-05
6.52824e-07
4.79743e-05
1.37284e-06
4.66987e-05
1.2756e-06
4.52621e-05
1.4366e-06
4.41256e-05
1.13655e-06
4.27229e-05
1.40264e-06
4.17417e-05
9.81252e-07
4.0443e-05
1.29868e-06
3.98178e-05
6.25216e-07
9.7941e-07
3.88384e-05
5.03392e-05
3.13656e-07
5.08682e-05
8.43841e-07
5.11326e-05
1.01119e-06
5.14664e-05
1.10273e-06
5.15945e-05
1.00849e-06
5.19792e-05
1.01791e-06
5.20658e-05
8.94679e-07
5.25204e-05
8.44092e-07
5.2516e-05
6.29609e-07
4.20683e-07
5.30747e-05
5.01633e-05
1.50342e-07
5.05556e-05
4.51566e-07
5.09764e-05
5.90411e-07
5.14204e-05
6.58742e-07
5.18179e-05
6.10913e-07
5.22695e-05
5.66354e-07
5.26971e-05
4.6703e-07
5.31666e-05
3.74616e-07
5.35845e-05
2.11716e-07
-3.15804e-09
5.40083e-05
5.00932e-05
5.71106e-08
5.03765e-05
1.68306e-07
5.07343e-05
2.32629e-07
5.11466e-05
2.4645e-07
5.15503e-05
2.07148e-07
5.19732e-05
1.43528e-07
5.23844e-05
5.58047e-08
5.28141e-05
-5.51131e-08
5.32249e-05
-1.99065e-07
-3.71907e-07
5.35936e-05
5.00738e-05
-1.66866e-08
5.02913e-05
-4.91845e-08
5.06111e-05
-8.71655e-08
5.09887e-05
-1.31177e-07
5.13802e-05
-1.84373e-07
5.17743e-05
-2.5054e-07
5.21654e-05
-3.35251e-07
5.25512e-05
-4.40912e-07
5.29202e-05
-5.68142e-07
-7.1681e-07
5.32651e-05
5.00731e-05
-8.9833e-08
5.02828e-05
-2.58873e-07
5.05976e-05
-4.01894e-07
5.09649e-05
-4.98495e-07
5.13438e-05
-5.63282e-07
5.17207e-05
-6.27413e-07
5.209e-05
-7.04593e-07
5.24502e-05
-8.01149e-07
5.27988e-05
-9.16734e-07
-1.04714e-06
5.31292e-05
5.00942e-05
-1.83991e-07
5.03554e-05
-5.20116e-07
5.06978e-05
-7.44341e-07
5.10675e-05
-8.68113e-07
5.14394e-05
-9.35204e-07
5.18026e-05
-9.90588e-07
5.21584e-05
-1.06048e-06
5.25087e-05
-1.15137e-06
5.28481e-05
-1.25615e-06
-1.36669e-06
5.31676e-05
5.01664e-05
-3.50414e-07
5.05178e-05
-8.71481e-07
5.09202e-05
-1.14679e-06
5.12986e-05
-1.24643e-06
5.16467e-05
-1.28338e-06
5.19832e-05
-1.32709e-06
5.23159e-05
-1.39317e-06
5.26358e-05
-1.47125e-06
5.2929e-05
-1.54932e-06
-1.62197e-06
5.31843e-05
5.03675e-05
-7.17962e-07
5.08001e-05
-1.30405e-06
5.10984e-05
-1.44509e-06
5.12753e-05
-1.42331e-06
5.1403e-05
-1.41107e-06
5.15005e-05
-1.42461e-06
5.15504e-05
-1.44301e-06
5.15357e-05
-1.45662e-06
5.14482e-05
-1.46182e-06
-1.46199e-06
5.12882e-05
4.9282e-05
4.7978e-05
4.65329e-05
4.51096e-05
4.36985e-05
4.22739e-05
4.08309e-05
3.93743e-05
3.79125e-05
3.64505e-05
1.32017e-08
-1.32017e-08
8.1055e-09
5.09641e-09
-1.15032e-08
1.96087e-08
-4.00662e-08
2.8563e-08
-7.4735e-08
3.46688e-08
-1.14398e-07
3.9663e-08
-1.58902e-07
4.45044e-08
-2.08144e-07
4.92417e-08
-2.61874e-07
5.37303e-08
-3.19757e-07
5.78828e-08
-3.81433e-07
6.16756e-08
-4.46546e-07
6.51133e-08
-5.14757e-07
6.82114e-08
-5.85747e-07
7.09893e-08
-6.59219e-07
7.34727e-08
-7.34913e-07
7.56932e-08
-8.12603e-07
7.76904e-08
-8.92115e-07
7.95122e-08
-9.73328e-07
8.12124e-08
-1.05618e-06
8.28485e-08
-1.14066e-06
8.44837e-08
-1.22684e-06
8.61764e-08
-1.31481e-06
8.79741e-08
-1.40472e-06
8.99099e-08
-1.49672e-06
9.20018e-08
-1.59098e-06
9.42533e-08
-1.68763e-06
9.6655e-08
-1.78683e-06
9.92016e-08
-1.88877e-06
1.01935e-07
-1.99379e-06
1.05026e-07
-2.10269e-06
1.08895e-07
-2.21702e-06
1.14328e-07
-2.33959e-06
1.2257e-07
-2.47498e-06
1.35393e-07
-2.63004e-06
1.55059e-07
-2.81417e-06
1.8413e-07
-3.03925e-06
2.25082e-07
-3.31887e-06
2.79621e-07
-3.66663e-06
3.4776e-07
-4.09352e-06
4.2689e-07
-4.60492e-06
5.11402e-07
-5.19799e-06
5.93064e-07
-5.86012e-06
6.6213e-07
-6.56947e-06
7.09354e-07
-7.29735e-06
7.27877e-07
-8.01142e-06
7.14076e-07
-8.67894e-06
6.6752e-07
-9.27301e-06
5.94069e-07
-9.7636e-06
4.90586e-07
-1.01291e-05
3.65502e-07
-1.03566e-05
2.27511e-07
-1.04336e-05
7.69956e-08
-1.03577e-05
-7.59251e-08
-1.01329e-05
-2.24793e-07
-9.76074e-06
-3.72152e-07
-9.2476e-06
-5.13137e-07
-8.60169e-06
-6.45913e-07
-7.84061e-06
-7.61077e-07
-6.9758e-06
-8.64811e-07
-6.02385e-06
-9.51955e-07
-5.00072e-06
-1.02312e-06
-3.92451e-06
-1.07621e-06
-2.81277e-06
-1.11175e-06
-1.68374e-06
-1.12903e-06
-5.52586e-07
-1.13115e-06
5.65917e-07
-1.1185e-06
1.6588e-06
-1.09288e-06
2.71396e-06
-1.05516e-06
3.72191e-06
-1.00795e-06
4.67391e-06
-9.52e-07
5.5629e-06
-8.88992e-07
6.38453e-06
-8.21629e-07
7.13546e-06
-7.50932e-07
7.81496e-06
-6.79492e-07
8.42245e-06
-6.07492e-07
8.96022e-06
-5.37776e-07
9.42975e-06
-4.69527e-07
9.83572e-06
-4.05972e-07
1.01809e-05
-3.45143e-07
1.04718e-05
-2.90896e-07
1.07117e-05
-2.39895e-07
1.09087e-05
-1.97e-07
1.10658e-05
-1.5715e-07
1.11926e-05
-1.26774e-07
1.12911e-05
-9.84831e-08
1.13722e-05
-8.11738e-08
1.14362e-05
-6.39638e-08
1.14962e-05
-5.9958e-08
1.1548e-05
-5.18722e-08
-6.28722e-08
-1.2648e-08
-5.53842e-10
-6.74181e-08
5.98665e-08
-1.51262e-07
1.03453e-07
-2.55554e-07
1.32855e-07
-3.75405e-07
1.5452e-07
-5.08748e-07
1.73006e-07
-6.54364e-07
1.90121e-07
-8.11133e-07
2.06011e-07
-9.77875e-07
2.20472e-07
-1.15341e-06
2.33414e-07
-1.3366e-06
2.44867e-07
-1.52641e-06
2.54928e-07
-1.72192e-06
2.63721e-07
-1.92231e-06
2.71383e-07
-2.12692e-06
2.78076e-07
-2.3352e-06
2.83978e-07
-2.5468e-06
2.89286e-07
-2.76151e-06
2.9422e-07
-2.97931e-06
2.99014e-07
-3.20036e-06
3.03906e-07
-3.42503e-06
3.09151e-07
-3.65386e-06
3.14999e-07
-3.88757e-06
3.21692e-07
-4.12713e-06
3.29463e-07
-4.37367e-06
3.38546e-07
-4.62861e-06
3.49193e-07
-4.89362e-06
3.61667e-07
-5.1707e-06
3.76275e-07
-5.46218e-06
3.93417e-07
-5.77081e-06
4.13663e-07
-6.0998e-06
4.37877e-07
-6.45277e-06
4.67307e-07
-6.8337e-06
5.03497e-07
-7.24649e-06
5.48186e-07
-7.69449e-06
6.03056e-07
-8.17968e-06
6.69323e-07
-8.70179e-06
7.47184e-07
-9.25728e-06
8.35113e-07
-9.83865e-06
9.29132e-07
-1.0434e-05
1.02222e-06
-1.10272e-05
1.10458e-06
-1.15989e-05
1.16483e-06
-1.21279e-05
1.19114e-06
-1.25923e-05
1.17374e-06
-1.2971e-05
1.10659e-06
-1.32454e-05
9.88436e-07
-1.33987e-05
8.20816e-07
-1.34144e-05
6.09768e-07
-1.32861e-05
3.62307e-07
-1.29991e-05
7.85348e-08
-1.25637e-05
-2.07943e-07
-1.19826e-05
-5.04081e-07
-1.12525e-05
-8.06042e-07
-1.03747e-05
-1.10262e-06
-9.35886e-06
-1.38796e-06
-8.21623e-06
-1.65576e-06
-6.95559e-06
-1.90656e-06
-5.59716e-06
-2.1195e-06
-4.15303e-06
-2.30895e-06
-2.63988e-06
-2.4651e-06
-1.07428e-06
-2.58872e-06
5.2449e-07
-2.67498e-06
2.14123e-06
-2.72848e-06
3.76101e-06
-2.74881e-06
5.36953e-06
-2.73968e-06
6.9515e-06
-2.70047e-06
8.49525e-06
-2.63663e-06
9.98904e-06
-2.54894e-06
1.14239e-05
-2.44283e-06
1.27918e-05
-2.31993e-06
1.40881e-05
-2.18527e-06
1.53078e-05
-2.04129e-06
1.6449e-05
-1.89219e-06
1.75099e-05
-1.74033e-06
1.84911e-05
-1.58872e-06
1.9393e-05
-1.43965e-06
2.02184e-05
-1.29494e-06
2.09693e-05
-1.15686e-06
2.16501e-05
-1.026e-06
2.2264e-05
-9.0474e-07
2.28166e-05
-7.92461e-07
2.33114e-05
-6.91871e-07
2.37554e-05
-6.01101e-07
2.41521e-05
-5.23504e-07
2.45094e-05
-4.55799e-07
2.48306e-05
-4.02365e-07
2.51248e-05
-3.5814e-07
2.53939e-05
-3.29025e-07
2.56493e-05
-3.07329e-07
-2.98756e-07
-4.94831e-08
4.89293e-08
-1.85059e-07
1.95442e-07
-3.65467e-07
2.8386e-07
-5.71754e-07
3.39142e-07
-7.95288e-07
3.78054e-07
-1.03378e-06
4.11501e-07
-1.28628e-06
4.42617e-07
-1.55065e-06
4.7038e-07
-1.8246e-06
4.94428e-07
-2.106e-06
5.14811e-07
-2.39294e-06
5.31802e-07
-2.68375e-06
5.45742e-07
-2.97705e-06
5.57025e-07
-3.27174e-06
5.66071e-07
-3.56697e-06
5.73308e-07
-3.86216e-06
5.79165e-07
-4.15694e-06
5.84065e-07
-4.45116e-06
5.88444e-07
-4.74488e-06
5.92725e-07
-5.03824e-06
5.97273e-07
-5.3316e-06
6.02512e-07
-5.62541e-06
6.08802e-07
-5.92016e-06
6.16444e-07
-6.21638e-06
6.25688e-07
-6.51459e-06
6.36753e-07
-6.81524e-06
6.49841e-07
-7.11869e-06
6.65122e-07
-7.42516e-06
6.82739e-07
-7.73463e-06
7.02885e-07
-8.04671e-06
7.25742e-07
-8.36069e-06
7.51867e-07
-8.67554e-06
7.82157e-07
-8.98948e-06
8.17433e-07
-9.29985e-06
8.58551e-07
-9.60279e-06
9.06006e-07
-9.89293e-06
9.59462e-07
-1.01631e-05
1.01733e-06
-1.04042e-05
1.07619e-06
-1.0606e-05
1.13101e-06
-1.07565e-05
1.1727e-06
-1.08424e-05
1.19042e-06
-1.08519e-05
1.17438e-06
-1.07741e-05
1.11331e-06
-1.05998e-05
9.99457e-07
-1.03215e-05
8.28311e-07
-9.9352e-06
6.02129e-07
-9.43781e-06
3.23418e-07
-8.8209e-06
-7.13828e-09
-8.09838e-06
-3.60214e-07
-7.27185e-06
-7.47994e-07
-6.32653e-06
-1.15327e-06
-5.26884e-06
-1.56177e-06
-4.10737e-06
-1.96751e-06
-2.84852e-06
-2.36147e-06
-1.49893e-06
-2.73755e-06
-6.41138e-08
-3.09058e-06
1.43049e-06
-3.40116e-06
2.98922e-06
-3.67823e-06
4.59553e-06
-3.91526e-06
6.23505e-06
-4.10462e-06
7.89597e-06
-4.24963e-06
9.5646e-06
-4.34362e-06
1.12288e-05
-4.39267e-06
1.28736e-05
-4.39363e-06
1.44882e-05
-4.35431e-06
1.60605e-05
-4.27274e-06
1.75822e-05
-4.15829e-06
1.90438e-05
-4.01061e-06
2.04407e-05
-3.83968e-06
2.17666e-05
-3.6458e-06
2.302e-05
-3.43874e-06
2.41974e-05
-3.21867e-06
2.53e-05
-2.99477e-06
2.63262e-05
-2.76653e-06
2.72796e-05
-2.54216e-06
2.81601e-05
-2.32015e-06
2.89731e-05
-2.10792e-06
2.97191e-05
-1.90287e-06
3.0405e-05
-1.71184e-06
3.10314e-05
-1.53117e-06
3.16063e-05
-1.36741e-06
3.21303e-05
-1.21584e-06
3.26122e-05
-1.08303e-06
3.3052e-05
-9.63283e-07
3.34597e-05
-8.63468e-07
3.38342e-05
-7.76911e-07
3.4187e-05
-7.10926e-07
3.45158e-05
-6.57799e-07
3.48334e-05
-6.2494e-07
-6.05554e-07
-1.35838e-07
1.84768e-07
-3.85912e-07
4.45516e-07
-6.75004e-07
5.72952e-07
-9.81393e-07
6.45531e-07
-1.30307e-06
6.99726e-07
-1.63786e-06
7.46293e-07
-1.98097e-06
7.85733e-07
-2.32794e-06
8.17346e-07
-2.67492e-06
8.41407e-07
-3.01901e-06
8.589e-07
-3.35793e-06
8.70723e-07
-3.68981e-06
8.77621e-07
-4.0133e-06
8.80517e-07
-4.32745e-06
8.80216e-07
-4.63159e-06
8.7745e-07
-4.9253e-06
8.72881e-07
-5.20834e-06
8.67097e-07
-5.48051e-06
8.60621e-07
-5.74176e-06
8.5397e-07
-5.99208e-06
8.47595e-07
-6.23144e-06
8.41873e-07
-6.45973e-06
8.3709e-07
-6.67672e-06
8.33431e-07
-6.88201e-06
8.3098e-07
-7.075e-06
8.29745e-07
-7.25487e-06
8.29712e-07
-7.42057e-06
8.3082e-07
-7.5707e-06
8.32868e-07
-7.70349e-06
8.35683e-07
-7.81691e-06
8.39158e-07
-7.90837e-06
8.4333e-07
-7.9746e-06
8.48381e-07
-8.01174e-06
8.54575e-07
-8.01534e-06
8.62154e-07
-7.98023e-06
8.70889e-07
-7.90023e-06
8.79466e-07
-7.76835e-06
8.85441e-07
-7.57697e-06
8.8481e-07
-7.31765e-06
8.71701e-07
-6.9828e-06
8.37848e-07
-6.56607e-06
7.73689e-07
-6.06493e-06
6.7324e-07
-5.47666e-06
5.25037e-07
-4.80019e-06
3.22988e-07
-4.03458e-06
6.26996e-08
-3.18602e-06
-2.4643e-07
-2.25498e-06
-6.07621e-07
-1.24821e-06
-1.01391e-06
-1.56656e-07
-1.45177e-06
1.01207e-06
-1.91671e-06
2.2528e-06
-2.394e-06
3.56491e-06
-2.87389e-06
4.94596e-06
-3.34856e-06
6.39087e-06
-3.80638e-06
7.89421e-06
-4.24089e-06
9.44475e-06
-4.64113e-06
1.10423e-05
-4.99866e-06
1.26702e-05
-5.30617e-06
1.43192e-05
-5.56427e-06
1.59768e-05
-5.76228e-06
1.76311e-05
-5.90384e-06
1.92696e-05
-5.98218e-06
2.08814e-05
-6.0044e-06
2.24544e-05
-5.96671e-06
2.39798e-05
-5.87967e-06
2.54483e-05
-5.74123e-06
2.6854e-05
-5.56399e-06
2.81906e-05
-5.34718e-06
2.94555e-05
-5.10461e-06
3.06452e-05
-4.83554e-06
3.17603e-05
-4.55379e-06
3.27993e-05
-4.25768e-06
3.37651e-05
-3.96058e-06
3.46579e-05
-3.65932e-06
3.54823e-05
-3.36653e-06
3.62394e-05
-3.07728e-06
3.69351e-05
-2.80359e-06
3.75709e-05
-2.53873e-06
3.81535e-05
-2.2944e-06
3.86845e-05
-2.06217e-06
3.91708e-05
-1.85378e-06
3.96142e-05
-1.65918e-06
4.00217e-05
-1.49053e-06
4.03947e-05
-1.33627e-06
4.07405e-05
-1.20929e-06
4.10602e-05
-1.09661e-06
4.13614e-05
-1.01208e-06
4.16451e-05
-9.41508e-07
4.19202e-05
-9.00037e-07
-8.74107e-07
-1.91154e-07
3.75922e-07
-5.56656e-07
8.11018e-07
-9.70318e-07
9.86614e-07
-1.39488e-06
1.0701e-06
-1.81453e-06
1.11938e-06
-2.22057e-06
1.15233e-06
-2.60899e-06
1.17415e-06
-2.97843e-06
1.18679e-06
-3.32694e-06
1.18991e-06
-3.65281e-06
1.18477e-06
-3.95508e-06
1.173e-06
-4.23345e-06
1.15599e-06
-4.48791e-06
1.13498e-06
-4.71874e-06
1.11104e-06
-4.92634e-06
1.08505e-06
-5.11122e-06
1.05776e-06
-5.27387e-06
1.02975e-06
-5.41467e-06
1.00142e-06
-5.53393e-06
9.73232e-07
-5.6319e-06
9.45561e-07
-5.70866e-06
9.18639e-07
-5.76413e-06
8.92557e-07
-5.79799e-06
8.67292e-07
-5.8097e-06
8.42685e-07
-5.79841e-06
8.18459e-07
-5.76303e-06
7.94328e-07
-5.70227e-06
7.70059e-07
-5.61447e-06
7.45066e-07
-5.49758e-06
7.18799e-07
-5.34918e-06
6.90755e-07
-5.16637e-06
6.60527e-07
-4.94568e-06
6.27687e-07
-4.68284e-06
5.91731e-07
-4.3731e-06
5.52416e-07
-4.01172e-06
5.09514e-07
-3.5931e-06
4.60844e-07
-3.11141e-06
4.03752e-07
-2.56086e-06
3.34255e-07
-1.93628e-06
2.47121e-07
-1.2334e-06
1.34973e-07
-4.48596e-07
-1.11163e-08
4.13139e-07
-1.88496e-07
1.35379e-06
-4.15615e-07
2.36908e-06
-6.92302e-07
3.45246e-06
-1.02068e-06
4.60401e-06
-1.39798e-06
5.81881e-06
-1.82242e-06
7.09201e-06
-2.2871e-06
8.42282e-06
-2.78258e-06
9.80599e-06
-3.29988e-06
1.12411e-05
-3.8291e-06
1.27247e-05
-4.35752e-06
1.42529e-05
-4.87675e-06
1.58197e-05
-5.37314e-06
1.74177e-05
-5.83892e-06
1.90371e-05
-6.26052e-06
2.06703e-05
-6.63189e-06
2.23053e-05
-6.94112e-06
2.39294e-05
-7.18838e-06
2.55316e-05
-7.36451e-06
2.71006e-05
-7.47279e-06
2.86262e-05
-7.50778e-06
3.00992e-05
-7.47749e-06
3.15121e-05
-7.37957e-06
3.28584e-05
-7.22594e-06
3.41334e-05
-7.01627e-06
3.53344e-05
-6.76493e-06
3.64595e-05
-6.47229e-06
3.75089e-05
-6.154e-06
3.8483e-05
-5.80969e-06
3.93843e-05
-5.45507e-06
4.02147e-05
-5.08805e-06
4.09779e-05
-4.72386e-06
4.16768e-05
-4.3582e-06
4.2316e-05
-4.00572e-06
4.28985e-05
-3.65973e-06
4.34293e-05
-3.33446e-06
4.39115e-05
-3.02085e-06
4.43502e-05
-2.73312e-06
4.4748e-05
-2.45998e-06
4.51103e-05
-2.21609e-06
4.54392e-05
-1.98803e-06
4.574e-05
-1.79138e-06
4.60144e-05
-1.61067e-06
4.62679e-05
-1.46279e-06
4.65016e-05
-1.33031e-06
4.67214e-05
-1.23184e-06
4.69279e-05
-1.14811e-06
4.71278e-05
-1.09989e-06
-1.07003e-06
-4.19083e-07
7.95005e-07
-9.56518e-07
1.34845e-06
-1.44878e-06
1.47887e-06
-1.88457e-06
1.50589e-06
-2.28525e-06
1.52006e-06
-2.65532e-06
1.5224e-06
-2.98935e-06
1.50817e-06
-3.28064e-06
1.47809e-06
-3.52519e-06
1.43446e-06
-3.72472e-06
1.3843e-06
-3.88189e-06
1.33017e-06
-3.99941e-06
1.27351e-06
-4.0799e-06
1.21547e-06
-4.12579e-06
1.15694e-06
-4.1393e-06
1.09857e-06
-4.12236e-06
1.04082e-06
-4.07668e-06
9.84068e-07
-4.00351e-06
9.28243e-07
-3.90384e-06
8.73563e-07
-3.77845e-06
8.20174e-07
-3.62784e-06
7.68025e-07
-3.45216e-06
7.16876e-07
-3.25126e-06
6.66401e-07
-3.02472e-06
6.16136e-07
-2.77171e-06
5.65456e-07
-2.49113e-06
5.13741e-07
-2.18188e-06
4.60816e-07
-1.84227e-06
4.0545e-07
-1.4703e-06
3.46832e-07
-1.06364e-06
2.84098e-07
-6.1948e-07
2.16365e-07
-1.34281e-07
1.42487e-07
3.96419e-07
6.10314e-08
9.77128e-07
-2.82928e-08
1.61039e-06
-1.23746e-07
2.3024e-06
-2.31172e-07
3.05829e-06
-3.52132e-07
3.88266e-06
-4.90118e-07
4.77924e-06
-6.49456e-07
5.74999e-06
-8.35775e-07
6.79262e-06
-1.05375e-06
7.9123e-06
-1.30818e-06
9.1026e-06
-1.60591e-06
1.03594e-05
-1.94909e-06
1.16775e-05
-2.33883e-06
1.30524e-05
-2.77287e-06
1.4478e-05
-3.24797e-06
1.59486e-05
-3.75769e-06
1.74599e-05
-4.29389e-06
1.90059e-05
-4.84589e-06
2.05809e-05
-5.40408e-06
2.21784e-05
-5.95507e-06
2.37902e-05
-6.48849e-06
2.54071e-05
-6.99003e-06
2.70183e-05
-7.45012e-06
2.8613e-05
-7.85522e-06
3.01796e-05
-8.19859e-06
3.17075e-05
-8.46892e-06
3.31846e-05
-8.66552e-06
3.46022e-05
-8.78215e-06
3.59522e-05
-8.8228e-06
3.72292e-05
-8.78473e-06
3.84285e-05
-8.67676e-06
3.9548e-05
-8.49911e-06
4.05866e-05
-8.2645e-06
4.15452e-05
-7.97487e-06
4.24256e-05
-7.64534e-06
4.32311e-05
-7.27782e-06
4.39654e-05
-6.88833e-06
4.4633e-05
-6.47728e-06
4.52385e-05
-6.06051e-06
4.57865e-05
-5.63604e-06
4.62818e-05
-5.2192e-06
4.67289e-05
-4.80527e-06
4.71323e-05
-4.40912e-06
4.74958e-05
-4.02325e-06
4.78237e-05
-3.66237e-06
4.81191e-05
-3.31623e-06
4.83858e-05
-2.99989e-06
4.86264e-05
-2.70051e-06
4.88443e-05
-2.43403e-06
4.90414e-05
-2.18509e-06
4.92211e-05
-1.97107e-06
4.93845e-05
-1.77411e-06
4.95353e-05
-1.61354e-06
4.96739e-05
-1.46895e-06
4.98042e-05
-1.36218e-06
4.99264e-05
-1.27023e-06
5.00446e-05
-1.21809e-06
-1.18372e-06
-2.65883e-07
1.06089e-06
-8.64056e-07
1.94663e-06
-1.48921e-06
2.10402e-06
-2.0148e-06
2.03148e-06
-2.4126e-06
1.91785e-06
-2.6845e-06
1.79431e-06
-2.84765e-06
1.67132e-06
-2.92162e-06
1.55207e-06
-2.92371e-06
1.43654e-06
-2.86469e-06
1.32528e-06
-2.75267e-06
1.21814e-06
-2.5941e-06
1.11495e-06
-2.39448e-06
1.01584e-06
-2.15842e-06
9.20877e-07
-1.88981e-06
8.29963e-07
-1.59177e-06
7.42773e-07
-1.26696e-06
6.5926e-07
-9.17085e-07
5.78367e-07
-5.43683e-07
5.00161e-07
-1.4782e-07
4.24311e-07
2.69942e-07
3.50264e-07
7.09543e-07
2.77274e-07
1.17124e-06
2.04707e-07
1.65571e-06
1.31666e-07
2.16434e-06
5.68182e-08
2.69876e-06
-2.06776e-08
3.2589e-06
-9.93183e-08
3.84754e-06
-1.83188e-07
4.46694e-06
-2.72571e-07
5.11958e-06
-3.68542e-07
5.8082e-06
-4.72259e-07
6.53579e-06
-5.85097e-07
7.30498e-06
-7.08163e-07
8.11922e-06
-8.42535e-07
8.98495e-06
-9.8947e-07
9.90533e-06
-1.15155e-06
1.08843e-05
-1.33114e-06
1.19255e-05
-1.53132e-06
1.30315e-05
-1.75544e-06
1.42033e-05
-2.00754e-06
1.54413e-05
-2.29172e-06
1.67442e-05
-2.61115e-06
1.81074e-05
-2.96909e-06
1.95256e-05
-3.36728e-06
2.09921e-05
-3.80537e-06
2.25e-05
-4.28073e-06
2.40409e-05
-4.78884e-06
2.56059e-05
-5.32276e-06
2.71856e-05
-5.87357e-06
2.87701e-05
-6.43038e-06
3.03484e-05
-6.9824e-06
3.19099e-05
-7.51655e-06
3.34425e-05
-8.02112e-06
3.49346e-05
-8.48215e-06
3.6374e-05
-8.88949e-06
3.77504e-05
-9.23159e-06
3.90536e-05
-9.50178e-06
4.02757e-05
-9.69104e-06
4.14096e-05
-9.79939e-06
4.24518e-05
-9.82444e-06
4.34011e-05
-9.77204e-06
4.42588e-05
-9.64241e-06
4.50271e-05
-9.44508e-06
4.57107e-05
-9.18277e-06
4.63148e-05
-8.86859e-06
4.68461e-05
-8.50618e-06
4.73113e-05
-8.11045e-06
4.77176e-05
-7.68412e-06
4.80717e-05
-7.24251e-06
4.83806e-05
-6.78612e-06
4.865e-05
-6.3299e-06
4.88854e-05
-5.87154e-06
4.90918e-05
-5.42555e-06
4.92732e-05
-4.98669e-06
4.94334e-05
-4.56929e-06
4.95753e-05
-4.16514e-06
4.97017e-05
-3.78879e-06
4.98146e-05
-3.42916e-06
4.99163e-05
-3.10153e-06
5.00078e-05
-2.79206e-06
5.00911e-05
-2.51732e-06
5.01667e-05
-2.2607e-06
5.02363e-05
-2.04064e-06
5.02999e-05
-1.83774e-06
5.03593e-05
-1.67288e-06
5.0414e-05
-1.52374e-06
5.04661e-05
-1.41422e-06
5.05147e-05
-1.31889e-06
5.05618e-05
-1.2651e-06
-1.22643e-06
-1.50469e-06
2.56558e-06
-1.9626e-06
2.40453e-06
-2.13313e-06
2.27455e-06
-2.15355e-06
2.05191e-06
-2.04338e-06
1.80768e-06
-1.82596e-06
1.57689e-06
-1.5202e-06
1.36556e-06
-1.14016e-06
1.17203e-06
-6.98585e-07
9.94968e-07
-2.07576e-07
8.34268e-07
3.23626e-07
6.86943e-07
8.87457e-07
5.51117e-07
1.47759e-06
4.25709e-07
2.08908e-06
3.09384e-07
2.71825e-06
2.00796e-07
3.36215e-06
9.88725e-08
4.01769e-06
3.72162e-09
4.68666e-06
-9.06039e-08
5.36637e-06
-1.79549e-07
6.05612e-06
-2.65438e-07
6.75595e-06
-3.49571e-07
7.46695e-06
-4.3372e-07
8.19009e-06
-5.18433e-07
8.92662e-06
-6.04871e-07
9.67769e-06
-6.94251e-07
1.04447e-05
-7.8766e-07
1.12314e-05
-8.86069e-07
1.20395e-05
-9.91213e-07
1.28713e-05
-1.10437e-06
1.37295e-05
-1.22681e-06
1.4617e-05
-1.35974e-06
1.55364e-05
-1.50453e-06
1.64907e-05
-1.66245e-06
1.74832e-05
-1.835e-06
1.85172e-05
-2.02346e-06
1.95954e-05
-2.22978e-06
2.07203e-05
-2.45604e-06
2.18937e-05
-2.70474e-06
2.31166e-05
-2.97836e-06
2.43888e-05
-3.27969e-06
2.57081e-05
-3.61102e-06
2.7071e-05
-3.97411e-06
2.84718e-05
-4.36989e-06
2.9903e-05
-4.79846e-06
3.13555e-05
-5.25786e-06
3.28192e-05
-5.74442e-06
3.42832e-05
-6.25286e-06
3.57356e-05
-6.77515e-06
3.71627e-05
-7.30063e-06
3.85516e-05
-7.81935e-06
3.98891e-05
-8.31989e-06
4.11628e-05
-8.79021e-06
4.23603e-05
-9.21862e-06
4.34719e-05
-9.59374e-06
4.44887e-05
-9.90626e-06
4.54048e-05
-1.01477e-05
4.62161e-05
-1.03131e-05
4.69227e-05
-1.03977e-05
4.7525e-05
-1.04016e-05
4.80271e-05
-1.03265e-05
4.84362e-05
-1.01812e-05
4.87615e-05
-9.96766e-06
4.90117e-05
-9.69526e-06
4.91974e-05
-9.36847e-06
4.93283e-05
-8.99957e-06
4.94149e-05
-8.59278e-06
4.9466e-05
-8.16148e-06
4.949e-05
-7.70814e-06
4.94938e-05
-7.24628e-06
4.94834e-05
-6.77572e-06
4.94633e-05
-6.30988e-06
4.94375e-05
-5.84569e-06
4.94087e-05
-5.39671e-06
4.93789e-05
-4.9569e-06
4.93498e-05
-4.54017e-06
4.93221e-05
-4.13744e-06
4.92967e-05
-3.76346e-06
4.92737e-05
-3.4061e-06
4.92536e-05
-3.08144e-06
4.92358e-05
-2.7743e-06
4.9221e-05
-2.50252e-06
4.92081e-05
-2.24777e-06
4.91977e-05
-2.03028e-06
4.91885e-05
-1.82848e-06
4.91812e-05
-1.66559e-06
4.91741e-05
-1.51664e-06
4.91682e-05
-1.40839e-06
4.91616e-05
-1.31228e-06
4.91559e-05
-1.25941e-06
-1.21527e-06
-9.02339e-07
3.46792e-06
-7.51165e-07
2.25336e-06
-2.59883e-07
1.78327e-06
4.56129e-07
1.3359e-06
1.33142e-06
9.32389e-07
2.29979e-06
6.08513e-07
3.31504e-06
3.50317e-07
4.35012e-06
1.36944e-07
5.38931e-06
-4.42219e-08
6.42013e-06
-1.96554e-07
7.44307e-06
-3.35993e-07
8.45568e-06
-4.6149e-07
9.45559e-06
-5.74205e-07
1.04416e-05
-6.76615e-07
1.14136e-05
-7.71179e-07
1.23718e-05
-8.5935e-07
1.33181e-05
-9.42542e-07
1.42505e-05
-1.02309e-06
1.51717e-05
-1.1007e-06
1.6083e-05
-1.17675e-06
1.69864e-05
-1.25293e-06
1.78834e-05
-1.33079e-06
1.87765e-05
-1.41148e-06
1.96678e-05
-1.49622e-06
2.05599e-05
-1.5863e-06
2.14553e-05
-1.68312e-06
2.23572e-05
-1.7879e-06
2.3268e-05
-1.902e-06
2.41904e-05
-2.02677e-06
2.5127e-05
-2.16345e-06
2.60803e-05
-2.31308e-06
2.70527e-05
-2.47688e-06
2.80462e-05
-2.65601e-06
2.9063e-05
-2.85172e-06
3.01046e-05
-3.06513e-06
3.11724e-05
-3.29758e-06
3.22669e-05
-3.55047e-06
3.33875e-05
-3.82538e-06
3.45329e-05
-4.12377e-06
3.57009e-05
-4.44768e-06
3.6887e-05
-4.79713e-06
3.80851e-05
-5.17218e-06
3.92874e-05
-5.57226e-06
4.04847e-05
-5.99574e-06
4.16661e-05
-6.43924e-06
4.28198e-05
-6.89811e-06
4.39326e-05
-7.36566e-06
4.49914e-05
-7.83391e-06
4.59839e-05
-8.29314e-06
4.68982e-05
-8.73365e-06
4.77233e-05
-9.14501e-06
4.84504e-05
-9.51738e-06
4.90729e-05
-9.84109e-06
4.95872e-05
-1.01081e-05
4.99924e-05
-1.03114e-05
5.02908e-05
-1.04461e-05
5.04871e-05
-1.05094e-05
5.05899e-05
-1.05004e-05
5.0609e-05
-1.04207e-05
5.05567e-05
-1.02742e-05
5.04448e-05
-1.00693e-05
5.0287e-05
-9.80983e-06
5.00948e-05
-9.50307e-06
4.98803e-05
-9.15392e-06
4.96523e-05
-8.77162e-06
4.94199e-05
-8.3604e-06
4.91889e-05
-7.93044e-06
4.89648e-05
-7.48401e-06
4.87501e-05
-7.03162e-06
4.85474e-05
-6.57302e-06
4.8357e-05
-6.11947e-06
4.81796e-05
-5.66832e-06
4.80148e-05
-5.23188e-06
4.78623e-05
-4.80442e-06
4.77214e-05
-4.39929e-06
4.75914e-05
-4.00739e-06
4.74716e-05
-3.64366e-06
4.7361e-05
-3.29547e-06
4.72593e-05
-2.97982e-06
4.71653e-05
-2.68021e-06
4.70791e-05
-2.41631e-06
4.69987e-05
-2.16738e-06
4.6925e-05
-1.95657e-06
4.68551e-05
-1.75866e-06
4.67907e-05
-1.60115e-06
4.67279e-05
-1.45386e-06
4.6669e-05
-1.34945e-06
4.6609e-05
-1.25234e-06
4.65509e-05
-1.20127e-06
-1.15421e-06
3.6689e-06
-2.00983e-07
6.40321e-06
-4.80946e-07
8.82362e-06
-6.37145e-07
1.0956e-05
-7.96453e-07
1.28432e-05
-9.54823e-07
1.45493e-05
-1.09765e-06
1.61191e-05
-1.21943e-06
1.7569e-05
-1.313e-06
1.8927e-05
-1.4022e-06
2.0213e-05
-1.48256e-06
2.14318e-05
-1.55475e-06
2.25911e-05
-1.62077e-06
2.36985e-05
-1.68161e-06
2.476e-05
-1.73812e-06
2.578e-05
-1.79116e-06
2.67624e-05
-1.84181e-06
2.77108e-05
-1.89097e-06
2.86276e-05
-1.93983e-06
2.95163e-05
-1.98942e-06
3.03803e-05
-2.04077e-06
3.12225e-05
-2.09512e-06
3.20456e-05
-2.15387e-06
3.28524e-05
-2.21833e-06
3.3646e-05
-2.28975e-06
3.4429e-05
-2.36933e-06
3.52042e-05
-2.45831e-06
3.59741e-05
-2.55785e-06
3.67412e-05
-2.66907e-06
3.75079e-05
-2.79343e-06
3.8276e-05
-2.93158e-06
3.90471e-05
-3.08416e-06
3.98225e-05
-3.25226e-06
4.06031e-05
-3.43665e-06
4.13895e-05
-3.63813e-06
4.21818e-05
-3.85738e-06
4.29793e-05
-4.09512e-06
4.37808e-05
-4.35199e-06
4.45841e-05
-4.62866e-06
4.53859e-05
-4.92557e-06
4.61811e-05
-5.24288e-06
4.6964e-05
-5.58002e-06
4.77277e-05
-5.93585e-06
4.84639e-05
-6.30848e-06
4.91633e-05
-6.69517e-06
4.9816e-05
-7.09192e-06
5.04116e-05
-7.49368e-06
5.09399e-05
-7.894e-06
5.13917e-05
-8.28573e-06
5.17594e-05
-8.66075e-06
5.20366e-05
-9.0109e-06
5.22195e-05
-9.32789e-06
5.23067e-05
-9.60463e-06
5.23003e-05
-9.8347e-06
5.22053e-05
-1.00131e-05
5.20294e-05
-1.01355e-05
5.17829e-05
-1.01996e-05
5.14772e-05
-1.02037e-05
5.11253e-05
-1.01485e-05
5.07408e-05
-1.00362e-05
5.0337e-05
-9.87041e-06
4.99233e-05
-9.65562e-06
4.95098e-05
-9.39642e-06
4.91036e-05
-9.09684e-06
4.87105e-05
-8.76077e-06
4.83324e-05
-8.39356e-06
4.79719e-05
-7.9999e-06
4.76282e-05
-7.58676e-06
4.7302e-05
-7.15783e-06
4.69908e-05
-6.72038e-06
4.66942e-05
-6.27641e-06
4.64093e-05
-5.83458e-06
4.61363e-05
-5.39539e-06
4.58732e-05
-4.96872e-06
4.56208e-05
-4.55204e-06
4.53776e-05
-4.15607e-06
4.51449e-05
-3.77471e-06
4.49216e-05
-3.42034e-06
4.47089e-05
-3.08283e-06
4.4506e-05
-2.77692e-06
4.43137e-05
-2.48785e-06
4.4131e-05
-2.23366e-06
4.3958e-05
-1.99435e-06
4.37941e-05
-1.79265e-06
4.3638e-05
-1.60257e-06
4.34898e-05
-1.45293e-06
4.33465e-05
-1.31062e-06
4.32092e-05
-1.21207e-06
4.30726e-05
-1.11577e-06
4.29388e-05
-1.06749e-06
-1.01987e-06
3.86362e-05
1.23197e-09
3.86112e-05
-4.55976e-07
3.87588e-05
-7.84717e-07
3.89938e-05
-1.03149e-06
3.92783e-05
-1.23926e-06
3.96063e-05
-1.42568e-06
3.99792e-05
-1.59233e-06
4.03988e-05
-1.73265e-06
4.0845e-05
-1.84834e-06
4.13067e-05
-1.94427e-06
4.17778e-05
-2.02583e-06
4.22527e-05
-2.09567e-06
4.27271e-05
-2.15608e-06
4.3198e-05
-2.20894e-06
4.36627e-05
-2.25593e-06
4.41196e-05
-2.29866e-06
4.45673e-05
-2.3387e-06
4.50051e-05
-2.37765e-06
4.54328e-05
-2.41709e-06
4.58506e-05
-2.45855e-06
4.62589e-05
-2.50347e-06
4.66584e-05
-2.55338e-06
4.70498e-05
-2.60974e-06
4.74341e-05
-2.67396e-06
4.7812e-05
-2.74732e-06
4.81848e-05
-2.83102e-06
4.85531e-05
-2.92615e-06
4.89177e-05
-3.03376e-06
4.9279e-05
-3.15472e-06
4.96373e-05
-3.2898e-06
4.99926e-05
-3.43954e-06
5.0345e-05
-3.60458e-06
5.06937e-05
-3.78536e-06
5.10379e-05
-3.98234e-06
5.13763e-05
-4.19578e-06
5.17071e-05
-4.42594e-06
5.2028e-05
-4.67287e-06
5.23359e-05
-4.93657e-06
5.26271e-05
-5.21671e-06
5.28969e-05
-5.51267e-06
5.31402e-05
-5.82334e-06
5.33514e-05
-6.14705e-06
5.35244e-05
-6.48154e-06
5.36531e-05
-6.82387e-06
5.37314e-05
-7.17025e-06
5.37539e-05
-7.51612e-06
5.37161e-05
-7.8562e-06
5.36151e-05
-8.18471e-06
5.34498e-05
-8.49545e-06
5.32211e-05
-8.7822e-06
5.29317e-05
-9.0385e-06
5.25866e-05
-9.25958e-06
5.21936e-05
-9.44172e-06
5.17614e-05
-9.58087e-06
5.12998e-05
-9.6739e-06
5.0819e-05
-9.71871e-06
5.03283e-05
-9.71306e-06
4.98357e-05
-9.65591e-06
4.93466e-05
-9.54717e-06
4.88649e-05
-9.38868e-06
4.83919e-05
-9.18265e-06
4.7928e-05
-8.93245e-06
4.74715e-05
-8.64037e-06
4.70206e-05
-8.30985e-06
4.65717e-05
-7.94469e-06
4.61231e-05
-7.55127e-06
4.56722e-05
-7.1359e-06
4.52193e-05
-6.70491e-06
4.4763e-05
-6.26403e-06
4.43052e-05
-5.81863e-06
4.38459e-05
-5.37526e-06
4.3389e-05
-4.9385e-06
4.29351e-05
-4.51485e-06
4.24893e-05
-4.10627e-06
4.20522e-05
-3.71888e-06
4.1629e-05
-3.35155e-06
4.12194e-05
-3.01076e-06
4.08286e-05
-2.69198e-06
4.04546e-05
-2.40293e-06
4.01017e-05
-2.13499e-06
3.97664e-05
-1.89837e-06
3.94522e-05
-1.68015e-06
3.91544e-05
-1.49486e-06
3.88758e-05
-1.32392e-06
3.86107e-05
-1.18788e-06
3.83609e-05
-1.06084e-06
3.81207e-05
-9.71776e-07
3.78901e-05
-8.8518e-07
3.7664e-05
-8.41481e-07
-7.94747e-07
5.29976e-05
7.83617e-08
5.2908e-05
-3.66391e-07
5.28824e-05
-7.59061e-07
5.29094e-05
-1.05849e-06
5.29584e-05
-1.28829e-06
5.30104e-05
-1.47767e-06
5.30616e-05
-1.64351e-06
5.31192e-05
-1.79031e-06
5.31881e-05
-1.91725e-06
5.32682e-05
-2.02436e-06
5.3356e-05
-2.11362e-06
5.34482e-05
-2.18788e-06
5.35423e-05
-2.25012e-06
5.36363e-05
-2.30294e-06
5.37289e-05
-2.34854e-06
5.3819e-05
-2.38884e-06
5.3906e-05
-2.42566e-06
5.39891e-05
-2.46077e-06
5.40679e-05
-2.49591e-06
5.41422e-05
-2.53281e-06
5.42118e-05
-2.57308e-06
5.42768e-05
-2.61832e-06
5.43371e-05
-2.67004e-06
5.43928e-05
-2.72969e-06
5.4444e-05
-2.79855e-06
5.44908e-05
-2.87782e-06
5.45332e-05
-2.96849e-06
5.45709e-05
-3.07151e-06
5.46038e-05
-3.18758e-06
5.46314e-05
-3.31741e-06
5.46533e-05
-3.46147e-06
5.46689e-05
-3.6202e-06
5.46774e-05
-3.79385e-06
5.46778e-05
-3.98268e-06
5.46687e-05
-4.18674e-06
5.46488e-05
-4.40606e-06
5.46164e-05
-4.64044e-06
5.45694e-05
-4.8896e-06
5.45056e-05
-5.15291e-06
5.44226e-05
-5.42959e-06
5.43175e-05
-5.71831e-06
5.41877e-05
-6.01721e-06
5.40304e-05
-6.32425e-06
5.38434e-05
-6.6369e-06
5.36249e-05
-6.9517e-06
5.33736e-05
-7.26479e-06
5.30891e-05
-7.57174e-06
5.27721e-05
-7.86769e-06
5.24241e-05
-8.14746e-06
5.20476e-05
-8.40573e-06
5.16463e-05
-8.63717e-06
5.12236e-05
-8.83693e-06
5.07826e-05
-9.00071e-06
5.03262e-05
-9.12442e-06
4.98566e-05
-9.20433e-06
4.93753e-05
-9.23745e-06
4.88821e-05
-9.21978e-06
4.83744e-05
-9.14819e-06
4.78489e-05
-9.02169e-06
4.73019e-05
-8.84174e-06
4.67298e-05
-8.6105e-06
4.6128e-05
-8.33063e-06
4.54941e-05
-8.00648e-06
4.48277e-05
-7.64351e-06
4.41295e-05
-7.24648e-06
4.34017e-05
-6.82343e-06
4.26478e-05
-6.38201e-06
4.18731e-05
-5.93026e-06
4.10836e-05
-5.47447e-06
4.02871e-05
-5.02212e-06
3.94909e-05
-4.57909e-06
3.87036e-05
-4.15122e-06
3.7931e-05
-3.74224e-06
3.71809e-05
-3.35618e-06
3.64574e-05
-2.99536e-06
3.57675e-05
-2.66162e-06
3.51124e-05
-2.35567e-06
3.44977e-05
-2.07733e-06
3.39218e-05
-1.82706e-06
3.33888e-05
-1.60193e-06
3.28931e-05
-1.4027e-06
3.24386e-05
-1.2256e-06
3.20169e-05
-1.07317e-06
3.1632e-05
-9.39008e-07
3.12728e-05
-8.28703e-07
3.0944e-05
-7.32091e-07
3.06322e-05
-6.59912e-07
3.03431e-05
-5.96124e-07
3.00614e-05
-5.59712e-07
-5.22762e-07
5.43298e-05
-2.43144e-07
5.45103e-05
-5.4683e-07
5.4614e-05
-8.62725e-07
5.47012e-05
-1.14572e-06
5.47879e-05
-1.37501e-06
5.48679e-05
-1.55761e-06
5.49337e-05
-1.70933e-06
5.49843e-05
-1.84092e-06
5.50239e-05
-1.95687e-06
5.50573e-05
-2.0578e-06
5.50873e-05
-2.14358e-06
5.51145e-05
-2.21505e-06
5.51385e-05
-2.27412e-06
5.51587e-05
-2.32314e-06
5.51745e-05
-2.36442e-06
5.51858e-05
-2.40007e-06
5.51921e-05
-2.43202e-06
5.51934e-05
-2.46205e-06
5.51894e-05
-2.49194e-06
5.518e-05
-2.52341e-06
5.51651e-05
-2.55815e-06
5.51446e-05
-2.59777e-06
5.51183e-05
-2.64382e-06
5.50864e-05
-2.69772e-06
5.50486e-05
-2.7608e-06
5.5005e-05
-2.83421e-06
5.49555e-05
-2.91895e-06
5.48998e-05
-3.01588e-06
5.4838e-05
-3.1257e-06
5.47696e-05
-3.24903e-06
5.46944e-05
-3.38631e-06
5.46121e-05
-3.5379e-06
5.45223e-05
-3.704e-06
5.44243e-05
-3.88477e-06
5.43178e-05
-4.08017e-06
5.42019e-05
-4.29015e-06
5.40758e-05
-4.51436e-06
5.39386e-05
-4.75244e-06
5.37893e-05
-5.0036e-06
5.36267e-05
-5.26699e-06
5.34495e-05
-5.54109e-06
5.32565e-05
-5.82418e-06
5.30461e-05
-6.11388e-06
5.28167e-05
-6.40755e-06
5.25667e-05
-6.70167e-06
5.22944e-05
-6.99251e-06
5.1998e-05
-7.27532e-06
5.16755e-05
-7.54519e-06
5.13248e-05
-7.79673e-06
5.09437e-05
-8.02461e-06
5.05299e-05
-8.22344e-06
5.00808e-05
-8.38783e-06
4.95929e-05
-8.51277e-06
4.9062e-05
-8.59355e-06
4.84836e-05
-8.62586e-06
4.7852e-05
-8.60585e-06
4.71617e-05
-8.52954e-06
4.64084e-05
-8.39485e-06
4.55899e-05
-8.20319e-06
4.47061e-05
-7.95794e-06
4.37567e-05
-7.66118e-06
4.27411e-05
-7.31496e-06
4.16622e-05
-6.92764e-06
4.05286e-05
-6.50985e-06
3.93511e-05
-6.06897e-06
3.81409e-05
-5.61329e-06
3.69095e-05
-5.15056e-06
3.56678e-05
-4.68863e-06
3.4429e-05
-4.23566e-06
3.32072e-05
-3.80028e-06
3.20164e-05
-3.38831e-06
3.08685e-05
-3.00331e-06
2.97731e-05
-2.64689e-06
2.87384e-05
-2.32148e-06
2.77703e-05
-2.02725e-06
2.68735e-05
-1.76478e-06
2.60497e-05
-1.53185e-06
2.53e-05
-1.32764e-06
2.46216e-05
-1.14864e-06
2.40134e-05
-9.93732e-07
2.34697e-05
-8.59044e-07
2.29882e-05
-7.44127e-07
2.25603e-05
-6.4528e-07
2.2184e-05
-5.62634e-07
2.1848e-05
-4.927e-07
2.15518e-05
-4.35938e-07
2.12816e-05
-3.89717e-07
2.10394e-05
-3.53939e-07
2.08085e-05
-3.28758e-07
-3.10045e-07
5.39231e-05
-5.72618e-07
5.41762e-05
-7.99907e-07
5.43572e-05
-1.04371e-06
5.44902e-05
-1.2787e-06
5.45994e-05
-1.48423e-06
5.46963e-05
-1.65458e-06
5.47819e-05
-1.7949e-06
5.48544e-05
-1.9134e-06
5.49137e-05
-2.01613e-06
5.49617e-05
-2.10582e-06
5.50011e-05
-2.18301e-06
5.50339e-05
-2.24787e-06
5.5061e-05
-2.30122e-06
5.50825e-05
-2.34457e-06
5.50979e-05
-2.37989e-06
5.51071e-05
-2.40924e-06
5.51097e-05
-2.43463e-06
5.51056e-05
-2.45793e-06
5.50946e-05
-2.48094e-06
5.50766e-05
-2.50543e-06
5.50515e-05
-2.5331e-06
5.50194e-05
-2.56561e-06
5.49801e-05
-2.60455e-06
5.49337e-05
-2.65133e-06
5.48802e-05
-2.70731e-06
5.48196e-05
-2.77362e-06
5.4752e-05
-2.8513e-06
5.46772e-05
-2.94111e-06
5.45952e-05
-3.04373e-06
5.45059e-05
-3.15965e-06
5.44088e-05
-3.28928e-06
5.43038e-05
-3.43285e-06
5.41903e-05
-3.59049e-06
5.40677e-05
-3.7622e-06
5.39354e-05
-3.94785e-06
5.37924e-05
-4.14716e-06
5.36377e-05
-4.35965e-06
5.34699e-05
-4.58467e-06
5.32875e-05
-4.82122e-06
5.30887e-05
-5.06812e-06
5.28711e-05
-5.32357e-06
5.26325e-05
-5.58554e-06
5.23696e-05
-5.85101e-06
5.20789e-05
-6.1168e-06
5.1756e-05
-6.37883e-06
5.13964e-05
-6.63284e-06
5.09943e-05
-6.87327e-06
5.05438e-05
-7.09465e-06
5.00379e-05
-7.29088e-06
4.947e-05
-7.45673e-06
4.88336e-05
-7.58696e-06
4.81231e-05
-7.67735e-06
4.73341e-05
-7.72376e-06
4.64618e-05
-7.72125e-06
4.55009e-05
-7.66495e-06
4.44452e-05
-7.55017e-06
4.3289e-05
-7.37339e-06
4.20315e-05
-7.13727e-06
4.06798e-05
-6.85154e-06
3.92445e-05
-6.52267e-06
3.77334e-05
-6.15004e-06
3.61535e-05
-5.73504e-06
3.45133e-05
-5.28748e-06
3.28296e-05
-4.82612e-06
3.11269e-05
-4.36627e-06
2.94274e-05
-3.91381e-06
2.77502e-05
-3.47331e-06
2.6113e-05
-3.05146e-06
2.4535e-05
-2.65764e-06
2.30339e-05
-2.2992e-06
2.16247e-05
-1.97912e-06
2.03199e-05
-1.69849e-06
1.91294e-05
-1.45638e-06
1.80583e-05
-1.25037e-06
1.71077e-05
-1.07669e-06
1.62746e-05
-9.31727e-07
1.55534e-05
-8.10567e-07
1.49352e-05
-7.09494e-07
1.44105e-05
-6.23935e-07
1.39686e-05
-5.51778e-07
1.35989e-05
-4.89427e-07
1.32914e-05
-4.36562e-07
1.30362e-05
-3.9013e-07
1.28248e-05
-3.51248e-07
1.26487e-05
-3.16536e-07
1.25011e-05
-2.88324e-07
1.23738e-05
-2.62417e-07
1.2262e-05
-2.42146e-07
1.2157e-05
-2.23737e-07
-2.08723e-07
5.35771e-05
-8.84586e-07
5.38441e-05
-1.06689e-06
5.40575e-05
-1.25713e-06
5.42239e-05
-1.44507e-06
5.43591e-05
-1.61941e-06
5.44759e-05
-1.77143e-06
5.458e-05
-1.89896e-06
5.46723e-05
-2.00576e-06
5.47528e-05
-2.09656e-06
5.48214e-05
-2.17446e-06
5.48793e-05
-2.24088e-06
5.49277e-05
-2.29633e-06
5.49677e-05
-2.34121e-06
5.49996e-05
-2.37644e-06
5.50232e-05
-2.40346e-06
5.5038e-05
-2.42411e-06
5.50438e-05
-2.44037e-06
5.50401e-05
-2.45423e-06
5.50267e-05
-2.46756e-06
5.50035e-05
-2.48221e-06
5.49703e-05
-2.49991e-06
5.4927e-05
-2.52238e-06
5.48737e-05
-2.55119e-06
5.48102e-05
-2.58782e-06
5.47364e-05
-2.63357e-06
5.46524e-05
-2.6896e-06
5.45581e-05
-2.75694e-06
5.44531e-05
-2.83618e-06
5.43373e-05
-2.92788e-06
5.421e-05
-3.03237e-06
5.40706e-05
-3.14988e-06
5.39182e-05
-3.28041e-06
5.37516e-05
-3.42393e-06
5.35695e-05
-3.58011e-06
5.33703e-05
-3.74864e-06
5.3152e-05
-3.92886e-06
5.29124e-05
-4.12005e-06
5.26488e-05
-4.32107e-06
5.23582e-05
-4.53056e-06
5.20367e-05
-4.74671e-06
5.16805e-05
-4.96732e-06
5.12846e-05
-5.18969e-06
5.0844e-05
-5.41035e-06
5.03525e-05
-5.62528e-06
4.98036e-05
-5.82996e-06
4.91901e-05
-6.01928e-06
4.85038e-05
-6.18697e-06
4.77361e-05
-6.327e-06
4.68781e-05
-6.43292e-06
4.59212e-05
-6.49976e-06
4.48567e-05
-6.52247e-06
4.36803e-05
-6.50096e-06
4.2391e-05
-6.43447e-06
4.099e-05
-6.32022e-06
3.94779e-05
-6.15282e-06
3.78503e-05
-5.9226e-06
3.61051e-05
-5.62819e-06
3.42508e-05
-5.28295e-06
3.23063e-05
-4.9071e-06
3.02942e-05
-4.51051e-06
2.82374e-05
-4.09329e-06
2.6158e-05
-3.65565e-06
2.40778e-05
-3.20726e-06
2.20216e-05
-2.76997e-06
2.00217e-05
-2.36629e-06
1.81129e-05
-2.00508e-06
1.63269e-05
-1.68725e-06
1.46886e-05
-1.41322e-06
1.32176e-05
-1.18664e-06
1.19277e-05
-1.0093e-06
1.08167e-05
-8.68044e-07
9.87443e-06
-7.56259e-07
9.08738e-06
-6.69331e-07
8.43781e-06
-6.00795e-07
7.90607e-06
-5.44948e-07
7.47232e-06
-4.97979e-07
7.11878e-06
-4.57033e-07
6.82991e-06
-4.20624e-07
6.59352e-06
-3.87541e-07
6.39954e-06
-3.57799e-07
6.24085e-06
-3.30736e-07
6.11111e-06
-3.06826e-07
6.00611e-06
-2.85127e-07
5.9211e-06
-2.66239e-07
5.85305e-06
-2.48483e-07
5.79736e-06
-2.3264e-07
5.75093e-06
-2.15979e-07
5.70834e-06
-1.99558e-07
5.66492e-06
-1.80317e-07
-1.61925e-07
5.34322e-05
-1.18762e-06
5.36998e-05
-1.33455e-06
5.39275e-05
-1.48482e-06
5.41166e-05
-1.63417e-06
5.42739e-05
-1.77673e-06
5.44086e-05
-1.90612e-06
5.45275e-05
-2.01782e-06
5.46332e-05
-2.11144e-06
5.47259e-05
-2.18933e-06
5.48055e-05
-2.25406e-06
5.48719e-05
-2.30722e-06
5.49252e-05
-2.34969e-06
5.49659e-05
-2.38188e-06
5.49939e-05
-2.40446e-06
5.5009e-05
-2.41849e-06
5.50104e-05
-2.42558e-06
5.49977e-05
-2.42762e-06
5.49701e-05
-2.42667e-06
5.49274e-05
-2.4248e-06
5.48692e-05
-2.42401e-06
5.47954e-05
-2.42609e-06
5.47057e-05
-2.43272e-06
5.46e-05
-2.44544e-06
5.44779e-05
-2.46573e-06
5.43392e-05
-2.49488e-06
5.41836e-05
-2.53398e-06
5.40104e-05
-2.58383e-06
5.38192e-05
-2.64493e-06
5.36089e-05
-2.71757e-06
5.33783e-05
-2.80177e-06
5.31259e-05
-2.89745e-06
5.28497e-05
-3.00426e-06
5.25476e-05
-3.1218e-06
5.22168e-05
-3.24936e-06
5.18544e-05
-3.38625e-06
5.14569e-05
-3.53135e-06
5.10205e-05
-3.6836e-06
5.05407e-05
-3.84128e-06
5.00128e-05
-4.00271e-06
4.94314e-05
-4.16525e-06
4.87902e-05
-4.32619e-06
4.80824e-05
-4.48183e-06
4.73009e-05
-4.62882e-06
4.64388e-05
-4.76321e-06
4.54891e-05
-4.88025e-06
4.44432e-05
-4.9734e-06
4.32931e-05
-5.03686e-06
4.20307e-05
-5.06468e-06
4.06496e-05
-5.05174e-06
3.91429e-05
-4.99304e-06
3.75055e-05
-4.88515e-06
3.57371e-05
-4.7325e-06
3.38425e-05
-4.53994e-06
3.18337e-05
-4.31138e-06
2.97305e-05
-4.04959e-06
2.75364e-05
-3.72852e-06
2.52678e-05
-3.35962e-06
2.29513e-05
-2.96641e-06
2.06195e-05
-2.57531e-06
1.83061e-05
-2.1971e-06
1.605e-05
-1.83724e-06
1.39178e-05
-1.52338e-06
1.19539e-05
-1.24338e-06
1.01904e-05
-1.00649e-06
8.64998e-06
-8.25865e-07
7.35489e-06
-7.09985e-07
6.29372e-06
-6.26088e-07
5.44803e-06
-5.67525e-07
4.77715e-06
-5.15758e-07
4.23036e-06
-4.62506e-07
3.77347e-06
-4.11161e-07
3.38517e-06
-3.67958e-07
3.05134e-06
-3.35503e-07
2.76227e-06
-3.11723e-07
2.51448e-06
-2.97156e-07
2.30291e-06
-2.8641e-07
2.12276e-06
-2.76885e-07
1.96956e-06
-2.67423e-07
1.84e-06
-2.57982e-07
1.73066e-06
-2.48454e-07
1.63877e-06
-2.38846e-07
1.56181e-06
-2.29871e-07
1.49799e-06
-2.21307e-07
1.44489e-06
-2.13137e-07
1.40078e-06
-2.04379e-07
1.36277e-06
-1.94627e-07
1.32873e-06
-1.8194e-07
1.29481e-06
-1.65633e-07
1.25935e-06
-1.44858e-07
-1.27907e-07
5.3459e-05
-1.47895e-06
5.37168e-05
-1.59236e-06
5.39391e-05
-1.70718e-06
5.4127e-05
-1.822e-06
5.42831e-05
-1.9329e-06
5.44115e-05
-2.03451e-06
5.45165e-05
-2.12274e-06
5.46009e-05
-2.19583e-06
5.46656e-05
-2.25406e-06
5.47102e-05
-2.29872e-06
5.47341e-05
-2.33111e-06
5.47366e-05
-2.35212e-06
5.47171e-05
-2.36239e-06
5.46752e-05
-2.36261e-06
5.46106e-05
-2.35385e-06
5.45226e-05
-2.33759e-06
5.44106e-05
-2.31563e-06
5.4274e-05
-2.29011e-06
5.41125e-05
-2.26329e-06
5.39261e-05
-2.23758e-06
5.37149e-05
-2.21492e-06
5.34788e-05
-2.19658e-06
5.32173e-05
-2.18398e-06
5.29302e-05
-2.17858e-06
5.26168e-05
-2.1815e-06
5.22764e-05
-2.19365e-06
5.19081e-05
-2.21551e-06
5.15105e-05
-2.2473e-06
5.10818e-05
-2.28891e-06
5.062e-05
-2.33998e-06
5.01225e-05
-2.39994e-06
4.95863e-05
-2.46804e-06
4.90079e-05
-2.54339e-06
4.83834e-05
-2.62486e-06
4.77085e-05
-2.71131e-06
4.69783e-05
-2.80122e-06
4.61879e-05
-2.89319e-06
4.53318e-05
-2.9852e-06
4.44046e-05
-3.07544e-06
4.34004e-05
-3.16105e-06
4.23134e-05
-3.23919e-06
4.11356e-05
-3.30404e-06
3.98593e-05
-3.35255e-06
3.8482e-05
-3.38592e-06
3.69986e-05
-3.39687e-06
3.54039e-05
-3.37863e-06
3.36934e-05
-3.32634e-06
3.18674e-05
-3.23872e-06
2.99274e-05
-3.11173e-06
2.78765e-05
-2.94214e-06
2.57291e-05
-2.73775e-06
2.34988e-05
-2.50219e-06
2.11957e-05
-2.23688e-06
1.88566e-05
-1.97222e-06
1.65107e-05
-1.70377e-06
1.42135e-05
-1.43128e-06
1.20178e-05
-1.16397e-06
9.97312e-06
-9.21686e-07
8.12799e-06
-7.30178e-07
6.54533e-06
-6.14447e-07
5.26943e-06
-5.61335e-07
4.26231e-06
-5.16259e-07
3.47039e-06
-4.51449e-07
2.83121e-06
-3.67318e-07
2.29448e-06
-2.89132e-07
1.82377e-06
-2.39276e-07
1.41579e-06
-2.18113e-07
1.0651e-06
-2.1683e-07
7.62361e-07
-2.13022e-07
5.00553e-07
-2.00698e-07
2.7304e-07
-1.83647e-07
7.35185e-08
-1.68437e-07
-1.0265e-07
-1.59334e-07
-2.57958e-07
-1.56414e-07
-3.98075e-07
-1.57039e-07
-5.25087e-07
-1.59399e-07
-6.40346e-07
-1.61626e-07
-7.44933e-07
-1.62836e-07
-8.39923e-07
-1.62991e-07
-9.25961e-07
-1.62416e-07
-1.00351e-06
-1.61297e-07
-1.07352e-06
-1.5986e-07
-1.13687e-06
-1.5796e-07
-1.19467e-06
-1.55332e-07
-1.24775e-06
-1.51306e-07
-1.29719e-06
-1.45184e-07
-1.34353e-06
-1.35601e-07
-1.38732e-06
-1.21843e-07
-1.4267e-06
-1.05473e-07
-9.43501e-08
5.33964e-05
-1.6911e-06
5.35642e-05
-1.76013e-06
5.36871e-05
-1.8301e-06
5.3765e-05
-1.89987e-06
5.37991e-05
-1.96699e-06
5.37899e-05
-2.02536e-06
5.37394e-05
-2.0722e-06
5.36497e-05
-2.10618e-06
5.35229e-05
-2.12725e-06
5.33598e-05
-2.13558e-06
5.31604e-05
-2.13177e-06
5.2925e-05
-2.11664e-06
5.26536e-05
-2.09104e-06
5.23468e-05
-2.0558e-06
5.20053e-05
-2.01234e-06
5.16298e-05
-1.96214e-06
5.12212e-05
-1.90695e-06
5.07799e-05
-1.84886e-06
5.03067e-05
-1.79004e-06
4.98022e-05
-1.73308e-06
4.92677e-05
-1.68048e-06
4.87035e-05
-1.63233e-06
4.81095e-05
-1.59005e-06
4.74857e-05
-1.55473e-06
4.68313e-05
-1.52712e-06
4.61453e-05
-1.50769e-06
4.54263e-05
-1.49651e-06
4.46724e-05
-1.49333e-06
4.38811e-05
-1.49761e-06
4.30497e-05
-1.50857e-06
4.21749e-05
-1.52522e-06
4.12533e-05
-1.54646e-06
4.0281e-05
-1.57103e-06
3.92537e-05
-1.5976e-06
3.81672e-05
-1.62474e-06
3.70169e-05
-1.65095e-06
3.57984e-05
-1.6747e-06
3.45076e-05
-1.69437e-06
3.31406e-05
-1.70844e-06
3.16946e-05
-1.71504e-06
3.01678e-05
-1.71243e-06
2.85593e-05
-1.69556e-06
2.68672e-05
-1.6604e-06
2.50958e-05
-1.61453e-06
2.32489e-05
-1.54997e-06
2.13345e-05
-1.46422e-06
1.93632e-05
-1.3551e-06
1.73469e-05
-1.22242e-06
1.53063e-05
-1.07106e-06
1.32717e-05
-9.07617e-07
1.12791e-05
-7.45115e-07
9.37785e-06
-6.00935e-07
7.63864e-06
-4.97666e-07
6.11505e-06
-4.48629e-07
4.84465e-06
-4.33379e-07
3.81134e-06
-3.97968e-07
2.97362e-06
-3.26257e-07
2.28306e-06
-2.31128e-07
1.70276e-06
-1.49878e-07
1.20257e-06
-1.14252e-07
7.65291e-07
-1.24058e-07
3.94086e-07
-1.45055e-07
8.15476e-08
-1.3891e-07
-1.81122e-07
-1.04649e-07
-4.03618e-07
-6.66354e-08
-5.96394e-07
-4.64994e-08
-7.67404e-07
-4.71037e-08
-9.27147e-07
-5.70874e-08
-1.07403e-06
-6.61424e-08
-1.20558e-06
-6.91399e-08
-1.32177e-06
-6.74625e-08
-1.42545e-06
-6.47588e-08
-1.5211e-06
-6.36856e-08
-1.6122e-06
-6.53084e-08
-1.70031e-06
-6.89348e-08
-1.78637e-06
-7.33361e-08
-1.8705e-06
-7.7494e-08
-1.95241e-06
-8.09274e-08
-2.03179e-06
-8.36129e-08
-2.10849e-06
-8.57089e-08
-2.18245e-06
-8.73405e-08
-2.25374e-06
-8.8567e-08
-2.32244e-06
-8.9261e-08
-2.38856e-06
-8.92134e-08
-2.45181e-06
-8.80508e-08
-2.51168e-06
-8.53143e-08
-2.56692e-06
-8.03677e-08
-2.61559e-06
-7.31673e-08
-2.65597e-06
-6.50928e-08
-5.96007e-08
5.10595e-05
-1.46231e-06
5.07644e-05
-1.4651e-06
5.04039e-05
-1.46956e-06
4.9978e-05
-1.47395e-06
4.94871e-05
-1.4761e-06
4.89352e-05
-1.47352e-06
4.83265e-05
-1.46345e-06
4.76648e-05
-1.44454e-06
4.69563e-05
-1.41872e-06
4.62055e-05
-1.3848e-06
4.54167e-05
-1.34298e-06
4.4594e-05
-1.29389e-06
4.37413e-05
-1.23833e-06
4.28627e-05
-1.17724e-06
4.19621e-05
-1.11171e-06
4.10429e-05
-1.043e-06
4.01086e-05
-9.72576e-07
3.91618e-05
-9.021e-07
3.82051e-05
-8.33295e-07
3.72398e-05
-7.67819e-07
3.62663e-05
-7.07014e-07
3.52857e-05
-6.51721e-07
3.42982e-05
-6.02532e-07
3.33033e-05
-5.59851e-07
3.23001e-05
-5.23846e-07
3.12868e-05
-4.94409e-07
3.02614e-05
-4.71144e-07
2.92215e-05
-4.53408e-07
2.81643e-05
-4.40358e-07
2.70867e-05
-4.31031e-07
2.59859e-05
-4.24377e-07
2.48587e-05
-4.19327e-07
2.37025e-05
-4.14796e-07
2.25147e-05
-4.09764e-07
2.12932e-05
-4.03255e-07
2.00367e-05
-3.9447e-07
1.87448e-05
-3.82754e-07
1.74182e-05
-3.67812e-07
1.60594e-05
-3.49667e-07
1.46734e-05
-3.28969e-07
1.32679e-05
-3.06986e-07
1.18581e-05
-2.85714e-07
1.04659e-05
-2.68254e-07
9.10802e-06
-2.56625e-07
7.80863e-06
-2.50589e-07
6.5928e-06
-2.48391e-07
5.48475e-06
-2.47039e-07
4.49923e-06
-2.36903e-07
3.63318e-06
-2.05005e-07
2.88016e-06
-1.54597e-07
2.22829e-06
-9.32464e-08
1.66584e-06
-3.8488e-08
1.17818e-06
-1.0011e-08
7.4719e-07
-1.76344e-08
3.62062e-07
-4.82511e-08
3.33844e-08
-6.92903e-08
-2.33293e-07
-5.958e-08
-4.39474e-07
-2.49459e-08
-5.99064e-07
9.71195e-09
-7.34819e-07
2.15023e-08
-8.66813e-07
7.936e-09
-1.00186e-06
-1.00078e-08
-1.12336e-06
-1.74064e-08
-1.21666e-06
-1.1349e-08
-1.28237e-06
-9.24723e-10
-1.33246e-06
3.58611e-09
-1.38135e-06
1.7874e-09
-1.43422e-06
-4.21513e-09
-1.49081e-06
-9.55873e-09
-1.5476e-06
-1.23471e-08
-1.60203e-06
-1.30298e-08
-1.65376e-06
-1.30321e-08
-1.70395e-06
-1.34915e-08
-1.75445e-06
-1.48109e-08
-1.8066e-06
-1.67825e-08
-1.86091e-06
-1.90278e-08
-1.91722e-06
-2.11891e-08
-1.97507e-06
-2.30769e-08
-2.03401e-06
-2.46676e-08
-2.09371e-06
-2.60142e-08
-2.15388e-06
-2.71706e-08
-2.21428e-06
-2.81674e-08
-2.27456e-06
-2.8977e-08
-2.33423e-06
-2.9543e-08
-2.39253e-06
-2.97495e-08
-2.4484e-06
-2.94502e-08
-2.5002e-06
-2.85679e-08
-2.54594e-06
-2.74187e-08
-2.58455e-06
-2.64838e-08
-2.58145e-08
3.49881e-05
3.3523e-05
3.20535e-05
3.05795e-05
2.91034e-05
2.76299e-05
2.61665e-05
2.47219e-05
2.33032e-05
2.19184e-05
2.05754e-05
1.92815e-05
1.80432e-05
1.6866e-05
1.57543e-05
1.47113e-05
1.37387e-05
1.28366e-05
1.20033e-05
1.12355e-05
1.05285e-05
9.87674e-06
9.27421e-06
8.71436e-06
8.19051e-06
7.6961e-06
7.22496e-06
6.77155e-06
6.33119e-06
5.90016e-06
5.47578e-06
5.05646e-06
4.64166e-06
4.2319e-06
3.82864e-06
3.43417e-06
3.05142e-06
2.68361e-06
2.33394e-06
2.00497e-06
1.69798e-06
1.41227e-06
1.14402e-06
8.8739e-07
6.36802e-07
3.88411e-07
1.41372e-07
-9.55307e-08
-3.00536e-07
-4.55133e-07
-5.48379e-07
-5.86867e-07
-5.96878e-07
-6.14512e-07
-6.62764e-07
-7.32054e-07
-7.91634e-07
-8.1658e-07
-8.06868e-07
-7.85365e-07
-7.77429e-07
-7.87437e-07
-8.04844e-07
-8.16193e-07
-8.17117e-07
-8.13531e-07
-8.11744e-07
-8.15959e-07
-8.25518e-07
-8.37865e-07
-8.50895e-07
-8.63927e-07
-8.77418e-07
-8.92229e-07
-9.09012e-07
-9.28039e-07
-9.49229e-07
-9.72305e-07
-9.96973e-07
-1.02299e-06
-1.05016e-06
-1.07833e-06
-1.1073e-06
-1.13685e-06
-1.16659e-06
-1.19605e-06
-1.22461e-06
-1.25203e-06
-1.27852e-06
)
;

boundaryField
{
    fixedWalls
    {
        type            calculated;
        value           uniform 0;
    }
    inflowWall
    {
        type            calculated;
        value           nonuniform List<scalar> 10(-5e-05 -5e-05 -5e-05 -5e-05 -5e-05 -5e-05 -5e-05 -5e-05 -5e-05 -5e-05);
    }
    outflowWall
    {
        type            calculated;
        value           nonuniform List<scalar> 
20
(
1.16109e-05
2.58852e-05
3.51402e-05
4.21887e-05
4.73237e-05
5.01582e-05
5.06045e-05
4.91448e-05
4.64898e-05
4.28045e-05
3.74389e-05
2.97894e-05
2.05958e-05
1.20556e-05
5.61812e-06
1.22533e-06
-1.46026e-06
-2.69072e-06
-2.61834e-06
-1.30433e-06
)
;
    }
    frontAndBack
    {
        type            empty;
        value           nonuniform List<scalar> 0();
    }
}


// ************************************************************************* //
