/*--------------------------------*- C++ -*----------------------------------*\
| =========                 |                                                 |
| \\      /  F ield         | OpenFOAM: The Open Source CFD Toolbox           |
|  \\    /   O peration     | Version:  2306                                  |
|   \\  /    A nd           | Website:  www.openfoam.com                      |
|    \\/     M anipulation  |                                                 |
\*---------------------------------------------------------------------------*/
FoamFile
{
    version     2.0;
    format      ascii;
    arch        "LSB;label=32;scalar=64";
    class       volVectorField;
    location    "4.39";
    object      U;
}
// * * * * * * * * * * * * * * * * * * * * * * * * * * * * * * * * * * * * * //

dimensions      [0 1 -1 0 0 0 0];

internalField   nonuniform List<vector> 
1900
(
(0.984281 0.0072869 0)
(0.961753 0.0216872 0)
(0.95234 0.0181708 0)
(0.918699 0.0253057 0)
(0.903437 0.0154326 0)
(0.863074 0.0257498 0)
(0.852302 0.0115848 0)
(0.811986 0.0267241 0)
(0.809722 0.00453683 0)
(0.770537 0.0259586 0)
(1.00256 0.0115585 0)
(1.00445 0.0258602 0)
(1.01944 0.0289607 0)
(1.02198 0.030451 0)
(1.03489 0.0279968 0)
(1.03397 0.0284076 0)
(1.04408 0.0257672 0)
(1.04281 0.0250679 0)
(1.05123 0.0206282 0)
(1.05231 0.016145 0)
(1.00048 0.0038854 0)
(1.00419 0.0111529 0)
(1.01255 0.0139939 0)
(1.02113 0.0157805 0)
(1.03154 0.0147015 0)
(1.04054 0.0144051 0)
(1.04999 0.0123542 0)
(1.0584 0.0109005 0)
(1.06688 0.00726687 0)
(1.07472 0.00309313 0)
(1.00007 0.00207617 0)
(1.00313 0.00584022 0)
(1.00888 0.00804977 0)
(1.01649 0.00902688 0)
(1.02528 0.00854337 0)
(1.03431 0.00743841 0)
(1.04324 0.00565137 0)
(1.05181 0.00347997 0)
(1.05998 0.000642164 0)
(1.06765 -0.00288853 0)
(1.00003 0.000423669 0)
(1.00261 0.0011693 0)
(1.00738 0.00142962 0)
(1.01402 0.00114544 0)
(1.02191 0.000242633 0)
(1.03035 -0.00112727 0)
(1.03879 -0.00292866 0)
(1.04691 -0.00514012 0)
(1.05459 -0.00780834 0)
(1.06173 -0.0109962 0)
(1.00003 -0.00106135 0)
(1.00255 -0.00302924 0)
(1.0072 -0.00475308 0)
(1.01366 -0.00619389 0)
(1.02133 -0.00749732 0)
(1.02948 -0.0088645 0)
(1.03758 -0.0104815 0)
(1.04532 -0.0124593 0)
(1.05258 -0.0148384 0)
(1.05935 -0.0175896 0)
(1.00003 -0.00271099 0)
(1.00303 -0.00743343 0)
(1.00836 -0.0110608 0)
(1.01545 -0.0134986 0)
(1.02346 -0.0151248 0)
(1.03163 -0.0164886 0)
(1.03949 -0.0179955 0)
(1.04688 -0.0198235 0)
(1.0538 -0.0219657 0)
(1.06028 -0.0243327 0)
(1.00004 -0.00476931 0)
(1.00441 -0.0122333 0)
(1.01137 -0.0169171 0)
(1.0198 -0.0193479 0)
(1.02839 -0.0206744 0)
(1.03639 -0.0218454 0)
(1.04359 -0.0233094 0)
(1.05006 -0.0250937 0)
(1.05593 -0.027057 0)
(1.06123 -0.0290661 0)
(1.00006 -0.0121186 0)
(1.00722 -0.0259514 0)
(1.01558 -0.0314284 0)
(1.02287 -0.0325764 0)
(1.02793 -0.0326593 0)
(1.03072 -0.0330335 0)
(1.03173 -0.0338112 0)
(1.03142 -0.0347294 0)
(1.03001 -0.0355726 0)
(1.0275 -0.0362815 0)
(0.980777 -0.00916347 0)
(0.964586 -0.0188213 0)
(0.945458 -0.0220457 0)
(0.920791 -0.0221848 0)
(0.892002 -0.0217382 0)
(0.861689 -0.0215765 0)
(0.83145 -0.0216078 0)
(0.801764 -0.0215968 0)
(0.772562 -0.0214194 0)
(0.743599 -0.0210914 0)
(0.000207287 -0.00010936 0)
(0.000346921 -2.03764e-05 0)
(8.77858e-05 2.68992e-05 0)
(-0.000392798 5.60414e-05 0)
(-0.00103559 7.38635e-05 0)
(-0.00179865 9.10507e-05 0)
(-0.00266847 0.000111113 0)
(-0.00364 0.000132984 0)
(-0.00470799 0.000155461 0)
(-0.00586614 0.000177864 0)
(-0.00710753 0.000199801 0)
(-0.00842483 0.000220993 0)
(-0.00981066 0.000241204 0)
(-0.0112577 0.000260234 0)
(-0.012759 0.000277925 0)
(-0.014308 0.000294168 0)
(-0.0158984 0.000308897 0)
(-0.0175246 0.000322085 0)
(-0.0191816 0.000333708 0)
(-0.020865 0.000343787 0)
(-0.0225716 0.000352389 0)
(-0.0242993 0.000359621 0)
(-0.026047 0.000365611 0)
(-0.0278155 0.000370487 0)
(-0.0296066 0.000374382 0)
(-0.0314238 0.00037743 0)
(-0.0332722 0.000379713 0)
(-0.0351583 0.00038117 0)
(-0.0370902 0.000381518 0)
(-0.0390767 0.000380175 0)
(-0.0411277 0.000376201 0)
(-0.0432537 0.000368364 0)
(-0.0454669 0.000355551 0)
(-0.047782 0.000337635 0)
(-0.0502197 0.000316612 0)
(-0.0528098 0.000297679 0)
(-0.0555952 0.00029055 0)
(-0.0586363 0.000310852 0)
(-0.0620149 0.000380972 0)
(-0.0658369 0.000530293 0)
(-0.0702316 0.000793392 0)
(-0.0753452 0.00120399 0)
(-0.0813258 0.00178445 0)
(-0.0882982 0.0025347 0)
(-0.0963334 0.00342408 0)
(-0.105418 0.00438908 0)
(-0.115432 0.00534015 0)
(-0.126138 0.00617455 0)
(-0.137187 0.00679107 0)
(-0.148148 0.00710997 0)
(-0.158551 0.00709531 0)
(-0.167942 0.0067672 0)
(-0.175889 0.00618376 0)
(-0.182009 0.00543725 0)
(-0.185994 0.00456155 0)
(-0.187626 0.00351368 0)
(-0.186795 0.00230041 0)
(-0.183501 0.00100524 0)
(-0.177716 -0.000323392 0)
(-0.169535 -0.00162142 0)
(-0.159059 -0.00286569 0)
(-0.146513 -0.00400269 0)
(-0.132076 -0.00502741 0)
(-0.116019 -0.00590034 0)
(-0.0985879 -0.00661602 0)
(-0.0800426 -0.00718366 0)
(-0.0607364 -0.00755327 0)
(-0.0408273 -0.00778216 0)
(-0.0208074 -0.00785517 0)
(-0.000580757 -0.00781671 0)
(0.0191654 -0.00764477 0)
(0.0388204 -0.00738949 0)
(0.0574734 -0.00701595 0)
(0.075848 -0.00660362 0)
(0.0927937 -0.00609854 0)
(0.109418 -0.00560042 0)
(0.124283 -0.0050355 0)
(0.138929 -0.00453022 0)
(0.151541 -0.00398032 0)
(0.164205 -0.00353026 0)
(0.174578 -0.00303924 0)
(0.18547 -0.00268305 0)
(0.193754 -0.00228368 0)
(0.203281 -0.00205587 0)
(0.209688 -0.00177688 0)
(0.218465 -0.0017098 0)
(0.223126 -0.00155719 0)
(0.232127 -0.00167769 0)
(0.234851 -0.00161649 0)
(0.245775 -0.00211862 0)
(6.31867e-05 -0.000519902 0)
(-0.000520107 0.000138047 0)
(-0.00200969 0.000708144 0)
(-0.00391488 0.00111141 0)
(-0.00620413 0.00138956 0)
(-0.00880412 0.00161036 0)
(-0.0116777 0.00180998 0)
(-0.0147967 0.00199644 0)
(-0.0181325 0.00216984 0)
(-0.0216577 0.00232942 0)
(-0.0253463 0.0024745 0)
(-0.0291738 0.00260488 0)
(-0.0331172 0.00272089 0)
(-0.0371554 0.00282314 0)
(-0.0412696 0.00291247 0)
(-0.0454432 0.00298987 0)
(-0.0496625 0.00305643 0)
(-0.0539161 0.00311334 0)
(-0.0581955 0.0031619 0)
(-0.0624951 0.0032039 0)
(-0.0668126 0.00324153 0)
(-0.0711489 0.0032773 0)
(-0.0755085 0.00331388 0)
(-0.0798993 0.00335408 0)
(-0.0843324 0.00340089 0)
(-0.0888225 0.0034575 0)
(-0.0933874 0.00352717 0)
(-0.0980483 0.00361303 0)
(-0.102829 0.00371802 0)
(-0.107756 0.0038449 0)
(-0.112859 0.00399651 0)
(-0.118166 0.00417632 0)
(-0.123709 0.00438969 0)
(-0.129522 0.0046456 0)
(-0.135639 0.00495765 0)
(-0.142096 0.00534353 0)
(-0.148926 0.00582492 0)
(-0.156159 0.00642674 0)
(-0.16381 0.00717371 0)
(-0.171878 0.00808551 0)
(-0.180334 0.00916915 0)
(-0.189116 0.0104084 0)
(-0.198119 0.0117541 0)
(-0.207186 0.0131212 0)
(-0.216107 0.0143915 0)
(-0.224628 0.0154253 0)
(-0.232457 0.0160819 0)
(-0.239284 0.0162386 0)
(-0.244789 0.015799 0)
(-0.248648 0.0147127 0)
(-0.250556 0.0129961 0)
(-0.250259 0.0107276 0)
(-0.247522 0.00790178 0)
(-0.242271 0.00463225 0)
(-0.234507 0.00102951 0)
(-0.224181 -0.00276291 0)
(-0.211274 -0.00665512 0)
(-0.19588 -0.0105131 0)
(-0.178026 -0.0142741 0)
(-0.157981 -0.0178109 0)
(-0.135779 -0.0210827 0)
(-0.111834 -0.0239454 0)
(-0.0862027 -0.0264739 0)
(-0.0593011 -0.0286012 0)
(-0.0313728 -0.0303371 0)
(-0.00252935 -0.0316398 0)
(0.026614 -0.0325175 0)
(0.0564209 -0.0330008 0)
(0.0855525 -0.0330851 0)
(0.115279 -0.0328459 0)
(0.143469 -0.0322477 0)
(0.172341 -0.0314196 0)
(0.198834 -0.0302824 0)
(0.226234 -0.0290246 0)
(0.250432 -0.0275212 0)
(0.275982 -0.0260119 0)
(0.297483 -0.0243171 0)
(0.321051 -0.0227279 0)
(0.339616 -0.0210017 0)
(0.361326 -0.0194845 0)
(0.376853 -0.0178565 0)
(0.397051 -0.0165336 0)
(0.409509 -0.0151048 0)
(0.428755 -0.0140787 0)
(0.438144 -0.0129276 0)
(0.457214 -0.0122883 0)
(0.463527 -0.0114706 0)
(0.48341 -0.0113084 0)
(0.48658 -0.0108673 0)
(0.508359 -0.0113382 0)
(-0.000158446 0.000421343 0)
(-0.00193978 0.0022815 0)
(-0.00541237 0.00349764 0)
(-0.0093602 0.00431259 0)
(-0.0137484 0.00494924 0)
(-0.0184758 0.00551354 0)
(-0.023501 0.0060306 0)
(-0.0287857 0.00650055 0)
(-0.0342775 0.00691921 0)
(-0.0399257 0.00728538 0)
(-0.0456845 0.0075994 0)
(-0.0515132 0.00786345 0)
(-0.0573765 0.00808132 0)
(-0.0632448 0.00825747 0)
(-0.0690943 0.00839679 0)
(-0.0749061 0.0085044 0)
(-0.0806658 0.00858564 0)
(-0.0863637 0.00864614 0)
(-0.0919932 0.00869208 0)
(-0.0975511 0.00872976 0)
(-0.103038 0.00876564 0)
(-0.108458 0.00880638 0)
(-0.113817 0.00885862 0)
(-0.119122 0.00892885 0)
(-0.124384 0.0090235 0)
(-0.129612 0.00914895 0)
(-0.134816 0.00931133 0)
(-0.140007 0.00951598 0)
(-0.145191 0.00976713 0)
(-0.150375 0.010068 0)
(-0.155561 0.0104209 0)
(-0.160744 0.0108269 0)
(-0.165916 0.0112872 0)
(-0.17106 0.0118033 0)
(-0.176154 0.0123785 0)
(-0.181165 0.0130167 0)
(-0.186052 0.0137196 0)
(-0.190758 0.014487 0)
(-0.195209 0.0153124 0)
(-0.199312 0.0161801 0)
(-0.202955 0.0170618 0)
(-0.206007 0.0179141 0)
(-0.208316 0.0186695 0)
(-0.209711 0.019225 0)
(-0.21001 0.0194547 0)
(-0.209022 0.0192198 0)
(-0.206567 0.0183925 0)
(-0.202496 0.0168795 0)
(-0.196668 0.0146068 0)
(-0.188952 0.0115363 0)
(-0.179221 0.00767646 0)
(-0.167644 0.00310373 0)
(-0.154002 -0.00206931 0)
(-0.13845 -0.00777766 0)
(-0.120864 -0.0138805 0)
(-0.101354 -0.0201406 0)
(-0.0799232 -0.0263892 0)
(-0.0569298 -0.0324496 0)
(-0.0321712 -0.0382697 0)
(-0.00619129 -0.0436616 0)
(0.0213466 -0.0485802 0)
(0.0498643 -0.0528682 0)
(0.0793356 -0.0565769 0)
(0.109451 -0.0595676 0)
(0.139837 -0.0619633 0)
(0.170832 -0.0636163 0)
(0.201216 -0.0646416 0)
(0.232308 -0.065018 0)
(0.261828 -0.0648137 0)
(0.292268 -0.0640613 0)
(0.320153 -0.0627967 0)
(0.349357 -0.0611235 0)
(0.375017 -0.0590428 0)
(0.402597 -0.0567153 0)
(0.425604 -0.0540952 0)
(0.451381 -0.0513932 0)
(0.471473 -0.0485064 0)
(0.495478 -0.0456908 0)
(0.512533 -0.0427763 0)
(0.534989 -0.0400724 0)
(0.548989 -0.0373325 0)
(0.570279 -0.0349302 0)
(0.581268 -0.0325261 0)
(0.601914 -0.0305791 0)
(0.609975 -0.0286354 0)
(0.630617 -0.0272717 0)
(0.635846 -0.0258924 0)
(0.657221 -0.0252406 0)
(0.6597 -0.0245277 0)
(0.682586 -0.0247095 0)
(-0.000919111 0.00120365 0)
(-0.00478802 0.00507952 0)
(-0.0106958 0.0075537 0)
(-0.0167537 0.00921626 0)
(-0.0231415 0.0104548 0)
(-0.0298103 0.0114407 0)
(-0.0366761 0.0122466 0)
(-0.0436424 0.0129098 0)
(-0.0506199 0.013445 0)
(-0.0575376 0.0138646 0)
(-0.0643413 0.0141813 0)
(-0.0709878 0.0144073 0)
(-0.0774452 0.0145543 0)
(-0.0836911 0.0146339 0)
(-0.0897105 0.0146575 0)
(-0.0954941 0.0146358 0)
(-0.101037 0.0145788 0)
(-0.106337 0.014496 0)
(-0.111395 0.0143967 0)
(-0.116214 0.0142901 0)
(-0.120797 0.0141846 0)
(-0.125147 0.0140883 0)
(-0.129269 0.0140086 0)
(-0.133165 0.0139515 0)
(-0.136836 0.0139221 0)
(-0.140279 0.0139249 0)
(-0.143491 0.0139635 0)
(-0.146463 0.0140396 0)
(-0.149186 0.0141526 0)
(-0.151643 0.0142999 0)
(-0.153813 0.0144772 0)
(-0.155669 0.0146784 0)
(-0.157176 0.0148962 0)
(-0.158293 0.0151232 0)
(-0.158971 0.0153548 0)
(-0.159153 0.0155891 0)
(-0.158775 0.0158168 0)
(-0.157762 0.0160276 0)
(-0.156027 0.0162036 0)
(-0.153469 0.0163166 0)
(-0.149971 0.0163256 0)
(-0.145413 0.0161818 0)
(-0.139691 0.0158282 0)
(-0.132684 0.0151526 0)
(-0.124295 0.014032 0)
(-0.11442 0.0123326 0)
(-0.102966 0.00992449 0)
(-0.0899486 0.0067354 0)
(-0.0753418 0.00272444 0)
(-0.0591878 -0.00207769 0)
(-0.0414216 -0.00768633 0)
(-0.0223223 -0.0140465 0)
(-0.00146936 -0.0210118 0)
(0.0206155 -0.0283242 0)
(0.0442528 -0.0358462 0)
(0.0689165 -0.0434049 0)
(0.0950953 -0.05094 0)
(0.122039 -0.058202 0)
(0.150341 -0.0651625 0)
(0.179168 -0.0715521 0)
(0.208993 -0.0773405 0)
(0.239136 -0.0823371 0)
(0.269812 -0.0866431 0)
(0.300629 -0.0900109 0)
(0.331306 -0.0925862 0)
(0.362078 -0.0941924 0)
(0.391943 -0.0950057 0)
(0.421994 -0.0949269 0)
(0.450303 -0.0941333 0)
(0.479066 -0.0925864 0)
(0.505214 -0.0904484 0)
(0.532282 -0.0877402 0)
(0.555835 -0.0845968 0)
(0.580988 -0.081091 0)
(0.601679 -0.0773116 0)
(0.62488 -0.0733786 0)
(0.642598 -0.0693183 0)
(0.663981 -0.0652981 0)
(0.678734 -0.0612681 0)
(0.698576 -0.0574516 0)
(0.710459 -0.0537087 0)
(0.729147 -0.0503329 0)
(0.738303 -0.0470778 0)
(0.756312 -0.0443298 0)
(0.762908 -0.0417164 0)
(0.78078 -0.0397481 0)
(0.784985 -0.0379012 0)
(0.803315 -0.0368488 0)
(0.805277 -0.0358785 0)
(0.824698 -0.035866 0)
(-0.00127576 0.00690565 0)
(-0.00686303 0.0137438 0)
(-0.0154888 0.0163704 0)
(-0.0239895 0.0175354 0)
(-0.0325088 0.0183794 0)
(-0.0408004 0.0191742 0)
(-0.0487351 0.0198702 0)
(-0.0562712 0.02039 0)
(-0.063378 0.0207148 0)
(-0.070022 0.0208708 0)
(-0.076184 0.0208865 0)
(-0.0818572 0.0207869 0)
(-0.0870436 0.0205942 0)
(-0.091752 0.0203278 0)
(-0.0959953 0.0200047 0)
(-0.0997892 0.0196394 0)
(-0.10315 0.0192442 0)
(-0.106092 0.0188292 0)
(-0.108631 0.0184034 0)
(-0.110779 0.0179756 0)
(-0.112546 0.0175536 0)
(-0.113941 0.0171441 0)
(-0.114969 0.0167525 0)
(-0.115633 0.016382 0)
(-0.115929 0.0160342 0)
(-0.115851 0.0157096 0)
(-0.115388 0.0154083 0)
(-0.114528 0.0151286 0)
(-0.113251 0.0148642 0)
(-0.111535 0.0146071 0)
(-0.10935 0.0143473 0)
(-0.106666 0.0140725 0)
(-0.103441 0.0137691 0)
(-0.0996282 0.0134235 0)
(-0.0951704 0.013027 0)
(-0.0900236 0.012584 0)
(-0.0841136 0.012068 0)
(-0.077375 0.0114596 0)
(-0.0697285 0.0107355 0)
(-0.061088 0.00986452 0)
(-0.0513445 0.00879962 0)
(-0.0403713 0.00746663 0)
(-0.0281923 0.00578488 0)
(-0.0146648 0.003695 0)
(0.00025644 0.00110277 0)
(0.0165394 -0.00208759 0)
(0.0342764 -0.00597332 0)
(0.0533297 -0.0106157 0)
(0.0738349 -0.0160827 0)
(0.0955509 -0.0223263 0)
(0.118722 -0.0293291 0)
(0.1428 -0.036869 0)
(0.168286 -0.0449598 0)
(0.194455 -0.0533639 0)
(0.22194 -0.0619962 0)
(0.249832 -0.0705886 0)
(0.278942 -0.0790888 0)
(0.308183 -0.0871862 0)
(0.33844 -0.0948728 0)
(0.368528 -0.10182 0)
(0.399305 -0.108072 0)
(0.429612 -0.113333 0)
(0.460185 -0.117725 0)
(0.490039 -0.120984 0)
(0.519641 -0.12329 0)
(0.548383 -0.124437 0)
(0.57632 -0.124659 0)
(0.603416 -0.123806 0)
(0.629137 -0.122142 0)
(0.654226 -0.119568 0)
(0.677353 -0.116357 0)
(0.700253 -0.112454 0)
(0.720582 -0.108125 0)
(0.741283 -0.103345 0)
(0.758758 -0.09835 0)
(0.777396 -0.0931432 0)
(0.792081 -0.0879084 0)
(0.808905 -0.0826777 0)
(0.82094 -0.0775703 0)
(0.83628 -0.0726526 0)
(0.845849 -0.0679683 0)
(0.860091 -0.0636307 0)
(0.867394 -0.0595968 0)
(0.880959 -0.056045 0)
(0.886189 -0.0528329 0)
(0.899527 -0.0502274 0)
(0.902855 -0.0479698 0)
(0.916434 -0.0464446 0)
(0.917995 -0.045255 0)
(0.932299 -0.0449402 0)
(-0.00367632 0.006784 0)
(-0.0135011 0.0172154 0)
(-0.0245656 0.0219423 0)
(-0.0337028 0.0246191 0)
(-0.0419955 0.0262307 0)
(-0.0496387 0.0270959 0)
(-0.0565894 0.0273917 0)
(-0.0627197 0.0273033 0)
(-0.0679359 0.026968 0)
(-0.0722394 0.0264577 0)
(-0.0756859 0.025819 0)
(-0.0783345 0.0250847 0)
(-0.0802447 0.0242831 0)
(-0.0814735 0.0234367 0)
(-0.0820737 0.0225634 0)
(-0.0820933 0.0216769 0)
(-0.0815753 0.0207879 0)
(-0.0805557 0.0199027 0)
(-0.0790644 0.0190262 0)
(-0.0771266 0.0181638 0)
(-0.0747621 0.0173197 0)
(-0.0719853 0.0164961 0)
(-0.068806 0.0156938 0)
(-0.0652271 0.0149108 0)
(-0.0612457 0.0141434 0)
(-0.0568507 0.0133873 0)
(-0.0520302 0.0126408 0)
(-0.04677 0.0119014 0)
(-0.0410436 0.0111575 0)
(-0.0348246 0.0103969 0)
(-0.0280818 0.00960603 0)
(-0.0207799 0.00876977 0)
(-0.0128777 0.00787024 0)
(-0.00432227 0.00688582 0)
(0.00497023 0.00578554 0)
(0.0149768 0.00454176 0)
(0.0257995 0.00315178 0)
(0.037496 0.00160076 0)
(0.0501389 -0.000143348 0)
(0.0637956 -0.00211866 0)
(0.0785314 -0.00436753 0)
(0.0944352 -0.00693571 0)
(0.111515 -0.00990419 0)
(0.129829 -0.013343 0)
(0.149521 -0.0173344 0)
(0.170438 -0.0219451 0)
(0.19275 -0.0272328 0)
(0.216146 -0.0332082 0)
(0.240908 -0.0398995 0)
(0.266533 -0.0472651 0)
(0.293448 -0.0552952 0)
(0.320924 -0.0638255 0)
(0.349553 -0.0728029 0)
(0.378416 -0.08199 0)
(0.408269 -0.0913082 0)
(0.437984 -0.100468 0)
(0.468479 -0.109406 0)
(0.498441 -0.117804 0)
(0.528916 -0.125635 0)
(0.558442 -0.132576 0)
(0.588162 -0.13866 0)
(0.616537 -0.143589 0)
(0.644769 -0.147477 0)
(0.671346 -0.150071 0)
(0.697465 -0.151567 0)
(0.721755 -0.151762 0)
(0.745323 -0.150926 0)
(0.767058 -0.148899 0)
(0.787846 -0.146008 0)
(0.806968 -0.142125 0)
(0.824935 -0.13761 0)
(0.841556 -0.132357 0)
(0.856803 -0.126735 0)
(0.871161 -0.120642 0)
(0.88388 -0.114435 0)
(0.89629 -0.108007 0)
(0.906723 -0.101688 0)
(0.917536 -0.0953636 0)
(0.925935 -0.0893262 0)
(0.93551 -0.0834587 0)
(0.942114 -0.0780103 0)
(0.950803 -0.0728701 0)
(0.955824 -0.0682398 0)
(0.963967 -0.0640275 0)
(0.967578 -0.0603828 0)
(0.975502 -0.0572483 0)
(0.977835 -0.0547142 0)
(0.985858 -0.0527772 0)
(0.98699 -0.0514576 0)
(0.995419 -0.0508308 0)
(-0.00179808 0.0287833 0)
(-0.009596 0.0405191 0)
(-0.0241288 0.0404589 0)
(-0.0355626 0.0380469 0)
(-0.0446272 0.0362088 0)
(-0.0510737 0.0347295 0)
(-0.0552027 0.0332592 0)
(-0.0574117 0.0317232 0)
(-0.0580621 0.0301346 0)
(-0.057431 0.0285176 0)
(-0.0557079 0.0268955 0)
(-0.0530392 0.0252816 0)
(-0.0495504 0.0236933 0)
(-0.0453467 0.0221422 0)
(-0.0405174 0.0206344 0)
(-0.035137 0.0191727 0)
(-0.0292714 0.0177584 0)
(-0.0229676 0.0163847 0)
(-0.016263 0.0150472 0)
(-0.00919206 0.0137483 0)
(-0.00177847 0.012488 0)
(0.00596404 0.0112632 0)
(0.0140232 0.0100709 0)
(0.022402 0.00890315 0)
(0.0311084 0.00774877 0)
(0.0401681 0.00659422 0)
(0.0495985 0.00542107 0)
(0.0594018 0.00421402 0)
(0.0696227 0.00296785 0)
(0.0802961 0.00167273 0)
(0.0914598 0.000311718 0)
(0.103155 -0.00113637 0)
(0.11543 -0.00269335 0)
(0.128319 -0.0043834 0)
(0.141895 -0.0062244 0)
(0.156154 -0.00825299 0)
(0.171207 -0.0104957 0)
(0.187101 -0.0129763 0)
(0.2039 -0.0157224 0)
(0.221632 -0.0187724 0)
(0.240386 -0.0221653 0)
(0.260153 -0.0259492 0)
(0.281054 -0.0301564 0)
(0.302994 -0.0348402 0)
(0.326142 -0.0400652 0)
(0.350276 -0.0458755 0)
(0.375602 -0.0523129 0)
(0.401738 -0.0593733 0)
(0.428958 -0.0670648 0)
(0.456711 -0.0753193 0)
(0.485364 -0.0840981 0)
(0.514185 -0.0932456 0)
(0.543655 -0.102673 0)
(0.572848 -0.112159 0)
(0.602398 -0.121596 0)
(0.631183 -0.130718 0)
(0.660019 -0.139428 0)
(0.68759 -0.147438 0)
(0.714917 -0.154695 0)
(0.740512 -0.160916 0)
(0.765616 -0.166113 0)
(0.788602 -0.17003 0)
(0.810936 -0.172771 0)
(0.830899 -0.174118 0)
(0.850162 -0.174275 0)
(0.866967 -0.173071 0)
(0.883135 -0.170798 0)
(0.896914 -0.167317 0)
(0.910186 -0.162991 0)
(0.921256 -0.157698 0)
(0.93197 -0.151844 0)
(0.94075 -0.145301 0)
(0.9493 -0.138498 0)
(0.956236 -0.131279 0)
(0.963013 -0.124076 0)
(0.968528 -0.1167 0)
(0.973878 -0.109573 0)
(0.978341 -0.102468 0)
(0.982548 -0.0957984 0)
(0.986266 -0.0892985 0)
(0.989548 -0.0833726 0)
(0.992772 -0.0777239 0)
(0.995288 -0.0727499 0)
(0.998222 -0.0681286 0)
(1.00008 -0.0642545 0)
(1.00289 -0.0607874 0)
(1.00415 -0.0581215 0)
(1.00699 -0.0559068 0)
(1.00765 -0.0545361 0)
(1.01062 -0.053658 0)
(-0.019628 0.00824378 0)
(-0.0379072 0.0319087 0)
(-0.0411431 0.0392377 0)
(-0.043276 0.0400289 0)
(-0.0421889 0.0383695 0)
(-0.0387494 0.035612 0)
(-0.0334132 0.032545 0)
(-0.0265211 0.029498 0)
(-0.0183291 0.0265745 0)
(-0.00912184 0.0238381 0)
(0.000915565 0.0212695 0)
(0.0116237 0.0188412 0)
(0.0228461 0.0165506 0)
(0.0344718 0.0143922 0)
(0.0464131 0.012357 0)
(0.0586059 0.0104357 0)
(0.0709733 0.00862258 0)
(0.0834979 0.00691408 0)
(0.0961706 0.00529584 0)
(0.108956 0.00374234 0)
(0.12184 0.00223257 0)
(0.134832 0.000752186 0)
(0.147918 -0.000709699 0)
(0.16112 -0.00216315 0)
(0.174463 -0.00361778 0)
(0.187974 -0.00508886 0)
(0.201683 -0.00659513 0)
(0.215614 -0.0081599 0)
(0.229824 -0.00980274 0)
(0.244359 -0.0115421 0)
(0.25926 -0.0133967 0)
(0.274574 -0.0153893 0)
(0.290348 -0.0175428 0)
(0.306628 -0.019882 0)
(0.323467 -0.0224302 0)
(0.340902 -0.0252031 0)
(0.358992 -0.0282262 0)
(0.377769 -0.0315345 0)
(0.397291 -0.0351538 0)
(0.417564 -0.0391191 0)
(0.438652 -0.0434574 0)
(0.460521 -0.0482068 0)
(0.483245 -0.0533962 0)
(0.506722 -0.0590626 0)
(0.531029 -0.0652322 0)
(0.555973 -0.0719275 0)
(0.581635 -0.0791519 0)
(0.607702 -0.0868876 0)
(0.634274 -0.0950984 0)
(0.660902 -0.103712 0)
(0.687742 -0.112646 0)
(0.714201 -0.121767 0)
(0.740513 -0.130957 0)
(0.765931 -0.140027 0)
(0.790837 -0.148839 0)
(0.814323 -0.157168 0)
(0.836982 -0.164886 0)
(0.857743 -0.17176 0)
(0.877471 -0.177709 0)
(0.894923 -0.182514 0)
(0.911292 -0.186172 0)
(0.925154 -0.188497 0)
(0.93805 -0.189587 0)
(0.948362 -0.189292 0)
(0.957982 -0.187814 0)
(0.965086 -0.185032 0)
(0.971885 -0.181247 0)
(0.976331 -0.176351 0)
(0.980902 -0.170724 0)
(0.983319 -0.164247 0)
(0.986267 -0.157352 0)
(0.98725 -0.149884 0)
(0.989107 -0.142303 0)
(0.989155 -0.134401 0)
(0.990337 -0.126654 0)
(0.98982 -0.118795 0)
(0.99062 -0.11131 0)
(0.98979 -0.103873 0)
(0.990392 -0.0969834 0)
(0.989406 -0.0902568 0)
(0.989915 -0.0842098 0)
(0.988861 -0.0784026 0)
(0.989329 -0.0733743 0)
(0.988247 -0.0686328 0)
(0.988684 -0.0647466 0)
(0.987581 -0.0611736 0)
(0.987963 -0.0585188 0)
(0.986822 -0.0561917 0)
(0.987088 -0.0548386 0)
(0.985867 -0.0538196 0)
(-0.0190108 0.107988 0)
(-0.0182151 0.0727735 0)
(-0.0113756 0.0580522 0)
(0.00111899 0.0461539 0)
(0.0174687 0.0363366 0)
(0.0359836 0.0287913 0)
(0.055715 0.0228657 0)
(0.0759324 0.0180004 0)
(0.0964316 0.0138145 0)
(0.116712 0.010126 0)
(0.136817 0.00686712 0)
(0.156729 0.00399135 0)
(0.176313 0.00142524 0)
(0.195554 -0.000900431 0)
(0.214443 -0.00303129 0)
(0.232987 -0.00499785 0)
(0.251177 -0.00682404 0)
(0.269035 -0.00853205 0)
(0.28658 -0.0101433 0)
(0.303817 -0.0116835 0)
(0.320762 -0.0131804 0)
(0.337462 -0.0146594 0)
(0.353935 -0.0161413 0)
(0.370234 -0.017644 0)
(0.386406 -0.0191829 0)
(0.402495 -0.0207761 0)
(0.418543 -0.0224418 0)
(0.434602 -0.0241986 0)
(0.450721 -0.026069 0)
(0.466958 -0.0280779 0)
(0.483356 -0.0302468 0)
(0.499971 -0.0325992 0)
(0.516841 -0.035154 0)
(0.534014 -0.0379347 0)
(0.551523 -0.0409587 0)
(0.569408 -0.0442494 0)
(0.587692 -0.0478239 0)
(0.606402 -0.0517088 0)
(0.625552 -0.05592 0)
(0.645147 -0.0604835 0)
(0.665183 -0.0654119 0)
(0.685634 -0.07073 0)
(0.706479 -0.0764464 0)
(0.727649 -0.0825819 0)
(0.749092 -0.0891361 0)
(0.770675 -0.0961154 0)
(0.792324 -0.103494 0)
(0.813829 -0.111243 0)
(0.835103 -0.119299 0)
(0.855854 -0.127587 0)
(0.876015 -0.135999 0)
(0.89521 -0.144419 0)
(0.913436 -0.152701 0)
(0.930241 -0.160693 0)
(0.945764 -0.168231 0)
(0.95947 -0.175147 0)
(0.971709 -0.181291 0)
(0.981849 -0.186504 0)
(0.990525 -0.190689 0)
(0.996971 -0.193714 0)
(1.00217 -0.195562 0)
(1.00516 -0.19614 0)
(1.00732 -0.19553 0)
(1.0074 -0.19367 0)
(1.0072 -0.190738 0)
(1.00511 -0.186682 0)
(1.00333 -0.181773 0)
(0.999808 -0.175947 0)
(0.997189 -0.169556 0)
(0.992887 -0.162491 0)
(0.990002 -0.155162 0)
(0.985403 -0.14739 0)
(0.982642 -0.139636 0)
(0.978039 -0.131636 0)
(0.97562 -0.123897 0)
(0.971155 -0.116065 0)
(0.969165 -0.108695 0)
(0.964871 -0.101345 0)
(0.963322 -0.0946217 0)
(0.959171 -0.0879953 0)
(0.958038 -0.0821297 0)
(0.953973 -0.076407 0)
(0.953216 -0.0715533 0)
(0.949161 -0.0668629 0)
(0.948728 -0.0631291 0)
(0.944588 -0.05956 0)
(0.944413 -0.0570215 0)
(0.940073 -0.0546373 0)
(0.940064 -0.0533496 0)
(0.935385 -0.0521992 0)
(0.0699291 0.00704571 0)
(0.08989 0.00651175 0)
(0.153581 0.00603448 0)
(0.198521 0.00283677 0)
(0.237371 -0.00147691 0)
(0.272705 -0.00561305 0)
(0.305335 -0.00918657 0)
(0.335121 -0.0122157 0)
(0.362826 -0.0148116 0)
(0.388718 -0.0170532 0)
(0.413147 -0.0190198 0)
(0.436345 -0.0207662 0)
(0.458389 -0.0223307 0)
(0.479393 -0.0237473 0)
(0.499461 -0.0250415 0)
(0.518682 -0.0262347 0)
(0.537126 -0.0273463 0)
(0.554858 -0.0283998 0)
(0.571936 -0.0294196 0)
(0.588416 -0.0304263 0)
(0.60435 -0.0314399 0)
(0.619798 -0.0324824 0)
(0.634813 -0.0335739 0)
(0.649459 -0.0347352 0)
(0.663791 -0.0359862 0)
(0.677863 -0.0373467 0)
(0.691724 -0.0388343 0)
(0.705427 -0.0404675 0)
(0.719017 -0.0422643 0)
(0.732544 -0.0442445 0)
(0.746049 -0.0464255 0)
(0.759575 -0.0488264 0)
(0.773148 -0.0514644 0)
(0.786801 -0.0543579 0)
(0.800548 -0.0575216 0)
(0.81441 -0.0609721 0)
(0.828383 -0.0647208 0)
(0.842475 -0.0687826 0)
(0.856662 -0.0731661 0)
(0.870933 -0.0778841 0)
(0.885241 -0.0829404 0)
(0.899548 -0.0883433 0)
(0.913778 -0.0940889 0)
(0.927864 -0.100178 0)
(0.941691 -0.106595 0)
(0.955162 -0.113324 0)
(0.968136 -0.120322 0)
(0.980479 -0.127548 0)
(0.992034 -0.134925 0)
(1.00264 -0.142376 0)
(1.01216 -0.149786 0)
(1.02042 -0.157049 0)
(1.02732 -0.164017 0)
(1.03272 -0.170567 0)
(1.03663 -0.176543 0)
(1.03889 -0.181827 0)
(1.03968 -0.186285 0)
(1.03886 -0.189826 0)
(1.03679 -0.192362 0)
(1.03325 -0.193843 0)
(1.02889 -0.194241 0)
(1.0233 -0.19355 0)
(1.01741 -0.191811 0)
(1.01052 -0.189044 0)
(1.00391 -0.185364 0)
(0.996417 -0.180797 0)
(0.989739 -0.175527 0)
(0.98214 -0.169554 0)
(0.975832 -0.163126 0)
(0.968401 -0.156182 0)
(0.96269 -0.149033 0)
(0.955511 -0.141533 0)
(0.950464 -0.134069 0)
(0.943498 -0.126392 0)
(0.939098 -0.118972 0)
(0.932255 -0.111444 0)
(0.928461 -0.104377 0)
(0.921638 -0.0972751 0)
(0.91842 -0.0908171 0)
(0.911526 -0.0843652 0)
(0.90888 -0.0787243 0)
(0.901828 -0.0730985 0)
(0.899766 -0.0684345 0)
(0.892458 -0.0637627 0)
(0.890988 -0.0601877 0)
(0.883295 -0.0565526 0)
(0.882402 -0.0541373 0)
(0.874146 -0.0515876 0)
(0.873779 -0.0503727 0)
(0.864741 -0.0489323 0)
(0.773722 -0.00921909 0)
(0.775299 -0.0206553 0)
(0.776159 -0.0268845 0)
(0.777864 -0.0305966 0)
(0.781544 -0.0332636 0)
(0.786971 -0.0354859 0)
(0.793867 -0.0373904 0)
(0.801598 -0.0389459 0)
(0.809943 -0.0401684 0)
(0.818693 -0.0410976 0)
(0.827662 -0.0418088 0)
(0.836725 -0.0423762 0)
(0.845781 -0.0428427 0)
(0.85476 -0.0432339 0)
(0.863607 -0.0435676 0)
(0.872284 -0.0438604 0)
(0.880759 -0.0441291 0)
(0.889013 -0.0443927 0)
(0.897035 -0.0446713 0)
(0.904823 -0.0449852 0)
(0.912382 -0.0453549 0)
(0.919723 -0.0458014 0)
(0.926863 -0.0463459 0)
(0.933822 -0.0470106 0)
(0.940622 -0.0478171 0)
(0.947285 -0.048785 0)
(0.953832 -0.0499318 0)
(0.960285 -0.0512735 0)
(0.966663 -0.0528253 0)
(0.972983 -0.0546013 0)
(0.979261 -0.0566151 0)
(0.985506 -0.0588795 0)
(0.991724 -0.0614068 0)
(0.997915 -0.0642078 0)
(1.00407 -0.0672922 0)
(1.01019 -0.0706676 0)
(1.01626 -0.0743405 0)
(1.02224 -0.0783156 0)
(1.02811 -0.0825959 0)
(1.03382 -0.0871822 0)
(1.03934 -0.0920727 0)
(1.04461 -0.097262 0)
(1.04955 -0.10274 0)
(1.0541 -0.108489 0)
(1.05817 -0.114483 0)
(1.06169 -0.120689 0)
(1.06454 -0.127058 0)
(1.06665 -0.133537 0)
(1.06792 -0.140051 0)
(1.06829 -0.146523 0)
(1.06766 -0.152853 0)
(1.06602 -0.158944 0)
(1.06331 -0.164681 0)
(1.05956 -0.169963 0)
(1.0548 -0.174675 0)
(1.0491 -0.178731 0)
(1.04255 -0.18203 0)
(1.03527 -0.184517 0)
(1.02742 -0.186119 0)
(1.01907 -0.186823 0)
(1.0105 -0.186594 0)
(1.00164 -0.185459 0)
(0.992864 -0.183421 0)
(0.983901 -0.180539 0)
(0.975261 -0.176855 0)
(0.966355 -0.172441 0)
(0.957964 -0.16737 0)
(0.949077 -0.161706 0)
(0.940913 -0.155559 0)
(0.93191 -0.148963 0)
(0.923911 -0.142078 0)
(0.914645 -0.134886 0)
(0.906786 -0.127612 0)
(0.897159 -0.120163 0)
(0.8895 -0.112851 0)
(0.879489 -0.105478 0)
(0.872173 -0.098464 0)
(0.861796 -0.091467 0)
(0.85502 -0.0850398 0)
(0.844295 -0.0786584 0)
(0.838274 -0.0730472 0)
(0.827177 -0.0674601 0)
(0.822119 -0.062837 0)
(0.810547 -0.0581617 0)
(0.806632 -0.054641 0)
(0.794373 -0.0509344 0)
(0.791741 -0.0485772 0)
(0.778455 -0.0458489 0)
(0.77721 -0.0446769 0)
(0.762442 -0.0428994 0)
(1.0572 0.00824246 0)
(1.0603 -0.000159385 0)
(1.06103 -0.00732963 0)
(1.0603 -0.0130001 0)
(1.05944 -0.0176472 0)
(1.05915 -0.0216796 0)
(1.05957 -0.0252724 0)
(1.06056 -0.0284366 0)
(1.06189 -0.0311687 0)
(1.06341 -0.033489 0)
(1.06503 -0.0354416 0)
(1.06671 -0.0370806 0)
(1.06841 -0.0384583 0)
(1.07012 -0.03962 0)
(1.07181 -0.040605 0)
(1.07346 -0.0414483 0)
(1.07506 -0.0421831 0)
(1.07659 -0.0428413 0)
(1.07803 -0.0434545 0)
(1.07939 -0.0440535 0)
(1.08064 -0.0446686 0)
(1.08181 -0.0453292 0)
(1.08288 -0.0460639 0)
(1.08387 -0.0469 0)
(1.08477 -0.0478634 0)
(1.0856 -0.0489775 0)
(1.08636 -0.0502629 0)
(1.08706 -0.051738 0)
(1.08769 -0.0534192 0)
(1.08826 -0.0553209 0)
(1.08876 -0.0574561 0)
(1.0892 -0.0598354 0)
(1.08957 -0.0624676 0)
(1.08985 -0.0653592 0)
(1.09005 -0.0685157 0)
(1.09013 -0.0719407 0)
(1.09008 -0.0756364 0)
(1.08988 -0.0796027 0)
(1.0895 -0.0838385 0)
(1.08892 -0.0883387 0)
(1.0881 -0.0930969 0)
(1.087 -0.0981009 0)
(1.08559 -0.103336 0)
(1.08383 -0.108777 0)
(1.08168 -0.114398 0)
(1.07909 -0.120159 0)
(1.07604 -0.126016 0)
(1.07247 -0.131913 0)
(1.06839 -0.137787 0)
(1.06375 -0.143562 0)
(1.05855 -0.149161 0)
(1.05281 -0.154498 0)
(1.04654 -0.159487 0)
(1.03976 -0.164043 0)
(1.03251 -0.168083 0)
(1.02484 -0.171532 0)
(1.0168 -0.174315 0)
(1.00843 -0.176373 0)
(0.999747 -0.177645 0)
(0.990789 -0.178101 0)
(0.98154 -0.177702 0)
(0.971995 -0.176456 0)
(0.962126 -0.174354 0)
(0.951861 -0.171445 0)
(0.941213 -0.167745 0)
(0.930024 -0.163322 0)
(0.918433 -0.158197 0)
(0.906154 -0.15246 0)
(0.893561 -0.146155 0)
(0.880156 -0.1394 0)
(0.866688 -0.132269 0)
(0.852294 -0.124878 0)
(0.838257 -0.117322 0)
(0.823134 -0.109693 0)
(0.808958 -0.102122 0)
(0.793428 -0.0946531 0)
(0.779614 -0.0874642 0)
(0.76398 -0.0805029 0)
(0.751026 -0.0740125 0)
(0.735482 -0.0677987 0)
(0.723828 -0.0622186 0)
(0.708395 -0.0568879 0)
(0.698414 -0.0523474 0)
(0.682901 -0.0479551 0)
(0.674925 -0.0445262 0)
(0.658907 -0.0410683 0)
(0.653266 -0.0387882 0)
(0.636036 -0.0362138 0)
(0.633123 -0.0350877 0)
(0.613682 -0.0333042 0)
(1.0819 -0.00329626 0)
(1.08788 -0.010889 0)
(1.09218 -0.0182404 0)
(1.09485 -0.0243557 0)
(1.09637 -0.0290922 0)
(1.09735 -0.0327744 0)
(1.0982 -0.035761 0)
(1.09905 -0.0382784 0)
(1.09991 -0.0404204 0)
(1.10074 -0.0422139 0)
(1.10148 -0.0436727 0)
(1.10212 -0.0448228 0)
(1.10267 -0.0457041 0)
(1.10314 -0.0463635 0)
(1.10352 -0.0468479 0)
(1.10382 -0.0472008 0)
(1.10405 -0.0474616 0)
(1.10419 -0.0476669 0)
(1.10423 -0.0478506 0)
(1.10418 -0.0480454 0)
(1.10403 -0.0482824 0)
(1.10378 -0.0485914 0)
(1.10343 -0.0490002 0)
(1.10298 -0.0495352 0)
(1.10243 -0.0502198 0)
(1.10179 -0.0510759 0)
(1.10105 -0.0521221 0)
(1.10022 -0.0533748 0)
(1.09929 -0.0548478 0)
(1.09827 -0.0565528 0)
(1.09715 -0.0584989 0)
(1.09592 -0.0606936 0)
(1.09459 -0.0631418 0)
(1.09315 -0.0658473 0)
(1.09158 -0.0688121 0)
(1.08988 -0.0720371 0)
(1.08804 -0.0755216 0)
(1.08604 -0.0792631 0)
(1.08388 -0.0832573 0)
(1.08152 -0.0874969 0)
(1.07897 -0.0919722 0)
(1.07619 -0.0966688 0)
(1.07317 -0.101569 0)
(1.0699 -0.106648 0)
(1.06634 -0.111877 0)
(1.06248 -0.117217 0)
(1.05829 -0.122625 0)
(1.05375 -0.128045 0)
(1.04884 -0.133418 0)
(1.04351 -0.138671 0)
(1.03775 -0.143733 0)
(1.0315 -0.148521 0)
(1.02475 -0.15296 0)
(1.01744 -0.156968 0)
(1.00954 -0.160473 0)
(1.00097 -0.163398 0)
(0.991698 -0.165679 0)
(0.981654 -0.167246 0)
(0.970777 -0.168036 0)
(0.95899 -0.167989 0)
(0.946226 -0.167057 0)
(0.932416 -0.16522 0)
(0.917505 -0.162483 0)
(0.901467 -0.158886 0)
(0.884299 -0.154471 0)
(0.866036 -0.149296 0)
(0.846748 -0.143405 0)
(0.826505 -0.136883 0)
(0.80545 -0.129805 0)
(0.783667 -0.12232 0)
(0.761439 -0.114537 0)
(0.738791 -0.106622 0)
(0.716181 -0.0986583 0)
(0.693434 -0.090797 0)
(0.671253 -0.0830977 0)
(0.649105 -0.0757056 0)
(0.628106 -0.0686604 0)
(0.607133 -0.0620802 0)
(0.587966 -0.0559766 0)
(0.568518 -0.0504104 0)
(0.551641 -0.0453776 0)
(0.533744 -0.0408634 0)
(0.519447 -0.0369021 0)
(0.502792 -0.033378 0)
(0.491295 -0.0304446 0)
(0.475202 -0.0278151 0)
(0.466816 -0.0258765 0)
(0.45016 -0.0240257 0)
(0.445505 -0.0230636 0)
(0.426545 -0.0218489 0)
(1.07464 -0.00720074 0)
(1.08071 -0.0121699 0)
(1.08565 -0.017335 0)
(1.08938 -0.0221565 0)
(1.09206 -0.0262851 0)
(1.09398 -0.029674 0)
(1.09548 -0.0324592 0)
(1.09677 -0.0348016 0)
(1.09795 -0.0368096 0)
(1.09903 -0.0385315 0)
(1.1 -0.0399821 0)
(1.10083 -0.0411708 0)
(1.10153 -0.0421165 0)
(1.1021 -0.0428497 0)
(1.10254 -0.0434086 0)
(1.10287 -0.0438329 0)
(1.10308 -0.0441615 0)
(1.10317 -0.0444309 0)
(1.10314 -0.0446757 0)
(1.10299 -0.0449288 0)
(1.1027 -0.0452217 0)
(1.10229 -0.0455841 0)
(1.10175 -0.0460434 0)
(1.10108 -0.0466251 0)
(1.10029 -0.0473519 0)
(1.09938 -0.0482444 0)
(1.09835 -0.0493204 0)
(1.0972 -0.050596 0)
(1.09593 -0.0520838 0)
(1.09455 -0.0537947 0)
(1.09305 -0.0557361 0)
(1.09142 -0.0579142 0)
(1.08966 -0.0603326 0)
(1.08778 -0.062994 0)
(1.08574 -0.0658987 0)
(1.08355 -0.0690466 0)
(1.0812 -0.0724353 0)
(1.07866 -0.0760613 0)
(1.07591 -0.079918 0)
(1.07295 -0.0839972 0)
(1.06975 -0.0882862 0)
(1.06627 -0.0927692 0)
(1.06249 -0.0974249 0)
(1.05838 -0.102227 0)
(1.05388 -0.107143 0)
(1.04897 -0.112134 0)
(1.04357 -0.117151 0)
(1.03764 -0.122139 0)
(1.0311 -0.127034 0)
(1.02388 -0.131762 0)
(1.01588 -0.136245 0)
(1.00701 -0.1404 0)
(0.997164 -0.144142 0)
(0.986228 -0.147388 0)
(0.974101 -0.150059 0)
(0.960669 -0.152082 0)
(0.945852 -0.153394 0)
(0.929555 -0.153928 0)
(0.911733 -0.153622 0)
(0.892316 -0.152407 0)
(0.871287 -0.15023 0)
(0.848613 -0.147071 0)
(0.82433 -0.142964 0)
(0.798487 -0.137981 0)
(0.771232 -0.132208 0)
(0.742744 -0.125737 0)
(0.713276 -0.118659 0)
(0.68305 -0.111077 0)
(0.652322 -0.103113 0)
(0.621336 -0.0949341 0)
(0.590423 -0.0867182 0)
(0.559887 -0.0786421 0)
(0.530112 -0.0708354 0)
(0.501313 -0.0634172 0)
(0.473833 -0.0564445 0)
(0.447719 -0.0499935 0)
(0.423334 -0.0440707 0)
(0.400515 -0.0387437 0)
(0.379726 -0.0339823 0)
(0.360463 -0.0298459 0)
(0.343419 -0.0262431 0)
(0.327526 -0.0232236 0)
(0.314004 -0.0206372 0)
(0.300872 -0.0185537 0)
(0.290478 -0.0167863 0)
(0.279172 -0.0154414 0)
(0.271637 -0.0143259 0)
(0.260843 -0.0135535 0)
(0.256453 -0.0130064 0)
(0.244077 -0.0126695 0)
(1.06827 -0.0146574 0)
(1.07412 -0.0186754 0)
(1.07917 -0.0228252 0)
(1.08334 -0.0268328 0)
(1.08667 -0.0304569 0)
(1.08928 -0.0335712 0)
(1.09139 -0.0361773 0)
(1.09319 -0.0383487 0)
(1.09479 -0.0401675 0)
(1.09624 -0.0416914 0)
(1.09756 -0.0429515 0)
(1.09872 -0.043964 0)
(1.09973 -0.0447443 0)
(1.10056 -0.0453145 0)
(1.10122 -0.0457053 0)
(1.10171 -0.0459525 0)
(1.10203 -0.0460946 0)
(1.10218 -0.0461694 0)
(1.10216 -0.0462143 0)
(1.10196 -0.0462649 0)
(1.10158 -0.0463552 0)
(1.10102 -0.0465168 0)
(1.10028 -0.0467783 0)
(1.09936 -0.0471649 0)
(1.09826 -0.0476985 0)
(1.09699 -0.0483988 0)
(1.09555 -0.0492828 0)
(1.09394 -0.0503653 0)
(1.09216 -0.051658 0)
(1.0902 -0.0531704 0)
(1.08806 -0.0549088 0)
(1.08573 -0.0568778 0)
(1.0832 -0.0590792 0)
(1.08045 -0.0615134 0)
(1.07747 -0.0641783 0)
(1.07423 -0.0670715 0)
(1.07071 -0.0701873 0)
(1.06687 -0.0735193 0)
(1.06268 -0.0770573 0)
(1.0581 -0.0807896 0)
(1.05308 -0.0846986 0)
(1.04758 -0.0887643 0)
(1.04153 -0.0929589 0)
(1.03487 -0.0972506 0)
(1.02751 -0.101599 0)
(1.01939 -0.105959 0)
(1.01041 -0.110277 0)
(1.00046 -0.114491 0)
(0.989438 -0.118527 0)
(0.977232 -0.122304 0)
(0.963705 -0.125735 0)
(0.948736 -0.128727 0)
(0.932184 -0.131192 0)
(0.91393 -0.133043 0)
(0.893851 -0.134201 0)
(0.871856 -0.134598 0)
(0.847878 -0.13419 0)
(0.82189 -0.132932 0)
(0.793927 -0.130794 0)
(0.764031 -0.127723 0)
(0.732327 -0.123696 0)
(0.698901 -0.11872 0)
(0.663927 -0.112875 0)
(0.627576 -0.106261 0)
(0.590194 -0.0990166 0)
(0.552188 -0.0913036 0)
(0.514054 -0.0833059 0)
(0.476258 -0.0751903 0)
(0.439225 -0.0671121 0)
(0.403293 -0.0592392 0)
(0.36887 -0.0517286 0)
(0.336412 -0.0447219 0)
(0.306358 -0.0383592 0)
(0.279003 -0.0327565 0)
(0.254523 -0.0279571 0)
(0.232892 -0.0239573 0)
(0.214057 -0.0206877 0)
(0.197739 -0.0180623 0)
(0.183776 -0.0159485 0)
(0.171759 -0.0142574 0)
(0.161579 -0.0128713 0)
(0.152718 -0.0117574 0)
(0.145243 -0.0108076 0)
(0.138479 -0.0100512 0)
(0.132846 -0.00936777 0)
(0.1273 -0.00886886 0)
(0.122981 -0.00837542 0)
(0.11783 -0.00812549 0)
(0.114894 -0.00782531 0)
(0.108616 -0.00779369 0)
(1.06562 -0.0206344 0)
(1.07134 -0.0238676 0)
(1.07644 -0.0271647 0)
(1.08085 -0.0303809 0)
(1.08458 -0.03337 0)
(1.08767 -0.0360199 0)
(1.09024 -0.0382827 0)
(1.09243 -0.0401702 0)
(1.09434 -0.0417245 0)
(1.09604 -0.0429901 0)
(1.09754 -0.0440001 0)
(1.09883 -0.0447752 0)
(1.0999 -0.0453315 0)
(1.10073 -0.0456871 0)
(1.10131 -0.0458668 0)
(1.10163 -0.0459014 0)
(1.10168 -0.0458266 0)
(1.10147 -0.04568 0)
(1.10098 -0.0455 0)
(1.10022 -0.0453244 0)
(1.09917 -0.0451895 0)
(1.09784 -0.0451291 0)
(1.09624 -0.0451735 0)
(1.09436 -0.0453471 0)
(1.0922 -0.0456704 0)
(1.08977 -0.0461606 0)
(1.08706 -0.0468327 0)
(1.08407 -0.0476984 0)
(1.08079 -0.0487674 0)
(1.07721 -0.0500461 0)
(1.07332 -0.0515386 0)
(1.06909 -0.0532459 0)
(1.0645 -0.0551669 0)
(1.05952 -0.057298 0)
(1.05412 -0.0596334 0)
(1.04826 -0.0621656 0)
(1.04187 -0.0648843 0)
(1.03492 -0.0677778 0)
(1.02734 -0.0708301 0)
(1.01906 -0.0740237 0)
(1.01002 -0.0773345 0)
(1.00012 -0.0807358 0)
(0.989285 -0.084191 0)
(0.977417 -0.0876602 0)
(0.964404 -0.0910919 0)
(0.950148 -0.0944335 0)
(0.934518 -0.0976242 0)
(0.917411 -0.100598 0)
(0.89869 -0.103272 0)
(0.878257 -0.105564 0)
(0.855971 -0.107382 0)
(0.831743 -0.108642 0)
(0.805452 -0.109266 0)
(0.777051 -0.109185 0)
(0.746473 -0.108336 0)
(0.71375 -0.106672 0)
(0.678869 -0.104148 0)
(0.64199 -0.100753 0)
(0.603274 -0.0964828 0)
(0.56304 -0.0913482 0)
(0.521732 -0.0854484 0)
(0.479662 -0.078884 0)
(0.437293 -0.0718126 0)
(0.394928 -0.0643352 0)
(0.353273 -0.0566729 0)
(0.312956 -0.0489747 0)
(0.274795 -0.0414873 0)
(0.239596 -0.0345534 0)
(0.207934 -0.0285477 0)
(0.179898 -0.0236271 0)
(0.155664 -0.0197769 0)
(0.135187 -0.0168817 0)
(0.11815 -0.0147375 0)
(0.104084 -0.013102 0)
(0.0924 -0.0117858 0)
(0.08253 -0.0106987 0)
(0.0740534 -0.0097995 0)
(0.0666567 -0.00906206 0)
(0.0601687 -0.00844656 0)
(0.0544212 -0.00792505 0)
(0.0493458 -0.00745147 0)
(0.0448226 -0.00702279 0)
(0.0408415 -0.00661202 0)
(0.0372267 -0.00624021 0)
(0.0340328 -0.00587393 0)
(0.0310109 -0.00557231 0)
(0.0283664 -0.00528212 0)
(0.0256601 -0.00512056 0)
(0.0235352 -0.00491729 0)
(0.0203133 -0.00504958 0)
(1.06632 -0.0268327 0)
(1.07185 -0.0293991 0)
(1.07681 -0.0319781 0)
(1.08113 -0.0345032 0)
(1.08478 -0.0368921 0)
(1.08779 -0.0390596 0)
(1.09022 -0.0409419 0)
(1.09215 -0.0425126 0)
(1.09365 -0.0437791 0)
(1.09477 -0.0447651 0)
(1.09553 -0.0454961 0)
(1.09593 -0.0459918 0)
(1.09593 -0.0462683 0)
(1.09553 -0.046342 0)
(1.0947 -0.0462339 0)
(1.09344 -0.0459715 0)
(1.09174 -0.0455885 0)
(1.0896 -0.0451222 0)
(1.08701 -0.0446123 0)
(1.08398 -0.0440981 0)
(1.08051 -0.0436183 0)
(1.07661 -0.0432088 0)
(1.07228 -0.0429024 0)
(1.06752 -0.0427247 0)
(1.06235 -0.042697 0)
(1.05676 -0.0428347 0)
(1.05075 -0.0431498 0)
(1.04429 -0.0436492 0)
(1.03738 -0.0443376 0)
(1.02999 -0.0452152 0)
(1.0221 -0.0462808 0)
(1.01367 -0.0475293 0)
(1.00466 -0.0489548 0)
(0.995018 -0.0505475 0)
(0.984702 -0.0522973 0)
(0.973638 -0.0541902 0)
(0.961768 -0.0562113 0)
(0.949007 -0.0583421 0)
(0.935285 -0.0605622 0)
(0.920508 -0.0628472 0)
(0.904594 -0.0651689 0)
(0.887441 -0.0674949 0)
(0.86896 -0.069785 0)
(0.849048 -0.0719945 0)
(0.827605 -0.0740649 0)
(0.804539 -0.0759404 0)
(0.779733 -0.0775497 0)
(0.753124 -0.0788168 0)
(0.72463 -0.0796549 0)
(0.694234 -0.0799867 0)
(0.661879 -0.0797342 0)
(0.627609 -0.0788433 0)
(0.591416 -0.0772632 0)
(0.553459 -0.0749911 0)
(0.513856 -0.0720186 0)
(0.472946 -0.0683615 0)
(0.430939 -0.0639769 0)
(0.388251 -0.058826 0)
(0.345366 -0.0528748 0)
(0.303048 -0.0462403 0)
(0.262173 -0.0393146 0)
(0.223528 -0.0326085 0)
(0.187873 -0.026616 0)
(0.155662 -0.0216782 0)
(0.127721 -0.0178793 0)
(0.104583 -0.0150883 0)
(0.0858561 -0.0129449 0)
(0.0706861 -0.0111667 0)
(0.0581242 -0.00968613 0)
(0.0472351 -0.00848925 0)
(0.0376353 -0.00769493 0)
(0.0291411 -0.00725779 0)
(0.0217047 -0.00693583 0)
(0.0152557 -0.0065597 0)
(0.00963897 -0.00608005 0)
(0.00470949 -0.00553917 0)
(0.000348676 -0.00501551 0)
(-0.00354324 -0.00457869 0)
(-0.00702839 -0.00425627 0)
(-0.0101668 -0.00404228 0)
(-0.0130188 -0.00389518 0)
(-0.0156367 -0.00378802 0)
(-0.0180407 -0.00368654 0)
(-0.0202769 -0.00357941 0)
(-0.0223467 -0.00345192 0)
(-0.0242986 -0.0033326 0)
(-0.0260882 -0.00322024 0)
(-0.0277969 -0.00316719 0)
(-0.0294003 -0.00316897 0)
(-0.031191 -0.00344444 0)
(1.06591 -0.0310609 0)
(1.06987 -0.0330348 0)
(1.07299 -0.0349867 0)
(1.07522 -0.0368894 0)
(1.07652 -0.0386888 0)
(1.07693 -0.0403177 0)
(1.07646 -0.0417159 0)
(1.07518 -0.0428436 0)
(1.07314 -0.0436883 0)
(1.07039 -0.0442564 0)
(1.06695 -0.0445634 0)
(1.06285 -0.0446265 0)
(1.05809 -0.0444622 0)
(1.05269 -0.0440865 0)
(1.04664 -0.0435202 0)
(1.03998 -0.042789 0)
(1.03271 -0.0419263 0)
(1.02486 -0.0409701 0)
(1.01646 -0.0399626 0)
(1.00753 -0.0389454 0)
(0.99809 -0.0379593 0)
(0.988158 -0.0370398 0)
(0.977748 -0.0362203 0)
(0.966879 -0.0355323 0)
(0.955558 -0.0350017 0)
(0.943781 -0.0346447 0)
(0.931539 -0.0344694 0)
(0.91881 -0.0344753 0)
(0.905568 -0.034657 0)
(0.891778 -0.0350042 0)
(0.877405 -0.0355051 0)
(0.862394 -0.0361444 0)
(0.846703 -0.036908 0)
(0.830263 -0.0377778 0)
(0.813022 -0.038738 0)
(0.794901 -0.0397675 0)
(0.775843 -0.0408486 0)
(0.75576 -0.0419564 0)
(0.734598 -0.0430707 0)
(0.712262 -0.0441615 0)
(0.688711 -0.0452061 0)
(0.663846 -0.0461677 0)
(0.637657 -0.0470195 0)
(0.610049 -0.0477141 0)
(0.581064 -0.0482134 0)
(0.550668 -0.0484497 0)
(0.518868 -0.0483301 0)
(0.48573 -0.0477553 0)
(0.451358 -0.0466347 0)
(0.415924 -0.0448955 0)
(0.379608 -0.0425045 0)
(0.342732 -0.0394571 0)
(0.305553 -0.0358213 0)
(0.26853 -0.0317663 0)
(0.232146 -0.0275258 0)
(0.19719 -0.0233977 0)
(0.164487 -0.0196529 0)
(0.134736 -0.0163356 0)
(0.108895 -0.0135067 0)
(0.0872771 -0.0111842 0)
(0.0693742 -0.0092054 0)
(0.0544014 -0.00752 0)
(0.041651 -0.00618329 0)
(0.0305468 -0.00536969 0)
(0.0206183 -0.0051624 0)
(0.011934 -0.00535512 0)
(0.00452987 -0.00535926 0)
(-0.00179026 -0.00480261 0)
(-0.00720346 -0.00382123 0)
(-0.0118715 -0.00285852 0)
(-0.0159514 -0.00222372 0)
(-0.0195829 -0.0019542 0)
(-0.0228758 -0.0019356 0)
(-0.0258963 -0.0020132 0)
(-0.028652 -0.00206468 0)
(-0.0311479 -0.00205367 0)
(-0.0334081 -0.00200082 0)
(-0.0354747 -0.00194051 0)
(-0.037393 -0.00189492 0)
(-0.039196 -0.00187487 0)
(-0.0409074 -0.00187618 0)
(-0.0425461 -0.00188452 0)
(-0.0441188 -0.00188262 0)
(-0.0456311 -0.00186463 0)
(-0.0470772 -0.00183044 0)
(-0.0484542 -0.00179917 0)
(-0.0497418 -0.00178966 0)
(-0.0509777 -0.0018408 0)
(-0.0522452 -0.00197719 0)
(-0.0534154 -0.00221664 0)
(1.02381 -0.0368994 0)
(1.01884 -0.0374862 0)
(1.01252 -0.0380682 0)
(1.00487 -0.0386316 0)
(0.995891 -0.039134 0)
(0.98566 -0.0395237 0)
(0.974253 -0.0397532 0)
(0.961784 -0.0397876 0)
(0.948353 -0.0396028 0)
(0.934072 -0.0391895 0)
(0.919052 -0.0385516 0)
(0.903394 -0.0377019 0)
(0.887191 -0.0366569 0)
(0.870526 -0.0354356 0)
(0.853479 -0.0340601 0)
(0.836126 -0.0325564 0)
(0.818542 -0.0309564 0)
(0.800791 -0.0292962 0)
(0.782933 -0.0276158 0)
(0.76501 -0.0259551 0)
(0.747061 -0.0243519 0)
(0.729099 -0.0228385 0)
(0.711124 -0.0214428 0)
(0.693141 -0.02019 0)
(0.675147 -0.0190994 0)
(0.657129 -0.0181822 0)
(0.63906 -0.0174414 0)
(0.620904 -0.016872 0)
(0.602616 -0.0164626 0)
(0.584145 -0.0161972 0)
(0.565436 -0.0160567 0)
(0.546432 -0.0160204 0)
(0.527076 -0.0160665 0)
(0.507311 -0.0161725 0)
(0.487084 -0.0163153 0)
(0.466343 -0.0164716 0)
(0.44505 -0.0166179 0)
(0.423164 -0.0167305 0)
(0.400671 -0.0167868 0)
(0.377551 -0.0167639 0)
(0.353828 -0.0166433 0)
(0.329513 -0.0164055 0)
(0.304701 -0.0160427 0)
(0.279435 -0.0155415 0)
(0.253979 -0.0149155 0)
(0.228509 -0.0141449 0)
(0.203279 -0.0132101 0)
(0.178605 -0.0121138 0)
(0.154867 -0.0108689 0)
(0.132459 -0.00952576 0)
(0.111689 -0.00807049 0)
(0.0929179 -0.00652942 0)
(0.0761468 -0.00505392 0)
(0.0612842 -0.00368371 0)
(0.0481551 -0.00253806 0)
(0.0365808 -0.00180021 0)
(0.0263866 -0.00164963 0)
(0.0172 -0.00210333 0)
(0.0090133 -0.00290843 0)
(0.00188294 -0.00348669 0)
(-0.00421833 -0.00330501 0)
(-0.0092735 -0.0023803 0)
(-0.0133341 -0.00117803 0)
(-0.0166637 -0.000286113 0)
(-0.0195249 -1.32358e-05 0)
(-0.0221914 -0.00015173 0)
(-0.0247586 -0.00038598 0)
(-0.0271034 -0.000482086 0)
(-0.0290655 -0.0003739 0)
(-0.0306157 -0.00021744 0)
(-0.0318564 -0.000132809 0)
(-0.0329516 -0.000162977 0)
(-0.0340197 -0.000283887 0)
(-0.0351117 -0.000411182 0)
(-0.0362211 -0.000492769 0)
(-0.0373159 -0.000523746 0)
(-0.0383704 -0.000525539 0)
(-0.0393783 -0.00052308 0)
(-0.0403495 -0.000530056 0)
(-0.0412999 -0.0005471 0)
(-0.0422431 -0.00057177 0)
(-0.0431867 -0.000597935 0)
(-0.0441297 -0.000617955 0)
(-0.0450664 -0.000628627 0)
(-0.0459882 -0.000631793 0)
(-0.0468861 -0.000640388 0)
(-0.047756 -0.000677961 0)
(-0.0486479 -0.000782624 0)
(-0.0496676 -0.000961517 0)
(-0.0506242 -0.0011315 0)
(0.714665 -0.0206885 0)
(0.685643 -0.0202735 0)
(0.656498 -0.0198725 0)
(0.627251 -0.0194797 0)
(0.597956 -0.0190712 0)
(0.568697 -0.0186166 0)
(0.539592 -0.0180868 0)
(0.510817 -0.0174597 0)
(0.482531 -0.0167114 0)
(0.454907 -0.0158286 0)
(0.428114 -0.0148124 0)
(0.402308 -0.0136763 0)
(0.377628 -0.0124432 0)
(0.354191 -0.0111408 0)
(0.332094 -0.00980006 0)
(0.311406 -0.00845367 0)
(0.29217 -0.00713607 0)
(0.274398 -0.00588198 0)
(0.258065 -0.00472362 0)
(0.243111 -0.00368872 0)
(0.229449 -0.00279705 0)
(0.216962 -0.00206086 0)
(0.205523 -0.00147714 0)
(0.195002 -0.00102786 0)
(0.185265 -0.000692816 0)
(0.176179 -0.000454859 0)
(0.167613 -0.000299172 0)
(0.159442 -0.000211089 0)
(0.151555 -0.000175239 0)
(0.143853 -0.000175861 0)
(0.136257 -0.000197622 0)
(0.128702 -0.000226073 0)
(0.121142 -0.000247961 0)
(0.113549 -0.000251296 0)
(0.105909 -0.000225639 0)
(0.0982251 -0.000162375 0)
(0.0905168 -5.52159e-05 0)
(0.0828152 9.92189e-05 0)
(0.0751647 0.00030075 0)
(0.0676179 0.000544551 0)
(0.0602355 0.000820554 0)
(0.0530772 0.00111153 0)
(0.0462035 0.00139315 0)
(0.0396563 0.00162919 0)
(0.0334662 0.00177146 0)
(0.0276193 0.001746 0)
(0.0220821 0.00149895 0)
(0.0168052 0.00102083 0)
(0.0117558 0.000358341 0)
(0.00692571 -0.000371441 0)
(0.0022618 -0.00099002 0)
(-0.00213062 -0.00140851 0)
(-0.00603687 -0.00156381 0)
(-0.00917775 -0.00134759 0)
(-0.0114509 -0.000821901 0)
(-0.0128686 -0.00015162 0)
(-0.013671 0.000454741 0)
(-0.0142571 0.000806032 0)
(-0.0150005 0.000918221 0)
(-0.0160689 0.000886901 0)
(-0.0172553 0.000794169 0)
(-0.018188 0.000731896 0)
(-0.0186311 0.000666672 0)
(-0.0186185 0.000557126 0)
(-0.0184157 0.000386033 0)
(-0.0183145 0.00016064 0)
(-0.0184418 -8.46277e-06 0)
(-0.0187246 -6.31255e-05 0)
(-0.0189881 -1.50146e-05 0)
(-0.0191282 7.01214e-05 0)
(-0.0191556 0.000133553 0)
(-0.0191477 0.00015003 0)
(-0.019182 0.000127575 0)
(-0.0192947 8.6948e-05 0)
(-0.0194788 4.70435e-05 0)
(-0.0197064 1.79857e-05 0)
(-0.0199522 8.56881e-07 0)
(-0.0202037 -8.50282e-06 0)
(-0.0204601 -1.52325e-05 0)
(-0.020726 -2.25686e-05 0)
(-0.0210065 -3.14557e-05 0)
(-0.0213045 -4.09499e-05 0)
(-0.0216183 -4.9216e-05 0)
(-0.0219431 -5.50897e-05 0)
(-0.0222728 -5.85054e-05 0)
(-0.022604 -6.28849e-05 0)
(-0.0229431 -7.92487e-05 0)
(-0.023337 -0.000130229 0)
(-0.0239053 -0.000222825 0)
(-0.0246221 -0.00030267 0)
)
;

boundaryField
{
    fixedWalls
    {
        type            noSlip;
    }
    inflowWall
    {
        type            fixedValue;
        value           uniform (1 0 0);
    }
    outflowWall
    {
        type            zeroGradient;
    }
    frontAndBack
    {
        type            empty;
    }
}


// ************************************************************************* //
