/*--------------------------------*- C++ -*----------------------------------*\
| =========                 |                                                 |
| \\      /  F ield         | OpenFOAM: The Open Source CFD Toolbox           |
|  \\    /   O peration     | Version:  2306                                  |
|   \\  /    A nd           | Website:  www.openfoam.com                      |
|    \\/     M anipulation  |                                                 |
\*---------------------------------------------------------------------------*/
FoamFile
{
    version     2.0;
    format      ascii;
    arch        "LSB;label=32;scalar=64";
    class       surfaceScalarField;
    location    "3.93";
    object      phi;
}
// * * * * * * * * * * * * * * * * * * * * * * * * * * * * * * * * * * * * * //

dimensions      [0 3 -1 0 0 0 0];

oriented        oriented;

internalField   nonuniform List<scalar> 
3680
(
4.9347e-05
6.52989e-07
4.79742e-05
1.37283e-06
4.6698e-05
1.27615e-06
4.52611e-05
1.43695e-06
4.41235e-05
1.13761e-06
4.272e-05
1.40346e-06
4.17368e-05
9.8323e-07
4.04362e-05
1.30059e-06
3.98062e-05
6.29983e-07
9.84482e-07
3.88217e-05
5.03392e-05
3.13789e-07
5.08679e-05
8.44121e-07
5.11322e-05
1.01184e-06
5.14655e-05
1.10366e-06
5.15932e-05
1.00996e-06
5.19767e-05
1.01995e-06
5.20622e-05
8.97673e-07
5.25145e-05
8.48298e-07
5.25091e-05
6.35377e-07
4.28353e-07
5.30652e-05
5.01633e-05
1.50495e-07
5.05554e-05
4.51991e-07
5.0976e-05
5.91246e-07
5.14197e-05
6.59964e-07
5.18169e-05
6.12738e-07
5.22681e-05
5.68822e-07
5.26952e-05
4.70489e-07
5.31642e-05
3.793e-07
5.35813e-05
2.18363e-07
6.70278e-09
5.40029e-05
5.00932e-05
5.72737e-08
5.03764e-05
1.68819e-07
5.07341e-05
2.3357e-07
5.11462e-05
2.4787e-07
5.15498e-05
2.09141e-07
5.19723e-05
1.46263e-07
5.23834e-05
5.93939e-08
5.28124e-05
-4.97142e-08
5.32229e-05
-1.92149e-07
-3.62884e-07
5.35925e-05
5.00738e-05
-1.65176e-08
5.02913e-05
-4.86416e-08
5.0611e-05
-8.62198e-08
5.09886e-05
-1.29727e-07
5.13801e-05
-1.82352e-07
5.17741e-05
-2.4774e-07
5.2165e-05
-3.31465e-07
5.25511e-05
-4.35793e-07
5.29204e-05
-5.61507e-07
-7.08323e-07
5.32659e-05
5.00732e-05
-8.96758e-08
5.02829e-05
-2.58362e-07
5.05977e-05
-4.01004e-07
5.09651e-05
-4.97132e-07
5.13441e-05
-5.61356e-07
5.17211e-05
-6.24779e-07
5.20907e-05
-7.01061e-07
5.24514e-05
-7.9648e-07
5.28006e-05
-9.10672e-07
-1.03939e-06
5.31316e-05
5.00942e-05
-1.83859e-07
5.03555e-05
-5.19681e-07
5.06981e-05
-7.43572e-07
5.10679e-05
-8.66942e-07
5.14401e-05
-9.33548e-07
5.18036e-05
-9.88317e-07
5.216e-05
-1.05744e-06
5.25109e-05
-1.14736e-06
5.28511e-05
-1.25092e-06
-1.36e-06
5.31717e-05
5.01665e-05
-3.50313e-07
5.05179e-05
-8.71158e-07
5.09206e-05
-1.14621e-06
5.12992e-05
-1.24555e-06
5.16477e-05
-1.28212e-06
5.19848e-05
-1.32536e-06
5.23182e-05
-1.39084e-06
5.2639e-05
-1.46816e-06
5.29333e-05
-1.54528e-06
-1.61676e-06
5.31901e-05
5.03676e-05
-7.17903e-07
5.08003e-05
-1.30387e-06
5.10989e-05
-1.44477e-06
5.12761e-05
-1.42282e-06
5.14044e-05
-1.41037e-06
5.15027e-05
-1.42364e-06
5.15535e-05
-1.4417e-06
5.15402e-05
-1.45488e-06
5.14545e-05
-1.45954e-06
-1.45905e-06
5.12968e-05
4.92821e-05
4.79782e-05
4.65335e-05
4.51106e-05
4.37003e-05
4.22766e-05
4.08349e-05
3.938e-05
3.79205e-05
3.64615e-05
1.43207e-08
-1.43207e-08
1.07844e-08
3.5361e-09
-7.73286e-09
1.85173e-08
-3.58186e-08
2.80858e-08
-7.07363e-08
3.49177e-08
-1.11218e-07
4.04819e-08
-1.56882e-07
4.56634e-08
-2.07471e-07
5.05899e-08
-2.62691e-07
5.52198e-08
-3.22207e-07
5.9516e-08
-3.85663e-07
6.34555e-08
-4.52693e-07
6.70305e-08
-5.22938e-07
7.02447e-08
-5.96048e-07
7.31101e-08
-6.71693e-07
7.56446e-08
-7.49564e-07
7.78714e-08
-8.29383e-07
7.98186e-08
-9.10902e-07
8.15194e-08
-9.93914e-07
8.3012e-08
-1.07826e-06
8.43472e-08
-1.16385e-06
8.55872e-08
-1.25065e-06
8.68003e-08
-1.33871e-06
8.80569e-08
-1.42813e-06
8.94281e-08
-1.51912e-06
9.09855e-08
-1.61192e-06
9.2799e-08
-1.70685e-06
9.49293e-08
-1.80427e-06
9.74221e-08
-1.90458e-06
1.0031e-07
-2.0082e-06
1.0362e-07
-2.1156e-06
1.07397e-07
-2.22735e-06
1.11752e-07
-2.34429e-06
1.16939e-07
-2.46772e-06
1.23428e-07
-2.59967e-06
1.31949e-07
-2.7432e-06
1.43534e-07
-2.90272e-06
1.59519e-07
-3.08418e-06
1.81459e-07
-3.29512e-06
2.10942e-07
-3.54436e-06
2.49243e-07
-3.84117e-06
2.96805e-07
-4.19382e-06
3.52649e-07
-4.6078e-06
4.13984e-07
-5.08383e-06
4.7603e-07
-5.61632e-06
5.32486e-07
-6.19282e-06
5.76506e-07
-6.79475e-06
6.01933e-07
-7.39881e-06
6.04054e-07
-7.97889e-06
5.80087e-07
-8.50957e-06
5.30673e-07
-8.96898e-06
4.59408e-07
-9.33332e-06
3.64348e-07
-9.58634e-06
2.53017e-07
-9.71666e-06
1.30314e-07
-9.70999e-06
-6.66841e-09
-9.57377e-06
-1.36218e-07
-9.305e-06
-2.68769e-07
-8.9065e-06
-3.98499e-07
-8.38467e-06
-5.21834e-07
-7.75021e-06
-6.34458e-07
-7.01386e-06
-7.36347e-07
-6.18918e-06
-8.24677e-07
-5.28995e-06
-8.99234e-07
-4.3308e-06
-9.59146e-07
-3.32674e-06
-1.00407e-06
-2.29488e-06
-1.03186e-06
-1.24958e-06
-1.04529e-06
-2.03905e-07
-1.04568e-06
8.29633e-07
-1.03354e-06
1.84036e-06
-1.01073e-06
2.81737e-06
-9.7701e-07
3.7535e-06
-9.36129e-07
4.64063e-06
-8.87124e-07
5.4757e-06
-8.3507e-07
6.25244e-06
-7.7674e-07
6.97127e-06
-7.1883e-07
7.62861e-06
-6.5734e-07
8.22832e-06
-5.9971e-07
8.7684e-06
-5.40079e-07
9.25576e-06
-4.87368e-07
9.68924e-06
-4.33478e-07
1.00785e-05
-3.89288e-07
1.04225e-05
-3.43933e-07
1.07335e-05
-3.10998e-07
1.10095e-05
-2.76017e-07
1.1266e-05
-2.56489e-07
1.14976e-05
-2.31638e-07
1.17247e-05
-2.27067e-07
1.194e-05
-2.1537e-07
-2.34802e-07
-1.09175e-08
-3.40304e-09
-6.44871e-08
5.71057e-08
-1.47725e-07
1.01755e-07
-2.52569e-07
1.3293e-07
-3.74186e-07
1.56535e-07
-5.10295e-07
1.7659e-07
-6.5931e-07
1.94678e-07
-8.19807e-07
2.11088e-07
-9.90431e-07
2.25843e-07
-1.16988e-06
2.3897e-07
-1.35694e-06
2.50509e-07
-1.55044e-06
2.60533e-07
-1.74933e-06
2.69136e-07
-1.95266e-06
2.76437e-07
-2.15959e-06
2.82577e-07
-2.36943e-06
2.87708e-07
-2.58161e-06
2.91997e-07
-2.79571e-06
2.95623e-07
-3.01148e-06
2.98779e-07
-3.22881e-06
3.01684e-07
-3.44781e-06
3.04578e-07
-3.66872e-06
3.07713e-07
-3.892e-06
3.11341e-07
-4.11828e-06
3.15709e-07
-4.34837e-06
3.21068e-07
-4.58323e-06
3.27665e-07
-4.82404e-06
3.35734e-07
-5.07209e-06
3.45478e-07
-5.32886e-06
3.57079e-07
-5.59595e-06
3.70713e-07
-5.87513e-06
3.86568e-07
-6.16827e-06
4.049e-07
-6.47745e-06
4.26113e-07
-6.80486e-06
4.50839e-07
-7.15279e-06
4.79884e-07
-7.52342e-06
5.14157e-07
-7.91846e-06
5.54564e-07
-8.33881e-06
6.01812e-07
-8.78398e-06
6.56105e-07
-9.25149e-06
7.16753e-07
-9.73642e-06
7.81735e-07
-1.02309e-05
8.47164e-07
-1.07241e-05
9.0718e-07
-1.12022e-05
9.54088e-07
-1.1649e-05
9.79307e-07
-1.20472e-05
9.7467e-07
-1.23791e-05
9.33891e-07
-1.26284e-05
8.5328e-07
-1.2779e-05
7.30774e-07
-1.28172e-05
5.68855e-07
-1.27305e-05
3.72726e-07
-1.25098e-05
1.43575e-07
-1.21515e-05
-1.05229e-07
-1.16618e-05
-3.59394e-07
-1.10417e-05
-6.26818e-07
-1.02833e-05
-8.94612e-07
-9.39511e-06
-1.15693e-06
-8.38619e-06
-1.40742e-06
-7.26508e-06
-1.64295e-06
-6.0445e-06
-1.85503e-06
-4.73745e-06
-2.0434e-06
-3.35711e-06
-2.20501e-06
-1.91875e-06
-2.3376e-06
-4.378e-07
-2.44009e-06
1.06939e-06
-2.51126e-06
2.59037e-06
-2.55284e-06
4.11258e-06
-2.5675e-06
5.62176e-06
-2.55486e-06
7.10667e-06
-2.51845e-06
8.55621e-06
-2.46027e-06
9.96194e-06
-2.38274e-06
1.13158e-05
-2.28999e-06
1.2612e-05
-2.18329e-06
1.38452e-05
-2.06834e-06
1.50131e-05
-1.94464e-06
1.61136e-05
-1.81926e-06
1.71462e-05
-1.68994e-06
1.81113e-05
-1.56484e-06
1.90106e-05
-1.43943e-06
1.98465e-05
-1.32322e-06
2.06222e-05
-1.20915e-06
2.13414e-05
-1.10854e-06
2.20089e-05
-1.01139e-06
2.26294e-05
-9.31482e-07
2.32085e-05
-8.55188e-07
2.37519e-05
-7.99866e-07
2.42674e-05
-7.47118e-07
2.47605e-05
-7.20174e-07
2.52384e-05
-6.93232e-07
-6.92775e-07
-4.99438e-08
4.65408e-08
-1.86193e-07
1.93355e-07
-3.68164e-07
2.83726e-07
-5.77004e-07
3.41769e-07
-8.03937e-07
3.83468e-07
-1.04657e-06
4.19223e-07
-1.30342e-06
4.51533e-07
-1.57204e-06
4.79704e-07
-1.84989e-06
5.03694e-07
-2.13463e-06
5.23711e-07
-2.42416e-06
5.40035e-07
-2.71662e-06
5.52997e-07
-3.01046e-06
5.62977e-07
-3.3044e-06
5.70378e-07
-3.59743e-06
5.75605e-07
-3.88878e-06
5.79059e-07
-4.17791e-06
5.81127e-07
-4.4645e-06
5.82207e-07
-4.74836e-06
5.82648e-07
-5.02952e-06
5.82842e-07
-5.30815e-06
5.8321e-07
-5.58458e-06
5.84141e-07
-5.85923e-06
5.85983e-07
-6.13256e-06
5.89048e-07
-6.40511e-06
5.93612e-07
-6.67737e-06
5.99925e-07
-6.94982e-06
6.08186e-07
-7.22284e-06
6.18499e-07
-7.49666e-06
6.30895e-07
-7.77129e-06
6.45351e-07
-8.04653e-06
6.61802e-07
-8.32177e-06
6.80145e-07
-8.59604e-06
7.00379e-07
-8.86803e-06
7.22832e-07
-9.13591e-06
7.47758e-07
-9.39712e-06
7.7537e-07
-9.64826e-06
8.05704e-07
-9.88488e-06
8.38432e-07
-1.01013e-05
8.72535e-07
-1.02906e-05
9.06002e-07
-1.04448e-05
9.35968e-07
-1.05544e-05
9.56816e-07
-1.06096e-05
9.62361e-07
-1.06003e-05
9.4476e-07
-1.05166e-05
8.95651e-07
-1.03498e-05
8.07849e-07
-1.00922e-05
6.76252e-07
-9.73917e-06
5.00267e-07
-9.28683e-06
2.78435e-07
-8.72599e-06
8.01964e-09
-8.06804e-06
-2.8523e-07
-7.3108e-06
-6.13663e-07
-6.45033e-06
-9.65699e-07
-5.483e-06
-1.32672e-06
-4.41762e-06
-1.6922e-06
-3.26064e-06
-2.05159e-06
-2.01709e-06
-2.40049e-06
-6.94357e-07
-2.73015e-06
6.96753e-07
-3.03405e-06
2.14577e-06
-3.30405e-06
3.6457e-06
-3.54334e-06
5.18189e-06
-3.7412e-06
6.74569e-06
-3.90141e-06
8.32253e-06
-4.01692e-06
9.90462e-06
-4.09336e-06
1.14771e-05
-4.12529e-06
1.30308e-05
-4.12124e-06
1.45541e-05
-4.07812e-06
1.60394e-05
-4.00379e-06
1.74772e-05
-3.898e-06
1.88629e-05
-3.76847e-06
2.01895e-05
-3.61661e-06
2.14555e-05
-3.44927e-06
2.26562e-05
-3.26902e-06
2.37928e-05
-3.08127e-06
2.48628e-05
-2.88928e-06
2.58696e-05
-2.6967e-06
2.68121e-05
-2.50737e-06
2.76955e-05
-2.32288e-06
2.85201e-05
-2.14773e-06
2.92921e-05
-1.98125e-06
3.00127e-05
-1.82907e-06
3.06892e-05
-1.68792e-06
3.1323e-05
-1.56527e-06
3.19225e-05
-1.45468e-06
3.24892e-05
-1.3666e-06
3.30326e-05
-1.29052e-06
3.35534e-05
-1.24093e-06
3.40612e-05
-1.20103e-06
-1.19543e-06
-1.38091e-07
1.84632e-07
-3.91822e-07
4.47086e-07
-6.84868e-07
5.76772e-07
-9.952e-07
6.52102e-07
-1.32074e-06
7.09012e-07
-1.65887e-06
7.57345e-07
-2.00461e-06
7.97278e-07
-2.35332e-06
8.28417e-07
-2.70105e-06
8.51418e-07
-3.0448e-06
8.6746e-07
-3.38216e-06
8.77395e-07
-3.71124e-06
8.82084e-07
-4.03072e-06
8.82449e-07
-4.33964e-06
8.79298e-07
-4.63739e-06
8.73355e-07
-4.9236e-06
8.6527e-07
-5.19809e-06
8.55615e-07
-5.46077e-06
8.44892e-07
-5.7117e-06
8.33581e-07
-5.95101e-06
8.22144e-07
-6.17881e-06
8.11014e-07
-6.39523e-06
8.00567e-07
-6.60035e-06
7.91099e-07
-6.79412e-06
7.82822e-07
-6.97639e-06
7.75876e-07
-7.14681e-06
7.70352e-07
-7.30493e-06
7.66304e-07
-7.45004e-06
7.6361e-07
-7.58118e-06
7.62034e-07
-7.69709e-06
7.61258e-07
-7.79618e-06
7.60894e-07
-7.87654e-06
7.60504e-07
-7.93583e-06
7.59667e-07
-7.97111e-06
7.58116e-07
-7.97912e-06
7.55766e-07
-7.95609e-06
7.52336e-07
-7.89758e-06
7.47194e-07
-7.79848e-06
7.39339e-07
-7.65307e-06
7.27122e-07
-7.45502e-06
7.07948e-07
-7.19708e-06
6.7803e-07
-6.87274e-06
6.32476e-07
-6.47692e-06
5.66546e-07
-6.00531e-06
4.73151e-07
-5.45421e-06
3.4455e-07
-4.82108e-06
1.7472e-07
-4.10407e-06
-4.07585e-08
-3.30875e-06
-2.95051e-07
-2.43395e-06
-5.96369e-07
-1.48674e-06
-9.39187e-07
-4.57648e-07
-1.31432e-06
6.46221e-07
-1.71753e-06
1.81891e-06
-2.13839e-06
3.05852e-06
-2.56634e-06
4.36247e-06
-2.99614e-06
5.72604e-06
-3.41516e-06
7.14469e-06
-3.81914e-06
8.61005e-06
-4.19551e-06
1.01176e-05
-4.54158e-06
1.16574e-05
-4.84388e-06
1.32203e-05
-5.10628e-06
1.47956e-05
-5.31648e-06
1.6374e-05
-5.47978e-06
1.79435e-05
-5.58647e-06
1.94955e-05
-5.64528e-06
2.10188e-05
-5.64863e-06
2.25055e-05
-5.60798e-06
2.39463e-05
-5.51889e-06
2.53361e-05
-5.39358e-06
2.66676e-05
-5.22946e-06
2.79385e-05
-5.03944e-06
2.91441e-05
-4.82213e-06
3.02848e-05
-4.58997e-06
3.13578e-05
-4.34205e-06
3.23661e-05
-4.08955e-06
3.33085e-05
-3.83168e-06
3.41896e-05
-3.57784e-06
3.50096e-05
-3.32733e-06
3.57742e-05
-3.08751e-06
3.64844e-05
-2.85794e-06
3.71469e-05
-2.64373e-06
3.7763e-05
-2.44517e-06
3.83399e-05
-2.26487e-06
3.88793e-05
-2.10458e-06
3.93886e-05
-1.96404e-06
3.98694e-05
-1.84736e-06
4.03297e-05
-1.75081e-06
4.07708e-05
-1.68202e-06
4.12032e-05
-1.63347e-06
-1.61996e-06
-1.95125e-07
3.79757e-07
-5.6556e-07
8.1752e-07
-9.83542e-07
9.94754e-07
-1.41112e-06
1.07968e-06
-1.83219e-06
1.13009e-06
-2.2381e-06
1.16325e-06
-2.62507e-06
1.18424e-06
-2.99196e-06
1.19531e-06
-3.33699e-06
1.19644e-06
-3.65862e-06
1.18909e-06
-3.95613e-06
1.1749e-06
-4.22936e-06
1.15532e-06
-4.47852e-06
1.1316e-06
-4.70407e-06
1.10485e-06
-4.90665e-06
1.07594e-06
-5.08697e-06
1.04559e-06
-5.24576e-06
1.01441e-06
-5.38366e-06
9.8279e-07
-5.50122e-06
9.51143e-07
-5.59894e-06
9.19855e-07
-5.67716e-06
8.89241e-07
-5.73613e-06
8.59532e-07
-5.77588e-06
8.3085e-07
-5.79625e-06
8.03197e-07
-5.79686e-06
7.76486e-07
-5.77707e-06
7.50555e-07
-5.73608e-06
7.25318e-07
-5.6729e-06
7.00428e-07
-5.58623e-06
6.75364e-07
-5.4745e-06
6.49526e-07
-5.33585e-06
6.22249e-07
-5.16813e-06
5.92778e-07
-4.96878e-06
5.60323e-07
-4.7347e-06
5.24032e-07
-4.46252e-06
4.83585e-07
-4.14864e-06
4.38458e-07
-3.78886e-06
3.87414e-07
-3.37855e-06
3.2903e-07
-2.91277e-06
2.61339e-07
-2.38633e-06
1.81515e-07
-1.79387e-06
8.55656e-08
-1.13082e-06
-3.0576e-08
-3.9798e-07
-1.66292e-07
4.08614e-07
-3.33443e-07
1.28958e-06
-5.36411e-07
2.24225e-06
-7.77953e-07
3.26259e-06
-1.0611e-06
4.35222e-06
-1.38468e-06
5.50549e-06
-1.74964e-06
6.71745e-06
-2.15115e-06
7.98614e-06
-2.58302e-06
9.30583e-06
-3.03721e-06
1.06748e-05
-3.50734e-06
1.2089e-05
-3.9806e-06
1.35446e-05
-4.45168e-06
1.50357e-05
-4.90631e-06
1.65567e-05
-5.34007e-06
1.80991e-05
-5.73799e-06
1.96556e-05
-6.09801e-06
2.12171e-05
-6.40544e-06
2.27733e-05
-6.66249e-06
2.43143e-05
-6.85746e-06
2.58305e-05
-6.99598e-06
2.73127e-05
-7.06861e-06
2.87525e-05
-7.08513e-06
3.01426e-05
-7.03876e-06
3.14773e-05
-6.9426e-06
3.27506e-05
-6.79227e-06
3.39601e-05
-6.60307e-06
3.51024e-05
-6.37172e-06
3.61776e-05
-6.11464e-06
3.71843e-05
-5.82886e-06
3.81251e-05
-5.53077e-06
3.9e-05
-5.2169e-06
3.98132e-05
-4.90277e-06
4.05655e-05
-4.58402e-06
4.12626e-05
-4.2749e-06
4.19054e-05
-3.97014e-06
4.25004e-05
-3.68253e-06
4.30486e-05
-3.40611e-06
4.3557e-05
-3.15216e-06
4.40262e-05
-2.91437e-06
4.44639e-05
-2.70254e-06
4.48699e-05
-2.51057e-06
4.52525e-05
-2.34666e-06
4.56107e-05
-2.20556e-06
4.59537e-05
-2.09378e-06
4.62794e-05
-2.00777e-06
4.65982e-05
-1.9522e-06
-1.9311e-06
-4.22228e-07
8.01985e-07
-9.62844e-07
1.35814e-06
-1.45658e-06
1.48849e-06
-1.89176e-06
1.51486e-06
-2.28988e-06
1.52821e-06
-2.65591e-06
1.52928e-06
-2.98505e-06
1.51339e-06
-3.27114e-06
1.4814e-06
-3.5106e-06
1.43591e-06
-3.70548e-06
1.38397e-06
-3.85871e-06
1.32814e-06
-3.97321e-06
1.26981e-06
-4.0518e-06
1.2102e-06
-4.09717e-06
1.15022e-06
-4.11174e-06
1.09051e-06
-4.09768e-06
1.03153e-06
-4.05691e-06
9.73633e-07
-3.99097e-06
9.16852e-07
-3.90111e-06
8.61288e-07
-3.78834e-06
8.07084e-07
-3.65339e-06
7.54289e-07
-3.49672e-06
7.02862e-07
-3.3185e-06
6.52631e-07
-3.11858e-06
6.03272e-07
-2.89651e-06
5.54422e-07
-2.65148e-06
5.05525e-07
-2.38266e-06
4.56494e-07
-2.08888e-06
4.0665e-07
-1.76868e-06
3.55157e-07
-1.42037e-06
3.01223e-07
-1.04208e-06
2.43956e-07
-6.31577e-07
1.82275e-07
-1.86208e-07
1.14954e-07
2.97626e-07
4.01973e-08
8.22277e-07
-4.10663e-08
1.39023e-06
-1.29499e-07
2.00605e-06
-2.28397e-07
2.67386e-06
-3.38783e-07
3.39772e-06
-4.62523e-07
4.18149e-06
-6.02249e-07
5.02779e-06
-7.60743e-07
5.93853e-06
-9.41308e-07
6.91917e-06
-1.14694e-06
7.9684e-06
-1.38267e-06
9.08457e-06
-1.65258e-06
1.02652e-05
-1.95861e-06
1.15067e-05
-2.30262e-06
1.28053e-05
-2.68325e-06
1.41553e-05
-3.09963e-06
1.55508e-05
-3.54669e-06
1.69872e-05
-4.01941e-06
1.84582e-05
-4.5082e-06
1.99577e-05
-5.00678e-06
2.14795e-05
-5.50246e-06
2.30161e-05
-5.9883e-06
2.45598e-05
-6.44996e-06
2.61011e-05
-6.8814e-06
2.76311e-05
-7.268e-06
2.91396e-05
-7.60648e-06
3.06175e-05
-7.88335e-06
3.20547e-05
-8.09966e-06
3.34429e-05
-8.24564e-06
3.47743e-05
-8.32744e-06
3.60435e-05
-8.33778e-06
3.72455e-05
-8.2872e-06
3.83776e-05
-8.17077e-06
3.94378e-05
-8.00281e-06
4.04255e-05
-7.78001e-06
4.13419e-05
-7.5194e-06
4.21881e-05
-7.21801e-06
4.29677e-05
-6.89417e-06
4.36829e-05
-6.54413e-06
4.43386e-05
-6.18646e-06
4.49376e-05
-5.81584e-06
4.54852e-05
-5.45042e-06
4.59842e-05
-5.08295e-06
4.64402e-05
-4.73097e-06
4.68554e-05
-4.38527e-06
4.72356e-05
-4.06283e-06
4.75821e-05
-3.75261e-06
4.79012e-05
-3.47117e-06
4.81927e-05
-3.20594e-06
4.84635e-05
-2.9733e-06
4.87123e-05
-2.75942e-06
4.89465e-05
-2.58078e-06
4.91635e-05
-2.42262e-06
4.93714e-05
-2.3017e-06
4.95665e-05
-2.20278e-06
4.97574e-05
-2.14316e-06
-2.11254e-06
-2.66834e-07
1.06882e-06
-8.63601e-07
1.9549e-06
-1.48521e-06
2.11009e-06
-2.0059e-06
2.03555e-06
-2.39823e-06
1.92054e-06
-2.66483e-06
1.79588e-06
-2.82335e-06
1.67191e-06
-2.89393e-06
1.55198e-06
-2.89394e-06
1.43592e-06
-2.83434e-06
1.32437e-06
-2.72342e-06
1.21722e-06
-2.56776e-06
1.11415e-06
-2.37299e-06
1.01543e-06
-2.14393e-06
9.21162e-07
-1.88464e-06
8.31219e-07
-1.59844e-06
7.45334e-07
-1.28815e-06
6.63341e-07
-9.55827e-07
5.84527e-07
-6.03127e-07
5.08587e-07
-2.31352e-07
4.35309e-07
1.58629e-07
3.64308e-07
5.6635e-07
2.95141e-07
9.91806e-07
2.27175e-07
1.43542e-06
1.59661e-07
1.898e-06
9.18379e-08
2.38125e-06
2.22721e-08
2.8853e-06
-4.75517e-08
3.4117e-06
-1.19749e-07
3.9626e-06
-1.95748e-07
4.54005e-06
-2.76227e-07
5.14622e-06
-3.62214e-07
5.78346e-06
-4.54966e-07
6.45409e-06
-5.5567e-07
7.15982e-06
-6.65538e-07
7.90417e-06
-7.85414e-07
8.69134e-06
-9.16668e-07
9.52389e-06
-1.06095e-06
1.04051e-05
-1.22004e-06
1.13382e-05
-1.39558e-06
1.23259e-05
-1.58993e-06
1.33704e-05
-1.80527e-06
1.44736e-05
-2.04449e-06
1.56365e-05
-2.30986e-06
1.6858e-05
-2.60417e-06
1.81353e-05
-2.92987e-06
1.94648e-05
-3.28815e-06
2.08414e-05
-3.67915e-06
2.22592e-05
-4.10104e-06
2.37108e-05
-4.55121e-06
2.51883e-05
-5.02428e-06
2.6683e-05
-5.51409e-06
2.8186e-05
-6.01122e-06
2.96871e-05
-6.50789e-06
3.11771e-05
-6.99237e-06
3.26449e-05
-7.4561e-06
3.40809e-05
-7.88604e-06
3.54741e-05
-8.27455e-06
3.68155e-05
-8.60938e-06
3.80955e-05
-8.88655e-06
3.93073e-05
-9.09514e-06
4.04436e-05
-9.23592e-06
4.15003e-05
-9.30231e-06
4.24745e-05
-9.30165e-06
4.33665e-05
-9.22977e-06
4.4177e-05
-9.09769e-06
4.49088e-05
-8.90262e-06
4.55655e-05
-8.65953e-06
4.61519e-05
-8.36639e-06
4.66733e-05
-8.04079e-06
4.71353e-05
-7.68e-06
4.75441e-05
-7.30294e-06
4.79049e-05
-6.90502e-06
4.82241e-05
-6.50557e-06
4.85058e-05
-6.09754e-06
4.87557e-05
-5.70033e-06
4.89769e-05
-5.30418e-06
4.91745e-05
-4.92858e-06
4.93503e-05
-4.56106e-06
4.95089e-05
-4.22142e-06
4.96508e-05
-3.89454e-06
4.97805e-05
-3.60085e-06
4.98973e-05
-3.32277e-06
5.00057e-05
-3.08169e-06
5.0104e-05
-2.85771e-06
5.01969e-05
-2.67362e-06
5.02815e-05
-2.50731e-06
5.03632e-05
-2.38334e-06
5.04379e-05
-2.27748e-06
5.05109e-05
-2.21621e-06
-2.17618e-06
-1.4967e-06
2.56552e-06
-1.94878e-06
2.40698e-06
-2.11519e-06
2.2765e-06
-2.13261e-06
2.05298e-06
-2.02052e-06
1.80845e-06
-1.80256e-06
1.57792e-06
-1.4979e-06
1.36725e-06
-1.12086e-06
1.17494e-06
-6.84144e-07
9.992e-07
-1.99988e-07
8.4021e-07
3.22343e-07
6.94889e-07
8.75222e-07
5.6127e-07
1.45201e-06
4.38647e-07
2.04767e-06
3.255e-07
2.65842e-06
2.20467e-07
3.28117e-06
1.22587e-07
3.91297e-06
3.15318e-08
4.55392e-06
-5.64183e-08
5.20279e-06
-1.40286e-07
5.85842e-06
-2.20314e-07
6.52063e-06
-2.97906e-07
7.18935e-06
-3.73578e-07
7.86533e-06
-4.48805e-07
8.55001e-06
-5.25018e-07
9.24457e-06
-6.02726e-07
9.94974e-06
-6.82899e-07
1.06685e-05
-7.66275e-07
1.14029e-05
-8.54155e-07
1.21549e-05
-9.47789e-07
1.2927e-05
-1.04832e-06
1.37216e-05
-1.1568e-06
1.45411e-05
-1.2745e-06
1.5388e-05
-1.40252e-06
1.62647e-05
-1.54221e-06
1.71739e-05
-1.69464e-06
1.81183e-05
-1.86111e-06
1.91002e-05
-2.04283e-06
2.01217e-05
-2.24152e-06
2.11846e-05
-2.45853e-06
2.22905e-05
-2.69574e-06
2.34398e-05
-2.95465e-06
2.46326e-05
-3.23727e-06
2.58675e-05
-3.54472e-06
2.71417e-05
-3.8784e-06
2.84507e-05
-4.23884e-06
2.97887e-05
-4.62617e-06
3.11483e-05
-5.03877e-06
3.25213e-05
-5.47405e-06
3.3898e-05
-5.92786e-06
3.52686e-05
-6.39489e-06
3.66209e-05
-6.86642e-06
3.7944e-05
-7.33434e-06
3.92259e-05
-7.78972e-06
4.04558e-05
-8.22234e-06
4.16226e-05
-8.62287e-06
4.27174e-05
-8.98084e-06
4.37315e-05
-9.28864e-06
4.46595e-05
-9.53735e-06
4.5496e-05
-9.72307e-06
4.62401e-05
-9.83931e-06
4.68912e-05
-9.88694e-06
4.74509e-05
-9.86209e-06
4.79234e-05
-9.77412e-06
4.83159e-05
-9.62223e-06
4.86347e-05
-9.41653e-06
4.88885e-05
-9.15639e-06
4.9085e-05
-8.85605e-06
4.92331e-05
-8.51446e-06
4.93406e-05
-8.14829e-06
4.94151e-05
-7.75453e-06
4.94635e-05
-7.35138e-06
4.94915e-05
-6.93293e-06
4.95043e-05
-6.51846e-06
4.95055e-05
-6.09875e-06
4.94993e-05
-5.69411e-06
4.94871e-05
-5.29195e-06
4.94723e-05
-4.91376e-06
4.94547e-05
-4.54347e-06
4.94373e-05
-4.20402e-06
4.94186e-05
-3.8759e-06
4.94016e-05
-3.58385e-06
4.93838e-05
-3.30496e-06
4.93683e-05
-3.06613e-06
4.93516e-05
-2.84107e-06
4.93372e-05
-2.65923e-06
4.93209e-05
-2.49097e-06
4.93063e-05
-2.36873e-06
4.92885e-05
-2.25968e-06
4.92721e-05
-2.19979e-06
-2.14974e-06
-8.96851e-07
3.46237e-06
-7.43097e-07
2.25323e-06
-2.52299e-07
1.78571e-06
4.60823e-07
1.33985e-06
1.33117e-06
9.38101e-07
2.29266e-06
6.16432e-07
3.299e-06
3.60907e-07
4.32293e-06
1.51008e-07
5.34996e-06
-2.78361e-08
6.36596e-06
-1.75783e-07
7.37207e-06
-3.11221e-07
8.36676e-06
-4.33427e-07
9.34589e-06
-5.40485e-07
1.03085e-05
-6.37149e-07
1.12546e-05
-7.2563e-07
1.21845e-05
-8.07242e-07
1.30992e-05
-8.83207e-07
1.39981e-05
-9.55333e-07
1.48823e-05
-1.02444e-06
1.57532e-05
-1.09126e-06
1.66121e-05
-1.15673e-06
1.74609e-05
-1.22244e-06
1.8302e-05
-1.28984e-06
1.91371e-05
-1.36011e-06
1.99685e-05
-1.43418e-06
2.07988e-05
-1.51316e-06
2.16306e-05
-1.59813e-06
2.24667e-05
-1.69021e-06
2.33095e-05
-1.79055e-06
2.41615e-05
-1.90038e-06
2.50254e-05
-2.02069e-06
2.59034e-05
-2.1525e-06
2.67977e-05
-2.29679e-06
2.77102e-05
-2.45471e-06
2.86427e-05
-2.62718e-06
2.95968e-05
-2.81524e-06
3.05738e-05
-3.01976e-06
3.15741e-05
-3.24191e-06
3.25982e-05
-3.48254e-06
3.36452e-05
-3.74277e-06
3.47139e-05
-4.02338e-06
3.58024e-05
-4.32577e-06
3.69069e-05
-4.6492e-06
3.80224e-05
-4.99392e-06
3.91427e-05
-5.3591e-06
4.026e-05
-5.74352e-06
4.13655e-05
-6.14429e-06
4.24495e-05
-6.55802e-06
4.3501e-05
-6.97937e-06
4.45086e-05
-7.40247e-06
4.54616e-05
-7.81938e-06
4.63497e-05
-8.22246e-06
4.71629e-05
-8.60295e-06
4.78933e-05
-8.95274e-06
4.85339e-05
-9.26339e-06
4.90807e-05
-9.52771e-06
4.95314e-05
-9.73929e-06
4.98871e-05
-9.89302e-06
5.01497e-05
-9.98575e-06
5.03256e-05
-1.00152e-05
5.04209e-05
-9.98222e-06
5.0446e-05
-9.88721e-06
5.04092e-05
-9.73731e-06
5.03224e-05
-9.53539e-06
5.01948e-05
-9.28893e-06
5.00376e-05
-8.99926e-06
4.98589e-05
-8.67729e-06
4.96675e-05
-8.32309e-06
4.94692e-05
-7.94997e-06
4.92701e-05
-7.55549e-06
4.90738e-05
-7.15502e-06
4.88835e-05
-6.74261e-06
4.87008e-05
-6.33578e-06
4.85267e-05
-5.92468e-06
4.83621e-05
-5.52948e-06
4.82063e-05
-5.13613e-06
4.80601e-05
-4.7676e-06
4.79217e-05
-4.40508e-06
4.77925e-05
-4.07476e-06
4.76693e-05
-3.75274e-06
4.75544e-05
-3.46898e-06
4.74437e-05
-3.1942e-06
4.73403e-05
-2.96274e-06
4.72387e-05
-2.73953e-06
4.71434e-05
-2.5639e-06
4.70472e-05
-2.39475e-06
4.69556e-05
-2.27715e-06
4.68597e-05
-2.1638e-06
4.67662e-05
-2.10624e-06
-2.04912e-06
3.65876e-06
-1.96387e-07
6.38587e-06
-4.73883e-07
8.79879e-06
-6.27212e-07
1.09222e-05
-7.83571e-07
1.27991e-05
-9.38749e-07
1.44935e-05
-1.07802e-06
1.60502e-05
-1.19582e-06
1.74862e-05
-1.28498e-06
1.88277e-05
-1.36931e-06
2.00964e-05
-1.44451e-06
2.12963e-05
-1.51111e-06
2.2434e-05
-1.57108e-06
2.35185e-05
-1.62505e-06
2.45554e-05
-1.674e-06
2.55487e-05
-1.71895e-06
2.65023e-05
-1.76085e-06
2.74197e-05
-1.80058e-06
2.83035e-05
-1.83916e-06
2.91567e-05
-1.87763e-06
2.99824e-05
-1.91693e-06
3.07837e-05
-1.95809e-06
3.15636e-05
-2.00236e-06
3.23248e-05
-2.051e-06
3.30699e-05
-2.10519e-06
3.38017e-05
-2.166e-06
3.4523e-05
-2.23445e-06
3.52364e-05
-2.31154e-06
3.59444e-05
-2.39824e-06
3.66494e-05
-2.49551e-06
3.73535e-05
-2.60454e-06
3.80589e-05
-2.72609e-06
3.8767e-05
-2.86055e-06
3.94791e-05
-3.00888e-06
4.01962e-05
-3.17181e-06
4.09189e-05
-3.34993e-06
4.16475e-05
-3.54386e-06
4.23818e-05
-3.75405e-06
4.31209e-05
-3.98102e-06
4.38635e-05
-4.2251e-06
4.46074e-05
-4.48662e-06
4.53496e-05
-4.76561e-06
4.60857e-05
-5.06192e-06
4.68112e-05
-5.37471e-06
4.75203e-05
-5.70295e-06
4.8206e-05
-6.04488e-06
4.88608e-05
-6.39831e-06
4.94765e-05
-6.75991e-06
5.00443e-05
-7.12582e-06
5.05557e-05
-7.49083e-06
5.10027e-05
-7.84942e-06
5.13782e-05
-8.19491e-06
5.16766e-05
-8.52086e-06
5.18937e-05
-8.82006e-06
5.20274e-05
-9.08647e-06
5.20779e-05
-9.31389e-06
5.20483e-05
-9.49806e-06
5.19434e-05
-9.63441e-06
5.1771e-05
-9.72059e-06
5.15394e-05
-9.75422e-06
5.12593e-05
-9.73508e-06
5.09406e-05
-9.66352e-06
5.05958e-05
-9.54237e-06
5.02332e-05
-9.37468e-06
4.98621e-05
-9.16435e-06
4.94889e-05
-8.91571e-06
4.91211e-05
-8.63146e-06
4.87611e-05
-8.31729e-06
4.84133e-05
-7.97529e-06
4.8077e-05
-7.61373e-06
4.77549e-05
-7.23337e-06
4.74447e-05
-6.84474e-06
4.71476e-05
-6.44557e-06
4.68607e-05
-6.04885e-06
4.65848e-05
-5.6488e-06
4.63172e-05
-5.26187e-06
4.60588e-05
-4.87776e-06
4.58078e-05
-4.51657e-06
4.55648e-05
-4.16209e-06
4.53289e-05
-3.83889e-06
4.51001e-05
-3.5239e-06
4.48785e-05
-3.24739e-06
4.46627e-05
-2.97836e-06
4.44541e-05
-2.75413e-06
4.4249e-05
-2.53451e-06
4.40507e-05
-2.3656e-06
4.38527e-05
-2.19674e-06
4.36602e-05
-2.08463e-06
4.3463e-05
-1.96655e-06
4.32683e-05
-1.91155e-06
-1.84874e-06
3.86153e-05
1.00654e-08
3.85852e-05
-4.43765e-07
3.87263e-05
-7.68299e-07
3.89538e-05
-1.01112e-06
3.92298e-05
-1.21478e-06
3.95485e-05
-1.39673e-06
3.99112e-05
-1.55844e-06
4.03192e-05
-1.69306e-06
4.07526e-05
-1.80271e-06
4.1201e-05
-1.89284e-06
4.16576e-05
-1.96773e-06
4.21168e-05
-2.03033e-06
4.25747e-05
-2.08293e-06
4.3028e-05
-2.12732e-06
4.34742e-05
-2.16515e-06
4.39114e-05
-2.19805e-06
4.43384e-05
-2.22754e-06
4.47543e-05
-2.25513e-06
4.5159e-05
-2.28232e-06
4.55527e-05
-2.31056e-06
4.59358e-05
-2.34125e-06
4.63092e-05
-2.37574e-06
4.66736e-05
-2.41539e-06
4.70299e-05
-2.4615e-06
4.73792e-05
-2.51529e-06
4.77226e-05
-2.5778e-06
4.80611e-05
-2.65004e-06
4.83957e-05
-2.73289e-06
4.87274e-05
-2.82721e-06
4.90566e-05
-2.93374e-06
4.93837e-05
-3.05315e-06
4.9709e-05
-3.18588e-06
5.00326e-05
-3.33245e-06
5.0354e-05
-3.49325e-06
5.06727e-05
-3.66864e-06
5.09877e-05
-3.85883e-06
5.12976e-05
-4.06399e-06
5.16007e-05
-4.28411e-06
5.18948e-05
-4.51916e-06
5.2177e-05
-4.76884e-06
5.24441e-05
-5.03272e-06
5.26922e-05
-5.31001e-06
5.29171e-05
-5.59961e-06
5.31141e-05
-5.89997e-06
5.32783e-05
-6.20907e-06
5.34044e-05
-6.52443e-06
5.34875e-05
-6.84302e-06
5.35229e-05
-7.16118e-06
5.35067e-05
-7.47461e-06
5.34359e-05
-7.77864e-06
5.33092e-05
-8.06817e-06
5.31264e-05
-8.33808e-06
5.28894e-05
-8.58308e-06
5.26012e-05
-8.79822e-06
5.22669e-05
-8.97958e-06
5.18931e-05
-9.12432e-06
5.14875e-05
-9.22879e-06
5.1058e-05
-9.29106e-06
5.06125e-05
-9.30878e-06
5.01585e-05
-9.28103e-06
4.97016e-05
-9.20665e-06
4.92463e-05
-9.08709e-06
4.87948e-05
-8.92317e-06
4.83487e-05
-8.71821e-06
4.79071e-05
-8.47416e-06
4.74705e-05
-8.19483e-06
4.7036e-05
-7.88278e-06
4.66032e-05
-7.54253e-06
4.61687e-05
-7.17915e-06
4.57334e-05
-6.79807e-06
4.52943e-05
-6.40573e-06
4.48545e-05
-6.00576e-06
4.44113e-05
-5.60566e-06
4.39694e-05
-5.20687e-06
4.35265e-05
-4.81893e-06
4.30884e-05
-4.43973e-06
4.26529e-05
-4.08103e-06
4.22264e-05
-3.73556e-06
4.18059e-05
-3.41841e-06
4.13978e-05
-3.11583e-06
4.09984e-05
-2.848e-06
4.06131e-05
-2.59305e-06
4.02375e-05
-2.37848e-06
3.9875e-05
-2.1721e-06
3.95214e-05
-2.012e-06
3.91778e-05
-1.85309e-06
3.88409e-05
-1.7477e-06
3.85082e-05
-1.63387e-06
3.8179e-05
-1.58236e-06
-1.51361e-06
5.29876e-05
8.77049e-08
5.28944e-05
-3.50573e-07
5.28661e-05
-7.39957e-07
5.28904e-05
-1.03543e-06
5.29364e-05
-1.26077e-06
5.29849e-05
-1.44525e-06
5.30322e-05
-1.60578e-06
5.30861e-05
-1.74688e-06
5.31511e-05
-1.86772e-06
5.32266e-05
-1.96838e-06
5.33096e-05
-2.05069e-06
5.33967e-05
-2.11746e-06
5.34854e-05
-2.17163e-06
5.35738e-05
-2.21575e-06
5.36607e-05
-2.252e-06
5.37449e-05
-2.28228e-06
5.38258e-05
-2.30837e-06
5.39026e-05
-2.33199e-06
5.39751e-05
-2.35481e-06
5.4043e-05
-2.37846e-06
5.41063e-05
-2.40453e-06
5.41651e-05
-2.43449e-06
5.42194e-05
-2.46976e-06
5.42696e-05
-2.51166e-06
5.43157e-05
-2.56144e-06
5.43581e-05
-2.62015e-06
5.43968e-05
-2.68878e-06
5.44321e-05
-2.76814e-06
5.44638e-05
-2.85896e-06
5.44919e-05
-2.96184e-06
5.45161e-05
-3.07733e-06
5.4536e-05
-3.20581e-06
5.45512e-05
-3.34763e-06
5.4561e-05
-3.503e-06
5.45644e-05
-3.67209e-06
5.45605e-05
-3.85493e-06
5.4548e-05
-4.05152e-06
5.45256e-05
-4.26167e-06
5.44916e-05
-4.48513e-06
5.44442e-05
-4.72142e-06
5.43814e-05
-4.96994e-06
5.43011e-05
-5.22974e-06
5.42012e-05
-5.49969e-06
5.40793e-05
-5.77814e-06
5.39333e-05
-6.06305e-06
5.37611e-05
-6.35222e-06
5.35612e-05
-6.64311e-06
5.33324e-05
-6.93234e-06
5.30741e-05
-7.21631e-06
5.27863e-05
-7.49094e-06
5.24701e-05
-7.75197e-06
5.2127e-05
-7.99491e-06
5.17592e-05
-8.21526e-06
5.13695e-05
-8.40856e-06
5.09607e-05
-8.5708e-06
5.05348e-05
-8.69841e-06
5.0094e-05
-8.78795e-06
4.96394e-05
-8.83645e-06
4.91718e-05
-8.84123e-06
4.86902e-05
-8.79937e-06
4.81927e-05
-8.70915e-06
4.76764e-05
-8.57088e-06
4.71391e-05
-8.38579e-06
4.65775e-05
-8.15664e-06
4.59887e-05
-7.88536e-06
4.53716e-05
-7.57774e-06
4.47263e-05
-7.23747e-06
4.40541e-05
-6.87033e-06
4.33566e-05
-6.48169e-06
4.26381e-05
-6.07951e-06
4.19016e-05
-5.66925e-06
4.11539e-05
-5.25809e-06
4.0399e-05
-4.85078e-06
3.96456e-05
-4.4534e-06
3.88965e-05
-4.06989e-06
3.81609e-05
-3.70409e-06
3.74393e-05
-3.35939e-06
3.67408e-05
-3.03709e-06
3.60632e-05
-2.74084e-06
3.54157e-05
-2.46833e-06
3.47924e-05
-2.22463e-06
3.42025e-05
-2.00314e-06
3.36362e-05
-1.81219e-06
3.31026e-05
-1.6385e-06
3.25883e-05
-1.49778e-06
3.2103e-05
-1.36779e-06
3.16307e-05
-1.27532e-06
3.1181e-05
-1.18418e-06
3.07369e-05
-1.13832e-06
-1.07674e-06
5.43231e-05
-2.32483e-07
5.45049e-05
-5.32371e-07
5.4609e-05
-8.4411e-07
5.46965e-05
-1.12285e-06
5.47835e-05
-1.34779e-06
5.4864e-05
-1.52575e-06
5.49306e-05
-1.67238e-06
5.49821e-05
-1.79844e-06
5.50228e-05
-1.90839e-06
5.50573e-05
-2.00289e-06
5.50884e-05
-2.08177e-06
5.51168e-05
-2.14585e-06
5.51421e-05
-2.19697e-06
5.51638e-05
-2.23744e-06
5.51814e-05
-2.26956e-06
5.51945e-05
-2.29539e-06
5.52029e-05
-2.31681e-06
5.52065e-05
-2.33561e-06
5.52052e-05
-2.35348e-06
5.51988e-05
-2.37208e-06
5.51873e-05
-2.39302e-06
5.51707e-05
-2.41784e-06
5.51489e-05
-2.44799e-06
5.5122e-05
-2.48481e-06
5.50901e-05
-2.52951e-06
5.50531e-05
-2.58318e-06
5.50111e-05
-2.64675e-06
5.4964e-05
-2.72103e-06
5.49117e-05
-2.80669e-06
5.48541e-05
-2.90425e-06
5.4791e-05
-3.0142e-06
5.4722e-05
-3.13687e-06
5.46469e-05
-3.27252e-06
5.45652e-05
-3.42129e-06
5.44764e-05
-3.58329e-06
5.438e-05
-3.75846e-06
5.42751e-05
-3.94672e-06
5.41613e-05
-4.14781e-06
5.40375e-05
-4.3614e-06
5.3903e-05
-4.58692e-06
5.37568e-05
-4.8237e-06
5.35978e-05
-5.07074e-06
5.34249e-05
-5.32681e-06
5.3237e-05
-5.59016e-06
5.30327e-05
-5.85881e-06
5.28108e-05
-6.13035e-06
5.25699e-05
-6.40212e-06
5.23083e-05
-6.67077e-06
5.20245e-05
-6.93254e-06
5.17167e-05
-7.18315e-06
5.13829e-05
-7.41819e-06
5.10211e-05
-7.63307e-06
5.06291e-05
-7.82326e-06
5.02047e-05
-7.98418e-06
4.97452e-05
-8.1113e-06
4.92473e-05
-8.20052e-06
4.87074e-05
-8.24803e-06
4.81213e-05
-8.25039e-06
4.74847e-05
-8.20458e-06
4.67933e-05
-8.10796e-06
4.60443e-05
-7.96012e-06
4.52364e-05
-7.76305e-06
4.43705e-05
-7.51988e-06
4.34469e-05
-7.23302e-06
4.24666e-05
-6.9051e-06
4.14333e-05
-6.54444e-06
4.03547e-05
-6.15882e-06
3.92394e-05
-5.75506e-06
3.80977e-05
-5.33992e-06
3.6939e-05
-4.92086e-06
3.57735e-05
-4.50375e-06
3.46117e-05
-4.09626e-06
3.34646e-05
-3.70373e-06
3.23434e-05
-3.33222e-06
3.12571e-05
-2.98359e-06
3.02143e-05
-2.66124e-06
2.92198e-05
-2.36496e-06
2.82801e-05
-2.09739e-06
2.7396e-05
-1.85667e-06
2.65719e-05
-1.64422e-06
2.58038e-05
-1.45661e-06
2.50951e-05
-1.29444e-06
2.44368e-05
-1.15388e-06
2.38332e-05
-1.03489e-06
2.32701e-05
-9.34683e-07
2.27542e-05
-8.51894e-07
2.22656e-05
-7.86677e-07
2.18151e-05
-7.33723e-07
2.13768e-05
-6.99974e-07
-6.69495e-07
5.39214e-05
-5.61377e-07
5.41751e-05
-7.86022e-07
5.43571e-05
-1.02618e-06
5.44914e-05
-1.25708e-06
5.46019e-05
-1.45835e-06
5.47004e-05
-1.62422e-06
5.47877e-05
-1.7597e-06
5.48622e-05
-1.8729e-06
5.49236e-05
-1.96985e-06
5.4974e-05
-2.05327e-06
5.5016e-05
-2.1237e-06
5.50514e-05
-2.18132e-06
5.50813e-05
-2.22687e-06
5.51058e-05
-2.26187e-06
5.51244e-05
-2.28823e-06
5.5137e-05
-2.308e-06
5.51434e-05
-2.32313e-06
5.51432e-05
-2.33549e-06
5.51366e-05
-2.34683e-06
5.51234e-05
-2.35886e-06
5.51036e-05
-2.37321e-06
5.50772e-05
-2.39146e-06
5.50443e-05
-2.4151e-06
5.5005e-05
-2.44547e-06
5.49593e-05
-2.4838e-06
5.49072e-05
-2.53114e-06
5.48489e-05
-2.58845e-06
5.47844e-05
-2.65651e-06
5.47136e-05
-2.73591e-06
5.46365e-05
-2.82713e-06
5.45528e-05
-2.93053e-06
5.44624e-05
-3.04638e-06
5.43647e-05
-3.17485e-06
5.42594e-05
-3.31598e-06
5.41459e-05
-3.46977e-06
5.40235e-05
-3.63606e-06
5.38914e-05
-3.81466e-06
5.37487e-05
-4.00515e-06
5.35944e-05
-4.20705e-06
5.34271e-05
-4.41961e-06
5.32453e-05
-4.64195e-06
5.30474e-05
-4.87282e-06
5.28314e-05
-5.11076e-06
5.25949e-05
-5.35371e-06
5.23355e-05
-5.59934e-06
5.20499e-05
-5.84475e-06
5.17346e-05
-6.08683e-06
5.13855e-05
-6.3217e-06
5.09981e-05
-6.54511e-06
5.05671e-05
-6.75213e-06
5.00868e-05
-6.93796e-06
4.95515e-05
-7.09771e-06
4.89553e-05
-7.22706e-06
4.8293e-05
-7.32193e-06
4.75604e-05
-7.37863e-06
4.67534e-05
-7.39356e-06
4.58682e-05
-7.36287e-06
4.49008e-05
-7.28294e-06
4.38466e-05
-7.15044e-06
4.2703e-05
-6.96431e-06
4.14712e-05
-6.72834e-06
4.01584e-05
-6.45022e-06
3.87734e-05
-6.13493e-06
3.7324e-05
-5.78356e-06
3.58185e-05
-5.3996e-06
3.42663e-05
-4.99228e-06
3.2682e-05
-4.5745e-06
3.10846e-05
-4.15764e-06
2.94929e-05
-3.74829e-06
2.79236e-05
-3.35156e-06
2.63924e-05
-2.97258e-06
2.49142e-05
-2.61798e-06
2.35031e-05
-2.29271e-06
2.21709e-05
-1.99998e-06
2.09275e-05
-1.74016e-06
1.97797e-05
-1.51346e-06
1.87322e-05
-1.31744e-06
1.77854e-05
-1.15066e-06
1.69377e-05
-1.00894e-06
1.61842e-05
-8.90748e-07
1.55184e-05
-7.90757e-07
1.49325e-05
-7.08553e-07
1.4417e-05
-6.38383e-07
1.39642e-05
-5.82068e-07
1.35626e-05
-5.33079e-07
1.32068e-05
-4.96101e-07
1.28831e-05
-4.62975e-07
1.25909e-05
-4.41504e-07
1.23127e-05
-4.21825e-07
-4.11714e-07
5.35784e-05
-8.7387e-07
5.38459e-05
-1.05359e-06
5.40605e-05
-1.24072e-06
5.42284e-05
-1.42505e-06
5.43655e-05
-1.59537e-06
5.44843e-05
-1.74306e-06
5.45906e-05
-1.86594e-06
5.46853e-05
-1.96768e-06
5.47684e-05
-2.05291e-06
5.48399e-05
-2.12474e-06
5.49007e-05
-2.18458e-06
5.49524e-05
-2.23294e-06
5.49957e-05
-2.27022e-06
5.50311e-05
-2.29731e-06
5.50585e-05
-2.31564e-06
5.50776e-05
-2.32702e-06
5.50878e-05
-2.33337e-06
5.5089e-05
-2.33666e-06
5.50809e-05
-2.33877e-06
5.50636e-05
-2.34152e-06
5.5037e-05
-2.34661e-06
5.50011e-05
-2.35562e-06
5.49561e-05
-2.37005e-06
5.49019e-05
-2.39127e-06
5.48385e-05
-2.42046e-06
5.47661e-05
-2.45871e-06
5.46846e-05
-2.50691e-06
5.45939e-05
-2.56586e-06
5.4494e-05
-2.63596e-06
5.43844e-05
-2.71756e-06
5.42647e-05
-2.81088e-06
5.41344e-05
-2.916e-06
5.39924e-05
-3.03293e-06
5.3838e-05
-3.16152e-06
5.36698e-05
-3.30156e-06
5.34864e-05
-3.4527e-06
5.32862e-05
-3.61449e-06
5.30674e-05
-3.78628e-06
5.28276e-05
-3.96729e-06
5.25645e-05
-4.15645e-06
5.2275e-05
-4.35249e-06
5.19559e-05
-4.55376e-06
5.16035e-05
-4.75835e-06
5.12137e-05
-4.96385e-06
5.07817e-05
-5.16739e-06
5.03026e-05
-5.36563e-06
4.97707e-05
-5.55492e-06
4.91797e-05
-5.73075e-06
4.85229e-05
-5.8883e-06
4.77931e-05
-6.02229e-06
4.69829e-05
-6.12783e-06
4.60852e-05
-6.19998e-06
4.50929e-05
-6.23476e-06
4.40001e-05
-6.22916e-06
4.28051e-05
-6.18361e-06
4.15077e-05
-6.09611e-06
4.01094e-05
-5.96457e-06
3.86107e-05
-5.78432e-06
3.70101e-05
-5.54981e-06
3.531e-05
-5.26422e-06
3.35207e-05
-4.93905e-06
3.16597e-05
-4.5892e-06
2.97463e-05
-4.22151e-06
2.78004e-05
-3.83763e-06
2.58433e-05
-3.44255e-06
2.38949e-05
-3.04392e-06
2.1977e-05
-2.65653e-06
2.01156e-05
-2.29625e-06
1.83381e-05
-1.9708e-06
1.6669e-05
-1.68244e-06
1.51292e-05
-1.43285e-06
1.37337e-05
-1.22242e-06
1.24917e-05
-1.05069e-06
1.14037e-05
-9.11966e-07
1.04631e-05
-7.99582e-07
9.65872e-06
-7.09113e-07
8.97713e-06
-6.35837e-07
8.4024e-06
-5.75932e-07
7.91907e-06
-5.25607e-07
7.51141e-06
-4.8309e-07
7.1665e-06
-4.4585e-07
6.87184e-06
-4.13884e-07
6.61849e-06
-3.85039e-07
6.39721e-06
-3.6079e-07
6.2024e-06
-3.3826e-07
6.02691e-06
-3.20613e-07
5.86691e-06
-3.0298e-07
5.71687e-06
-2.91459e-07
5.5718e-06
-2.76754e-07
-2.70713e-07
5.34356e-05
-1.17783e-06
5.37044e-05
-1.32237e-06
5.39335e-05
-1.46986e-06
5.41244e-05
-1.61598e-06
5.42839e-05
-1.75487e-06
5.4421e-05
-1.88018e-06
5.45426e-05
-1.98747e-06
5.46511e-05
-2.07625e-06
5.47471e-05
-2.14883e-06
5.483e-05
-2.20772e-06
5.49e-05
-2.25455e-06
5.49573e-05
-2.29018e-06
5.50021e-05
-2.31508e-06
5.50347e-05
-2.32989e-06
5.50548e-05
-2.33572e-06
5.50619e-05
-2.33411e-06
5.50554e-05
-2.32689e-06
5.50348e-05
-2.31611e-06
5.49999e-05
-2.3038e-06
5.49504e-05
-2.29207e-06
5.48866e-05
-2.28277e-06
5.48084e-05
-2.27747e-06
5.47159e-05
-2.27753e-06
5.46089e-05
-2.28425e-06
5.44872e-05
-2.29881e-06
5.43509e-05
-2.32232e-06
5.41995e-05
-2.35557e-06
5.40328e-05
-2.39916e-06
5.38502e-05
-2.45333e-06
5.36508e-05
-2.51821e-06
5.34337e-05
-2.59372e-06
5.31974e-05
-2.6797e-06
5.29403e-05
-2.77581e-06
5.26604e-05
-2.88165e-06
5.23555e-05
-2.99667e-06
5.2023e-05
-3.1202e-06
5.166e-05
-3.25145e-06
5.12631e-05
-3.38945e-06
5.08289e-05
-3.53305e-06
5.03533e-05
-3.68082e-06
4.98318e-05
-3.83106e-06
4.92597e-05
-3.9816e-06
4.86313e-05
-4.13e-06
4.79408e-05
-4.27333e-06
4.71822e-05
-4.40876e-06
4.63497e-05
-4.53318e-06
4.54371e-05
-4.64231e-06
4.44374e-05
-4.73103e-06
4.33435e-05
-4.79438e-06
4.21489e-05
-4.82774e-06
4.08484e-05
-4.82732e-06
3.94371e-05
-4.7887e-06
3.79115e-05
-4.70912e-06
3.62677e-05
-4.58534e-06
3.451e-05
-4.4259e-06
3.26462e-05
-4.23235e-06
3.06884e-05
-4.00674e-06
2.86517e-05
-3.74767e-06
2.65434e-05
-3.44152e-06
2.43824e-05
-3.10322e-06
2.21939e-05
-2.75049e-06
2.00073e-05
-2.40258e-06
1.78526e-05
-2.06684e-06
1.57639e-05
-1.74892e-06
1.37931e-05
-1.47172e-06
1.19753e-05
-1.2262e-06
1.03358e-05
-1.01698e-06
8.89097e-06
-8.51422e-07
7.65597e-06
-7.35807e-07
6.61971e-06
-6.46184e-07
5.7676e-06
-5.80737e-07
5.0725e-06
-5.27324e-07
4.49967e-06
-4.77863e-07
4.01862e-06
-4.30914e-07
3.60768e-06
-3.88646e-07
3.25196e-06
-3.53388e-07
2.94152e-06
-3.25394e-07
2.66898e-06
-3.03396e-07
2.43105e-06
-2.87675e-07
2.22324e-06
-2.75285e-07
2.04184e-06
-2.64448e-07
1.88262e-06
-2.54661e-07
1.74277e-06
-2.45189e-07
1.61799e-06
-2.36015e-07
1.50601e-06
-2.26281e-07
1.40263e-06
-2.17229e-07
1.30685e-06
-2.07202e-07
1.21369e-06
-1.98299e-07
1.12431e-06
-1.87377e-07
-1.88335e-07
5.34644e-05
-1.4705e-06
5.37238e-05
-1.58181e-06
5.39481e-05
-1.69416e-06
5.41382e-05
-1.80608e-06
5.4297e-05
-1.91368e-06
5.44285e-05
-2.01165e-06
5.45369e-05
-2.09586e-06
5.46251e-05
-2.16449e-06
5.46941e-05
-2.21783e-06
5.47436e-05
-2.25714e-06
5.47727e-05
-2.28371e-06
5.4781e-05
-2.29844e-06
5.4768e-05
-2.30209e-06
5.47335e-05
-2.29543e-06
5.46773e-05
-2.27951e-06
5.4599e-05
-2.25576e-06
5.44981e-05
-2.22599e-06
5.43742e-05
-2.19228e-06
5.42273e-05
-2.15683e-06
5.40571e-05
-2.12196e-06
5.38644e-05
-2.09003e-06
5.36497e-05
-2.06278e-06
5.34129e-05
-2.0407e-06
5.31537e-05
-2.02505e-06
5.28719e-05
-2.01703e-06
5.25672e-05
-2.01763e-06
5.2239e-05
-2.0274e-06
5.18865e-05
-2.04666e-06
5.15086e-05
-2.07534e-06
5.11036e-05
-2.11326e-06
5.06698e-05
-2.15994e-06
5.0205e-05
-2.21488e-06
4.97065e-05
-2.27732e-06
4.91714e-05
-2.34655e-06
4.85963e-05
-2.42158e-06
4.79776e-05
-2.50148e-06
4.73112e-05
-2.58501e-06
4.65927e-05
-2.67101e-06
4.58176e-05
-2.75796e-06
4.49812e-05
-2.84437e-06
4.40784e-05
-2.92826e-06
4.31043e-05
-3.00752e-06
4.20534e-05
-3.07909e-06
4.09187e-05
-3.13868e-06
3.96955e-05
-3.18551e-06
3.83807e-05
-3.21835e-06
3.69699e-05
-3.23152e-06
3.54592e-05
-3.22038e-06
3.38457e-05
-3.18089e-06
3.21281e-05
-3.11006e-06
3.03091e-05
-3.0084e-06
2.83923e-05
-2.87185e-06
2.63855e-05
-2.7023e-06
2.43037e-05
-2.50353e-06
2.2154e-05
-2.27621e-06
1.99634e-05
-2.04182e-06
1.77594e-05
-1.80271e-06
1.55719e-05
-1.56014e-06
1.34497e-05
-1.31936e-06
1.14366e-05
-1.09007e-06
9.57168e-06
-8.85608e-07
7.89191e-06
-7.22807e-07
6.44586e-06
-6.20791e-07
5.25485e-06
-5.57912e-07
4.29168e-06
-5.0855e-07
3.51625e-06
-4.50774e-07
2.87974e-06
-3.80465e-07
2.33949e-06
-3.11171e-07
1.86296e-06
-2.59283e-07
1.44434e-06
-2.27561e-07
1.08072e-06
-2.17118e-07
7.64945e-07
-2.11548e-07
4.90088e-07
-2.03005e-07
2.49597e-07
-1.90423e-07
3.75933e-08
-1.76643e-07
-1.50757e-07
-1.65037e-07
-3.18532e-07
-1.57619e-07
-4.68757e-07
-1.53171e-07
-6.05202e-07
-1.51229e-07
-7.29699e-07
-1.50788e-07
-8.43527e-07
-1.5062e-07
-9.48096e-07
-1.50092e-07
-1.04457e-06
-1.48716e-07
-1.13417e-06
-1.46417e-07
-1.21758e-06
-1.42871e-07
-1.29625e-06
-1.38555e-07
-1.37024e-06
-1.33217e-07
-1.4407e-06
-1.27836e-07
-1.50437e-06
-1.23708e-07
-1.28222e-07
5.34041e-05
-1.68452e-06
5.35742e-05
-1.75188e-06
5.36999e-05
-1.8199e-06
5.37812e-05
-1.88731e-06
5.3819e-05
-1.95154e-06
5.38145e-05
-2.00716e-06
5.37694e-05
-2.05069e-06
5.3686e-05
-2.08108e-06
5.35664e-05
-2.09824e-06
5.34116e-05
-2.10232e-06
5.32218e-05
-2.09395e-06
5.29972e-05
-2.07385e-06
5.27382e-05
-2.04313e-06
5.24457e-05
-2.00293e-06
5.21206e-05
-1.9544e-06
5.17639e-05
-1.89904e-06
5.13766e-05
-1.83871e-06
5.09598e-05
-1.77545e-06
5.05144e-05
-1.71147e-06
5.00414e-05
-1.64889e-06
4.95414e-05
-1.59011e-06
4.90166e-05
-1.53797e-06
4.84668e-05
-1.4909e-06
4.78922e-05
-1.45039e-06
4.72925e-05
-1.41737e-06
4.66673e-05
-1.39239e-06
4.60155e-05
-1.37563e-06
4.53358e-05
-1.36699e-06
4.46265e-05
-1.36603e-06
4.38854e-05
-1.37217e-06
4.31101e-05
-1.38459e-06
4.22976e-05
-1.40242e-06
4.1445e-05
-1.42465e-06
4.05487e-05
-1.45026e-06
3.96051e-05
-1.47807e-06
3.86106e-05
-1.50697e-06
3.75612e-05
-1.53562e-06
3.64531e-05
-1.56285e-06
3.52823e-05
-1.58721e-06
3.40455e-05
-1.60751e-06
3.27394e-05
-1.62216e-06
3.13619e-05
-1.63002e-06
2.99115e-05
-1.62874e-06
2.83856e-05
-1.61275e-06
2.67866e-05
-1.58647e-06
2.51162e-05
-1.54797e-06
2.33782e-05
-1.49355e-06
2.15789e-05
-1.4211e-06
1.97286e-05
-1.33056e-06
1.78391e-05
-1.22058e-06
1.59245e-05
-1.09375e-06
1.40082e-05
-9.55578e-07
1.21192e-05
-8.13268e-07
1.02935e-05
-6.77883e-07
8.58142e-06
-5.64098e-07
7.02387e-06
-4.84272e-07
5.66989e-06
-4.48735e-07
4.52774e-06
-4.17991e-07
3.58327e-06
-3.74888e-07
2.80203e-06
-3.0883e-07
2.14595e-06
-2.29526e-07
1.58503e-06
-1.61884e-07
1.0896e-06
-1.25365e-07
6.56755e-07
-1.25068e-07
2.85523e-07
-1.37318e-07
-3.07153e-08
-1.34536e-07
-3.00114e-07
-1.11066e-07
-5.31302e-07
-7.99835e-08
-7.32561e-07
-5.80237e-08
-9.08969e-07
-5.11528e-08
-1.07122e-06
-5.4868e-08
-1.22087e-06
-6.19018e-08
-1.35717e-06
-6.66975e-08
-1.48002e-06
-6.75757e-08
-1.59073e-06
-6.59344e-08
-1.69187e-06
-6.3893e-08
-1.78653e-06
-6.29659e-08
-1.87613e-06
-6.35685e-08
-1.96196e-06
-6.5399e-08
-2.04489e-06
-6.78535e-08
-2.12523e-06
-7.02845e-08
-2.20304e-06
-7.22787e-08
-2.27822e-06
-7.35342e-08
-2.3507e-06
-7.39379e-08
-2.42017e-06
-7.34074e-08
-2.48648e-06
-7.22469e-08
-2.54881e-06
-7.08824e-08
-2.60601e-06
-7.06321e-08
-2.65698e-06
-7.27413e-08
-7.71543e-08
5.10709e-05
-1.45858e-06
5.07794e-05
-1.4604e-06
5.04232e-05
-1.46374e-06
5.00027e-05
-1.46679e-06
4.95186e-05
-1.46741e-06
4.89746e-05
-1.46318e-06
4.8375e-05
-1.45112e-06
4.77244e-05
-1.43041e-06
4.70286e-05
-1.4025e-06
4.62927e-05
-1.36634e-06
4.55209e-05
-1.32219e-06
4.47178e-05
-1.27074e-06
4.38876e-05
-1.21291e-06
4.30343e-05
-1.14969e-06
4.21621e-05
-1.0822e-06
4.12748e-05
-1.01173e-06
4.03759e-05
-9.39754e-07
3.94684e-05
-8.67934e-07
3.85549e-05
-7.98002e-07
3.76376e-05
-7.31593e-07
3.67176e-05
-6.70145e-07
3.57943e-05
-6.14652e-07
3.48689e-05
-5.65495e-07
3.39414e-05
-5.22905e-07
3.30111e-05
-4.87027e-07
3.20765e-05
-4.5783e-07
3.11359e-05
-4.35036e-07
3.0187e-05
-4.18115e-07
2.92274e-05
-4.06342e-07
2.82541e-05
-3.98868e-07
2.72642e-05
-3.94781e-07
2.6255e-05
-3.9315e-07
2.52234e-05
-3.93042e-07
2.41667e-05
-3.93551e-07
2.30824e-05
-3.93796e-07
2.19684e-05
-3.92965e-07
2.08231e-05
-3.90307e-07
1.96454e-05
-3.85215e-07
1.84354e-05
-3.77196e-07
1.7194e-05
-3.66045e-07
1.59235e-05
-3.51731e-07
1.46283e-05
-3.34785e-07
1.33155e-05
-3.15924e-07
1.19997e-05
-2.96952e-07
1.0693e-05
-2.798e-07
9.41071e-06
-2.65671e-07
8.17207e-06
-2.54909e-07
6.99738e-06
-2.46413e-07
5.90534e-06
-2.38517e-07
4.91581e-06
-2.31059e-07
4.02966e-06
-2.07591e-07
3.24597e-06
-1.71895e-07
2.55812e-06
-1.25416e-07
1.95691e-06
-7.66736e-08
1.43137e-06
-3.85505e-08
9.70165e-07
-2.30703e-08
5.52453e-07
-3.10241e-08
1.86567e-07
-5.21041e-08
-1.25519e-07
-6.28025e-08
-3.8338e-07
-5.09684e-08
-5.89665e-07
-2.32404e-08
-7.5481e-07
3.26053e-09
-8.94497e-07
1.43219e-08
-1.02585e-06
6.28842e-09
-1.15588e-06
-7.29042e-09
-1.27501e-06
-1.54091e-08
-1.37286e-06
-1.32188e-08
-1.44725e-06
-5.58419e-09
-1.50562e-06
3.40689e-10
-1.55803e-06
1.25344e-09
-1.61073e-06
-2.16497e-09
-1.66582e-06
-6.8122e-09
-1.72212e-06
-1.04e-08
-1.77746e-06
-1.2229e-08
-1.83058e-06
-1.2812e-08
-1.88147e-06
-1.30122e-08
-1.93099e-06
-1.34455e-08
-1.98027e-06
-1.42856e-08
-2.03015e-06
-1.55129e-08
-2.08105e-06
-1.69563e-08
-2.13294e-06
-1.83961e-08
-2.18554e-06
-1.96756e-08
-2.2384e-06
-2.06819e-08
-2.29096e-06
-2.13696e-08
-2.34264e-06
-2.1727e-08
-2.39297e-06
-2.19266e-08
-2.44137e-06
-2.24787e-08
-2.48744e-06
-2.45612e-08
-2.53147e-06
-2.87089e-08
-3.2528e-08
3.50029e-05
3.35425e-05
3.20787e-05
3.0612e-05
2.91445e-05
2.76814e-05
2.62302e-05
2.47998e-05
2.33973e-05
2.2031e-05
2.07088e-05
1.9438e-05
1.82251e-05
1.70755e-05
1.59933e-05
1.49815e-05
1.40418e-05
1.31738e-05
1.23758e-05
1.16442e-05
1.09741e-05
1.03594e-05
9.79395e-06
9.27105e-06
8.78402e-06
8.32619e-06
7.89115e-06
7.47304e-06
7.0667e-06
6.66783e-06
6.27305e-06
5.8799e-06
5.48686e-06
5.09331e-06
4.69951e-06
4.30655e-06
3.91624e-06
3.53102e-06
3.15383e-06
2.78778e-06
2.43605e-06
2.10127e-06
1.78534e-06
1.48839e-06
1.20859e-06
9.4292e-07
6.88011e-07
4.41598e-07
2.03082e-07
-2.79774e-08
-2.35569e-07
-4.07464e-07
-5.3288e-07
-6.09554e-07
-6.48104e-07
-6.71175e-07
-7.02199e-07
-7.54303e-07
-8.17105e-07
-8.68074e-07
-8.91314e-07
-8.88054e-07
-8.73732e-07
-8.67443e-07
-8.74734e-07
-8.90143e-07
-9.03362e-07
-9.08946e-07
-9.08605e-07
-9.07352e-07
-9.09517e-07
-9.16329e-07
-9.26729e-07
-9.38958e-07
-9.5177e-07
-9.64782e-07
-9.78228e-07
-9.92513e-07
-1.00803e-06
-1.02498e-06
-1.04338e-06
-1.06305e-06
-1.08374e-06
-1.10511e-06
-1.12683e-06
-1.14876e-06
-1.17124e-06
-1.1958e-06
-1.22451e-06
)
;

boundaryField
{
    fixedWalls
    {
        type            calculated;
        value           uniform 0;
    }
    inflowWall
    {
        type            calculated;
        value           nonuniform List<scalar> 10(-5e-05 -5e-05 -5e-05 -5e-05 -5e-05 -5e-05 -5e-05 -5e-05 -5e-05 -5e-05);
    }
    outflowWall
    {
        type            calculated;
        value           nonuniform List<scalar> 
20
(
1.21748e-05
2.56963e-05
3.45638e-05
4.16277e-05
4.69093e-05
4.99389e-05
5.05746e-05
4.92456e-05
4.66656e-05
4.30679e-05
3.78439e-05
3.03001e-05
2.09696e-05
1.20549e-05
5.4308e-06
1.04194e-06
-1.56448e-06
-2.70805e-06
-2.5761e-06
-1.25704e-06
)
;
    }
    frontAndBack
    {
        type            empty;
        value           nonuniform List<scalar> 0();
    }
}


// ************************************************************************* //
