/*--------------------------------*- C++ -*----------------------------------*\
| =========                 |                                                 |
| \\      /  F ield         | OpenFOAM: The Open Source CFD Toolbox           |
|  \\    /   O peration     | Version:  2306                                  |
|   \\  /    A nd           | Website:  www.openfoam.com                      |
|    \\/     M anipulation  |                                                 |
\*---------------------------------------------------------------------------*/
FoamFile
{
    version     2.0;
    format      ascii;
    arch        "LSB;label=32;scalar=64";
    class       volVectorField;
    location    "3.93";
    object      U;
}
// * * * * * * * * * * * * * * * * * * * * * * * * * * * * * * * * * * * * * //

dimensions      [0 1 -1 0 0 0 0];

internalField   nonuniform List<vector> 
1900
(
(0.984285 0.00728506 0)
(0.96175 0.0216894 0)
(0.952349 0.0181665 0)
(0.918701 0.0253071 0)
(0.903455 0.015425 0)
(0.863087 0.0257503 0)
(0.852341 0.0115717 0)
(0.812025 0.0267212 0)
(0.809802 0.00451223 0)
(0.77063 0.0259425 0)
(1.00256 0.0115578 0)
(1.00445 0.0258585 0)
(1.01945 0.0289564 0)
(1.02198 0.0304449 0)
(1.0349 0.0279873 0)
(1.03399 0.0283946 0)
(1.0441 0.025748 0)
(1.04284 0.0250397 0)
(1.05128 0.0205863 0)
(1.05237 0.0160828 0)
(1.00048 0.00388391 0)
(1.00419 0.0111501 0)
(1.01256 0.0139877 0)
(1.02113 0.015772 0)
(1.03155 0.0146879 0)
(1.04055 0.014387 0)
(1.05 0.0123277 0)
(1.05842 0.0108648 0)
(1.0669 0.00721649 0)
(1.07475 0.00302635 0)
(1.00007 0.00207486 0)
(1.00313 0.0058365 0)
(1.00888 0.00804289 0)
(1.01649 0.00901644 0)
(1.02528 0.00852802 0)
(1.03432 0.0074172 0)
(1.04325 0.00562248 0)
(1.05182 0.00344201 0)
(1.05999 0.000592587 0)
(1.06767 -0.00295272 0)
(1.00003 0.000422394 0)
(1.00261 0.00116498 0)
(1.00738 0.00142227 0)
(1.01402 0.00113382 0)
(1.02192 0.00022627 0)
(1.03035 -0.00115043 0)
(1.03879 -0.00295964 0)
(1.04692 -0.00518214 0)
(1.05459 -0.00786347 0)
(1.06173 -0.0110693 0)
(1.00003 -0.00106264 0)
(1.00255 -0.00303337 0)
(1.0072 -0.00476032 0)
(1.01366 -0.00620506 0)
(1.02132 -0.00751319 0)
(1.02948 -0.00888655 0)
(1.03757 -0.0105112 0)
(1.04531 -0.012499 0)
(1.05257 -0.0148904 0)
(1.05933 -0.0176564 0)
(1.00003 -0.00271217 0)
(1.00303 -0.00743711 0)
(1.00836 -0.0110673 0)
(1.01545 -0.0135085 0)
(1.02346 -0.015139 0)
(1.03162 -0.0165082 0)
(1.03948 -0.0180219 0)
(1.04687 -0.0198584 0)
(1.05378 -0.0220112 0)
(1.06025 -0.0243907 0)
(1.00004 -0.00477032 0)
(1.00441 -0.0122364 0)
(1.01137 -0.0169226 0)
(1.01979 -0.0193563 0)
(1.02838 -0.0206863 0)
(1.03638 -0.0218618 0)
(1.04357 -0.0233314 0)
(1.05004 -0.0251225 0)
(1.0559 -0.0270943 0)
(1.06119 -0.0291137 0)
(1.00006 -0.0121193 0)
(1.00721 -0.0259534 0)
(1.01558 -0.031432 0)
(1.02287 -0.0325821 0)
(1.02792 -0.0326674 0)
(1.03071 -0.0330446 0)
(1.03171 -0.033826 0)
(1.03139 -0.0347489 0)
(1.02997 -0.0355978 0)
(1.02745 -0.0363138 0)
(0.980777 -0.00916367 0)
(0.964585 -0.018822 0)
(0.945455 -0.0220469 0)
(0.920785 -0.0221867 0)
(0.891991 -0.021741 0)
(0.861671 -0.0215804 0)
(0.831423 -0.0216132 0)
(0.801726 -0.0216041 0)
(0.772507 -0.0214292 0)
(0.743524 -0.0211042 0)
(0.000206667 -0.000108333 0)
(0.000343922 -1.93157e-05 0)
(8.25936e-05 2.75451e-05 0)
(-0.000397338 5.59583e-05 0)
(-0.00103689 7.31325e-05 0)
(-0.0017949 8.99521e-05 0)
(-0.00265847 0.000109795 0)
(-0.00362288 0.000131416 0)
(-0.0046829 0.000153529 0)
(-0.00583219 0.000175451 0)
(-0.00706381 0.000196818 0)
(-0.0083705 0.000217389 0)
(-0.00974498 0.000236941 0)
(-0.0111801 0.000255279 0)
(-0.0126691 0.000272242 0)
(-0.0142055 0.000287715 0)
(-0.0157834 0.000301633 0)
(-0.0173976 0.000313978 0)
(-0.0190434 0.000324759 0)
(-0.0207173 0.00033403 0)
(-0.0224166 0.000341898 0)
(-0.02414 0.000348494 0)
(-0.0258879 0.000353941 0)
(-0.0276617 0.000358325 0)
(-0.0294645 0.000361674 0)
(-0.0313006 0.000363906 0)
(-0.033176 0.000364722 0)
(-0.0350973 0.000363483 0)
(-0.0370723 0.000359114 0)
(-0.0391089 0.000350043 0)
(-0.041216 0.000334294 0)
(-0.0434037 0.000309989 0)
(-0.0456856 0.000276431 0)
(-0.0480824 0.000235631 0)
(-0.050627 0.000193995 0)
(-0.0533696 0.00016419 0)
(-0.0563841 0.000166908 0)
(-0.0597732 0.000231962 0)
(-0.0636716 0.000397877 0)
(-0.0682437 0.000708605 0)
(-0.0736734 0.00120529 0)
(-0.0801428 0.00191248 0)
(-0.0877994 0.00282307 0)
(-0.0967177 0.003888 0)
(-0.106859 0.00501701 0)
(-0.118046 0.00609182 0)
(-0.129961 0.00698818 0)
(-0.142169 0.00759587 0)
(-0.154155 0.00783692 0)
(-0.165389 0.00769344 0)
(-0.175377 0.00721788 0)
(-0.183657 0.00650304 0)
(-0.18982 0.00562085 0)
(-0.193596 0.00461293 0)
(-0.194766 0.00343262 0)
(-0.193274 0.00206685 0)
(-0.189154 0.000651397 0)
(-0.182395 -0.000769129 0)
(-0.173119 -0.00214177 0)
(-0.161498 -0.00342386 0)
(-0.147726 -0.00459918 0)
(-0.132079 -0.00562446 0)
(-0.114801 -0.00648696 0)
(-0.0961908 -0.00718548 0)
(-0.0765449 -0.00771305 0)
(-0.0561494 -0.00802128 0)
(-0.0354134 -0.00817626 0)
(-0.0144392 -0.00819408 0)
(0.00627721 -0.00807379 0)
(0.0268253 -0.00783636 0)
(0.0465824 -0.00747679 0)
(0.0658665 -0.00704128 0)
(0.0839343 -0.00651399 0)
(0.101363 -0.0059575 0)
(0.117263 -0.00535264 0)
(0.132485 -0.00477433 0)
(0.145963 -0.00417177 0)
(0.158873 -0.00362779 0)
(0.169898 -0.0030705 0)
(0.180611 -0.00260216 0)
(0.189318 -0.00212582 0)
(0.198127 -0.00176705 0)
(0.204772 -0.00139756 0)
(0.212122 -0.00117351 0)
(0.21701 -0.000927906 0)
(0.223507 -0.000861188 0)
(0.226895 -0.000746802 0)
(0.233346 -0.000868353 0)
(0.23524 -0.000839053 0)
(0.242981 -0.00127142 0)
(6.15819e-05 -0.000517276 0)
(-0.000524523 0.000141569 0)
(-0.00201452 0.000708599 0)
(-0.00391531 0.00110743 0)
(-0.00619508 0.00138163 0)
(-0.00878179 0.00159966 0)
(-0.0116397 0.0017974 0)
(-0.0147417 0.00198231 0)
(-0.0180599 0.00215424 0)
(-0.0215671 0.0023124 0)
(-0.0252383 0.00245622 0)
(-0.0290495 0.00258557 0)
(-0.0329784 0.00270085 0)
(-0.0370049 0.00280275 0)
(-0.0411111 0.00289219 0)
(-0.0452816 0.00297024 0)
(-0.0495038 0.00303814 0)
(-0.053768 0.00309727 0)
(-0.0580671 0.0031492 0)
(-0.0623977 0.00319595 0)
(-0.0667596 0.00324003 0)
(-0.0711564 0.00328417 0)
(-0.0755953 0.00333121 0)
(-0.080087 0.00338409 0)
(-0.0846459 0.00344581 0)
(-0.0892898 0.00351944 0)
(-0.0940401 0.00360795 0)
(-0.0989216 0.00371404 0)
(-0.103962 0.00384035 0)
(-0.109192 0.00398982 0)
(-0.114646 0.00416653 0)
(-0.120359 0.00437726 0)
(-0.126372 0.00463352 0)
(-0.132727 0.00495306 0)
(-0.139472 0.00535978 0)
(-0.146653 0.00588362 0)
(-0.154311 0.00655862 0)
(-0.162476 0.00741851 0)
(-0.171152 0.008489 0)
(-0.180313 0.00977666 0)
(-0.189886 0.0112556 0)
(-0.199744 0.0128565 0)
(-0.209702 0.0144669 0)
(-0.219511 0.0159353 0)
(-0.22887 0.0170894 0)
(-0.237442 0.0177629 0)
(-0.244873 0.0178238 0)
(-0.250811 0.0171867 0)
(-0.254903 0.0158154 0)
(-0.256822 0.0137564 0)
(-0.256302 0.0111069 0)
(-0.25315 0.00789987 0)
(-0.247305 0.00425424 0)
(-0.238778 0.000316384 0)
(-0.227549 -0.0037911 0)
(-0.213621 -0.00795829 0)
(-0.197042 -0.0120514 0)
(-0.177987 -0.0159742 0)
(-0.156585 -0.0196505 0)
(-0.133142 -0.0229457 0)
(-0.107783 -0.0258713 0)
(-0.0809023 -0.0283643 0)
(-0.0527165 -0.0304494 0)
(-0.0235288 -0.0320966 0)
(0.00629089 -0.0332815 0)
(0.0367992 -0.0340085 0)
(0.0670679 -0.034314 0)
(0.0976258 -0.0342192 0)
(0.127199 -0.0337556 0)
(0.156944 -0.0329768 0)
(0.184982 -0.0318847 0)
(0.213162 -0.0305774 0)
(0.238977 -0.0290335 0)
(0.265071 -0.0273854 0)
(0.288187 -0.0255802 0)
(0.311917 -0.0237824 0)
(0.332072 -0.0218954 0)
(0.353423 -0.0201107 0)
(0.370519 -0.0182827 0)
(0.38968 -0.01664 0)
(0.403732 -0.014981 0)
(0.421084 -0.0135825 0)
(0.432178 -0.0121747 0)
(0.448281 -0.0111002 0)
(0.456522 -0.0100019 0)
(0.472111 -0.00931643 0)
(0.477584 -0.00856557 0)
(0.493558 -0.00833002 0)
(0.496286 -0.00794433 0)
(0.513655 -0.00824546 0)
(-0.000158264 0.000426652 0)
(-0.00193894 0.00228665 0)
(-0.00540755 0.00349467 0)
(-0.00934573 0.00429882 0)
(-0.0137199 0.00492611 0)
(-0.0184307 0.00548423 0)
(-0.0234385 0.00599759 0)
(-0.0287068 0.0064654 0)
(-0.0341843 0.00688306 0)
(-0.0398217 0.0072494 0)
(-0.0455744 0.00756492 0)
(-0.0514028 0.00783193 0)
(-0.0572728 0.00805435 0)
(-0.0631562 0.00823684 0)
(-0.06903 0.00838447 0)
(-0.0748767 0.00850261 0)
(-0.0806834 0.00859688 0)
(-0.0864414 0.00867335 0)
(-0.0921457 0.00873879 0)
(-0.0977948 0.00880013 0)
(-0.103391 0.00886441 0)
(-0.108939 0.00893876 0)
(-0.114447 0.00903014 0)
(-0.119924 0.00914531 0)
(-0.12538 0.00929088 0)
(-0.130825 0.00947327 0)
(-0.136269 0.0096984 0)
(-0.141722 0.00997119 0)
(-0.14719 0.0102957 0)
(-0.152676 0.0106756 0)
(-0.158177 0.0111139 0)
(-0.163686 0.0116141 0)
(-0.169187 0.0121807 0)
(-0.174659 0.01282 0)
(-0.180071 0.0135406 0)
(-0.18538 0.0143504 0)
(-0.190527 0.0152532 0)
(-0.195435 0.0162457 0)
(-0.200003 0.0173108 0)
(-0.204107 0.0184118 0)
(-0.207602 0.0194876 0)
(-0.210311 0.0204491 0)
(-0.212043 0.0211722 0)
(-0.212592 0.0214998 0)
(-0.211752 0.0212648 0)
(-0.209329 0.0203185 0)
(-0.205156 0.0185584 0)
(-0.199112 0.0159453 0)
(-0.191044 0.0124434 0)
(-0.180864 0.00809907 0)
(-0.168716 0.00300143 0)
(-0.154433 -0.00270313 0)
(-0.138112 -0.0089521 0)
(-0.119738 -0.0155202 0)
(-0.0992643 -0.0222293 0)
(-0.0770023 -0.0288053 0)
(-0.0528918 -0.0351763 0)
(-0.0272928 -0.0411933 0)
(-6.67213e-05 -0.0467566 0)
(0.028384 -0.0517044 0)
(0.0580691 -0.0560503 0)
(0.0885108 -0.0596519 0)
(0.119511 -0.0625816 0)
(0.151069 -0.0647774 0)
(0.182469 -0.0662585 0)
(0.21425 -0.066998 0)
(0.245108 -0.06712 0)
(0.276317 -0.0665898 0)
(0.305768 -0.0655098 0)
(0.335677 -0.0639011 0)
(0.363039 -0.0618586 0)
(0.391132 -0.0594436 0)
(0.415908 -0.0567295 0)
(0.441883 -0.0538059 0)
(0.463763 -0.0507132 0)
(0.487535 -0.0475593 0)
(0.506383 -0.0443508 0)
(0.528069 -0.041214 0)
(0.543871 -0.0381151 0)
(0.56375 -0.0351989 0)
(0.576578 -0.032386 0)
(0.595061 -0.0298475 0)
(0.605034 -0.0274524 0)
(0.622647 -0.0254102 0)
(0.629904 -0.0235284 0)
(0.647266 -0.0220734 0)
(0.651943 -0.0207743 0)
(0.669754 -0.0199843 0)
(0.671962 -0.0193297 0)
(0.690962 -0.0192753 0)
(-0.000917698 0.00120592 0)
(-0.00478135 0.00507784 0)
(-0.0106798 0.00753977 0)
(-0.016726 0.0091879 0)
(-0.0231013 0.0104153 0)
(-0.0297595 0.0113955 0)
(-0.0366181 0.0122 0)
(-0.0435822 0.0128651 0)
(-0.0505633 0.0134047 0)
(-0.0574915 0.013831 0)
(-0.064313 0.0141568 0)
(-0.0709851 0.0143944 0)
(-0.0774761 0.0145557 0)
(-0.0837635 0.0146523 0)
(-0.0898323 0.0146957 0)
(-0.095673 0.0146968 0)
(-0.10128 0.0146658 0)
(-0.106651 0.0146124 0)
(-0.111786 0.0145467 0)
(-0.116688 0.0144782 0)
(-0.121357 0.0144158 0)
(-0.125799 0.0143678 0)
(-0.130013 0.0143411 0)
(-0.134002 0.0143414 0)
(-0.137763 0.0143735 0)
(-0.141291 0.0144408 0)
(-0.14458 0.0145459 0)
(-0.147616 0.0146887 0)
(-0.150385 0.0148672 0)
(-0.152863 0.015078 0)
(-0.155023 0.0153166 0)
(-0.15683 0.015578 0)
(-0.15824 0.0158571 0)
(-0.159199 0.0161513 0)
(-0.15965 0.0164615 0)
(-0.15952 0.0167862 0)
(-0.158729 0.0171175 0)
(-0.157184 0.0174386 0)
(-0.154776 0.0177176 0)
(-0.151383 0.0179021 0)
(-0.146869 0.0179205 0)
(-0.1411 0.017686 0)
(-0.133972 0.0170921 0)
(-0.125369 0.0159811 0)
(-0.1152 0.0141879 0)
(-0.103391 0.0115831 0)
(-0.0898849 0.0080687 0)
(-0.074804 0.00363074 0)
(-0.0580631 -0.00169075 0)
(-0.0397543 -0.0078512 0)
(-0.01995 -0.0148058 0)
(0.00144706 -0.0223311 0)
(0.0243582 -0.0302075 0)
(0.0484973 -0.0382042 0)
(0.0741498 -0.0462538 0)
(0.100818 -0.0541433 0)
(0.128858 -0.0617702 0)
(0.157686 -0.0689325 0)
(0.187636 -0.0755327 0)
(0.218049 -0.0813294 0)
(0.249204 -0.086417 0)
(0.280586 -0.09056 0)
(0.312124 -0.0938633 0)
(0.343669 -0.0961366 0)
(0.374712 -0.0975379 0)
(0.405649 -0.0979413 0)
(0.435367 -0.0975454 0)
(0.465015 -0.0962747 0)
(0.492725 -0.0943353 0)
(0.520559 -0.0916898 0)
(0.545746 -0.0885469 0)
(0.571434 -0.084901 0)
(0.593772 -0.0809472 0)
(0.617181 -0.0766988 0)
(0.636522 -0.0723218 0)
(0.657706 -0.0678411 0)
(0.674046 -0.0633859 0)
(0.69321 -0.0589924 0)
(0.706649 -0.0547448 0)
(0.724115 -0.0506938 0)
(0.734817 -0.0468727 0)
(0.750995 -0.0433568 0)
(0.759154 -0.0401216 0)
(0.774519 -0.0372819 0)
(0.780337 -0.0347459 0)
(0.795412 -0.0326882 0)
(0.799082 -0.0309345 0)
(0.81443 -0.0297462 0)
(0.81612 -0.0288429 0)
(0.832333 -0.0286003 0)
(-0.00127263 0.00690441 0)
(-0.00685236 0.0137348 0)
(-0.0154693 0.0163469 0)
(-0.0239633 0.017498 0)
(-0.0324814 0.0183341 0)
(-0.0407785 0.0191284 0)
(-0.0487252 0.0198293 0)
(-0.0562792 0.0203579 0)
(-0.0634093 0.0206942 0)
(-0.0700812 0.0208638 0)
(-0.0762748 0.0208953 0)
(-0.0819819 0.0208136 0)
(-0.0872037 0.0206407 0)
(-0.0919475 0.0203959 0)
(-0.0962251 0.0200962 0)
(-0.10005 0.0197561 0)
(-0.103438 0.0193881 0)
(-0.106401 0.0190023 0)
(-0.108952 0.0186081 0)
(-0.111102 0.0182148 0)
(-0.112859 0.0178302 0)
(-0.11423 0.017461 0)
(-0.115217 0.0171117 0)
(-0.115819 0.0167848 0)
(-0.116031 0.0164807 0)
(-0.115841 0.0161988 0)
(-0.115238 0.0159382 0)
(-0.114202 0.0156936 0)
(-0.112712 0.0154567 0)
(-0.110738 0.0152177 0)
(-0.108246 0.0149654 0)
(-0.105197 0.0146874 0)
(-0.10154 0.0143719 0)
(-0.0972174 0.0140103 0)
(-0.0921703 0.0136019 0)
(-0.0863284 0.0131395 0)
(-0.0796128 0.012602 0)
(-0.0719381 0.0119643 0)
(-0.0632111 0.0111914 0)
(-0.0533286 0.0102306 0)
(-0.0421729 0.00900387 0)
(-0.0296373 0.00740247 0)
(-0.0157195 0.00531923 0)
(-0.000344589 0.00265813 0)
(0.0164964 -0.000697927 0)
(0.0347614 -0.00483315 0)
(0.054514 -0.00983017 0)
(0.0755386 -0.0157259 0)
(0.0980234 -0.0225 0)
(0.121681 -0.0300539 0)
(0.146632 -0.0382089 0)
(0.172516 -0.0468692 0)
(0.199675 -0.0558842 0)
(0.22749 -0.0650085 0)
(0.256482 -0.0741436 0)
(0.285889 -0.0830058 0)
(0.316306 -0.0915228 0)
(0.34685 -0.0993979 0)
(0.378117 -0.106599 0)
(0.409172 -0.112841 0)
(0.440547 -0.118176 0)
(0.47139 -0.12236 0)
(0.502072 -0.125512 0)
(0.531952 -0.127435 0)
(0.561158 -0.128318 0)
(0.589423 -0.12802 0)
(0.616508 -0.126781 0)
(0.642681 -0.124505 0)
(0.667196 -0.121468 0)
(0.691001 -0.117605 0)
(0.712685 -0.113209 0)
(0.734032 -0.10823 0)
(0.752795 -0.10296 0)
(0.771762 -0.0973529 0)
(0.787658 -0.0916795 0)
(0.804451 -0.0858877 0)
(0.817629 -0.0802186 0)
(0.832544 -0.0746138 0)
(0.843206 -0.0692776 0)
(0.856595 -0.0641495 0)
(0.864968 -0.0593931 0)
(0.877219 -0.0549545 0)
(0.88353 -0.050954 0)
(0.89505 -0.0473564 0)
(0.89951 -0.0442344 0)
(0.91072 -0.0415865 0)
(0.913516 -0.0394302 0)
(0.924849 -0.037817 0)
(0.926134 -0.036698 0)
(0.938033 -0.0362027 0)
(-0.00367522 0.00677187 0)
(-0.0134974 0.0171968 0)
(-0.0245617 0.0219128 0)
(-0.0337054 0.024583 0)
(-0.0420131 0.0261956 0)
(-0.0496778 0.0270682 0)
(-0.0566542 0.0273749 0)
(-0.0628118 0.0272991 0)
(-0.0680545 0.0269777 0)
(-0.0723819 0.026482 0)
(-0.075848 0.0258586 0)
(-0.0785105 0.0251401 0)
(-0.0804273 0.0243544 0)
(-0.0816539 0.0235241 0)
(-0.0822413 0.0226669 0)
(-0.0822362 0.0217965 0)
(-0.0816796 0.0209234 0)
(-0.0806049 0.0200536 0)
(-0.0790403 0.0191927 0)
(-0.0770086 0.0183465 0)
(-0.0745273 0.017519 0)
(-0.0716089 0.0167123 0)
(-0.0682599 0.0159257 0)
(-0.0644801 0.0151563 0)
(-0.0602632 0.0143995 0)
(-0.0555928 0.0136495 0)
(-0.0504608 0.0129061 0)
(-0.0448425 0.0121608 0)
(-0.0387113 0.0113998 0)
(-0.0320365 0.0106087 0)
(-0.0247835 0.00977218 0)
(-0.0169106 0.0088736 0)
(-0.00836796 0.0078943 0)
(0.000921751 0.00680891 0)
(0.0109924 0.00558916 0)
(0.0218945 0.00421744 0)
(0.0337156 0.0026852 0)
(0.0465297 0.000967244 0)
(0.0604178 -0.000977298 0)
(0.0754556 -0.00320145 0)
(0.0917176 -0.00576499 0)
(0.109268 -0.00874846 0)
(0.128128 -0.0122441 0)
(0.148341 -0.0163587 0)
(0.169994 -0.0211829 0)
(0.192898 -0.0267556 0)
(0.217177 -0.0331271 0)
(0.242517 -0.0402601 0)
(0.269127 -0.0481622 0)
(0.296557 -0.0567354 0)
(0.325105 -0.0658881 0)
(0.354163 -0.0754284 0)
(0.384174 -0.0852372 0)
(0.414364 -0.095055 0)
(0.445285 -0.104761 0)
(0.476013 -0.114065 0)
(0.507199 -0.122869 0)
(0.537781 -0.130875 0)
(0.568481 -0.138035 0)
(0.598151 -0.144072 0)
(0.627566 -0.149011 0)
(0.655572 -0.152625 0)
(0.682976 -0.155029 0)
(0.708711 -0.15605 0)
(0.73356 -0.155889 0)
(0.756638 -0.154423 0)
(0.778623 -0.151923 0)
(0.798902 -0.148302 0)
(0.817934 -0.143886 0)
(0.835475 -0.138606 0)
(0.85164 -0.132813 0)
(0.866654 -0.126437 0)
(0.880151 -0.119835 0)
(0.892943 -0.112918 0)
(0.904039 -0.106033 0)
(0.914959 -0.0990615 0)
(0.923938 -0.0923329 0)
(0.933345 -0.085699 0)
(0.940481 -0.0794684 0)
(0.948723 -0.0734663 0)
(0.954262 -0.0679818 0)
(0.961667 -0.0628199 0)
(0.965822 -0.0582525 0)
(0.972697 -0.0540728 0)
(0.975641 -0.0505372 0)
(0.982278 -0.0474365 0)
(0.984147 -0.0450117 0)
(0.990827 -0.043063 0)
(0.991714 -0.0418138 0)
(0.998707 -0.041089 0)
(-0.00179495 0.0287787 0)
(-0.00959553 0.0405077 0)
(-0.0241481 0.0404419 0)
(-0.0356045 0.0380309 0)
(-0.0446958 0.0362005 0)
(-0.0511677 0.0347316 0)
(-0.0553175 0.0332713 0)
(-0.0575401 0.031744 0)
(-0.0581955 0.0301632 0)
(-0.0575596 0.0285532 0)
(-0.0558206 0.0269371 0)
(-0.053124 0.0253283 0)
(-0.0495935 0.0237438 0)
(-0.0453333 0.0221951 0)
(-0.0404313 0.0206881 0)
(-0.0349602 0.0192254 0)
(-0.028986 0.0178082 0)
(-0.0225495 0.0164276 0)
(-0.0156901 0.0150823 0)
(-0.00843916 0.0137747 0)
(-0.000816984 0.0125042 0)
(0.00716153 0.0112682 0)
(0.0154918 0.0100609 0)
(0.0241803 0.00887148 0)
(0.0332338 0.00768944 0)
(0.042698 0.00649778 0)
(0.0525595 0.00527492 0)
(0.062852 0.00400816 0)
(0.0736151 0.00269085 0)
(0.0848879 0.00130873 0)
(0.0967092 -0.0001585 0)
(0.10913 -0.00173438 0)
(0.122187 -0.00344196 0)
(0.135948 -0.00530444 0)
(0.150447 -0.007347 0)
(0.165738 -0.00960354 0)
(0.181912 -0.0121009 0)
(0.199028 -0.0148705 0)
(0.217151 -0.0179477 0)
(0.236323 -0.0213838 0)
(0.256622 -0.0252288 0)
(0.278047 -0.0295457 0)
(0.300687 -0.0343798 0)
(0.324452 -0.0398025 0)
(0.34945 -0.0458811 0)
(0.375461 -0.0526488 0)
(0.402597 -0.0601245 0)
(0.430508 -0.068276 0)
(0.459349 -0.0770677 0)
(0.488639 -0.0863909 0)
(0.518599 -0.0961404 0)
(0.548594 -0.106122 0)
(0.578938 -0.116193 0)
(0.608849 -0.126111 0)
(0.638756 -0.135724 0)
(0.667732 -0.144763 0)
(0.696349 -0.153103 0)
(0.723546 -0.16048 0)
(0.750063 -0.166825 0)
(0.774736 -0.171899 0)
(0.798486 -0.175719 0)
(0.820086 -0.178095 0)
(0.840642 -0.179139 0)
(0.858915 -0.178724 0)
(0.876162 -0.17706 0)
(0.891162 -0.174065 0)
(0.905261 -0.17003 0)
(0.917282 -0.164901 0)
(0.928575 -0.159026 0)
(0.938049 -0.15235 0)
(0.94697 -0.145254 0)
(0.954376 -0.137656 0)
(0.961365 -0.129945 0)
(0.967165 -0.122001 0)
(0.972622 -0.114207 0)
(0.977219 -0.106396 0)
(0.981473 -0.098946 0)
(0.985201 -0.0916389 0)
(0.988509 -0.0848502 0)
(0.99163 -0.0783147 0)
(0.994184 -0.0724106 0)
(0.996906 -0.0668288 0)
(0.998842 -0.0619575 0)
(1.00133 -0.0574478 0)
(1.00274 -0.0537056 0)
(1.00513 -0.0503457 0)
(1.00608 -0.0477981 0)
(1.00849 -0.0456448 0)
(1.00897 -0.0443451 0)
(1.01149 -0.0434503 0)
(-0.0196482 0.00822582 0)
(-0.0379487 0.0319133 0)
(-0.0411968 0.0392472 0)
(-0.0433431 0.0400407 0)
(-0.0422636 0.038384 0)
(-0.0388223 0.0356274 0)
(-0.0334731 0.0325598 0)
(-0.0265537 0.0295092 0)
(-0.0183227 0.0265826 0)
(-0.00906089 0.0238408 0)
(0.00104522 0.0212652 0)
(0.0118371 0.0188283 0)
(0.0231613 0.016526 0)
(0.0349075 0.0143526 0)
(0.0469872 0.0122998 0)
(0.0593417 0.0103579 0)
(0.0718846 0.00852192 0)
(0.0846238 0.00678682 0)
(0.0975317 0.00513456 0)
(0.110578 0.00353926 0)
(0.123758 0.00198151 0)
(0.137065 0.00044742 0)
(0.150503 -0.00107303 0)
(0.164107 -0.00258841 0)
(0.177885 -0.00411284 0)
(0.191886 -0.00566564 0)
(0.206118 -0.00726905 0)
(0.220631 -0.0089479 0)
(0.235478 -0.0107221 0)
(0.250708 -0.0126123 0)
(0.266359 -0.0146395 0)
(0.282488 -0.0168295 0)
(0.299138 -0.0192061 0)
(0.316363 -0.021797 0)
(0.334212 -0.0246216 0)
(0.352734 -0.0277038 0)
(0.371981 -0.0310718 0)
(0.391995 -0.0347639 0)
(0.412824 -0.038811 0)
(0.434484 -0.0432555 0)
(0.457019 -0.0481329 0)
(0.480402 -0.0534898 0)
(0.504667 -0.0593612 0)
(0.529716 -0.0657872 0)
(0.555561 -0.072791 0)
(0.582012 -0.0803823 0)
(0.609059 -0.0885413 0)
(0.636405 -0.0972209 0)
(0.664042 -0.106345 0)
(0.691565 -0.115804 0)
(0.719001 -0.125468 0)
(0.745819 -0.135167 0)
(0.772125 -0.144737 0)
(0.797274 -0.153964 0)
(0.821512 -0.162674 0)
(0.844085 -0.170639 0)
(0.865433 -0.177713 0)
(0.884703 -0.183684 0)
(0.902583 -0.188472 0)
(0.918121 -0.191906 0)
(0.932286 -0.193998 0)
(0.944017 -0.194631 0)
(0.954572 -0.193921 0)
(0.962771 -0.191797 0)
(0.970141 -0.188477 0)
(0.975357 -0.183924 0)
(0.980168 -0.178439 0)
(0.983081 -0.171993 0)
(0.986011 -0.164941 0)
(0.987295 -0.157232 0)
(0.98896 -0.14925 0)
(0.98919 -0.140895 0)
(0.990084 -0.132563 0)
(0.989696 -0.124096 0)
(0.990167 -0.115893 0)
(0.989458 -0.107736 0)
(0.98973 -0.100034 0)
(0.988883 -0.092506 0)
(0.989085 -0.0855754 0)
(0.988201 -0.0789018 0)
(0.9884 -0.0729285 0)
(0.987528 -0.067258 0)
(0.987748 -0.0623627 0)
(0.9869 -0.0577896 0)
(0.987139 -0.0540491 0)
(0.986306 -0.0506334 0)
(0.986538 -0.0480998 0)
(0.985692 -0.0458852 0)
(0.985868 -0.0446013 0)
(0.984961 -0.0436257 0)
(-0.0190413 0.108055 0)
(-0.0182309 0.0727961 0)
(-0.0113821 0.0580634 0)
(0.00113896 0.04616 0)
(0.0175282 0.0363361 0)
(0.0360969 0.0287813 0)
(0.0558931 0.0228436 0)
(0.0762 0.0179614 0)
(0.0967864 0.0137539 0)
(0.117181 0.0100396 0)
(0.137411 0.00675157 0)
(0.15746 0.00384433 0)
(0.177202 0.00124489 0)
(0.196623 -0.00111689 0)
(0.215707 -0.00328824 0)
(0.234474 -0.00530057 0)
(0.252902 -0.00717832 0)
(0.27103 -0.00894405 0)
(0.288867 -0.01062 0)
(0.306418 -0.0122339 0)
(0.32371 -0.0138135 0)
(0.340777 -0.0153829 0)
(0.357657 -0.0169612 0)
(0.374407 -0.0185668 0)
(0.391061 -0.0202178 0)
(0.407671 -0.0219371 0)
(0.42428 -0.0237438 0)
(0.440945 -0.0256604 0)
(0.457715 -0.0277117 0)
(0.474649 -0.0299242 0)
(0.491793 -0.0323209 0)
(0.509201 -0.0349261 0)
(0.52691 -0.0377605 0)
(0.54497 -0.0408482 0)
(0.56341 -0.0442084 0)
(0.582271 -0.0478657 0)
(0.601569 -0.0518399 0)
(0.621334 -0.0561588 0)
(0.641565 -0.060842 0)
(0.662266 -0.0659175 0)
(0.683413 -0.0714029 0)
(0.704975 -0.0773244 0)
(0.726899 -0.0836942 0)
(0.749096 -0.0905301 0)
(0.771471 -0.097826 0)
(0.79387 -0.105572 0)
(0.816159 -0.11372 0)
(0.838112 -0.122213 0)
(0.859576 -0.130953 0)
(0.88026 -0.139829 0)
(0.90003 -0.148697 0)
(0.918534 -0.157403 0)
(0.935722 -0.16577 0)
(0.951208 -0.173618 0)
(0.965083 -0.180768 0)
(0.976928 -0.187044 0)
(0.987044 -0.192302 0)
(0.994969 -0.1964 0)
(1.00127 -0.199263 0)
(1.00541 -0.200801 0)
(1.00825 -0.201029 0)
(1.00909 -0.199914 0)
(1.00914 -0.197566 0)
(1.00746 -0.193985 0)
(1.00557 -0.189367 0)
(1.00222 -0.183726 0)
(0.99922 -0.177336 0)
(0.994951 -0.170189 0)
(0.991536 -0.162607 0)
(0.986933 -0.154535 0)
(0.983583 -0.146329 0)
(0.979019 -0.137863 0)
(0.97601 -0.129522 0)
(0.971669 -0.121102 0)
(0.969119 -0.113018 0)
(0.965054 -0.10499 0)
(0.962981 -0.0974687 0)
(0.959173 -0.0900945 0)
(0.957554 -0.0833637 0)
(0.953951 -0.0768353 0)
(0.952747 -0.0710556 0)
(0.949283 -0.065503 0)
(0.948452 -0.0607809 0)
(0.945047 -0.0562864 0)
(0.94454 -0.0526887 0)
(0.941102 -0.0493034 0)
(0.940859 -0.046874 0)
(0.937278 -0.0446339 0)
(0.937221 -0.0434069 0)
(0.933366 -0.0423425 0)
(0.0700028 0.00704728 0)
(0.0900002 0.00649672 0)
(0.153754 0.00600216 0)
(0.19877 0.00278335 0)
(0.2377 -0.00155519 0)
(0.273126 -0.00571971 0)
(0.305852 -0.00932518 0)
(0.335753 -0.0123898 0)
(0.363577 -0.0150241 0)
(0.389606 -0.0173074 0)
(0.414184 -0.0193186 0)
(0.437543 -0.0211131 0)
(0.459765 -0.0227296 0)
(0.480965 -0.0242027 0)
(0.501242 -0.0255582 0)
(0.520691 -0.0268189 0)
(0.539378 -0.0280042 0)
(0.557375 -0.0291394 0)
(0.574736 -0.0302481 0)
(0.59152 -0.0313509 0)
(0.607778 -0.0324687 0)
(0.623573 -0.0336233 0)
(0.638963 -0.034836 0)
(0.65401 -0.0361296 0)
(0.668766 -0.0375257 0)
(0.683287 -0.0390447 0)
(0.697621 -0.0407065 0)
(0.711824 -0.0425312 0)
(0.72594 -0.0445392 0)
(0.74002 -0.0467513 0)
(0.754104 -0.0491868 0)
(0.76823 -0.051866 0)
(0.782423 -0.0548077 0)
(0.796711 -0.0580305 0)
(0.811105 -0.0615498 0)
(0.825619 -0.065382 0)
(0.840244 -0.0695397 0)
(0.854979 -0.0740377 0)
(0.869791 -0.078886 0)
(0.884656 -0.0840971 0)
(0.899511 -0.0896758 0)
(0.914302 -0.0956285 0)
(0.92893 -0.10195 0)
(0.943297 -0.108636 0)
(0.957269 -0.115659 0)
(0.970716 -0.122987 0)
(0.983471 -0.130561 0)
(0.995374 -0.13831 0)
(1.00625 -0.146129 0)
(1.01592 -0.153911 0)
(1.02424 -0.161511 0)
(1.03106 -0.168791 0)
(1.0363 -0.175584 0)
(1.03984 -0.18175 0)
(1.04174 -0.187133 0)
(1.04193 -0.191615 0)
(1.04061 -0.195081 0)
(1.03773 -0.197458 0)
(1.0337 -0.19869 0)
(1.0284 -0.198758 0)
(1.02243 -0.197673 0)
(1.01554 -0.195465 0)
(1.00855 -0.192208 0)
(1.00089 -0.187964 0)
(0.993647 -0.182871 0)
(0.985855 -0.17699 0)
(0.978904 -0.170507 0)
(0.971351 -0.163451 0)
(0.96499 -0.156047 0)
(0.95782 -0.148268 0)
(0.952141 -0.140381 0)
(0.945337 -0.132288 0)
(0.94032 -0.124309 0)
(0.933793 -0.116257 0)
(0.929381 -0.108517 0)
(0.923028 -0.100806 0)
(0.919176 -0.0935828 0)
(0.912911 -0.0864562 0)
(0.909609 -0.0799726 0)
(0.903367 -0.0736204 0)
(0.900633 -0.0680466 0)
(0.894352 -0.0626041 0)
(0.89221 -0.058056 0)
(0.885804 -0.0536059 0)
(0.884264 -0.050152 0)
(0.877608 -0.0467379 0)
(0.876657 -0.0444176 0)
(0.869576 -0.0420622 0)
(0.869167 -0.0408981 0)
(0.861443 -0.0396105 0)
(0.77387 -0.00927565 0)
(0.775493 -0.0207419 0)
(0.776398 -0.0269992 0)
(0.778155 -0.0307394 0)
(0.781897 -0.0334349 0)
(0.787393 -0.0356881 0)
(0.794368 -0.037626 0)
(0.802186 -0.0392189 0)
(0.81063 -0.0404815 0)
(0.819485 -0.0414556 0)
(0.828569 -0.0422167 0)
(0.837754 -0.0428389 0)
(0.846942 -0.0433661 0)
(0.856061 -0.0438238 0)
(0.865057 -0.0442298 0)
(0.873892 -0.0446008 0)
(0.882536 -0.0449541 0)
(0.890968 -0.0453092 0)
(0.899179 -0.0456865 0)
(0.907165 -0.0461067 0)
(0.914933 -0.0465909 0)
(0.922494 -0.0471611 0)
(0.929865 -0.0478413 0)
(0.937066 -0.0486548 0)
(0.944117 -0.0496238 0)
(0.951039 -0.050768 0)
(0.957853 -0.0521063 0)
(0.964579 -0.0536555 0)
(0.971236 -0.0554323 0)
(0.977839 -0.0574518 0)
(0.9844 -0.0597291 0)
(0.990924 -0.0622776 0)
(0.997414 -0.0651103 0)
(1.00387 -0.0682381 0)
(1.01027 -0.0716704 0)
(1.01661 -0.0754147 0)
(1.02286 -0.0794771 0)
(1.029 -0.0838616 0)
(1.03497 -0.0885708 0)
(1.04074 -0.0936044 0)
(1.04624 -0.0989587 0)
(1.0514 -0.104625 0)
(1.05615 -0.110587 0)
(1.06039 -0.116818 0)
(1.06402 -0.123282 0)
(1.06696 -0.12993 0)
(1.06909 -0.136698 0)
(1.07032 -0.143509 0)
(1.07055 -0.15027 0)
(1.06973 -0.156878 0)
(1.0678 -0.163216 0)
(1.06475 -0.169166 0)
(1.06057 -0.174606 0)
(1.05533 -0.179425 0)
(1.04911 -0.183513 0)
(1.04201 -0.186787 0)
(1.03419 -0.189163 0)
(1.02578 -0.190601 0)
(1.01699 -0.191058 0)
(1.0079 -0.190542 0)
(0.998759 -0.18905 0)
(0.989521 -0.186629 0)
(0.980473 -0.183312 0)
(0.971361 -0.179178 0)
(0.962587 -0.174288 0)
(0.953621 -0.168725 0)
(0.945102 -0.162572 0)
(0.936154 -0.155904 0)
(0.927793 -0.148834 0)
(0.918702 -0.14141 0)
(0.910424 -0.133782 0)
(0.901078 -0.125958 0)
(0.892901 -0.118137 0)
(0.883283 -0.11027 0)
(0.875328 -0.102617 0)
(0.86549 -0.0950396 0)
(0.857948 -0.087872 0)
(0.847972 -0.0808552 0)
(0.841066 -0.0744235 0)
(0.831012 -0.0681717 0)
(0.824961 -0.0626631 0)
(0.814826 -0.0573126 0)
(0.809818 -0.0528481 0)
(0.799502 -0.0484657 0)
(0.795677 -0.0451047 0)
(0.78496 -0.0417031 0)
(0.78241 -0.0394671 0)
(0.770946 -0.0370293 0)
(0.76974 -0.0359185 0)
(0.757079 -0.0344074 0)
(1.05728 0.00815272 0)
(1.0604 -0.000278818 0)
(1.06115 -0.00747799 0)
(1.06044 -0.0131786 0)
(1.0596 -0.0178584 0)
(1.05934 -0.0219265 0)
(1.05979 -0.0255578 0)
(1.06081 -0.028764 0)
(1.06218 -0.0315415 0)
(1.06373 -0.033912 0)
(1.06539 -0.0359197 0)
(1.06711 -0.0376193 0)
(1.06885 -0.0390629 0)
(1.07061 -0.0402961 0)
(1.07235 -0.0413582 0)
(1.07405 -0.0422846 0)
(1.07571 -0.0431087 0)
(1.07729 -0.0438628 0)
(1.07879 -0.0445792 0)
(1.0802 -0.0452891 0)
(1.08151 -0.046024 0)
(1.08273 -0.046814 0)
(1.08387 -0.0476895 0)
(1.08491 -0.0486787 0)
(1.08587 -0.0498084 0)
(1.08676 -0.0511022 0)
(1.08757 -0.0525821 0)
(1.08831 -0.0542668 0)
(1.08897 -0.0561742 0)
(1.08957 -0.0583191 0)
(1.0901 -0.0607155 0)
(1.09054 -0.0633733 0)
(1.09089 -0.0663017 0)
(1.09114 -0.0695066 0)
(1.09128 -0.0729935 0)
(1.09128 -0.0767647 0)
(1.09112 -0.0808224 0)
(1.09077 -0.0851647 0)
(1.09021 -0.0897894 0)
(1.0894 -0.0946891 0)
(1.08831 -0.0998545 0)
(1.08688 -0.105269 0)
(1.08509 -0.11091 0)
(1.08288 -0.116748 0)
(1.08021 -0.122742 0)
(1.07704 -0.128841 0)
(1.07334 -0.134988 0)
(1.06907 -0.141109 0)
(1.06422 -0.147124 0)
(1.05879 -0.152945 0)
(1.05277 -0.15848 0)
(1.0462 -0.163634 0)
(1.03911 -0.168314 0)
(1.03155 -0.172433 0)
(1.02356 -0.175908 0)
(1.01521 -0.178664 0)
(1.00653 -0.180632 0)
(0.997575 -0.181761 0)
(0.988333 -0.182008 0)
(0.978821 -0.181355 0)
(0.969004 -0.179791 0)
(0.958843 -0.177345 0)
(0.948292 -0.174035 0)
(0.937264 -0.169919 0)
(0.925767 -0.165023 0)
(0.913659 -0.15942 0)
(0.901078 -0.153155 0)
(0.887798 -0.146338 0)
(0.874185 -0.139044 0)
(0.859846 -0.131402 0)
(0.845467 -0.123498 0)
(0.830352 -0.115453 0)
(0.815631 -0.107371 0)
(0.800129 -0.0993579 0)
(0.785584 -0.0915369 0)
(0.770107 -0.0839609 0)
(0.756271 -0.0767657 0)
(0.741157 -0.069917 0)
(0.728493 -0.0635878 0)
(0.713927 -0.0576353 0)
(0.7028 -0.0523117 0)
(0.688783 -0.0473326 0)
(0.679472 -0.0430813 0)
(0.6658 -0.0390849 0)
(0.658521 -0.0359269 0)
(0.644754 -0.0328749 0)
(0.639699 -0.0307994 0)
(0.625155 -0.0286165 0)
(0.622575 -0.0275956 0)
(0.606324 -0.0261884 0)
(1.08194 -0.00338552 0)
(1.08792 -0.0110043 0)
(1.09223 -0.0183846 0)
(1.09489 -0.0245323 0)
(1.09641 -0.029305 0)
(1.09739 -0.033027 0)
(1.09822 -0.036057 0)
(1.09907 -0.0386216 0)
(1.09993 -0.0408146 0)
(1.10075 -0.0426628 0)
(1.10148 -0.0441801 0)
(1.10212 -0.0453928 0)
(1.10266 -0.0463415 0)
(1.10311 -0.0470733 0)
(1.10348 -0.0476354 0)
(1.10377 -0.0480717 0)
(1.10398 -0.0484221 0)
(1.10411 -0.0487234 0)
(1.10413 -0.0490102 0)
(1.10406 -0.0493157 0)
(1.10389 -0.0496719 0)
(1.10361 -0.0501093 0)
(1.10323 -0.0506568 0)
(1.10274 -0.0513414 0)
(1.10216 -0.0521881 0)
(1.10147 -0.0532188 0)
(1.10068 -0.0544536 0)
(1.09978 -0.0559091 0)
(1.09879 -0.0576003 0)
(1.09769 -0.0595386 0)
(1.09648 -0.0617342 0)
(1.09516 -0.0641935 0)
(1.09372 -0.0669222 0)
(1.09215 -0.0699229 0)
(1.09045 -0.073198 0)
(1.0886 -0.0767471 0)
(1.08659 -0.080569 0)
(1.0844 -0.0846592 0)
(1.08203 -0.0890124 0)
(1.07945 -0.0936178 0)
(1.07665 -0.098463 0)
(1.0736 -0.103528 0)
(1.07029 -0.10879 0)
(1.06668 -0.114215 0)
(1.06277 -0.119766 0)
(1.05852 -0.125391 0)
(1.0539 -0.131032 0)
(1.04889 -0.136622 0)
(1.04346 -0.142084 0)
(1.03758 -0.147335 0)
(1.03119 -0.152293 0)
(1.02428 -0.156868 0)
(1.01678 -0.160978 0)
(1.00865 -0.164542 0)
(0.999835 -0.167483 0)
(0.990273 -0.169727 0)
(0.979899 -0.171203 0)
(0.968635 -0.171839 0)
(0.956404 -0.171572 0)
(0.943125 -0.170354 0)
(0.928725 -0.168171 0)
(0.913151 -0.16504 0)
(0.896376 -0.161005 0)
(0.878412 -0.156119 0)
(0.859307 -0.150427 0)
(0.839136 -0.143993 0)
(0.818002 -0.136892 0)
(0.796024 -0.129254 0)
(0.773413 -0.121211 0)
(0.75031 -0.112932 0)
(0.727043 -0.104529 0)
(0.703674 -0.0961524 0)
(0.680646 -0.0878879 0)
(0.657833 -0.0798819 0)
(0.635877 -0.0722024 0)
(0.61435 -0.0649775 0)
(0.594211 -0.0582347 0)
(0.574511 -0.0520552 0)
(0.556713 -0.0464174 0)
(0.539066 -0.0413516 0)
(0.523881 -0.0368185 0)
(0.508198 -0.0328088 0)
(0.495727 -0.0293102 0)
(0.481625 -0.0262616 0)
(0.471895 -0.0237245 0)
(0.458693 -0.0215328 0)
(0.451788 -0.0198891 0)
(0.438452 -0.0184336 0)
(0.434702 -0.0176279 0)
(0.419731 -0.0167869 0)
(1.07465 -0.00728573 0)
(1.08072 -0.0122836 0)
(1.08565 -0.0174818 0)
(1.08938 -0.0223379 0)
(1.09204 -0.0265017 0)
(1.09396 -0.0299276 0)
(1.09544 -0.0327525 0)
(1.09672 -0.0351383 0)
(1.09788 -0.0371932 0)
(1.09894 -0.0389662 0)
(1.09989 -0.0404719 0)
(1.10071 -0.04172 0)
(1.10139 -0.0427298 0)
(1.10193 -0.0435325 0)
(1.10235 -0.0441661 0)
(1.10265 -0.0446711 0)
(1.10283 -0.0450865 0)
(1.10289 -0.0454493 0)
(1.10283 -0.0457946 0)
(1.10263 -0.0461558 0)
(1.10231 -0.0465648 0)
(1.10185 -0.0470519 0)
(1.10126 -0.0476454 0)
(1.10054 -0.0483715 0)
(1.09969 -0.0492541 0)
(1.09871 -0.0503145 0)
(1.09761 -0.0515719 0)
(1.09638 -0.0530423 0)
(1.09503 -0.0547395 0)
(1.09355 -0.0566739 0)
(1.09194 -0.0588539 0)
(1.09019 -0.0612848 0)
(1.08831 -0.063971 0)
(1.08628 -0.0669138 0)
(1.0841 -0.0701141 0)
(1.08174 -0.07357 0)
(1.0792 -0.0772788 0)
(1.07646 -0.0812342 0)
(1.0735 -0.0854287 0)
(1.07029 -0.0898493 0)
(1.06681 -0.0944806 0)
(1.06302 -0.0992997 0)
(1.05889 -0.10428 0)
(1.05438 -0.109386 0)
(1.04944 -0.114576 0)
(1.04401 -0.119797 0)
(1.03802 -0.12499 0)
(1.0314 -0.130084 0)
(1.02406 -0.134999 0)
(1.01591 -0.139649 0)
(1.00685 -0.143943 0)
(0.996743 -0.14779 0)
(0.98549 -0.151099 0)
(0.972962 -0.153786 0)
(0.959055 -0.155777 0)
(0.943668 -0.157002 0)
(0.926718 -0.15739 0)
(0.908141 -0.156867 0)
(0.887878 -0.155357 0)
(0.865897 -0.152804 0)
(0.842179 -0.149205 0)
(0.816756 -0.144609 0)
(0.789714 -0.139109 0)
(0.76122 -0.132793 0)
(0.731516 -0.125758 0)
(0.700853 -0.1181 0)
(0.669487 -0.109934 0)
(0.637668 -0.101417 0)
(0.605714 -0.0927474 0)
(0.57397 -0.0841309 0)
(0.542848 -0.0757328 0)
(0.512664 -0.0676907 0)
(0.483757 -0.0600927 0)
(0.45629 -0.0530203 0)
(0.430556 -0.0465047 0)
(0.406582 -0.040603 0)
(0.384671 -0.0353178 0)
(0.364633 -0.0306907 0)
(0.346808 -0.0266676 0)
(0.330669 -0.0232593 0)
(0.316717 -0.0203538 0)
(0.303973 -0.0179631 0)
(0.293372 -0.0159428 0)
(0.283243 -0.0143376 0)
(0.275415 -0.0129804 0)
(0.266964 -0.0119648 0)
(0.261489 -0.0111125 0)
(0.253571 -0.0105481 0)
(0.250472 -0.0101243 0)
(0.241441 -0.00992233 0)
(1.06826 -0.0147505 0)
(1.07411 -0.0187908 0)
(1.07915 -0.022966 0)
(1.08331 -0.0270018 0)
(1.08662 -0.030657 0)
(1.08922 -0.0338054 0)
(1.09132 -0.0364491 0)
(1.0931 -0.0386622 0)
(1.09468 -0.0405267 0)
(1.09611 -0.0421009 0)
(1.0974 -0.0434157 0)
(1.09854 -0.0444875 0)
(1.09952 -0.0453316 0)
(1.10032 -0.0459706 0)
(1.10095 -0.0464353 0)
(1.10141 -0.046762 0)
(1.1017 -0.0469892 0)
(1.10181 -0.0471556 0)
(1.10175 -0.0472986 0)
(1.1015 -0.0474546 0)
(1.10107 -0.0476579 0)
(1.10045 -0.0479406 0)
(1.09964 -0.0483316 0)
(1.09865 -0.0488568 0)
(1.09748 -0.0495393 0)
(1.09612 -0.0503998 0)
(1.09458 -0.0514561 0)
(1.09286 -0.0527236 0)
(1.09095 -0.0542146 0)
(1.08885 -0.0559385 0)
(1.08656 -0.0579021 0)
(1.08406 -0.0601093 0)
(1.08134 -0.0625621 0)
(1.07838 -0.0652597 0)
(1.07516 -0.0682002 0)
(1.07165 -0.0713788 0)
(1.06783 -0.0747893 0)
(1.06365 -0.0784219 0)
(1.05908 -0.0822646 0)
(1.05406 -0.0863 0)
(1.04856 -0.0905069 0)
(1.04249 -0.0948563 0)
(1.0358 -0.0993143 0)
(1.0284 -0.103837 0)
(1.02021 -0.108377 0)
(1.01113 -0.112874 0)
(1.00105 -0.117262 0)
(0.989846 -0.121459 0)
(0.977399 -0.12538 0)
(0.963563 -0.128924 0)
(0.948205 -0.131994 0)
(0.93117 -0.13449 0)
(0.912331 -0.136321 0)
(0.891549 -0.1374 0)
(0.868738 -0.137662 0)
(0.843813 -0.137059 0)
(0.816779 -0.135546 0)
(0.787657 -0.133083 0)
(0.756522 -0.12961 0)
(0.723494 -0.125102 0)
(0.68867 -0.11959 0)
(0.652233 -0.113173 0)
(0.61439 -0.105976 0)
(0.575574 -0.098148 0)
(0.536271 -0.0898862 0)
(0.497032 -0.0813862 0)
(0.458339 -0.0728193 0)
(0.420591 -0.0643601 0)
(0.384149 -0.0562038 0)
(0.349533 -0.0485073 0)
(0.317282 -0.0414313 0)
(0.287835 -0.0351358 0)
(0.261438 -0.0297127 0)
(0.238149 -0.0251827 0)
(0.217935 -0.0214949 0)
(0.200562 -0.018554 0)
(0.185805 -0.0162173 0)
(0.173301 -0.0143602 0)
(0.16282 -0.0128601 0)
(0.153941 -0.0116491 0)
(0.146526 -0.0106342 0)
(0.140118 -0.00979978 0)
(0.13477 -0.00906865 0)
(0.12994 -0.00847421 0)
(0.125977 -0.00792564 0)
(0.122065 -0.00751621 0)
(0.11908 -0.00710498 0)
(0.115462 -0.00687087 0)
(0.113438 -0.00658656 0)
(0.108949 -0.00647714 0)
(1.06559 -0.0207182 0)
(1.07131 -0.023971 0)
(1.07639 -0.0272908 0)
(1.0808 -0.0305333 0)
(1.08451 -0.0335522 0)
(1.08758 -0.0362355 0)
(1.09013 -0.0385352 0)
(1.0923 -0.0404633 0)
(1.09419 -0.0420621 0)
(1.09586 -0.0433765 0)
(1.09733 -0.0444394 0)
(1.09859 -0.045272 0)
(1.09963 -0.0458898 0)
(1.10042 -0.0463115 0)
(1.10096 -0.0465614 0)
(1.10124 -0.0466711 0)
(1.10124 -0.046676 0)
(1.10098 -0.0466148 0)
(1.10043 -0.0465259 0)
(1.09959 -0.046448 0)
(1.09847 -0.0464178 0)
(1.09706 -0.0464699 0)
(1.09535 -0.046634 0)
(1.09336 -0.0469353 0)
(1.09107 -0.0473949 0)
(1.08849 -0.0480313 0)
(1.08562 -0.0488598 0)
(1.08244 -0.0498933 0)
(1.07894 -0.0511409 0)
(1.07513 -0.0526099 0)
(1.07096 -0.0543034 0)
(1.06643 -0.0562224 0)
(1.0615 -0.0583647 0)
(1.05614 -0.0607257 0)
(1.0503 -0.0632984 0)
(1.04395 -0.0660729 0)
(1.03701 -0.0690374 0)
(1.02943 -0.0721759 0)
(1.02115 -0.0754701 0)
(1.01208 -0.0788953 0)
(1.00213 -0.0824228 0)
(0.991224 -0.086015 0)
(0.979249 -0.0896273 0)
(0.966096 -0.0932054 0)
(0.951645 -0.0966894 0)
(0.935771 -0.100014 0)
(0.918344 -0.103107 0)
(0.899233 -0.105879 0)
(0.878311 -0.108237 0)
(0.855444 -0.110081 0)
(0.830515 -0.111323 0)
(0.80341 -0.111873 0)
(0.774061 -0.11166 0)
(0.74241 -0.110616 0)
(0.708476 -0.108696 0)
(0.672253 -0.105842 0)
(0.633944 -0.102062 0)
(0.5937 -0.0973297 0)
(0.551986 -0.0916893 0)
(0.509207 -0.0852561 0)
(0.465743 -0.0781517 0)
(0.42201 -0.0705423 0)
(0.378409 -0.0625379 0)
(0.335799 -0.0543792 0)
(0.294889 -0.046235 0)
(0.256697 -0.0384581 0)
(0.222037 -0.031499 0)
(0.191269 -0.025739 0)
(0.164421 -0.0212003 0)
(0.141741 -0.0177964 0)
(0.122989 -0.0153314 0)
(0.107704 -0.0135195 0)
(0.0952055 -0.0120955 0)
(0.0848072 -0.0109239 0)
(0.0759813 -0.00996382 0)
(0.068358 -0.0091922 0)
(0.0617266 -0.00856785 0)
(0.0559161 -0.00804821 0)
(0.0508326 -0.00758161 0)
(0.0463859 -0.00715483 0)
(0.0425259 -0.0067509 0)
(0.0391281 -0.0063786 0)
(0.0361738 -0.00602319 0)
(0.0335212 -0.00570972 0)
(0.0312034 -0.00541162 0)
(0.029016 -0.00516535 0)
(0.0271055 -0.0049128 0)
(0.0251299 -0.00472132 0)
(0.0235218 -0.00445236 0)
(0.0210961 -0.00440817 0)
(1.06628 -0.0269056 0)
(1.0718 -0.0294897 0)
(1.07675 -0.0320894 0)
(1.08105 -0.0346385 0)
(1.08468 -0.037055 0)
(1.08767 -0.0392537 0)
(1.09007 -0.0411705 0)
(1.09197 -0.0427792 0)
(1.09344 -0.0440873 0)
(1.09453 -0.0451188 0)
(1.09525 -0.0458991 0)
(1.0956 -0.0464482 0)
(1.09555 -0.0467817 0)
(1.09509 -0.0469161 0)
(1.0942 -0.046872 0)
(1.09287 -0.0466774 0)
(1.09108 -0.0463652 0)
(1.08884 -0.045974 0)
(1.08614 -0.0455428 0)
(1.08299 -0.0451127 0)
(1.07937 -0.0447219 0)
(1.07531 -0.0444085 0)
(1.07079 -0.0442041 0)
(1.06582 -0.0441357 0)
(1.06041 -0.0442238 0)
(1.05455 -0.0444853 0)
(1.04823 -0.0449312 0)
(1.04143 -0.0455697 0)
(1.03412 -0.0464041 0)
(1.0263 -0.0474357 0)
(1.01791 -0.0486608 0)
(1.00894 -0.0500751 0)
(0.999311 -0.0516696 0)
(0.988992 -0.0534346 0)
(0.977905 -0.055356 0)
(0.965993 -0.0574189 0)
(0.953164 -0.059604 0)
(0.939349 -0.0618901 0)
(0.924442 -0.0642518 0)
(0.908364 -0.0666592 0)
(0.891 -0.0690783 0)
(0.872259 -0.0714658 0)
(0.852024 -0.0737735 0)
(0.830196 -0.0759381 0)
(0.806664 -0.0778951 0)
(0.781314 -0.0795674 0)
(0.754051 -0.0808693 0)
(0.724812 -0.0817066 0)
(0.693547 -0.0819904 0)
(0.660225 -0.0816381 0)
(0.624856 -0.0805892 0)
(0.587463 -0.0787965 0)
(0.548211 -0.0762677 0)
(0.507233 -0.0729928 0)
(0.464889 -0.0689834 0)
(0.421426 -0.0641736 0)
(0.377286 -0.0585149 0)
(0.333051 -0.051937 0)
(0.289678 -0.0446801 0)
(0.248106 -0.0372751 0)
(0.2092 -0.0303245 0)
(0.173661 -0.0243843 0)
(0.142058 -0.0196807 0)
(0.11558 -0.0163016 0)
(0.094244 -0.0138223 0)
(0.0772723 -0.0118249 0)
(0.0635156 -0.010153 0)
(0.0519421 -0.00879865 0)
(0.0417587 -0.00782954 0)
(0.0327954 -0.00734657 0)
(0.0249467 -0.00708721 0)
(0.0181809 -0.00678114 0)
(0.0123297 -0.00632234 0)
(0.00722868 -0.00575218 0)
(0.00274311 -0.00517609 0)
(-0.00123662 -0.00469353 0)
(-0.00477951 -0.00435045 0)
(-0.00794692 -0.00414143 0)
(-0.0108073 -0.00402022 0)
(-0.0134116 -0.00395212 0)
(-0.015786 -0.00390173 0)
(-0.0179657 -0.00384997 0)
(-0.0199669 -0.00378096 0)
(-0.0218254 -0.0036981 0)
(-0.0235447 -0.00359046 0)
(-0.0251696 -0.00346959 0)
(-0.026674 -0.00331857 0)
(-0.0281268 -0.00316355 0)
(-0.0295183 -0.00301546 0)
(-0.0309889 -0.00308802 0)
(1.06586 -0.0311209 0)
(1.0698 -0.0331096 0)
(1.0729 -0.0350786 0)
(1.0751 -0.0370013 0)
(1.07638 -0.0388234 0)
(1.07675 -0.0404781 0)
(1.07625 -0.0419055 0)
(1.07492 -0.0430654 0)
(1.07283 -0.0439454 0)
(1.07001 -0.0445516 0)
(1.0665 -0.0448998 0)
(1.06232 -0.0450068 0)
(1.05747 -0.0448893 0)
(1.05195 -0.0445633 0)
(1.04578 -0.0440492 0)
(1.03897 -0.0433724 0)
(1.03154 -0.0425662 0)
(1.02351 -0.0416679 0)
(1.0149 -0.0407201 0)
(1.00573 -0.0397641 0)
(0.99602 -0.0388412 0)
(0.985781 -0.0379876 0)
(0.97503 -0.0372391 0)
(0.963783 -0.0366285 0)
(0.952037 -0.0361802 0)
(0.93979 -0.0359106 0)
(0.927021 -0.0358255 0)
(0.913712 -0.0359251 0)
(0.899825 -0.0362017 0)
(0.885328 -0.0366458 0)
(0.870168 -0.0372423 0)
(0.854302 -0.0379772 0)
(0.83766 -0.0388314 0)
(0.82019 -0.0397883 0)
(0.801807 -0.0408252 0)
(0.782454 -0.0419233 0)
(0.762034 -0.0430558 0)
(0.740493 -0.0442009 0)
(0.717725 -0.0453267 0)
(0.693688 -0.0464081 0)
(0.668272 -0.0474067 0)
(0.641464 -0.0482916 0)
(0.61316 -0.0490139 0)
(0.583399 -0.0495284 0)
(0.552153 -0.0497664 0)
(0.519428 -0.0496221 0)
(0.48527 -0.0489788 0)
(0.449821 -0.0477294 0)
(0.413234 -0.0457879 0)
(0.375755 -0.0431215 0)
(0.33768 -0.0397256 0)
(0.299313 -0.0357032 0)
(0.26119 -0.0312784 0)
(0.223812 -0.0267197 0)
(0.188155 -0.022396 0)
(0.155126 -0.0185865 0)
(0.125583 -0.0152597 0)
(0.100599 -0.0125175 0)
(0.080081 -0.0102351 0)
(0.0632334 -0.00826706 0)
(0.0491351 -0.00661298 0)
(0.0371113 -0.00546582 0)
(0.0264479 -0.00504212 0)
(0.0170719 -0.00527971 0)
(0.00904425 -0.00557899 0)
(0.00225042 -0.00528061 0)
(-0.003521 -0.00431724 0)
(-0.00845468 -0.00315267 0)
(-0.0127391 -0.00231221 0)
(-0.0164991 -0.0019315 0)
(-0.0198948 -0.00188484 0)
(-0.0230124 -0.00198802 0)
(-0.0258632 -0.00207424 0)
(-0.0284389 -0.00208336 0)
(-0.0307577 -0.0020386 0)
(-0.0328642 -0.00198445 0)
(-0.0348141 -0.00195162 0)
(-0.0366498 -0.00195315 0)
(-0.0384006 -0.00198715 0)
(-0.0400871 -0.00203675 0)
(-0.0417187 -0.00208445 0)
(-0.0433 -0.00212053 0)
(-0.0448293 -0.00213724 0)
(-0.0463074 -0.00213148 0)
(-0.0477281 -0.00210007 0)
(-0.049086 -0.00205043 0)
(-0.0503593 -0.00198665 0)
(-0.0515707 -0.0019342 0)
(-0.0527732 -0.00192775 0)
(-0.0538061 -0.00202109 0)
(1.02373 -0.0369401 0)
(1.01874 -0.037537 0)
(1.01239 -0.0381306 0)
(1.00469 -0.0387076 0)
(0.995669 -0.0392254 0)
(0.985381 -0.0396326 0)
(0.973906 -0.039882 0)
(0.961356 -0.0399386 0)
(0.947831 -0.0397783 0)
(0.93344 -0.0393914 0)
(0.918292 -0.0387816 0)
(0.902485 -0.037961 0)
(0.886113 -0.0369465 0)
(0.869254 -0.0357564 0)
(0.85199 -0.0344126 0)
(0.834391 -0.0329403 0)
(0.816535 -0.0313712 0)
(0.798479 -0.0297408 0)
(0.780285 -0.0280892 0)
(0.761988 -0.0264553 0)
(0.743629 -0.0248779 0)
(0.72521 -0.0233884 0)
(0.706739 -0.022017 0)
(0.688217 -0.0207896 0)
(0.66964 -0.0197253 0)
(0.65099 -0.0188345 0)
(0.632237 -0.0181193 0)
(0.613343 -0.0175737 0)
(0.594259 -0.0171851 0)
(0.574933 -0.0169364 0)
(0.555308 -0.0168072 0)
(0.535325 -0.0167752 0)
(0.514926 -0.0168165 0)
(0.494055 -0.0169064 0)
(0.472656 -0.0170193 0)
(0.450687 -0.0171295 0)
(0.428104 -0.0172105 0)
(0.404889 -0.0172372 0)
(0.381017 -0.0171837 0)
(0.356514 -0.0170293 0)
(0.331384 -0.0167515 0)
(0.30573 -0.0163418 0)
(0.279594 -0.0157851 0)
(0.253247 -0.0150972 0)
(0.226918 -0.0142672 0)
(0.200884 -0.0132704 0)
(0.175499 -0.0121035 0)
(0.151208 -0.0107759 0)
(0.128425 -0.00934714 0)
(0.107516 -0.0077656 0)
(0.0888188 -0.00614137 0)
(0.0722618 -0.00457649 0)
(0.0576958 -0.00313166 0)
(0.0448998 -0.00199007 0)
(0.0336805 -0.00139171 0)
(0.0238247 -0.00152821 0)
(0.0148933 -0.00231712 0)
(0.00705373 -0.00333015 0)
(0.000286278 -0.00374151 0)
(-0.00538702 -0.00315471 0)
(-0.0099415 -0.00187798 0)
(-0.0135518 -0.00061638 0)
(-0.0165498 8.32403e-06 0)
(-0.01927 7.81285e-06 0)
(-0.0219158 -0.000269673 0)
(-0.0244308 -0.000452525 0)
(-0.0265854 -0.000399983 0)
(-0.02827 -0.000221537 0)
(-0.0295628 -0.000100038 0)
(-0.0306493 -0.000109386 0)
(-0.031694 -0.000241537 0)
(-0.0327771 -0.00039829 0)
(-0.0338972 -0.000503091 0)
(-0.035015 -0.00054289 0)
(-0.036096 -0.000543696 0)
(-0.0371299 -0.000538787 0)
(-0.0381286 -0.000548381 0)
(-0.0391132 -0.00057462 0)
(-0.0401031 -0.000614464 0)
(-0.0411109 -0.000661326 0)
(-0.0421397 -0.00070756 0)
(-0.0431862 -0.000747869 0)
(-0.0442427 -0.000778467 0)
(-0.0452998 -0.000797846 0)
(-0.0463457 -0.000805713 0)
(-0.0473644 -0.000807673 0)
(-0.0483403 -0.000816933 0)
(-0.0493002 -0.000861784 0)
(-0.0503159 -0.000953726 0)
(-0.0511946 -0.00104476 0)
(0.714563 -0.0207049 0)
(0.685509 -0.0202944 0)
(0.656322 -0.0198986 0)
(0.627024 -0.0195121 0)
(0.597666 -0.0191109 0)
(0.568333 -0.0186646 0)
(0.539137 -0.0181439 0)
(0.510256 -0.0175273 0)
(0.481849 -0.0167907 0)
(0.454085 -0.0159205 0)
(0.427134 -0.0149171 0)
(0.40115 -0.0137936 0)
(0.376273 -0.012572 0)
(0.352621 -0.0112793 0)
(0.330291 -0.00994576 0)
(0.309354 -0.00860404 0)
(0.289854 -0.00728847 0)
(0.271804 -0.00603408 0)
(0.255181 -0.00487357 0)
(0.239927 -0.00383551 0)
(0.225954 -0.00294017 0)
(0.213148 -0.00219963 0)
(0.201384 -0.00160668 0)
(0.190534 -0.00114409 0)
(0.180466 -0.000793892 0)
(0.171044 -0.000540165 0)
(0.162138 -0.000367815 0)
(0.153625 -0.00026123 0)
(0.145395 -0.000203947 0)
(0.137353 -0.000179324 0)
(0.129424 -0.000171132 0)
(0.121549 -0.000164121 0)
(0.113688 -0.000144205 0)
(0.105821 -9.88636e-05 0)
(0.0979435 -1.74758e-05 0)
(0.09007 0.000108048 0)
(0.0822296 0.000282533 0)
(0.0744661 0.000506693 0)
(0.0668329 0.000775762 0)
(0.0593926 0.0010786 0)
(0.0522073 0.00139537 0)
(0.0453387 0.00169721 0)
(0.0388279 0.00194172 0)
(0.0327006 0.0020733 0)
(0.0269334 0.00200981 0)
(0.0214718 0.00168463 0)
(0.016249 0.00108664 0)
(0.0112231 0.000281565 0)
(0.00637998 -0.000574004 0)
(0.00163738 -0.00125236 0)
(-0.00279889 -0.00170417 0)
(-0.00663395 -0.00177873 0)
(-0.00960001 -0.00141522 0)
(-0.0115793 -0.000734763 0)
(-0.0126555 3.9555e-05 0)
(-0.0132003 0.000658547 0)
(-0.0137168 0.00094066 0)
(-0.0145661 0.000994638 0)
(-0.0157801 0.000923742 0)
(-0.016958 0.000850977 0)
(-0.0176877 0.00079545 0)
(-0.0178407 0.000704449 0)
(-0.0176164 0.000523623 0)
(-0.0173887 0.000269629 0)
(-0.0174105 2.12475e-05 0)
(-0.0176664 -9.90175e-05 0)
(-0.017967 -7.53822e-05 0)
(-0.0181491 2.57116e-05 0)
(-0.0181855 0.000118293 0)
(-0.0181558 0.00015786 0)
(-0.0181587 0.00014469 0)
(-0.0182498 0.000103183 0)
(-0.0184266 5.825e-05 0)
(-0.0186568 2.43716e-05 0)
(-0.0189084 4.25358e-06 0)
(-0.0191659 -6.39957e-06 0)
(-0.0194287 -1.37448e-05 0)
(-0.0197044 -2.21149e-05 0)
(-0.0200015 -3.31365e-05 0)
(-0.020326 -4.62015e-05 0)
(-0.02068 -5.98034e-05 0)
(-0.0210616 -7.26985e-05 0)
(-0.0214662 -8.39686e-05 0)
(-0.0218881 -9.32247e-05 0)
(-0.0223203 -0.00010029 0)
(-0.022756 -0.000106841 0)
(-0.0231926 -0.000120309 0)
(-0.0236598 -0.000158138 0)
(-0.0242491 -0.000225996 0)
(-0.0249188 -0.000282119 0)
)
;

boundaryField
{
    fixedWalls
    {
        type            noSlip;
    }
    inflowWall
    {
        type            fixedValue;
        value           uniform (1 0 0);
    }
    outflowWall
    {
        type            zeroGradient;
    }
    frontAndBack
    {
        type            empty;
    }
}


// ************************************************************************* //
