/*--------------------------------*- C++ -*----------------------------------*\
| =========                 |                                                 |
| \\      /  F ield         | OpenFOAM: The Open Source CFD Toolbox           |
|  \\    /   O peration     | Version:  2306                                  |
|   \\  /    A nd           | Website:  www.openfoam.com                      |
|    \\/     M anipulation  |                                                 |
\*---------------------------------------------------------------------------*/
FoamFile
{
    version     2.0;
    format      ascii;
    arch        "LSB;label=32;scalar=64";
    class       volScalarField;
    location    "3.37";
    object      p;
}
// * * * * * * * * * * * * * * * * * * * * * * * * * * * * * * * * * * * * * //

dimensions      [0 2 -2 0 0 0 0];

internalField   nonuniform List<scalar> 
1900
(
0.0581612
0.0339337
0.0135352
-0.00181556
-0.0128489
-0.0234257
-0.0338951
-0.0461
-0.0587067
-0.0728325
0.0289009
0.0207006
0.00937882
-0.0021826
-0.0132202
-0.0234254
-0.0338827
-0.0444258
-0.0559585
-0.0670436
0.0198142
0.0153219
0.0078024
-0.00157173
-0.0116634
-0.021652
-0.0314423
-0.0410071
-0.0504483
-0.0595531
0.0141196
0.0110454
0.00539341
-0.00225823
-0.0111143
-0.0203598
-0.0295572
-0.038478
-0.047079
-0.0552435
0.0119035
0.00936791
0.00462888
-0.00201957
-0.00999868
-0.0186023
-0.027277
-0.0356992
-0.0437171
-0.0512405
0.0125457
0.0100655
0.0054561
-0.00100694
-0.0087425
-0.0170419
-0.0253456
-0.0333356
-0.0408868
-0.0479697
0.0160087
0.0130641
0.00778574
0.000706958
-0.00734699
-0.0156252
-0.0236613
-0.0312775
-0.0384647
-0.0452573
0.0227141
0.0184206
0.0115269
0.00306445
-0.00574638
-0.0141584
-0.0219753
-0.0292901
-0.0362516
-0.042921
0.0328605
0.0247638
0.0143329
0.00388018
-0.00541512
-0.0135112
-0.0208599
-0.0278831
-0.0347435
-0.0413999
0.0617131
0.0390436
0.0193428
0.00528949
-0.00435482
-0.0120326
-0.0192393
-0.0264291
-0.0335514
-0.0403998
-0.0961331
-0.0961669
-0.0962106
-0.096263
-0.0963214
-0.0963856
-0.0964551
-0.0965289
-0.0966056
-0.0966839
-0.0967621
-0.096839
-0.0969128
-0.0969822
-0.0970457
-0.0971022
-0.0971503
-0.0971891
-0.0972176
-0.0972351
-0.0972409
-0.0972346
-0.0972159
-0.0971847
-0.0971408
-0.0970845
-0.0970161
-0.0969362
-0.096846
-0.0967469
-0.0966411
-0.0965316
-0.0964217
-0.0963144
-0.0962115
-0.0961112
-0.0960067
-0.095883
-0.0957154
-0.0954696
-0.0951036
-0.0945708
-0.0938218
-0.0928043
-0.0914581
-0.0897102
-0.087472
-0.0846428
-0.0811141
-0.0767741
-0.0715429
-0.0653764
-0.0582699
-0.0502932
-0.0415335
-0.0321189
-0.0222196
-0.0120374
-0.00178939
0.00830196
0.0180212
0.0271682
0.0355664
0.0430697
0.0495721
0.0550072
0.0593437
0.0625853
0.0647629
0.0659375
0.0661832
0.0655922
0.0642617
0.0622972
0.0597966
0.0568593
0.0535702
0.050013
0.0462524
0.0423528
0.0383569
0.0343109
0.0302363
0.0261647
0.0220981
0.0180586
0.0140286
0.0100286
0.00601769
0.00203175
-0.0961291
-0.09616
-0.0961863
-0.0962265
-0.0962762
-0.0963342
-0.0963987
-0.0964682
-0.0965411
-0.096616
-0.0966914
-0.0967658
-0.0968375
-0.0969052
-0.0969673
-0.0970225
-0.0970695
-0.0971072
-0.0971346
-0.097151
-0.0971555
-0.0971478
-0.0971273
-0.0970938
-0.0970473
-0.0969876
-0.0969151
-0.09683
-0.096733
-0.096625
-0.096507
-0.0963807
-0.0962478
-0.0961103
-0.095969
-0.0958229
-0.0956677
-0.0954935
-0.0952843
-0.0950168
-0.0946611
-0.0941808
-0.0935319
-0.0926602
-0.091498
-0.0899587
-0.0879339
-0.0852975
-0.0819199
-0.0776961
-0.0725573
-0.0665044
-0.0595238
-0.0516233
-0.0428967
-0.0334883
-0.0235746
-0.0133615
-0.00307121
0.00707098
0.0168387
0.0260303
0.0344773
0.042014
0.0485429
0.0540027
0.0583605
0.0616208
0.0638141
0.0650038
0.0652678
0.064702
0.0634006
0.0614701
0.0590058
0.0561099
0.0528635
0.0493541
0.045641
0.041794
0.0378484
0.0338577
0.029834
0.0258187
0.0218013
0.0178176
0.0138347
0.00988987
0.00592972
0.00200566
-0.0960116
-0.0960929
-0.0961373
-0.0961895
-0.0962443
-0.0963042
-0.0963703
-0.0964415
-0.0965165
-0.0965937
-0.0966718
-0.0967489
-0.0968236
-0.0968941
-0.0969591
-0.0970169
-0.0970663
-0.0971062
-0.0971353
-0.0971529
-0.0971581
-0.0971505
-0.0971297
-0.0970956
-0.0970481
-0.0969873
-0.0969137
-0.0968275
-0.0967294
-0.0966198
-0.0964993
-0.0963686
-0.0962287
-0.0960803
-0.0959235
-0.0957578
-0.0955814
-0.095391
-0.0951809
-0.0949412
-0.0946533
-0.0942911
-0.0938128
-0.0931531
-0.0922275
-0.0909276
-0.0891261
-0.0866871
-0.0834889
-0.079424
-0.0743969
-0.0683542
-0.0613282
-0.0533805
-0.0446116
-0.0351656
-0.0252109
-0.0149655
-0.00467313
0.00545672
0.0152068
0.0243789
0.032795
0.0403078
0.0468076
0.0522359
0.0565619
0.0597952
0.0619677
0.0631468
0.0634086
0.0628531
0.0615733
0.059679
0.0572623
0.0544282
0.0512538
0.0478292
0.044209
0.0404658
0.0366299
0.0327581
0.0288571
0.0249719
0.0210875
0.0172415
0.0133985
0.00959387
0.00577373
0.00197919
-0.096097
-0.0961693
-0.0961721
-0.0961961
-0.0962398
-0.0962999
-0.0963711
-0.0964494
-0.0965323
-0.0966177
-0.0967037
-0.0967884
-0.09687
-0.0969467
-0.0970171
-0.0970795
-0.0971326
-0.0971751
-0.0972059
-0.0972241
-0.0972293
-0.0972208
-0.0971986
-0.0971624
-0.0971122
-0.0970482
-0.0969707
-0.0968801
-0.0967766
-0.0966604
-0.0965316
-0.0963899
-0.0962351
-0.096068
-0.0958907
-0.0957063
-0.0955183
-0.0953297
-0.0951408
-0.094946
-0.0947329
-0.0944792
-0.094144
-0.0936453
-0.0928823
-0.0917382
-0.0900828
-0.0877663
-0.0846505
-0.0806355
-0.0756449
-0.0696517
-0.0626708
-0.0547679
-0.0460525
-0.0366752
-0.0268152
-0.0166885
-0.00652825
0.00344559
0.0130186
0.0219971
0.0302089
0.0375204
0.0438275
0.0490751
0.053238
0.0563329
0.0583959
0.0594987
0.0597181
0.059156
0.0579049
0.0560743
0.053753
0.0510437
0.0480197
0.0447681
0.0413402
0.0378055
0.0341919
0.0305528
0.0268946
0.0232582
0.0196306
0.0160438
0.012467
0.00892706
0.00537619
0.00184127
-0.0957707
-0.095975
-0.0960641
-0.0961661
-0.0962625
-0.0963535
-0.0964436
-0.0965361
-0.0966309
-0.0967264
-0.0968209
-0.0969126
-0.0969999
-0.097081
-0.0971544
-0.0972186
-0.0972722
-0.097314
-0.0973429
-0.0973581
-0.097359
-0.0973457
-0.0973179
-0.0972759
-0.0972198
-0.0971499
-0.0970667
-0.0969707
-0.0968619
-0.0967401
-0.0966051
-0.0964562
-0.0962925
-0.0961143
-0.0959258
-0.0957322
-0.0955401
-0.0953559
-0.0951833
-0.0950182
-0.094843
-0.0946387
-0.0943817
-0.0939421
-0.0932336
-0.0921251
-0.0904807
-0.0881696
-0.0850611
-0.0810563
-0.0760894
-0.0701394
-0.06323
-0.0554344
-0.0468679
-0.0376862
-0.0280742
-0.0182413
-0.0084119
0.00119572
0.0103749
0.018943
0.0267408
0.0336479
0.0395738
0.0444726
0.0483288
0.051167
0.0530308
0.0539948
0.0541381
0.0535609
0.0523545
0.0506234
0.0484529
0.0459383
0.043149
0.0401642
0.0370322
0.0338145
0.0305383
0.0272488
0.0239544
0.0206875
0.01744
0.0142347
0.0110491
0.0078997
0.00475202
0.00162265
-0.0966057
-0.0966263
-0.0965224
-0.0964745
-0.0964823
-0.0965375
-0.0966228
-0.0967211
-0.0968214
-0.0969204
-0.0970163
-0.0971073
-0.097192
-0.097269
-0.097337
-0.0973947
-0.0974411
-0.097475
-0.0974953
-0.0975015
-0.0974934
-0.0974711
-0.0974349
-0.0973851
-0.097322
-0.0972456
-0.097157
-0.0970566
-0.0969443
-0.0968195
-0.0966817
-0.0965296
-0.096362
-0.0961781
-0.0959881
-0.0957956
-0.0956059
-0.0954256
-0.0952573
-0.0950971
-0.0949236
-0.0946996
-0.0943818
-0.0938857
-0.0931036
-0.091912
-0.0901799
-0.0877816
-0.0846008
-0.0805502
-0.075577
-0.0696712
-0.0628666
-0.0552444
-0.0469272
-0.0380745
-0.0288724
-0.0195246
-0.0102425
-0.00123081
0.00732067
0.0152466
0.0224077
0.0287008
0.0340553
0.0384398
0.0418528
0.0443275
0.0459163
0.0466953
0.0467453
0.046161
0.0450304
0.0434484
0.0414951
0.0392543
0.0367897
0.0341689
0.0314364
0.0286424
0.0258132
0.0229836
0.0201639
0.0173767
0.0146189
0.0119043
0.00921899
0.00657079
0.00393847
0.00133023
-0.0952693
-0.0959198
-0.0961212
-0.0963762
-0.0965901
-0.0967515
-0.0968719
-0.0969704
-0.0970605
-0.0971458
-0.0972267
-0.0973023
-0.0973715
-0.0974332
-0.0974863
-0.0975298
-0.0975631
-0.0975849
-0.0975938
-0.0975895
-0.0975718
-0.0975408
-0.0974968
-0.0974401
-0.0973706
-0.0972881
-0.0971957
-0.097093
-0.0969792
-0.0968536
-0.0967156
-0.0965643
-0.0963985
-0.0962155
-0.0960141
-0.0958062
-0.0955969
-0.0953882
-0.0951778
-0.0949562
-0.0947009
-0.0943749
-0.0939242
-0.0932669
-0.0922998
-0.0909082
-0.0889732
-0.086384
-0.0830454
-0.0788885
-0.073878
-0.0680182
-0.0613564
-0.0539836
-0.0460285
-0.0376516
-0.0290344
-0.0203711
-0.0118552
-0.0036689
0.00402521
0.0110886
0.0174099
0.0229097
0.0275414
0.0312916
0.0341743
0.0362305
0.0375184
0.0381117
0.0380892
0.0375359
0.0365328
0.0351617
0.0334944
0.0316003
0.029536
0.0273553
0.0250981
0.0228026
0.0204931
0.0181941
0.0159171
0.0136758
0.0114715
0.00931033
0.00718593
0.0050994
0.00304069
0.00101221
-0.0999903
-0.0986114
-0.0979818
-0.097547
-0.0973188
-0.0972276
-0.0972135
-0.097235
-0.0972704
-0.0973123
-0.0973577
-0.0974036
-0.0974482
-0.0974898
-0.0975266
-0.0975569
-0.0975797
-0.0975913
-0.0975912
-0.0975795
-0.0975566
-0.0975222
-0.0974758
-0.0974175
-0.0973471
-0.0972623
-0.0971607
-0.0970468
-0.0969205
-0.0967794
-0.0966211
-0.0964435
-0.0962447
-0.0960236
-0.0957807
-0.0955194
-0.095241
-0.0949434
-0.0946194
-0.0942539
-0.0938208
-0.0932791
-0.0925714
-0.0916225
-0.0903413
-0.0886286
-0.0863846
-0.0835201
-0.0799655
-0.0756764
-0.0706385
-0.0648742
-0.0584434
-0.0514434
-0.0440024
-0.0362754
-0.0284318
-0.0206467
-0.0130891
-0.00591448
0.000748667
0.00679627
0.0121504
0.0167597
0.0206025
0.023682
0.0260247
0.0276744
0.028689
0.0291345
0.0290825
0.0286052
0.0277741
0.0266564
0.0253141
0.0238019
0.0221684
0.0204542
0.0186942
0.0169155
0.0151405
0.0133845
0.0116598
0.00997253
0.00832797
0.00672578
0.00516644
0.00364522
0.00215989
0.000704782
-0.0941361
-0.0952342
-0.0960745
-0.0966868
-0.0970023
-0.0971182
-0.0971494
-0.0971585
-0.0971706
-0.0971971
-0.0972327
-0.0972708
-0.0973086
-0.0973448
-0.0973782
-0.097407
-0.097431
-0.0974493
-0.0974546
-0.0974438
-0.0974174
-0.0973773
-0.0973232
-0.0972528
-0.0971642
-0.0970554
-0.0969254
-0.0967744
-0.0966011
-0.0964031
-0.0961772
-0.0959204
-0.0956297
-0.0953024
-0.0949364
-0.09453
-0.0940805
-0.0935821
-0.0930231
-0.0923846
-0.0916385
-0.0907463
-0.0896559
-0.0883035
-0.0866158
-0.0845158
-0.0819286
-0.0787893
-0.0750486
-0.070684
-0.0657038
-0.0601486
-0.0540892
-0.0476256
-0.0408798
-0.0339915
-0.0271059
-0.0203681
-0.0139111
-0.00785394
-0.00229395
0.00269521
0.0070671
0.0107961
0.0138799
0.0163325
0.0181857
0.0194806
0.0202697
0.0206076
0.0205563
0.0201749
0.0195258
0.0186628
0.0176393
0.0164968
0.0152762
0.0140064
0.0127174
0.0114265
0.0101545
0.00890822
0.00770155
0.00653313
0.00541266
0.00433295
0.00330178
0.00230765
0.00135791
0.000437028
-0.116863
-0.101919
-0.0999865
-0.0985075
-0.0975901
-0.097159
-0.0969818
-0.0969154
-0.0968893
-0.0968861
-0.0969169
-0.0969719
-0.0970328
-0.097089
-0.0971378
-0.0971783
-0.0972086
-0.0972254
-0.0972232
-0.0971984
-0.0971505
-0.0970794
-0.0969835
-0.0968599
-0.0967057
-0.0965181
-0.0962947
-0.0960333
-0.0957313
-0.0953863
-0.0949957
-0.0945561
-0.094064
-0.0935163
-0.0929095
-0.0922401
-0.0915031
-0.0906911
-0.0897917
-0.088786
-0.0876464
-0.0863352
-0.0848086
-0.0830177
-0.08091
-0.0784332
-0.0755398
-0.0721929
-0.0683712
-0.064075
-0.0593277
-0.0541771
-0.0486918
-0.0429604
-0.0370866
-0.0311847
-0.0253702
-0.0197548
-0.014437
-0.00950208
-0.0050175
-0.00103195
0.00243094
0.00536172
0.00776769
0.00966595
0.0110889
0.0120732
0.0126652
0.0129099
0.0128602
0.0125649
0.0120781
0.0114433
0.0107064
0.00989801
0.00905226
0.00818706
0.00732757
0.00648102
0.00566656
0.00488273
0.00414546
0.00344595
0.00279915
0.00218954
0.00163344
0.0011098
0.000638308
0.000189647
-0.0843487
-0.0908349
-0.0933455
-0.0941805
-0.0946169
-0.0950069
-0.0953665
-0.0956665
-0.0959249
-0.0961489
-0.0963394
-0.0964989
-0.0966307
-0.0967378
-0.0968221
-0.096883
-0.0969178
-0.096922
-0.0968911
-0.0968208
-0.0967086
-0.0965523
-0.0963504
-0.0961006
-0.0958008
-0.0954487
-0.0950423
-0.0945795
-0.094058
-0.0934747
-0.0928252
-0.0921062
-0.0913153
-0.0904499
-0.0895071
-0.0884834
-0.0873737
-0.0861707
-0.0848635
-0.0834365
-0.0818688
-0.0801342
-0.0782031
-0.0760435
-0.0736228
-0.0709111
-0.0678836
-0.0645245
-0.0608298
-0.0568107
-0.0524939
-0.0479223
-0.0431519
-0.0382528
-0.0333065
-0.0284016
-0.0236278
-0.0190713
-0.0148074
-0.0108971
-0.00738168
-0.00428746
-0.00162468
0.000605765
0.0024148
0.00382107
0.00485622
0.00555527
0.00596077
0.00611249
0.00605657
0.00583355
0.0054891
0.00505788
0.00457805
0.00407212
0.00356735
0.00307245
0.00260576
0.00216501
0.00176503
0.00139682
0.00107735
0.000791559
0.000559232
0.000356724
0.000208943
8.34437e-05
1.41396e-05
-4.29461e-05
-0.0783104
-0.0860975
-0.0900868
-0.0915143
-0.0919452
-0.0922734
-0.0927584
-0.0933579
-0.0939579
-0.0944835
-0.0949138
-0.0952585
-0.0955356
-0.0957596
-0.0959366
-0.0960665
-0.0961446
-0.0961648
-0.0961209
-0.0960078
-0.0958218
-0.0955606
-0.0952232
-0.0948087
-0.094317
-0.0937476
-0.0931004
-0.0923751
-0.0915709
-0.0906871
-0.0897225
-0.0886761
-0.0875473
-0.0863352
-0.0850388
-0.083656
-0.0821836
-0.0806169
-0.0789487
-0.0771697
-0.0752673
-0.0732263
-0.071029
-0.068656
-0.0660882
-0.0633094
-0.0603077
-0.0570784
-0.053625
-0.0499619
-0.0461153
-0.0421238
-0.0380381
-0.0339164
-0.0298208
-0.0258164
-0.0219689
-0.0183425
-0.0149924
-0.011961
-0.00927609
-0.00695328
-0.0049939
-0.00338633
-0.00211053
-0.00114354
-0.000455412
-1.25788e-05
0.000225796
0.000300297
0.000253825
0.000120681
-6.6298e-05
-0.000284078
-0.000506277
-0.000717471
-0.000898816
-0.00104781
-0.00115498
-0.00122915
-0.00126411
-0.00127327
-0.00124295
-0.00119012
-0.00109417
-0.000981134
-0.000820598
-0.000650827
-0.000425633
-0.000201464
-0.0680434
-0.0752531
-0.0805969
-0.0840706
-0.0861916
-0.0876229
-0.0888135
-0.0899415
-0.0910187
-0.0919994
-0.0928468
-0.0935514
-0.0941238
-0.0945808
-0.0949353
-0.0951932
-0.0953544
-0.0954154
-0.095372
-0.0952204
-0.0949585
-0.0945854
-0.094102
-0.0935102
-0.0928122
-0.0920109
-0.091109
-0.0901093
-0.0890143
-0.0878265
-0.0865476
-0.0851794
-0.0837231
-0.0821797
-0.0805499
-0.0788334
-0.0770295
-0.0751366
-0.0731516
-0.0710705
-0.0688881
-0.0665981
-0.0641935
-0.0616671
-0.0590116
-0.0562206
-0.0532901
-0.0502205
-0.0470177
-0.0436956
-0.0402774
-0.0367976
-0.0333018
-0.0298428
-0.0264759
-0.0232536
-0.0202217
-0.0174159
-0.014864
-0.0125893
-0.0106149
-0.00895754
-0.00761356
-0.0065522
-0.00573066
-0.00511384
-0.00467685
-0.00439684
-0.00424039
-0.00416474
-0.00412718
-0.0041006
-0.00407135
-0.00403549
-0.00398583
-0.00391687
-0.00381903
-0.00369113
-0.00352916
-0.00333971
-0.00311962
-0.00287922
-0.0026129
-0.0023345
-0.00203077
-0.00172088
-0.0013787
-0.00103453
-0.000641904
-0.000258279
-0.0627528
-0.0693699
-0.0748335
-0.0790364
-0.0821022
-0.0843429
-0.0861007
-0.0876151
-0.0889937
-0.0902543
-0.091377
-0.0923414
-0.0931413
-0.0937824
-0.0942742
-0.0946243
-0.0948359
-0.0949082
-0.0948389
-0.0946256
-0.0942673
-0.0937648
-0.0931208
-0.0923393
-0.0914253
-0.0903844
-0.0892226
-0.087946
-0.0865603
-0.0850709
-0.0834825
-0.0817989
-0.0800236
-0.0781593
-0.0762083
-0.0741729
-0.0720548
-0.0698558
-0.0675775
-0.0652211
-0.0627881
-0.06028
-0.0576988
-0.055047
-0.052327
-0.0495412
-0.0466926
-0.0437858
-0.0408272
-0.0378273
-0.0348026
-0.0317802
-0.0288007
-0.0259177
-0.023191
-0.0206716
-0.018388
-0.0163399
-0.0145084
-0.012884
-0.0114874
-0.0103533
-0.00948628
-0.00883908
-0.0083308
-0.00790212
-0.0075413
-0.00725816
-0.00704716
-0.00687558
-0.00670202
-0.00649971
-0.00625954
-0.0059886
-0.00570003
-0.00540536
-0.00510704
-0.00480431
-0.00449225
-0.00417011
-0.00383464
-0.00348897
-0.00313034
-0.00276421
-0.00238459
-0.00199912
-0.0015935
-0.00118055
-0.000729369
-0.00027405
-0.0581859
-0.0644465
-0.0698948
-0.074433
-0.0780664
-0.0809283
-0.0832299
-0.0851723
-0.0868888
-0.0884381
-0.0898281
-0.0910453
-0.0920762
-0.0929154
-0.0935647
-0.0940282
-0.0943092
-0.0944086
-0.0943259
-0.094061
-0.0936149
-0.0929905
-0.0921928
-0.0912281
-0.0901043
-0.0888299
-0.0874141
-0.0858665
-0.0841965
-0.0824124
-0.0805221
-0.0785318
-0.076447
-0.0742726
-0.0720131
-0.0696729
-0.0672571
-0.0647712
-0.0622214
-0.0596148
-0.056959
-0.0542625
-0.0515349
-0.0487866
-0.0460294
-0.0432749
-0.0405345
-0.0378173
-0.0351301
-0.0324781
-0.0298671
-0.027309
-0.0248281
-0.0224743
-0.0203159
-0.0184161
-0.016798
-0.0154171
-0.0141897
-0.0130655
-0.0120605
-0.0112342
-0.0106194
-0.0101762
-0.00980206
-0.00940861
-0.00898046
-0.0085582
-0.00817686
-0.00783573
-0.00751533
-0.00720572
-0.00689112
-0.00656018
-0.00621272
-0.00585504
-0.00549167
-0.00512488
-0.00475456
-0.00438141
-0.00400435
-0.00362402
-0.00323869
-0.00284966
-0.00245392
-0.00205269
-0.00163851
-0.00121184
-0.000753967
-0.000275627
-0.0545646
-0.0606163
-0.066038
-0.0707514
-0.0747324
-0.0780345
-0.0807799
-0.0831149
-0.0851609
-0.0869905
-0.0886298
-0.0900766
-0.0913177
-0.0923415
-0.0931416
-0.0937162
-0.0940652
-0.0941888
-0.0940875
-0.0937627
-0.0932185
-0.0924614
-0.0914998
-0.0903436
-0.0890035
-0.0874913
-0.0858195
-0.0840007
-0.0820475
-0.0799717
-0.0777841
-0.0754941
-0.0731096
-0.0706381
-0.0680864
-0.0654618
-0.0627726
-0.0600287
-0.0572419
-0.0544256
-0.0515947
-0.0487643
-0.0459495
-0.043166
-0.040433
-0.0377722
-0.0352026
-0.0327351
-0.0303732
-0.0281143
-0.0259518
-0.0238777
-0.0218892
-0.0200152
-0.0183158
-0.0168685
-0.0157161
-0.0147872
-0.0139627
-0.013166
-0.0123986
-0.0116916
-0.0110769
-0.0105809
-0.0101638
-0.00976841
-0.00937761
-0.00900808
-0.00863774
-0.00825065
-0.00784855
-0.00743384
-0.00701641
-0.00660864
-0.00621701
-0.0058382
-0.00546987
-0.0051073
-0.0047451
-0.00437971
-0.00400902
-0.00363254
-0.00324932
-0.00285984
-0.00246324
-0.00205941
-0.00164427
-0.00121443
-0.000759637
-0.000278035
-0.0516526
-0.0575945
-0.063001
-0.0678062
-0.0719896
-0.0755837
-0.0786653
-0.0813337
-0.083683
-0.0857801
-0.0876583
-0.0893234
-0.090765
-0.0919679
-0.0929187
-0.0936083
-0.0940315
-0.0941853
-0.0940689
-0.0936846
-0.0930391
-0.0921441
-0.0910138
-0.0896629
-0.0881064
-0.0863597
-0.0844388
-0.08236
-0.0801394
-0.0777925
-0.0753333
-0.0727743
-0.0701266
-0.0674003
-0.0646051
-0.0617514
-0.0588508
-0.0559176
-0.0529688
-0.0500252
-0.0471103
-0.0442478
-0.0414571
-0.0387501
-0.0361471
-0.033675
-0.0313525
-0.0291822
-0.0271538
-0.0252559
-0.0234734
-0.021795
-0.0202287
-0.0187775
-0.0174528
-0.016298
-0.0153156
-0.0144824
-0.0137575
-0.0131143
-0.0125597
-0.0121039
-0.0116784
-0.0111847
-0.0106022
-0.00998989
-0.00942566
-0.00892625
-0.00849534
-0.00811143
-0.00774319
-0.00737359
-0.00699846
-0.0066175
-0.00623686
-0.0058613
-0.00549021
-0.00512134
-0.00475227
-0.00438119
-0.00400622
-0.00362602
-0.00323997
-0.00284796
-0.0024493
-0.00204304
-0.00162626
-0.00119607
-0.000748234
-0.000271566
-0.0492581
-0.0551709
-0.0605753
-0.0654268
-0.069726
-0.0735116
-0.0768438
-0.0797905
-0.082416
-0.084771
-0.0868854
-0.0887674
-0.0904088
-0.0917921
-0.0928985
-0.0937117
-0.0942199
-0.0944158
-0.0942965
-0.0938642
-0.0931271
-0.092102
-0.0908097
-0.0892723
-0.0875122
-0.0855515
-0.083412
-0.081115
-0.0786805
-0.0761267
-0.0734704
-0.070726
-0.0679065
-0.0650238
-0.0620891
-0.0591148
-0.0561143
-0.053104
-0.050104
-0.047139
-0.0442378
-0.0414323
-0.0387506
-0.0362078
-0.0338215
-0.031606
-0.0295599
-0.0276654
-0.0258887
-0.0241929
-0.0225702
-0.0210508
-0.0196905
-0.018541
-0.0176294
-0.0169044
-0.0161867
-0.0153595
-0.014419
-0.0134615
-0.0126307
-0.0119563
-0.0114107
-0.0109246
-0.0104425
-0.00995443
-0.0094745
-0.00902248
-0.00860392
-0.00820402
-0.0078101
-0.00741647
-0.00702365
-0.00663472
-0.00625154
-0.00587335
-0.00549926
-0.00512741
-0.00475555
-0.00438174
-0.00400441
-0.00362235
-0.00323461
-0.00284054
-0.00243925
-0.00202936
-0.00160884
-0.0011773
-0.000734383
-0.000263223
-0.0477236
-0.0535987
-0.0589655
-0.0638154
-0.0681727
-0.0720783
-0.0755833
-0.0787379
-0.0815849
-0.0841591
-0.0864812
-0.0885556
-0.0903727
-0.0919141
-0.0931578
-0.0940822
-0.0946695
-0.094908
-0.0947927
-0.0943269
-0.093521
-0.092391
-0.0909604
-0.0892591
-0.0873201
-0.0851766
-0.0828598
-0.0803979
-0.0778157
-0.0751344
-0.0723717
-0.0695423
-0.0666588
-0.0637321
-0.0607726
-0.0577912
-0.0548001
-0.0518144
-0.0488531
-0.0459403
-0.0431057
-0.0403861
-0.0378208
-0.0354529
-0.0333102
-0.0313945
-0.0296752
-0.028095
-0.0265848
-0.0250626
-0.0234925
-0.0218894
-0.0203237
-0.0188937
-0.0176841
-0.0166783
-0.0158092
-0.0149965
-0.0142053
-0.0134478
-0.0127548
-0.0121491
-0.0116085
-0.0110863
-0.0105614
-0.0100388
-0.00953593
-0.00906583
-0.00862812
-0.00821481
-0.00781585
-0.00742389
-0.0070355
-0.00664994
-0.00626789
-0.00588953
-0.00551412
-0.00514021
-0.00476611
-0.00439017
-0.00401089
-0.00362702
-0.00323747
-0.00284128
-0.00243733
-0.00202417
-0.00160053
-0.00116744
-0.000725868
-0.000258819
-0.0468078
-0.0526991
-0.0580648
-0.0629311
-0.0673379
-0.0713289
-0.0749488
-0.0782422
-0.0812478
-0.083989
-0.0864746
-0.0887009
-0.0906543
-0.092315
-0.0936598
-0.0946666
-0.0953167
-0.095598
-0.0955063
-0.0950466
-0.094233
-0.0930874
-0.091638
-0.0899169
-0.0879583
-0.0857961
-0.0834628
-0.0809879
-0.0783974
-0.075713
-0.0729532
-0.0701331
-0.067265
-0.0643598
-0.0614272
-0.058477
-0.0555201
-0.0525694
-0.049641
-0.0467549
-0.0439362
-0.0412143
-0.0386217
-0.0361885
-0.0339355
-0.0318677
-0.0299727
-0.0282279
-0.0265693
-0.0249433
-0.0233411
-0.0217792
-0.0203151
-0.0190153
-0.0179048
-0.0169599
-0.016092
-0.0152377
-0.014386
-0.0135683
-0.0128318
-0.0121881
-0.0116132
-0.0110734
-0.0105492
-0.0100398
-0.00955436
-0.009096
-0.00866265
-0.00824779
-0.00784443
-0.00744824
-0.0070574
-0.00667147
-0.00629018
-0.00591282
-0.00553822
-0.00516487
-0.00479112
-0.00441539
-0.00403623
-0.00365237
-0.00326265
-0.00286591
-0.00246091
-0.00204618
-0.00162042
-0.00118356
-0.000735535
-0.000263396
)
;

boundaryField
{
    fixedWalls
    {
        type            zeroGradient;
    }
    inflowWall
    {
        type            zeroGradient;
    }
    outflowWall
    {
        type            fixedValue;
        value           uniform 0;
    }
    frontAndBack
    {
        type            empty;
    }
}


// ************************************************************************* //
