/*--------------------------------*- C++ -*----------------------------------*\
| =========                 |                                                 |
| \\      /  F ield         | OpenFOAM: The Open Source CFD Toolbox           |
|  \\    /   O peration     | Version:  2306                                  |
|   \\  /    A nd           | Website:  www.openfoam.com                      |
|    \\/     M anipulation  |                                                 |
\*---------------------------------------------------------------------------*/
FoamFile
{
    version     2.0;
    format      ascii;
    arch        "LSB;label=32;scalar=64";
    class       surfaceScalarField;
    location    "4.95";
    object      phi;
}
// * * * * * * * * * * * * * * * * * * * * * * * * * * * * * * * * * * * * * //

dimensions      [0 3 -1 0 0 0 0];

oriented        oriented;

internalField   nonuniform List<scalar> 
3680
(
4.93469e-05
6.53114e-07
4.79741e-05
1.37282e-06
4.66975e-05
1.27656e-06
4.52603e-05
1.43719e-06
4.41219e-05
1.13839e-06
4.27179e-05
1.40404e-06
4.17332e-05
9.84705e-07
4.04312e-05
1.30201e-06
3.97977e-05
6.33443e-07
9.88296e-07
3.88094e-05
5.03392e-05
3.13888e-07
5.08677e-05
8.44319e-07
5.1132e-05
1.01232e-06
5.14648e-05
1.10433e-06
5.15922e-05
1.01103e-06
5.19748e-05
1.02142e-06
5.20596e-05
8.99866e-07
5.25103e-05
8.51405e-07
5.2504e-05
6.39645e-07
4.34023e-07
5.30583e-05
5.01633e-05
1.5061e-07
5.05553e-05
4.52295e-07
5.09758e-05
5.9186e-07
5.14192e-05
6.60849e-07
5.18162e-05
6.14069e-07
5.2267e-05
5.70587e-07
5.2694e-05
4.72932e-07
5.31628e-05
3.82534e-07
5.35795e-05
2.22966e-07
1.50732e-08
5.39985e-05
5.00932e-05
5.73932e-08
5.03763e-05
1.69191e-07
5.07339e-05
2.34252e-07
5.11459e-05
2.48897e-07
5.15494e-05
2.10585e-07
5.19717e-05
1.48244e-07
5.23826e-05
6.19977e-08
5.2811e-05
-4.57904e-08
5.3221e-05
-1.87072e-07
-3.56185e-07
5.35923e-05
5.00738e-05
-1.63958e-08
5.02912e-05
-4.82458e-08
5.0611e-05
-8.55367e-08
5.09886e-05
-1.28674e-07
5.138e-05
-1.80878e-07
5.1774e-05
-2.45697e-07
5.21647e-05
-3.28706e-07
5.2551e-05
-4.32053e-07
5.29206e-05
-5.56681e-07
-7.02151e-07
5.32665e-05
5.00732e-05
-8.95613e-08
5.02829e-05
-2.57992e-07
5.05977e-05
-4.00356e-07
5.09652e-05
-4.96139e-07
5.13443e-05
-5.59951e-07
5.17214e-05
-6.22861e-07
5.20912e-05
-6.98487e-07
5.24522e-05
-7.93085e-07
5.28018e-05
-9.06267e-07
-1.03376e-06
5.31334e-05
5.00942e-05
-1.83762e-07
5.03556e-05
-5.19365e-07
5.06982e-05
-7.43011e-07
5.10682e-05
-8.66091e-07
5.14406e-05
-9.32341e-07
5.18044e-05
-9.86665e-07
5.21611e-05
-1.05522e-06
5.25125e-05
-1.14444e-06
5.28533e-05
-1.24712e-06
-1.35514e-06
5.31747e-05
5.01665e-05
-3.5024e-07
5.0518e-05
-8.70922e-07
5.09208e-05
-1.14579e-06
5.12996e-05
-1.2449e-06
5.16485e-05
-1.2812e-06
5.19859e-05
-1.3241e-06
5.23198e-05
-1.38915e-06
5.26413e-05
-1.4659e-06
5.29365e-05
-1.54234e-06
-1.61298e-06
5.31944e-05
5.03676e-05
-7.1786e-07
5.08004e-05
-1.30374e-06
5.10992e-05
-1.44454e-06
5.12767e-05
-1.42247e-06
5.14054e-05
-1.40986e-06
5.15042e-05
-1.42293e-06
5.15558e-05
-1.44074e-06
5.15435e-05
-1.45361e-06
5.14591e-05
-1.45788e-06
-1.45691e-06
5.1303e-05
4.92821e-05
4.79784e-05
4.65339e-05
4.51114e-05
4.37015e-05
4.22786e-05
4.08379e-05
3.93842e-05
3.79264e-05
3.64695e-05
1.43864e-08
-1.43864e-08
1.08854e-08
3.50089e-09
-7.72057e-09
1.8606e-08
-3.60747e-08
2.83541e-08
-7.14029e-08
3.53282e-08
-1.12397e-07
4.09944e-08
-1.58649e-07
4.62513e-08
-2.09897e-07
5.1248e-08
-2.65848e-07
5.59517e-08
-3.26171e-07
6.03232e-08
-3.90506e-07
6.43341e-08
-4.58478e-07
6.79723e-08
-5.29716e-07
7.12384e-08
-6.03858e-07
7.41413e-08
-6.80554e-07
7.66961e-08
-7.59477e-07
7.89229e-08
-8.40322e-07
8.0845e-08
-9.22809e-07
8.24877e-08
-1.00669e-06
8.38783e-08
-1.09174e-06
8.5055e-08
-1.17781e-06
8.60656e-08
-1.26477e-06
8.69652e-08
-1.35259e-06
8.7814e-08
-1.44126e-06
8.86757e-08
-1.53088e-06
8.96187e-08
-1.6216e-06
9.07188e-08
-1.71366e-06
9.20581e-08
-1.80738e-06
9.37182e-08
-1.90315e-06
9.57747e-08
-2.00145e-06
9.82953e-08
-2.10278e-06
1.01336e-07
-2.20773e-06
1.04944e-07
-2.3169e-06
1.09176e-07
-2.43104e-06
1.14136e-07
-2.55105e-06
1.20012e-07
-2.67815e-06
1.27098e-07
-2.81395e-06
1.35805e-07
-2.96067e-06
1.46712e-07
-3.12123e-06
1.60561e-07
-3.29947e-06
1.78239e-07
-3.50017e-06
2.007e-07
-3.72894e-06
2.28768e-07
-3.99175e-06
2.62818e-07
-4.29417e-06
3.02419e-07
-4.64019e-06
3.46018e-07
-5.03104e-06
3.90848e-07
-5.46417e-06
4.33131e-07
-5.93266e-06
4.68491e-07
-6.4249e-06
4.92241e-07
-6.92484e-06
4.99934e-07
-7.41333e-06
4.88497e-07
-7.87017e-06
4.56831e-07
-8.2751e-06
4.04937e-07
-8.60939e-06
3.34283e-07
-8.85677e-06
2.47383e-07
-9.00485e-06
1.48079e-07
-9.04042e-06
3.55698e-08
-8.96151e-06
-7.89039e-08
-8.76665e-06
-1.94859e-07
-8.45609e-06
-3.10567e-07
-8.03236e-06
-4.23731e-07
-7.50224e-06
-5.30116e-07
-6.87564e-06
-6.26605e-07
-6.16191e-06
-7.13724e-07
-5.37278e-06
-7.89135e-07
-4.52054e-06
-8.52233e-07
-3.61874e-06
-9.01808e-07
-2.67875e-06
-9.39984e-07
-1.71733e-06
-9.61424e-07
-7.4401e-07
-9.73317e-07
2.27633e-07
-9.71643e-07
1.19026e-06
-9.62628e-07
2.13108e-06
-9.40815e-07
3.04625e-06
-9.1517e-07
3.92408e-06
-8.77839e-07
4.76508e-06
-8.40993e-07
5.55883e-06
-7.93748e-07
6.31038e-06
-7.51553e-07
7.01012e-06
-6.99738e-07
7.66791e-06
-6.57792e-07
8.27396e-06
-6.06053e-07
8.843e-06
-5.69038e-07
9.36439e-06
-5.21395e-07
9.85756e-06
-4.93166e-07
1.03108e-05
-4.53276e-07
1.0748e-05
-4.37145e-07
1.11561e-05
-4.08147e-07
1.1565e-05
-4.08826e-07
1.19585e-05
-3.93524e-07
-4.27587e-07
-1.0888e-08
-3.49837e-09
-6.45873e-08
5.72002e-08
-1.48257e-07
1.02276e-07
-2.53864e-07
1.33961e-07
-3.76533e-07
1.57997e-07
-5.13889e-07
1.78351e-07
-6.64271e-07
1.96633e-07
-8.26201e-07
2.13178e-07
-9.98279e-07
2.2803e-07
-1.17916e-06
2.41207e-07
-1.36757e-06
2.52741e-07
-1.56228e-06
2.62684e-07
-1.76217e-06
2.71123e-07
-1.96619e-06
2.78165e-07
-2.17343e-06
2.83939e-07
-2.38309e-06
2.88584e-07
-2.5945e-06
2.92247e-07
-2.80709e-06
2.95081e-07
-3.02045e-06
2.97242e-07
-3.23431e-06
2.98909e-07
-3.44852e-06
3.00283e-07
-3.66313e-06
3.01575e-07
-3.87832e-06
3.03005e-07
-4.09444e-06
3.04792e-07
-4.31198e-06
3.07161e-07
-4.53161e-06
3.10345e-07
-4.75414e-06
3.14587e-07
-4.98054e-06
3.20117e-07
-5.2119e-06
3.27136e-07
-5.44942e-06
3.35821e-07
-5.6944e-06
3.46311e-07
-5.94816e-06
3.58708e-07
-6.21209e-06
3.73098e-07
-6.48755e-06
3.89602e-07
-6.77596e-06
4.08424e-07
-7.0787e-06
4.29833e-07
-7.39701e-06
4.5412e-07
-7.73192e-06
4.81622e-07
-8.08403e-06
5.12664e-07
-8.45327e-06
5.47482e-07
-8.83866e-06
5.86093e-07
-9.23798e-06
6.28091e-07
-9.64741e-06
6.72246e-07
-1.00611e-05
7.16146e-07
-1.04712e-05
7.56045e-07
-1.08673e-05
7.86978e-07
-1.12374e-05
8.03204e-07
-1.15681e-05
7.99238e-07
-1.18458e-05
7.6991e-07
-1.20561e-05
7.10285e-07
-1.21852e-05
6.17538e-07
-1.22204e-05
4.92025e-07
-1.21517e-05
3.36219e-07
-1.19681e-05
1.50696e-07
-1.16612e-05
-5.9461e-08
-1.12386e-05
-2.74559e-07
-1.06972e-05
-5.05774e-07
-1.00341e-05
-7.42072e-07
-9.25041e-06
-9.78519e-07
-8.35389e-06
-1.20709e-06
-7.35102e-06
-1.4266e-06
-6.25053e-06
-1.6306e-06
-5.06486e-06
-1.81228e-06
-3.80469e-06
-1.97389e-06
-2.48246e-06
-2.11137e-06
-1.11253e-06
-2.22216e-06
2.93766e-07
-2.30811e-06
1.7192e-06
-2.36542e-06
3.15672e-06
-2.39894e-06
4.59334e-06
-2.40993e-06
6.01774e-06
-2.39605e-06
7.42079e-06
-2.36568e-06
8.79269e-06
-2.31271e-06
1.01276e-05
-2.25004e-06
1.14177e-05
-2.168e-06
1.26605e-05
-2.08374e-06
1.38503e-05
-1.98354e-06
1.49874e-05
-1.88872e-06
1.60685e-05
-1.78085e-06
1.70965e-05
-1.68577e-06
1.807e-05
-1.57948e-06
1.89941e-05
-1.49317e-06
1.9869e-05
-1.39629e-06
2.07025e-05
-1.32664e-06
2.14949e-05
-1.24576e-06
2.22579e-05
-1.20007e-06
2.29907e-05
-1.14095e-06
2.37093e-05
-1.12745e-06
2.44111e-05
-1.09532e-06
-1.11571e-06
-5.01644e-08
4.66661e-08
-1.86872e-07
1.93908e-07
-3.69628e-07
2.85032e-07
-5.79565e-07
3.43897e-07
-8.07776e-07
3.86209e-07
-1.05178e-06
4.22352e-07
-1.30994e-06
4.54797e-07
-1.5797e-06
4.82939e-07
-1.85843e-06
5.0676e-07
-2.14369e-06
5.26461e-07
-2.43325e-06
5.42307e-07
-2.72518e-06
5.54617e-07
-3.01782e-06
5.6376e-07
-3.30978e-06
5.70126e-07
-3.59995e-06
5.74104e-07
-3.88744e-06
5.76078e-07
-4.17161e-06
5.76415e-07
-4.452e-06
5.75476e-07
-4.72832e-06
5.73556e-07
-5.00042e-06
5.71014e-07
-5.26836e-06
5.68217e-07
-5.5323e-06
5.65519e-07
-5.79255e-06
5.6325e-07
-6.04947e-06
5.61719e-07
-6.30352e-06
5.61205e-07
-6.55515e-06
5.61975e-07
-6.80485e-06
5.64289e-07
-7.05309e-06
5.68362e-07
-7.30028e-06
5.74319e-07
-7.54668e-06
5.82221e-07
-7.79241e-06
5.92045e-07
-8.03738e-06
6.03675e-07
-8.2812e-06
6.16919e-07
-8.52315e-06
6.31557e-07
-8.76218e-06
6.47452e-07
-8.99692e-06
6.64573e-07
-9.22547e-06
6.82664e-07
-9.44533e-06
7.01483e-07
-9.65335e-06
7.20688e-07
-9.8456e-06
7.3973e-07
-1.00172e-05
7.5773e-07
-1.01627e-05
7.73554e-07
-1.02754e-05
7.8493e-07
-1.03479e-05
7.88664e-07
-1.03723e-05
7.80482e-07
-1.03405e-05
7.55115e-07
-1.02437e-05
7.06393e-07
-1.00737e-05
6.29315e-07
-9.82443e-06
5.20604e-07
-9.4909e-06
3.76754e-07
-9.06778e-06
1.94415e-07
-8.54867e-06
-2.7084e-08
-7.9396e-06
-2.72847e-07
-7.2387e-06
-5.50209e-07
-6.44528e-06
-8.52876e-07
-5.5525e-06
-1.16734e-06
-4.56735e-06
-1.49093e-06
-3.49646e-06
-1.81297e-06
-2.34344e-06
-2.13154e-06
-1.11553e-06
-2.43499e-06
1.82157e-07
-2.72429e-06
1.53286e-06
-2.98131e-06
2.93721e-06
-3.21662e-06
4.3798e-06
-3.41648e-06
5.85415e-06
-3.58571e-06
7.34713e-06
-3.71515e-06
8.8508e-06
-3.81177e-06
1.03546e-05
-3.86922e-06
1.18488e-05
-3.89314e-06
1.33227e-05
-3.8838e-06
1.47699e-05
-3.84333e-06
1.61811e-05
-3.77683e-06
1.75522e-05
-3.68378e-06
1.8876e-05
-3.57387e-06
2.0151e-05
-3.44297e-06
2.13724e-05
-3.30519e-06
2.25408e-05
-3.15195e-06
2.36539e-05
-3.00179e-06
2.47139e-05
-2.84082e-06
2.57205e-05
-2.69244e-06
2.66776e-05
-2.53652e-06
2.75866e-05
-2.40216e-06
2.84522e-05
-2.26189e-06
2.92778e-05
-2.15224e-06
3.00684e-05
-2.03638e-06
3.08291e-05
-1.96084e-06
3.15652e-05
-1.87699e-06
3.2282e-05
-1.84423e-06
3.29844e-05
-1.7978e-06
-1.81992e-06
-1.38471e-07
1.85137e-07
-3.92891e-07
4.48328e-07
-6.86832e-07
5.78973e-07
-9.9812e-07
6.55186e-07
-1.32453e-06
7.12615e-07
-1.66321e-06
7.6104e-07
-2.00914e-06
8.00722e-07
-2.35755e-06
8.31352e-07
-2.70442e-06
8.53629e-07
-3.04671e-06
8.68745e-07
-3.38193e-06
8.77532e-07
-3.7082e-06
8.80884e-07
-4.02416e-06
8.7972e-07
-4.32888e-06
8.74844e-07
-4.62175e-06
8.66974e-07
-4.90242e-06
8.56754e-07
-5.17076e-06
8.44749e-07
-5.42673e-06
8.31444e-07
-5.67044e-06
8.17269e-07
-5.90207e-06
8.0265e-07
-6.12185e-06
7.87991e-07
-6.32998e-06
7.73653e-07
-6.52669e-06
7.59954e-07
-6.71212e-06
7.47152e-07
-6.88635e-06
7.35436e-07
-7.04933e-06
7.24953e-07
-7.20089e-06
7.15846e-07
-7.34074e-06
7.08218e-07
-7.46842e-06
7.01995e-07
-7.58322e-06
6.97022e-07
-7.68421e-06
6.9304e-07
-7.77021e-06
6.89675e-07
-7.83973e-06
6.86434e-07
-7.89091e-06
6.82737e-07
-7.92155e-06
6.78095e-07
-7.92919e-06
6.72217e-07
-7.91095e-06
6.64416e-07
-7.86345e-06
6.53985e-07
-7.78285e-06
6.40092e-07
-7.66482e-06
6.21697e-07
-7.50444e-06
5.97356e-07
-7.29608e-06
5.65187e-07
-7.03431e-06
5.23161e-07
-6.71405e-06
4.68404e-07
-6.33002e-06
3.96448e-07
-5.87792e-06
3.03021e-07
-5.35368e-06
1.82147e-07
-4.75241e-06
2.80441e-08
-4.07724e-06
-1.5456e-07
-3.32678e-06
-3.73703e-07
-2.50123e-06
-6.31137e-07
-1.60498e-06
-9.23334e-07
-6.31505e-07
-1.24633e-06
4.13388e-07
-1.5951e-06
1.52487e-06
-1.96436e-06
2.69979e-06
-2.34226e-06
3.93606e-06
-2.7272e-06
5.22848e-06
-3.10538e-06
6.57342e-06
-3.47648e-06
7.96318e-06
-3.82476e-06
9.39215e-06
-4.15326e-06
1.08544e-05
-4.4436e-06
1.23412e-05
-4.70335e-06
1.38424e-05
-4.91767e-06
1.53511e-05
-5.09446e-06
1.68567e-05
-5.22069e-06
1.83516e-05
-5.3067e-06
1.98257e-05
-5.3433e-06
2.12731e-05
-5.34061e-06
2.26837e-05
-5.29435e-06
2.40543e-05
-5.21393e-06
2.53762e-05
-5.09874e-06
2.66489e-05
-4.95647e-06
2.78655e-05
-4.79051e-06
2.90281e-05
-4.60554e-06
3.01317e-05
-4.4088e-06
3.11805e-05
-4.20071e-06
3.21712e-05
-3.99253e-06
3.31097e-05
-3.77933e-06
3.39942e-05
-3.57698e-06
3.48319e-05
-3.37412e-06
3.56219e-05
-3.19222e-06
3.63724e-05
-3.01237e-06
3.70833e-05
-2.86311e-06
3.77634e-05
-2.71653e-06
3.84127e-05
-2.61013e-06
3.9041e-05
-2.50535e-06
3.96479e-05
-2.45109e-06
4.02469e-05
-2.39677e-06
-2.408e-06
-1.95623e-07
3.8076e-07
-5.66595e-07
8.19299e-07
-9.85037e-07
9.97415e-07
-1.41273e-06
1.08288e-06
-1.83341e-06
1.1333e-06
-2.23837e-06
1.166e-06
-2.62388e-06
1.18623e-06
-2.98884e-06
1.19631e-06
-3.33151e-06
1.1963e-06
-3.65044e-06
1.18767e-06
-3.945e-06
1.1721e-06
-4.21513e-06
1.15101e-06
-4.46113e-06
1.12572e-06
-4.68358e-06
1.0973e-06
-4.88325e-06
1.06664e-06
-5.06098e-06
1.03448e-06
-5.21764e-06
1.00141e-06
-5.35405e-06
9.67855e-07
-5.47095e-06
9.34164e-07
-5.56899e-06
9.00694e-07
-5.64874e-06
8.67746e-07
-5.71065e-06
8.35555e-07
-5.75498e-06
8.04287e-07
-5.78188e-06
7.74049e-07
-5.79127e-06
7.44826e-07
-5.78286e-06
7.16542e-07
-5.75613e-06
6.89123e-07
-5.71049e-06
6.6258e-07
-5.64509e-06
6.3659e-07
-5.55883e-06
6.10766e-07
-5.45043e-06
5.84634e-07
-5.31834e-06
5.57589e-07
-5.16081e-06
5.28899e-07
-4.97578e-06
4.97705e-07
-4.7607e-06
4.63015e-07
-4.51319e-06
4.24707e-07
-4.23047e-06
3.81696e-07
-3.90936e-06
3.32879e-07
-3.54633e-06
2.7706e-07
-3.13748e-06
2.12853e-07
-2.67855e-06
1.38425e-07
-2.16444e-06
5.107e-08
-1.59195e-06
-4.93207e-08
-9.58955e-07
-1.64595e-07
-2.61514e-07
-3.00992e-07
5.03279e-07
-4.61772e-07
1.33617e-06
-6.50749e-07
2.23404e-06
-8.69824e-07
3.20088e-06
-1.1214e-06
4.23362e-06
-1.40644e-06
5.32895e-06
-1.72647e-06
6.48247e-06
-2.07685e-06
7.6919e-06
-2.45575e-06
8.9515e-06
-2.85471e-06
1.02588e-05
-3.27168e-06
1.16094e-05
-3.69282e-06
1.29996e-05
-4.11739e-06
1.44234e-05
-4.52922e-06
1.58759e-05
-4.92893e-06
1.73496e-05
-5.29853e-06
1.88376e-05
-5.64124e-06
2.03326e-05
-5.93863e-06
2.18264e-05
-6.1971e-06
2.33095e-05
-6.40074e-06
2.47743e-05
-6.55931e-06
2.62121e-05
-6.65852e-06
2.76166e-05
-6.71115e-06
2.89794e-05
-6.70608e-06
3.02969e-05
-6.65813e-06
3.15617e-05
-6.55917e-06
3.2773e-05
-6.42518e-06
3.39248e-05
-6.25056e-06
3.50193e-05
-6.05095e-06
3.60518e-05
-5.82306e-06
3.70272e-05
-5.58093e-06
3.79418e-05
-5.32335e-06
3.88025e-05
-5.06145e-06
3.96062e-05
-4.7962e-06
4.03617e-05
-4.53484e-06
4.10657e-05
-4.28101e-06
4.17288e-05
-4.0372e-06
4.23471e-05
-3.8105e-06
4.29326e-05
-3.59787e-06
4.34804e-05
-3.41093e-06
4.40041e-05
-3.24021e-06
4.44973e-05
-3.10331e-06
4.49752e-05
-2.98331e-06
4.54298e-05
-2.90564e-06
4.58778e-05
-2.84478e-06
-2.84152e-06
-4.22158e-07
8.02918e-07
-9.62571e-07
1.35971e-06
-1.45577e-06
1.49061e-06
-1.88986e-06
1.51697e-06
-2.28631e-06
1.52974e-06
-2.65025e-06
1.52994e-06
-2.9771e-06
1.51308e-06
-3.2609e-06
1.48011e-06
-3.49825e-06
1.43365e-06
-3.69133e-06
1.38076e-06
-3.84322e-06
1.32398e-06
-3.95695e-06
1.26475e-06
-4.03551e-06
1.20427e-06
-4.0817e-06
1.14349e-06
-4.09809e-06
1.08304e-06
-4.08702e-06
1.02341e-06
-4.05054e-06
9.64931e-07
-3.99045e-06
9.07758e-07
-3.90817e-06
8.51883e-07
-3.80491e-06
7.97435e-07
-3.68163e-06
7.44467e-07
-3.53903e-06
6.92959e-07
-3.37754e-06
6.42794e-07
-3.19733e-06
5.93837e-07
-2.99827e-06
5.45767e-07
-2.77994e-06
4.98209e-07
-2.54158e-06
4.50768e-07
-2.28252e-06
4.03522e-07
-2.00159e-06
3.55659e-07
-1.69745e-06
3.06621e-07
-1.36859e-06
2.55778e-07
-1.01332e-06
2.02315e-07
-6.29671e-07
1.45253e-07
-2.15326e-07
8.33607e-08
2.33106e-07
1.45834e-08
7.15911e-07
-5.80987e-08
1.23629e-06
-1.38683e-07
1.79752e-06
-2.2835e-07
2.40268e-06
-3.28106e-07
3.05499e-06
-4.39456e-07
3.75751e-06
-5.64094e-07
4.5123e-06
-7.03722e-07
5.32312e-06
-8.60134e-07
6.19418e-06
-1.03566e-06
7.12661e-06
-1.23342e-06
8.12089e-06
-1.45605e-06
9.17664e-06
-1.7065e-06
1.02927e-05
-1.9859e-06
1.14674e-05
-2.29613e-06
1.26969e-05
-2.63591e-06
1.39769e-05
-3.00645e-06
1.53022e-05
-3.40213e-06
1.66681e-05
-3.82171e-06
1.80686e-05
-4.25518e-06
1.94976e-05
-4.70067e-06
2.09492e-05
-5.14441e-06
2.24163e-05
-5.58453e-06
2.38919e-05
-6.00486e-06
2.53678e-05
-6.40481e-06
2.68361e-05
-6.76683e-06
2.82879e-05
-7.09299e-06
2.97152e-05
-7.36598e-06
3.11097e-05
-7.59152e-06
3.24633e-05
-7.75442e-06
3.37695e-05
-7.86545e-06
3.50222e-05
-7.91125e-06
3.62175e-05
-7.90649e-06
3.73512e-05
-7.83976e-06
3.84222e-05
-7.72914e-06
3.94279e-05
-7.56482e-06
4.037e-05
-7.36727e-06
4.12471e-05
-7.1277e-06
4.20638e-05
-6.86758e-06
4.28192e-05
-6.57847e-06
4.35198e-05
-6.28163e-06
4.4165e-05
-5.96854e-06
4.47629e-05
-5.65928e-06
4.53119e-05
-5.34519e-06
4.58215e-05
-5.04449e-06
4.62892e-05
-4.74865e-06
4.67255e-05
-4.47357e-06
4.71264e-05
-4.21135e-06
4.75037e-05
-3.97523e-06
4.78514e-05
-3.75863e-06
4.8183e-05
-3.57175e-06
4.84899e-05
-3.41025e-06
4.87874e-05
-3.2808e-06
4.90642e-05
-3.18241e-06
4.93371e-05
-3.11768e-06
-3.09625e-06
-2.66828e-07
1.06975e-06
-8.62232e-07
1.95512e-06
-1.48189e-06
2.11027e-06
-2.00038e-06
2.03546e-06
-2.39052e-06
1.91989e-06
-2.65525e-06
1.79467e-06
-2.81244e-06
1.67027e-06
-2.88244e-06
1.55011e-06
-2.88266e-06
1.43387e-06
-2.82422e-06
1.32232e-06
-2.7155e-06
1.21526e-06
-2.56318e-06
1.11243e-06
-2.37303e-06
1.01412e-06
-2.14999e-06
9.2045e-07
-1.89823e-06
8.31284e-07
-1.62124e-06
7.46413e-07
-1.32194e-06
6.65629e-07
-1.00268e-06
5.88496e-07
-6.65207e-07
5.14414e-07
-3.11046e-07
4.43274e-07
5.87272e-08
3.74694e-07
4.43425e-07
3.08261e-07
8.42676e-07
2.43543e-07
1.25647e-06
1.80045e-07
1.68531e-06
1.16926e-07
2.13019e-06
5.33251e-08
2.59256e-06
-1.16008e-08
3.07201e-06
-7.59219e-08
3.5708e-06
-1.4314e-07
4.09074e-06
-2.13314e-07
4.63366e-06
-2.87143e-07
5.20162e-06
-3.6564e-07
5.7967e-06
-4.49832e-07
6.42094e-06
-5.40876e-07
7.07519e-06
-6.3967e-07
7.76412e-06
-7.47027e-07
8.48979e-06
-8.64353e-07
9.25462e-06
-9.93179e-07
1.00612e-05
-1.13464e-06
1.0912e-05
-1.29029e-06
1.18094e-05
-1.46148e-06
1.27557e-05
-1.65002e-06
1.3753e-05
-1.85743e-06
1.48028e-05
-2.08551e-06
1.59056e-05
-2.33621e-06
1.70608e-05
-2.61126e-06
1.82667e-05
-2.91239e-06
1.95206e-05
-3.23985e-06
2.08188e-05
-3.59427e-06
2.21564e-05
-3.97354e-06
2.3527e-05
-4.377e-06
2.4924e-05
-4.7992e-06
2.63394e-05
-5.2371e-06
2.77656e-05
-5.68133e-06
2.91929e-05
-6.128e-06
3.06135e-05
-6.56497e-06
3.20172e-05
-6.9882e-06
3.33958e-05
-7.3835e-06
3.47392e-05
-7.74824e-06
3.60398e-05
-8.06738e-06
3.72885e-05
-8.34176e-06
3.84794e-05
-8.55688e-06
3.96056e-05
-8.71765e-06
4.06627e-05
-8.81158e-06
4.16472e-05
-8.84994e-06
4.25582e-05
-8.82221e-06
4.33958e-05
-8.74407e-06
4.41611e-05
-8.60509e-06
4.4857e-05
-8.42506e-06
4.54861e-05
-8.19391e-06
4.60535e-05
-7.93463e-06
4.65622e-05
-7.63646e-06
4.7019e-05
-7.32435e-06
4.74265e-05
-6.98604e-06
4.77923e-05
-6.64738e-06
4.8118e-05
-6.29421e-06
4.84113e-05
-5.95264e-06
4.86726e-05
-5.60645e-06
4.89098e-05
-5.28171e-06
4.91214e-05
-4.96027e-06
4.93159e-05
-4.66805e-06
4.94898e-05
-4.38523e-06
4.96521e-05
-4.13758e-06
4.97975e-05
-3.90399e-06
4.99358e-05
-3.71009e-06
5.00595e-05
-3.53393e-06
5.01797e-05
-3.40097e-06
5.02861e-05
-3.28888e-06
5.03909e-05
-3.22246e-06
-3.18316e-06
-1.49381e-06
2.56356e-06
-1.94447e-06
2.40578e-06
-2.10973e-06
2.27553e-06
-2.12634e-06
2.05207e-06
-2.01415e-06
1.8077e-06
-1.79708e-06
1.5776e-06
-1.49439e-06
1.36758e-06
-1.12057e-06
1.17629e-06
-6.88247e-07
1.00155e-06
-2.09824e-07
8.43893e-07
3.05453e-07
6.99988e-07
8.49769e-07
5.6811e-07
1.41637e-06
4.47514e-07
2.00017e-06
3.36654e-07
2.59726e-06
2.34192e-07
3.20446e-06
1.39216e-07
3.81881e-06
5.12786e-08
4.4391e-06
-3.1794e-08
5.06537e-06
-1.11855e-07
5.69578e-06
-1.87134e-07
6.32989e-06
-2.59418e-07
6.96787e-06
-3.29724e-07
7.6101e-06
-3.98688e-07
8.25666e-06
-4.6651e-07
8.90913e-06
-5.35542e-07
9.56871e-06
-6.06254e-07
1.02362e-05
-6.79108e-07
1.0915e-05
-7.54749e-07
1.16064e-05
-8.34473e-07
1.23123e-05
-9.19288e-07
1.30352e-05
-1.01e-06
1.37772e-05
-1.10766e-06
1.45406e-05
-1.21321e-06
1.53275e-05
-1.3278e-06
1.61403e-05
-1.45241e-06
1.69814e-05
-1.58817e-06
1.7853e-05
-1.73595e-06
1.87571e-05
-1.89722e-06
1.96953e-05
-2.07293e-06
2.06696e-05
-2.26456e-06
2.16811e-05
-2.47299e-06
2.27309e-05
-2.69978e-06
2.38193e-05
-2.94578e-06
2.49461e-05
-3.21239e-06
2.61101e-05
-3.50014e-06
2.73089e-05
-3.81005e-06
2.85387e-05
-4.14218e-06
2.97951e-05
-4.49629e-06
3.10719e-05
-4.87106e-06
3.23625e-05
-5.26417e-06
3.36582e-05
-5.67269e-06
3.49512e-05
-6.09223e-06
3.62307e-05
-6.51656e-06
3.74876e-05
-6.93821e-06
3.87107e-05
-7.35113e-06
3.98914e-05
-7.74571e-06
4.1019e-05
-8.11582e-06
4.20863e-05
-8.45076e-06
4.30843e-05
-8.74623e-06
4.40085e-05
-8.99159e-06
4.48529e-05
-9.18618e-06
4.56163e-05
-9.32022e-06
4.62965e-05
-9.39787e-06
4.68952e-05
-9.41034e-06
4.74132e-05
-9.36789e-06
4.78562e-05
-9.26523e-06
4.8229e-05
-9.11684e-06
4.85381e-05
-8.91424e-06
4.87901e-05
-8.67705e-06
4.89918e-05
-8.39556e-06
4.91505e-05
-8.09333e-06
4.9272e-05
-7.75803e-06
4.93639e-05
-7.41619e-06
4.94299e-05
-7.05208e-06
4.94772e-05
-6.69461e-06
4.95072e-05
-6.32425e-06
4.95266e-05
-5.97201e-06
4.95346e-05
-5.6145e-06
4.95377e-05
-5.28475e-06
4.95329e-05
-4.95554e-06
4.95269e-05
-4.66198e-06
4.95148e-05
-4.37317e-06
4.95036e-05
-4.12635e-06
4.94867e-05
-3.88715e-06
4.94717e-05
-3.6951e-06
4.94504e-05
-3.5126e-06
4.9431e-05
-3.38151e-06
4.94035e-05
-3.26142e-06
4.93776e-05
-3.19658e-06
-3.14019e-06
-8.94975e-07
3.45853e-06
-7.41952e-07
2.25275e-06
-2.53076e-07
1.78665e-06
4.56986e-07
1.34201e-06
1.32303e-06
9.41658e-07
2.27896e-06
6.21675e-07
3.27841e-06
3.68124e-07
4.29395e-06
1.60746e-07
5.31194e-06
-1.64395e-08
6.31693e-06
-1.61094e-07
7.31124e-06
-2.94322e-07
8.29244e-06
-4.13087e-07
9.25617e-06
-5.16222e-07
1.02017e-05
-6.0884e-07
1.11287e-05
-6.92852e-07
1.20374e-05
-7.69508e-07
1.29287e-05
-8.39982e-07
1.38027e-05
-9.05767e-07
1.4659e-05
-9.68164e-07
1.54996e-05
-1.02774e-06
1.63258e-05
-1.0856e-06
1.7139e-05
-1.14294e-06
1.79408e-05
-1.20051e-06
1.87336e-05
-1.25931e-06
1.95193e-05
-1.32125e-06
2.03e-05
-1.38698e-06
2.10782e-05
-1.4573e-06
2.18566e-05
-1.53313e-06
2.26375e-05
-1.61532e-06
2.34232e-05
-1.705e-06
2.42162e-05
-1.80304e-06
2.5019e-05
-1.91041e-06
2.58335e-05
-2.0278e-06
2.6662e-05
-2.15627e-06
2.75062e-05
-2.29659e-06
2.83678e-05
-2.44978e-06
2.92483e-05
-2.61647e-06
3.01489e-05
-2.79776e-06
3.10702e-05
-2.99424e-06
3.20126e-05
-3.20698e-06
3.2976e-05
-3.43637e-06
3.39595e-05
-3.68336e-06
3.49621e-05
-3.9483e-06
3.59816e-05
-4.23193e-06
3.70147e-05
-4.53325e-06
3.80573e-05
-4.85262e-06
3.91038e-05
-5.18875e-06
4.01483e-05
-5.54071e-06
4.11829e-05
-5.90572e-06
4.22e-05
-6.28125e-06
4.31901e-05
-6.6628e-06
4.41439e-05
-7.04597e-06
4.50515e-05
-7.42425e-06
4.59049e-05
-7.79158e-06
4.66946e-05
-8.1408e-06
4.7414e-05
-8.46511e-06
4.80559e-05
-8.75768e-06
4.86169e-05
-9.01184e-06
4.90933e-05
-9.22256e-06
4.94858e-05
-9.38416e-06
4.97944e-05
-9.49473e-06
5.0024e-05
-9.54987e-06
5.0178e-05
-9.55182e-06
5.0265e-05
-9.49733e-06
5.02907e-05
-9.39361e-06
5.02653e-05
-9.23981e-06
5.01957e-05
-9.04723e-06
5.00922e-05
-8.81074e-06
4.99613e-05
-8.54619e-06
4.98117e-05
-8.24596e-06
4.96488e-05
-7.93038e-06
4.94784e-05
-7.58772e-06
4.9305e-05
-7.24271e-06
4.91314e-05
-6.87848e-06
4.8961e-05
-6.52422e-06
4.87939e-05
-6.1572e-06
4.86334e-05
-5.81146e-06
4.84769e-05
-5.458e-06
4.83282e-05
-5.1361e-06
4.81827e-05
-4.81001e-06
4.80453e-05
-4.52458e-06
4.79091e-05
-4.23693e-06
4.77806e-05
-3.99787e-06
4.76506e-05
-3.75718e-06
4.75275e-05
-3.57203e-06
4.73996e-05
-3.38466e-06
4.7277e-05
-3.2589e-06
4.71452e-05
-3.1296e-06
4.70162e-05
-3.06758e-06
-2.99742e-06
3.65096e-06
-1.92432e-07
6.37251e-06
-4.68795e-07
8.77939e-06
-6.20229e-07
1.08959e-05
-7.74469e-07
1.27649e-05
-9.27355e-07
1.44506e-05
-1.06406e-06
1.59978e-05
-1.17902e-06
1.74235e-05
-1.26505e-06
1.87529e-05
-1.34578e-06
2.0009e-05
-1.41721e-06
2.11944e-05
-1.47974e-06
2.23164e-05
-1.53511e-06
2.33842e-05
-1.58396e-06
2.44027e-05
-1.62733e-06
2.5376e-05
-1.66622e-06
2.6308e-05
-1.7015e-06
2.72021e-05
-1.73403e-06
2.8061e-05
-1.76471e-06
2.88875e-05
-1.79462e-06
2.96845e-05
-1.82473e-06
3.04549e-05
-1.85598e-06
3.12013e-05
-1.88938e-06
3.19267e-05
-1.92596e-06
3.26343e-05
-1.96682e-06
3.33261e-05
-2.0131e-06
3.40049e-05
-2.06578e-06
3.46733e-05
-2.12569e-06
3.53338e-05
-2.19364e-06
3.59888e-05
-2.27035e-06
3.66405e-05
-2.35669e-06
3.72911e-05
-2.45356e-06
3.79423e-05
-2.56169e-06
3.85958e-05
-2.68131e-06
3.92529e-05
-2.81331e-06
3.99145e-05
-2.95823e-06
4.05814e-05
-3.11669e-06
4.12541e-05
-3.2891e-06
4.19323e-05
-3.47601e-06
4.26158e-05
-3.6777e-06
4.33034e-05
-3.8946e-06
4.39938e-05
-4.12676e-06
4.46848e-05
-4.37439e-06
4.53737e-05
-4.63717e-06
4.60566e-05
-4.91485e-06
4.67297e-05
-5.20632e-06
4.73878e-05
-5.51076e-06
4.80254e-05
-5.82629e-06
4.86359e-05
-6.15121e-06
4.92125e-05
-6.48239e-06
4.97482e-05
-6.81694e-06
5.02357e-05
-7.1503e-06
5.06682e-05
-7.4784e-06
5.10393e-05
-7.79544e-06
5.13444e-05
-8.0966e-06
5.15791e-05
-8.37549e-06
5.17414e-05
-8.62746e-06
5.18303e-05
-8.84656e-06
5.18478e-05
-9.02932e-06
5.17965e-05
-9.17127e-06
5.16826e-05
-9.27031e-06
5.15117e-05
-9.32379e-06
5.12929e-05
-9.3311e-06
5.10329e-05
-9.29185e-06
5.07428e-05
-9.20719e-06
5.04295e-05
-9.0803e-06
5.01024e-05
-8.91273e-06
4.97656e-05
-8.71041e-06
4.94279e-05
-8.47302e-06
4.90909e-05
-8.2092e-06
4.8761e-05
-7.91612e-06
4.84372e-05
-7.60655e-06
4.81237e-05
-7.27422e-06
4.7818e-05
-6.93694e-06
4.75227e-05
-6.58324e-06
4.7235e-05
-6.23646e-06
4.69561e-05
-5.87834e-06
4.66836e-05
-5.53901e-06
4.64177e-05
-5.1921e-06
4.61574e-05
-4.87578e-06
4.59012e-05
-4.55382e-06
4.56503e-05
-4.27368e-06
4.54009e-05
-3.98751e-06
4.51568e-05
-3.75381e-06
4.4911e-05
-3.51136e-06
4.46706e-05
-3.3316e-06
4.4424e-05
-3.13809e-06
4.41823e-05
-3.01718e-06
4.3928e-05
-2.87533e-06
4.36759e-05
-2.8155e-06
-2.73148e-06
3.86002e-05
1.67606e-08
3.85663e-05
-4.34835e-07
3.87026e-05
-7.56507e-07
3.89246e-05
-9.96561e-07
3.91946e-05
-1.1973e-06
3.95065e-05
-1.376e-06
3.98617e-05
-1.53414e-06
4.02613e-05
-1.66472e-06
4.06852e-05
-1.76966e-06
4.11236e-05
-1.85564e-06
4.15695e-05
-1.92556e-06
4.20171e-05
-1.98276e-06
4.24626e-05
-2.02947e-06
4.29027e-05
-2.06744e-06
4.33348e-05
-2.09833e-06
4.3757e-05
-2.12371e-06
4.41681e-05
-2.14509e-06
4.45673e-05
-2.1639e-06
4.49543e-05
-2.18161e-06
4.53292e-05
-2.19962e-06
4.56924e-05
-2.21925e-06
4.60448e-05
-2.24178e-06
4.63873e-05
-2.26845e-06
4.67209e-05
-2.30044e-06
4.70467e-05
-2.33884e-06
4.73656e-05
-2.38471e-06
4.76789e-05
-2.43893e-06
4.79875e-05
-2.5023e-06
4.82927e-05
-2.57552e-06
4.85953e-05
-2.65926e-06
4.88959e-05
-2.75414e-06
4.91948e-05
-2.86067e-06
4.94927e-05
-2.97923e-06
4.97897e-05
-3.11023e-06
5.00854e-05
-3.25401e-06
5.03796e-05
-3.41088e-06
5.06716e-05
-3.58104e-06
5.09602e-05
-3.76463e-06
5.12442e-05
-3.96168e-06
5.15217e-05
-4.17215e-06
5.17908e-05
-4.39583e-06
5.20488e-05
-4.6324e-06
5.22928e-05
-4.88122e-06
5.25195e-05
-5.14154e-06
5.27254e-05
-5.41218e-06
5.29064e-05
-5.69177e-06
5.30585e-05
-5.9784e-06
5.31773e-05
-6.26998e-06
5.32587e-05
-6.56379e-06
5.32987e-05
-6.85695e-06
5.32941e-05
-7.14574e-06
5.32422e-05
-7.4265e-06
5.31416e-05
-7.6948e-06
5.29917e-05
-7.94666e-06
5.27935e-05
-8.17737e-06
5.25493e-05
-8.38323e-06
5.22624e-05
-8.55963e-06
5.19376e-05
-8.70449e-06
5.15807e-05
-8.81437e-06
5.11981e-05
-8.88772e-06
5.07959e-05
-8.92168e-06
5.03809e-05
-8.91603e-06
4.99577e-05
-8.8687e-06
4.95317e-05
-8.78118e-06
4.91047e-05
-8.65328e-06
4.86799e-05
-8.4879e-06
4.82559e-05
-8.28646e-06
4.78352e-05
-8.05231e-06
4.74144e-05
-7.78841e-06
4.69959e-05
-7.49755e-06
4.65744e-05
-7.18506e-06
4.61531e-05
-6.85295e-06
4.57264e-05
-6.51028e-06
4.52993e-05
-6.15613e-06
4.48661e-05
-5.80322e-06
4.44332e-05
-5.44546e-06
4.3995e-05
-5.10079e-06
4.3559e-05
-4.75606e-06
4.31195e-05
-4.43629e-06
4.26841e-05
-4.11846e-06
4.22475e-05
-3.83711e-06
4.18162e-05
-3.55622e-06
4.13857e-05
-3.32327e-06
4.09598e-05
-3.08546e-06
4.05359e-05
-2.90769e-06
4.01133e-05
-2.71545e-06
3.96928e-05
-2.59673e-06
3.92669e-05
-2.44942e-06
3.88424e-05
-2.39103e-06
-2.29061e-06
5.29805e-05
9.45883e-08
5.28847e-05
-3.39027e-07
5.28543e-05
-7.26159e-07
5.28766e-05
-1.01886e-06
5.29204e-05
-1.24102e-06
5.29663e-05
-1.42195e-06
5.30108e-05
-1.5786e-06
5.30616e-05
-1.7155e-06
5.31237e-05
-1.83183e-06
5.31958e-05
-1.92768e-06
5.3275e-05
-2.0048e-06
5.33582e-05
-2.06595e-06
5.34427e-05
-2.11401e-06
5.35268e-05
-2.15151e-06
5.36091e-05
-2.18061e-06
5.36885e-05
-2.20318e-06
5.37644e-05
-2.22097e-06
5.38362e-05
-2.23564e-06
5.39034e-05
-2.24883e-06
5.39659e-05
-2.26212e-06
5.40236e-05
-2.27701e-06
5.40768e-05
-2.29494e-06
5.41256e-05
-2.31724e-06
5.41703e-05
-2.34513e-06
5.42112e-05
-2.37973e-06
5.42485e-05
-2.42206e-06
5.42826e-05
-2.47301e-06
5.43137e-05
-2.53336e-06
5.43419e-05
-2.60376e-06
5.43674e-05
-2.68476e-06
5.43901e-05
-2.77684e-06
5.44098e-05
-2.88039e-06
5.44263e-05
-2.99575e-06
5.44393e-05
-3.12315e-06
5.4448e-05
-3.26278e-06
5.44519e-05
-3.41478e-06
5.44501e-05
-3.5792e-06
5.44415e-05
-3.75602e-06
5.44249e-05
-3.94511e-06
5.4399e-05
-4.14627e-06
5.43623e-05
-4.35914e-06
5.43132e-05
-4.58323e-06
5.42498e-05
-4.81785e-06
5.41704e-05
-5.06211e-06
5.4073e-05
-5.31487e-06
5.3956e-05
-5.57468e-06
5.38173e-05
-5.83976e-06
5.36553e-05
-6.10797e-06
5.34686e-05
-6.37712e-06
5.32562e-05
-6.64455e-06
5.30176e-05
-6.90711e-06
5.27525e-05
-7.16141e-06
5.24615e-05
-7.40382e-06
5.21455e-05
-7.63064e-06
5.18061e-05
-7.83801e-06
5.14451e-05
-8.0222e-06
5.10649e-05
-8.17943e-06
5.06671e-05
-8.30665e-06
5.02534e-05
-8.40067e-06
4.98247e-05
-8.45905e-06
4.93821e-05
-8.47907e-06
4.8925e-05
-8.45896e-06
4.84527e-05
-8.39638e-06
4.79632e-05
-8.29168e-06
4.74546e-05
-8.14464e-06
4.69249e-05
-7.9582e-06
4.63717e-05
-7.73327e-06
4.57935e-05
-7.47411e-06
4.51891e-05
-7.18401e-06
4.45603e-05
-6.86877e-06
4.39065e-05
-6.53125e-06
4.32321e-05
-6.17853e-06
4.25368e-05
-5.81503e-06
4.18281e-05
-5.44741e-06
4.11054e-05
-5.0805e-06
4.03788e-05
-4.71886e-06
3.96463e-05
-4.3683e-06
3.892e-05
-4.02978e-06
3.81949e-05
-3.71121e-06
3.74845e-05
-3.40803e-06
3.678e-05
-3.13261e-06
3.60961e-05
-2.87232e-06
3.54202e-05
-2.64733e-06
3.47675e-05
-2.43277e-06
3.41221e-05
-2.2623e-06
3.34987e-05
-2.09206e-06
3.28795e-05
-1.97758e-06
3.22772e-05
-1.84704e-06
3.16764e-05
-1.79021e-06
-1.68862e-06
5.43181e-05
-2.25008e-07
5.45011e-05
-5.22063e-07
5.46057e-05
-8.30706e-07
5.46931e-05
-1.10632e-06
5.47802e-05
-1.32812e-06
5.4861e-05
-1.50273e-06
5.4928e-05
-1.64566e-06
5.49802e-05
-1.76766e-06
5.50215e-05
-1.87318e-06
5.50567e-05
-1.96286e-06
5.50885e-05
-2.03657e-06
5.51176e-05
-2.09508e-06
5.51438e-05
-2.14017e-06
5.51664e-05
-2.17414e-06
5.5185e-05
-2.19922e-06
5.51993e-05
-2.21748e-06
5.52091e-05
-2.23076e-06
5.52143e-05
-2.2408e-06
5.52147e-05
-2.24925e-06
5.52103e-05
-2.25772e-06
5.5201e-05
-2.26777e-06
5.5187e-05
-2.28087e-06
5.51681e-05
-2.2984e-06
5.51446e-05
-2.32162e-06
5.51166e-05
-2.35166e-06
5.5084e-05
-2.3895e-06
5.5047e-05
-2.43601e-06
5.50056e-05
-2.49195e-06
5.49598e-05
-2.55795e-06
5.49095e-05
-2.63449e-06
5.48547e-05
-2.722e-06
5.47951e-05
-2.82079e-06
5.47304e-05
-2.93112e-06
5.46605e-05
-3.05317e-06
5.45848e-05
-3.18706e-06
5.45028e-05
-3.33284e-06
5.44141e-05
-3.49049e-06
5.4318e-05
-3.65993e-06
5.42139e-05
-3.84097e-06
5.41009e-05
-4.03333e-06
5.39784e-05
-4.23659e-06
5.38454e-05
-4.45021e-06
5.3701e-05
-4.67346e-06
5.35443e-05
-4.90542e-06
5.33743e-05
-5.14486e-06
5.31899e-05
-5.39028e-06
5.299e-05
-5.63985e-06
5.27735e-05
-5.89145e-06
5.25391e-05
-6.14273e-06
5.22855e-05
-6.39095e-06
5.20112e-05
-6.63286e-06
5.17147e-05
-6.86489e-06
5.13941e-05
-7.08325e-06
5.10476e-05
-7.28411e-06
5.06732e-05
-7.46359e-06
5.02688e-05
-7.6178e-06
4.98323e-05
-7.7429e-06
4.93608e-05
-7.83522e-06
4.88517e-05
-7.89152e-06
4.83014e-05
-7.90875e-06
4.77066e-05
-7.88429e-06
4.70636e-05
-7.816e-06
4.63699e-05
-7.70264e-06
4.56232e-05
-7.54502e-06
4.48238e-05
-7.34521e-06
4.3972e-05
-7.10641e-06
4.30696e-05
-6.83085e-06
4.21179e-05
-6.52236e-06
4.11214e-05
-6.1876e-06
4.00864e-05
-5.8337e-06
3.90205e-05
-5.46536e-06
3.79319e-05
-5.08995e-06
3.68289e-05
-4.71198e-06
3.57201e-05
-4.33866e-06
3.46134e-05
-3.97375e-06
3.35187e-05
-3.62422e-06
3.24422e-05
-3.29175e-06
3.1394e-05
-2.98162e-06
3.03759e-05
-2.6931e-06
2.93978e-05
-2.42994e-06
2.84558e-05
-2.19063e-06
2.75607e-05
-1.97715e-06
2.67017e-05
-1.78834e-06
2.58918e-05
-1.62287e-06
2.5112e-05
-1.48256e-06
2.438e-05
-1.36002e-06
2.36679e-05
-1.26549e-06
2.29998e-05
-1.17894e-06
2.23391e-05
-1.1295e-06
-1.06692e-06
5.39204e-05
-5.53135e-07
5.41743e-05
-7.75988e-07
5.43572e-05
-1.01355e-06
5.44923e-05
-1.24145e-06
5.46038e-05
-1.43962e-06
5.47033e-05
-1.60223e-06
5.47918e-05
-1.73417e-06
5.48676e-05
-1.84348e-06
5.49306e-05
-1.93615e-06
5.49826e-05
-2.01489e-06
5.50263e-05
-2.08027e-06
5.50637e-05
-2.13241e-06
5.50956e-05
-2.17207e-06
5.51221e-05
-2.20071e-06
5.51431e-05
-2.22023e-06
5.51583e-05
-2.23262e-06
5.51673e-05
-2.23981e-06
5.51702e-05
-2.24364e-06
5.51668e-05
-2.24583e-06
5.51571e-05
-2.24804e-06
5.51412e-05
-2.25186e-06
5.51191e-05
-2.2588e-06
5.5091e-05
-2.27026e-06
5.50569e-05
-2.28753e-06
5.5017e-05
-2.31175e-06
5.49713e-05
-2.34387e-06
5.49201e-05
-2.38476e-06
5.48633e-05
-2.43515e-06
5.4801e-05
-2.49564e-06
5.47331e-05
-2.56665e-06
5.46596e-05
-2.64851e-06
5.45803e-05
-2.74145e-06
5.44949e-05
-2.84567e-06
5.44029e-05
-2.96124e-06
5.43041e-05
-3.08821e-06
5.41978e-05
-3.22653e-06
5.40834e-05
-3.3761e-06
5.39602e-05
-3.53673e-06
5.38273e-05
-3.70812e-06
5.36839e-05
-3.88987e-06
5.35287e-05
-4.08145e-06
5.33607e-05
-4.28215e-06
5.31783e-05
-4.49107e-06
5.29799e-05
-4.70709e-06
5.27639e-05
-4.92878e-06
5.2528e-05
-5.15439e-06
5.22699e-05
-5.38178e-06
5.1987e-05
-5.60856e-06
5.16762e-05
-5.83196e-06
5.1334e-05
-6.04877e-06
5.09565e-05
-6.25529e-06
5.05391e-05
-6.44756e-06
5.00773e-05
-6.6214e-06
4.95659e-05
-6.77273e-06
4.9e-05
-6.89763e-06
4.83748e-05
-6.99266e-06
4.76863e-05
-7.05439e-06
4.69309e-05
-7.07986e-06
4.61055e-05
-7.06613e-06
4.5207e-05
-7.01024e-06
4.42323e-05
-6.9096e-06
4.31789e-05
-6.76259e-06
4.20463e-05
-6.57004e-06
4.08375e-05
-6.33621e-06
3.95591e-05
-6.06679e-06
3.82185e-05
-5.76577e-06
3.68235e-05
-5.43591e-06
3.53827e-05
-5.08155e-06
3.39058e-05
-4.71072e-06
3.24051e-05
-4.33297e-06
3.08963e-05
-3.95651e-06
2.93941e-05
-3.58776e-06
2.79132e-05
-3.23114e-06
2.64662e-05
-2.89159e-06
2.50656e-05
-2.57318e-06
2.37219e-05
-2.28056e-06
2.2445e-05
-2.0148e-06
2.12416e-05
-1.77821e-06
2.01172e-05
-1.56872e-06
1.90749e-05
-1.38763e-06
1.81146e-05
-1.23032e-06
1.72356e-05
-1.09819e-06
1.64318e-05
-9.84497e-07
1.57011e-05
-8.92158e-07
1.50309e-05
-8.12447e-07
1.44222e-05
-7.51297e-07
1.38549e-05
-6.98212e-07
1.33387e-05
-6.62724e-07
1.2843e-05
-6.33795e-07
-6.17902e-07
5.35794e-05
-8.6605e-07
5.38474e-05
-1.0439e-06
5.40626e-05
-1.22883e-06
5.42318e-05
-1.41057e-06
5.43701e-05
-1.57797e-06
5.44904e-05
-1.72248e-06
5.45981e-05
-1.84195e-06
5.46946e-05
-1.93995e-06
5.47795e-05
-2.02107e-06
5.4853e-05
-2.08838e-06
5.49161e-05
-2.1433e-06
5.497e-05
-2.18633e-06
5.50158e-05
-2.21788e-06
5.50539e-05
-2.23879e-06
5.50841e-05
-2.2505e-06
5.51063e-05
-2.25474e-06
5.51199e-05
-2.25345e-06
5.51248e-05
-2.24852e-06
5.51208e-05
-2.24183e-06
5.51079e-05
-2.23517e-06
5.50863e-05
-2.23021e-06
5.50559e-05
-2.22849e-06
5.50171e-05
-2.23144e-06
5.49699e-05
-2.24033e-06
5.49144e-05
-2.25627e-06
5.48508e-05
-2.28019e-06
5.4779e-05
-2.31295e-06
5.4699e-05
-2.35525e-06
5.46111e-05
-2.40766e-06
5.45148e-05
-2.4704e-06
5.441e-05
-2.54367e-06
5.42961e-05
-2.62759e-06
5.41726e-05
-2.72219e-06
5.40388e-05
-2.8274e-06
5.38937e-05
-2.9431e-06
5.37362e-05
-3.06907e-06
5.35651e-05
-3.20504e-06
5.33791e-05
-3.35063e-06
5.31763e-05
-3.50536e-06
5.2955e-05
-3.66859e-06
5.27131e-05
-3.83956e-06
5.24482e-05
-4.01724e-06
5.21576e-05
-4.20046e-06
5.18383e-05
-4.38773e-06
5.14868e-05
-4.57734e-06
5.10996e-05
-4.76714e-06
5.06725e-05
-4.95468e-06
5.02011e-05
-5.1372e-06
4.96807e-05
-5.3115e-06
4.91057e-05
-5.47379e-06
4.84704e-05
-5.62001e-06
4.77687e-05
-5.74591e-06
4.69947e-05
-5.84734e-06
4.61422e-05
-5.92021e-06
4.52054e-05
-5.96087e-06
4.41792e-05
-5.96642e-06
4.30605e-05
-5.93574e-06
4.18489e-05
-5.86824e-06
4.05449e-05
-5.76217e-06
3.91504e-05
-5.61571e-06
3.76661e-05
-5.42531e-06
3.60934e-05
-5.18989e-06
3.4438e-05
-4.91464e-06
3.2711e-05
-4.6092e-06
3.09283e-05
-4.28409e-06
2.91059e-05
-3.9434e-06
2.72621e-05
-3.59208e-06
2.54161e-05
-3.23557e-06
2.35858e-05
-2.8804e-06
2.17899e-05
-2.53711e-06
2.00501e-05
-2.21664e-06
1.83873e-05
-1.92504e-06
1.68209e-05
-1.6647e-06
1.53669e-05
-1.43762e-06
1.40374e-05
-1.24363e-06
1.28384e-05
-1.0816e-06
1.17715e-05
-9.47838e-07
1.08313e-05
-8.38008e-07
1.00099e-05
-7.47379e-07
9.29546e-06
-6.73177e-07
8.6762e-06
-6.1106e-07
8.13771e-06
-5.59706e-07
7.66813e-06
-5.1491e-07
7.25369e-06
-4.77724e-07
6.88472e-06
-4.43468e-07
6.55043e-06
-4.17015e-07
6.244e-06
-3.91783e-07
5.96033e-06
-3.79048e-07
5.69183e-06
-3.65294e-07
-3.68596e-07
5.34381e-05
-1.17071e-06
5.37077e-05
-1.31352e-06
5.39379e-05
-1.459e-06
5.41301e-05
-1.60279e-06
5.42912e-05
-1.73902e-06
5.443e-05
-1.86136e-06
5.45535e-05
-1.9654e-06
5.46641e-05
-2.05061e-06
5.47623e-05
-2.11925e-06
5.48477e-05
-2.17381e-06
5.49204e-05
-2.21592e-06
5.49805e-05
-2.24643e-06
5.50284e-05
-2.26585e-06
5.50644e-05
-2.2748e-06
5.50883e-05
-2.27436e-06
5.50996e-05
-2.26605e-06
5.50979e-05
-2.25169e-06
5.50826e-05
-2.23327e-06
5.50537e-05
-2.21288e-06
5.50109e-05
-2.19244e-06
5.49546e-05
-2.17386e-06
5.48849e-05
-2.15882e-06
5.48022e-05
-2.14871e-06
5.47064e-05
-2.14458e-06
5.45976e-05
-2.14741e-06
5.44756e-05
-2.15821e-06
5.43404e-05
-2.17782e-06
5.4192e-05
-2.20684e-06
5.403e-05
-2.24559e-06
5.38538e-05
-2.29418e-06
5.36627e-05
-2.35257e-06
5.34557e-05
-2.42064e-06
5.32317e-05
-2.49816e-06
5.29891e-05
-2.58483e-06
5.27263e-05
-2.68027e-06
5.24412e-05
-2.78402e-06
5.21317e-05
-2.89554e-06
5.17953e-05
-3.01417e-06
5.1429e-05
-3.13914e-06
5.103e-05
-3.26956e-06
5.05948e-05
-3.40434e-06
5.01197e-05
-3.54217e-06
4.96008e-05
-3.68151e-06
4.90335e-05
-3.82044e-06
4.8413e-05
-3.95687e-06
4.77342e-05
-4.08833e-06
4.69921e-05
-4.21256e-06
4.61816e-05
-4.32674e-06
4.52973e-05
-4.42722e-06
4.43334e-05
-4.50987e-06
4.3284e-05
-4.57063e-06
4.21438e-05
-4.60562e-06
4.0908e-05
-4.6116e-06
3.95733e-05
-4.58551e-06
3.81372e-05
-4.52473e-06
3.65965e-05
-4.4257e-06
3.49527e-05
-4.292e-06
3.32128e-05
-4.1283e-06
3.13843e-05
-3.93367e-06
2.94801e-05
-3.71148e-06
2.75118e-05
-3.457e-06
2.54908e-05
-3.16898e-06
2.34365e-05
-2.86035e-06
2.1372e-05
-2.54462e-06
1.93234e-05
-2.23548e-06
1.73179e-05
-1.93789e-06
1.53844e-05
-1.65859e-06
1.35629e-05
-1.41409e-06
1.18807e-05
-1.19818e-06
1.0357e-05
-1.01342e-06
9.00404e-06
-8.63693e-07
7.83154e-06
-7.5255e-07
6.829e-06
-6.62156e-07
5.98446e-06
-5.93082e-07
5.27795e-06
-5.37113e-07
4.68433e-06
-4.87981e-07
4.17933e-06
-4.42834e-07
3.74315e-06
-4.01829e-07
3.36154e-06
-3.65766e-07
3.02385e-06
-3.35489e-07
2.723e-06
-3.1021e-07
2.45254e-06
-2.89251e-07
2.20944e-06
-2.71802e-07
1.98845e-06
-2.56733e-07
1.7872e-06
-2.42219e-07
1.60068e-06
-2.30499e-07
1.42958e-06
-2.20684e-07
1.26861e-06
-2.18078e-07
1.12029e-06
-2.16972e-07
-2.38139e-07
5.34684e-05
-1.46436e-06
5.3729e-05
-1.57415e-06
5.39547e-05
-1.68471e-06
5.41464e-05
-1.79453e-06
5.43071e-05
-1.89972e-06
5.44408e-05
-1.99505e-06
5.45517e-05
-2.0763e-06
5.46428e-05
-2.14166e-06
5.47149e-05
-2.19137e-06
5.47678e-05
-2.2267e-06
5.48008e-05
-2.24889e-06
5.48133e-05
-2.25897e-06
5.48052e-05
-2.25771e-06
5.47762e-05
-2.24586e-06
5.47263e-05
-2.22444e-06
5.46551e-05
-2.19491e-06
5.45625e-05
-2.15901e-06
5.44481e-05
-2.11889e-06
5.43121e-05
-2.07683e-06
5.41545e-05
-2.03487e-06
5.39757e-05
-1.9951e-06
5.37765e-05
-1.95963e-06
5.35579e-05
-1.93008e-06
5.33196e-05
-1.90625e-06
5.30614e-05
-1.8892e-06
5.27832e-05
-1.88007e-06
5.2485e-05
-1.87953e-06
5.2166e-05
-1.88791e-06
5.18257e-05
-1.90526e-06
5.14629e-05
-1.93142e-06
5.10764e-05
-1.96604e-06
5.06645e-05
-2.00869e-06
5.02251e-05
-2.05881e-06
4.97561e-05
-2.11581e-06
4.92548e-05
-2.17899e-06
4.87184e-05
-2.24761e-06
4.81437e-05
-2.32081e-06
4.75272e-05
-2.3977e-06
4.68653e-05
-2.47721e-06
4.6154e-05
-2.55827e-06
4.53892e-05
-2.63955e-06
4.45667e-05
-2.71969e-06
4.36821e-05
-2.79693e-06
4.2731e-05
-2.86935e-06
4.17084e-05
-2.93425e-06
4.06087e-05
-2.98865e-06
3.94286e-05
-3.03247e-06
3.81651e-05
-3.06315e-06
3.68143e-05
-3.07649e-06
3.53735e-05
-3.06907e-06
3.38408e-05
-3.03788e-06
3.22155e-05
-2.98038e-06
3.04988e-05
-2.89485e-06
2.86952e-05
-2.78189e-06
2.68111e-05
-2.6407e-06
2.48573e-05
-2.47187e-06
2.28435e-05
-2.27815e-06
2.07874e-05
-2.07223e-06
1.87136e-05
-1.85987e-06
1.66453e-05
-1.6432e-06
1.46149e-05
-1.42661e-06
1.26618e-05
-1.21586e-06
1.08214e-05
-1.01993e-06
9.12449e-06
-8.47713e-07
7.59883e-06
-7.09826e-07
6.28035e-06
-6.19406e-07
5.17454e-06
-5.52776e-07
4.26046e-06
-5.00013e-07
3.5075e-06
-4.45223e-07
2.87847e-06
-3.84393e-07
2.33874e-06
-3.2396e-07
1.86055e-06
-2.74361e-07
1.43684e-06
-2.38446e-07
1.06424e-06
-2.20477e-07
7.37417e-07
-2.10293e-07
4.50582e-07
-2.01146e-07
1.97914e-07
-1.90166e-07
-2.61836e-08
-1.77731e-07
-2.2642e-07
-1.6553e-07
-4.06619e-07
-1.5529e-07
-5.6958e-07
-1.47249e-07
-7.18396e-07
-1.40435e-07
-8.55718e-07
-1.3448e-07
-9.83489e-07
-1.28961e-07
-1.10226e-06
-1.23452e-07
-1.21325e-06
-1.1951e-07
-1.31564e-06
-1.18287e-07
-1.4114e-06
-1.22318e-07
-1.49584e-06
-1.32538e-07
-1.54851e-07
5.34097e-05
-1.67973e-06
5.35815e-05
-1.74589e-06
5.37093e-05
-1.8125e-06
5.3793e-05
-1.87824e-06
5.38336e-05
-1.94031e-06
5.38324e-05
-1.99394e-06
5.37912e-05
-2.03503e-06
5.37123e-05
-2.0628e-06
5.3598e-05
-2.07707e-06
5.34493e-05
-2.07799e-06
5.32665e-05
-2.06604e-06
5.30498e-05
-2.04232e-06
5.28001e-05
-2.00795e-06
5.25181e-05
-1.96392e-06
5.22051e-05
-1.91143e-06
5.18623e-05
-1.85205e-06
5.14908e-05
-1.78761e-06
5.10922e-05
-1.72024e-06
5.06674e-05
-1.65207e-06
5.02178e-05
-1.58524e-06
4.97443e-05
-1.52164e-06
4.92484e-05
-1.46365e-06
4.87317e-05
-1.41339e-06
4.81939e-05
-1.36844e-06
4.76352e-05
-1.33056e-06
4.70556e-05
-1.30043e-06
4.64544e-05
-1.27832e-06
4.58307e-05
-1.2642e-06
4.51832e-05
-1.25776e-06
4.45102e-05
-1.2585e-06
4.381e-05
-1.26576e-06
4.30801e-05
-1.27879e-06
4.2318e-05
-1.29678e-06
4.15211e-05
-1.31889e-06
4.06863e-05
-1.3442e-06
3.98105e-05
-1.37181e-06
3.88905e-05
-1.40073e-06
3.79227e-05
-1.42995e-06
3.69039e-05
-1.45841e-06
3.58307e-05
-1.48505e-06
3.46998e-05
-1.5087e-06
3.35084e-05
-1.52829e-06
3.2254e-05
-1.54254e-06
3.09349e-05
-1.55025e-06
2.95492e-05
-1.5485e-06
2.80957e-05
-1.53518e-06
2.65771e-05
-1.51385e-06
2.49946e-05
-1.48071e-06
2.33519e-05
-1.43379e-06
2.16547e-05
-1.37182e-06
1.99112e-05
-1.29444e-06
1.81331e-05
-1.20221e-06
1.6333e-05
-1.09475e-06
1.45281e-05
-9.76982e-07
1.27413e-05
-8.53925e-07
1.1002e-05
-7.32585e-07
9.34653e-06
-6.2268e-07
7.80791e-06
-5.33614e-07
6.4195e-06
-4.7146e-07
5.2136e-06
-4.37299e-07
4.18624e-06
-3.99257e-07
3.32191e-06
-3.5153e-07
2.5929e-06
-2.90925e-07
1.96992e-06
-2.24728e-07
1.42915e-06
-1.69063e-07
9.444e-07
-1.34654e-07
5.19796e-07
-1.28172e-07
1.52197e-07
-1.32414e-07
-1.63785e-07
-1.29241e-07
-4.36184e-07
-1.11994e-07
-6.72385e-07
-8.77591e-08
-8.79247e-07
-6.74996e-08
-1.06107e-06
-5.66185e-08
-1.22616e-06
-5.53951e-08
-1.37785e-06
-5.86008e-08
-1.51664e-06
-6.23568e-08
-1.64286e-06
-6.39481e-08
-1.75743e-06
-6.31585e-08
-1.86193e-06
-6.10329e-08
-1.95844e-06
-5.87793e-08
-2.0487e-06
-5.69895e-08
-2.13356e-06
-5.5574e-08
-2.21384e-06
-5.4199e-08
-2.2901e-06
-5.26968e-08
-2.36234e-06
-5.12156e-08
-2.43089e-06
-5.09584e-08
-2.49566e-06
-5.35213e-08
-2.5567e-06
-6.12743e-08
-2.61423e-06
-7.5012e-08
-9.07598e-08
5.10792e-05
-1.45587e-06
5.07903e-05
-1.457e-06
5.04373e-05
-1.45952e-06
5.00206e-05
-1.46159e-06
4.95414e-05
-1.46111e-06
4.90032e-05
-1.45568e-06
4.84103e-05
-1.44213e-06
4.77676e-05
-1.42012e-06
4.70812e-05
-1.39065e-06
4.6356e-05
-1.35281e-06
4.55969e-05
-1.3069e-06
4.48083e-05
-1.25371e-06
4.39945e-05
-1.19417e-06
4.31599e-05
-1.12931e-06
4.23087e-05
-1.06025e-06
4.1445e-05
-9.8832e-07
4.05724e-05
-9.1501e-07
3.96941e-05
-8.41989e-07
3.8813e-05
-7.70949e-07
3.79313e-05
-7.03531e-07
3.70508e-05
-6.4112e-07
3.61719e-05
-5.84806e-07
3.52937e-05
-5.35156e-07
3.44174e-05
-4.92187e-07
3.35428e-05
-4.55893e-07
3.26685e-05
-4.26227e-07
3.17932e-05
-4.02983e-07
3.09148e-05
-3.85739e-07
3.00309e-05
-3.73871e-07
2.9139e-05
-3.66623e-07
2.82364e-05
-3.63177e-07
2.73203e-05
-3.62701e-07
2.63879e-05
-3.64383e-07
2.54364e-05
-3.67432e-07
2.44633e-05
-3.71095e-07
2.34662e-05
-3.74647e-07
2.24429e-05
-3.77414e-07
2.13917e-05
-3.78768e-07
2.03114e-05
-3.7816e-07
1.92015e-05
-3.75129e-07
1.80621e-05
-3.6934e-07
1.68945e-05
-3.60621e-07
1.57009e-05
-3.48998e-07
1.44855e-05
-3.348e-07
1.32557e-05
-3.18666e-07
1.20224e-05
-3.01943e-07
1.07944e-05
-2.85811e-07
9.58472e-06
-2.71043e-07
8.40893e-06
-2.57996e-07
7.28349e-06
-2.46384e-07
6.22412e-06
-2.35066e-07
5.24509e-06
-2.23181e-07
4.3572e-06
-2.06865e-07
3.55899e-06
-1.78775e-07
2.84818e-06
-1.43113e-07
2.21889e-06
-1.03297e-07
1.6629e-06
-6.66804e-08
1.17138e-06
-4.21014e-08
7.32983e-07
-3.30598e-08
3.36767e-07
-4.10832e-08
-9.22553e-09
-5.3265e-08
-3.04454e-07
-5.63014e-08
-5.51951e-07
-4.3428e-08
-7.55385e-07
-2.12938e-08
-9.22952e-07
-1.49534e-09
-1.06523e-06
7.62378e-09
-1.19679e-06
3.38408e-09
-1.32306e-06
-6.14358e-09
-1.43903e-06
-1.32623e-08
-1.53803e-06
-1.29991e-08
-1.61784e-06
-7.94795e-09
-1.68259e-06
-2.74897e-09
-1.73887e-06
-3.35112e-10
-1.79269e-06
-1.57807e-09
-1.84651e-06
-4.78281e-09
-1.90082e-06
-8.04584e-09
-1.95449e-06
-1.02827e-08
-2.00627e-06
-1.13735e-08
-2.05557e-06
-1.17292e-08
-2.10252e-06
-1.1837e-08
-2.14758e-06
-1.19275e-08
-2.19116e-06
-1.19937e-08
-2.2334e-06
-1.19542e-08
-2.27434e-06
-1.17592e-08
-2.31404e-06
-1.1521e-08
-2.35317e-06
-1.18285e-08
-2.39287e-06
-1.38179e-08
-2.43478e-06
-1.93671e-08
-2.48085e-06
-2.89427e-08
-3.77234e-08
3.50136e-05
3.35566e-05
3.20971e-05
3.06355e-05
2.91744e-05
2.77187e-05
2.62765e-05
2.48564e-05
2.34658e-05
2.2113e-05
2.08061e-05
1.95523e-05
1.83582e-05
1.72289e-05
1.61686e-05
1.51803e-05
1.42653e-05
1.34233e-05
1.26523e-05
1.19488e-05
1.13077e-05
1.07229e-05
1.01877e-05
9.69555e-06
9.23965e-06
8.81343e-06
8.41044e-06
8.02471e-06
7.65083e-06
7.28421e-06
6.92103e-06
6.55833e-06
6.19395e-06
5.82652e-06
5.45542e-06
5.08078e-06
4.70336e-06
4.32459e-06
3.94643e-06
3.57131e-06
3.20197e-06
2.84135e-06
2.49235e-06
2.15755e-06
1.83888e-06
1.53694e-06
1.25113e-06
9.80084e-07
7.22088e-07
4.75704e-07
2.40638e-07
1.74566e-08
-1.89409e-07
-3.68184e-07
-5.11297e-07
-6.14594e-07
-6.81274e-07
-7.23376e-07
-7.56435e-07
-7.97519e-07
-8.50784e-07
-9.07085e-07
-9.50513e-07
-9.71807e-07
-9.73302e-07
-9.65678e-07
-9.62294e-07
-9.68438e-07
-9.817e-07
-9.94699e-07
-1.00265e-06
-1.0054e-06
-1.00573e-06
-1.00731e-06
-1.01209e-06
-1.02014e-06
-1.03042e-06
-1.04179e-06
-1.05352e-06
-1.06536e-06
-1.07729e-06
-1.08928e-06
-1.10124e-06
-1.113e-06
-1.12452e-06
-1.13634e-06
-1.15016e-06
-1.16953e-06
-1.19847e-06
)
;

boundaryField
{
    fixedWalls
    {
        type            calculated;
        value           uniform 0;
    }
    inflowWall
    {
        type            calculated;
        value           nonuniform List<scalar> 10(-5e-05 -5e-05 -5e-05 -5e-05 -5e-05 -5e-05 -5e-05 -5e-05 -5e-05 -5e-05);
    }
    outflowWall
    {
        type            calculated;
        value           nonuniform List<scalar> 
20
(
1.23861e-05
2.50992e-05
3.36886e-05
4.0835e-05
4.63113e-05
4.95918e-05
5.04778e-05
4.93347e-05
4.68734e-05
4.341e-05
3.84016e-05
3.10744e-05
2.17174e-05
1.2394e-05
5.44252e-06
9.89832e-07
-1.57912e-06
-2.67832e-06
-2.53388e-06
-1.2362e-06
)
;
    }
    frontAndBack
    {
        type            empty;
        value           nonuniform List<scalar> 0();
    }
}


// ************************************************************************* //
