/*--------------------------------*- C++ -*----------------------------------*\
| =========                 |                                                 |
| \\      /  F ield         | OpenFOAM: The Open Source CFD Toolbox           |
|  \\    /   O peration     | Version:  2306                                  |
|   \\  /    A nd           | Website:  www.openfoam.com                      |
|    \\/     M anipulation  |                                                 |
\*---------------------------------------------------------------------------*/
FoamFile
{
    version     2.0;
    format      ascii;
    arch        "LSB;label=32;scalar=64";
    class       volVectorField;
    location    "3.29";
    object      U;
}
// * * * * * * * * * * * * * * * * * * * * * * * * * * * * * * * * * * * * * //

dimensions      [0 1 -1 0 0 0 0];

internalField   nonuniform List<vector> 
1900
(
(0.984291 0.00728116 0)
(0.961747 0.0216939 0)
(0.952366 0.0181574 0)
(0.918707 0.0253097 0)
(0.903494 0.0154085 0)
(0.86312 0.0257507 0)
(0.852426 0.0115434 0)
(0.812116 0.0267144 0)
(0.809976 0.00445973 0)
(0.770845 0.0259069 0)
(1.00257 0.0115561 0)
(1.00445 0.0258547 0)
(1.01946 0.0289467 0)
(1.02199 0.0304312 0)
(1.03492 0.0279658 0)
(1.03402 0.0283651 0)
(1.04416 0.0257046 0)
(1.04292 0.0249773 0)
(1.05139 0.0204947 0)
(1.05252 0.0159486 0)
(1.00048 0.00388066 0)
(1.00419 0.0111436 0)
(1.01256 0.0139737 0)
(1.02114 0.0157525 0)
(1.03156 0.0146573 0)
(1.04057 0.0143457 0)
(1.05003 0.0122671 0)
(1.05846 0.0107825 0)
(1.06696 0.00709959 0)
(1.07482 0.00287009 0)
(1.00007 0.00207198 0)
(1.00313 0.00582796 0)
(1.00889 0.00802745 0)
(1.01649 0.00899267 0)
(1.02529 0.00849338 0)
(1.03433 0.00736876 0)
(1.04327 0.00555639 0)
(1.05184 0.00335381 0)
(1.06002 0.000476437 0)
(1.0677 -0.0031052 0)
(1.00003 0.000419408 0)
(1.00261 0.00115537 0)
(1.00738 0.00140545 0)
(1.01402 0.00110762 0)
(1.02192 0.000188849 0)
(1.03036 -0.00120285 0)
(1.03879 -0.00303015 0)
(1.04692 -0.00527656 0)
(1.05458 -0.00798699 0)
(1.06172 -0.011231 0)
(1.00003 -0.00106557 0)
(1.00255 -0.00304271 0)
(1.00719 -0.00477677 0)
(1.01365 -0.00623038 0)
(1.02132 -0.00754919 0)
(1.02947 -0.00893638 0)
(1.03756 -0.0105783 0)
(1.04529 -0.0125884 0)
(1.05254 -0.0150072 0)
(1.0593 -0.0178062 0)
(1.00003 -0.00271483 0)
(1.00303 -0.00744545 0)
(1.00835 -0.011082 0)
(1.01545 -0.013531 0)
(1.02345 -0.0151709 0)
(1.0316 -0.0165524 0)
(1.03945 -0.0180815 0)
(1.04683 -0.0199373 0)
(1.05373 -0.0221137 0)
(1.06019 -0.0245218 0)
(1.00004 -0.00477258 0)
(1.00441 -0.0122435 0)
(1.01137 -0.016935 0)
(1.01978 -0.0193752 0)
(1.02837 -0.0207132 0)
(1.03636 -0.0218988 0)
(1.04354 -0.0233809 0)
(1.04999 -0.0251878 0)
(1.05583 -0.0271788 0)
(1.0611 -0.0292216 0)
(1.00006 -0.0121208 0)
(1.00721 -0.0259582 0)
(1.01557 -0.0314403 0)
(1.02285 -0.0325948 0)
(1.0279 -0.0326855 0)
(1.03068 -0.0330696 0)
(1.03166 -0.0338594 0)
(1.03132 -0.034793 0)
(1.02987 -0.0356549 0)
(1.02731 -0.0363868 0)
(0.980776 -0.00916411 0)
(0.964583 -0.0188234 0)
(0.945449 -0.0220496 0)
(0.920771 -0.022191 0)
(0.891966 -0.0217473 0)
(0.861631 -0.0215894 0)
(0.831363 -0.0216255 0)
(0.801638 -0.0216208 0)
(0.772383 -0.0214513 0)
(0.743354 -0.0211331 0)
(0.000199301 -9.67449e-05 0)
(0.000312464 -8.42199e-06 0)
(2.42054e-05 3.77139e-05 0)
(-0.000469219 6.19958e-05 0)
(-0.00110941 7.47757e-05 0)
(-0.00185708 8.86942e-05 0)
(-0.00270254 0.000107197 0)
(-0.00364457 0.000128185 0)
(-0.00467957 0.000149583 0)
(-0.00580138 0.000170381 0)
(-0.0070029 0.000190245 0)
(-0.0082769 0.000209077 0)
(-0.00961639 0.000226776 0)
(-0.0110147 0.000243197 0)
(-0.0124655 0.000258205 0)
(-0.0139632 0.000271709 0)
(-0.0155027 0.000283686 0)
(-0.01708 0.0002942 0)
(-0.0186918 0.000303362 0)
(-0.0203361 0.000311285 0)
(-0.0220121 0.000318069 0)
(-0.0237204 0.00032372 0)
(-0.0254625 0.000328051 0)
(-0.0272411 0.000330575 0)
(-0.0290591 0.000330387 0)
(-0.0309203 0.000326017 0)
(-0.0328282 0.000315253 0)
(-0.0347861 0.000295036 0)
(-0.0367974 0.000261608 0)
(-0.0388672 0.000211152 0)
(-0.0410048 0.000141343 0)
(-0.0432301 5.37339e-05 0)
(-0.0455812 -4.33309e-05 0)
(-0.048123 -0.000131368 0)
(-0.0509568 -0.000178848 0)
(-0.0542296 -0.000139763 0)
(-0.0581374 4.54205e-05 0)
(-0.0629217 0.000443267 0)
(-0.06885 0.00111272 0)
(-0.0761796 0.00208224 0)
(-0.0851076 0.00332588 0)
(-0.0957115 0.0047508 0)
(-0.107895 0.00620555 0)
(-0.121356 0.00751393 0)
(-0.135613 0.00851459 0)
(-0.150057 0.00908473 0)
(-0.164029 0.0091621 0)
(-0.176894 0.00878323 0)
(-0.18808 0.00806964 0)
(-0.197045 0.00710915 0)
(-0.203427 0.00598258 0)
(-0.206966 0.00471697 0)
(-0.207523 0.003291 0)
(-0.205079 0.00171653 0)
(-0.199689 0.000115003 0)
(-0.191395 -0.00146459 0)
(-0.180365 -0.00296676 0)
(-0.166869 -0.00432595 0)
(-0.151114 -0.00556183 0)
(-0.133428 -0.00661096 0)
(-0.114097 -0.00747021 0)
(-0.0934853 -0.00812607 0)
(-0.0719023 -0.00859543 0)
(-0.0497156 -0.00882215 0)
(-0.0272972 -0.00888675 0)
(-0.00487084 -0.00879156 0)
(0.0171834 -0.00854873 0)
(0.0387417 -0.00816685 0)
(0.0594194 -0.00766376 0)
(0.0792322 -0.00707379 0)
(0.0977773 -0.00642751 0)
(0.115208 -0.00575782 0)
(0.131128 -0.00506573 0)
(0.145838 -0.00438136 0)
(0.158925 -0.00369877 0)
(0.170841 -0.00305398 0)
(0.181119 -0.00243086 0)
(0.19038 -0.00187055 0)
(0.198055 -0.00134355 0)
(0.204959 -0.000898822 0)
(0.210358 -0.000490192 0)
(0.215317 -0.000179212 0)
(0.218846 0.000102336 0)
(0.222348 0.000272133 0)
(0.224442 0.000430568 0)
(0.227025 0.000457861 0)
(0.228105 0.000510139 0)
(0.230351 0.000387359 0)
(0.230757 0.000369992 0)
(0.233295 3.24617e-05 0)
(4.42683e-05 -0.000489241 0)
(-0.000568851 0.000182234 0)
(-0.00207595 0.000738631 0)
(-0.00397941 0.00111725 0)
(-0.00623838 0.00136977 0)
(-0.00878401 0.0015706 0)
(-0.0115864 0.00175767 0)
(-0.0146251 0.00193626 0)
(-0.0178762 0.00210349 0)
(-0.021315 0.00225729 0)
(-0.0249178 0.0023971 0)
(-0.0286626 0.00252309 0)
(-0.0325295 0.00263588 0)
(-0.0365006 0.00273641 0)
(-0.0405609 0.00282584 0)
(-0.0446977 0.00290555 0)
(-0.0489019 0.00297717 0)
(-0.0531672 0.00304258 0)
(-0.057491 0.00310383 0)
(-0.0618744 0.00316322 0)
(-0.0663219 0.00322334 0)
(-0.0708422 0.00328682 0)
(-0.0754477 0.00335606 0)
(-0.0801544 0.00343329 0)
(-0.0849827 0.00352058 0)
(-0.089957 0.00362006 0)
(-0.0951069 0.00373401 0)
(-0.100467 0.00386558 0)
(-0.106079 0.00402017 0)
(-0.11199 0.00420769 0)
(-0.118256 0.00444561 0)
(-0.124943 0.00476142 0)
(-0.132125 0.0051927 0)
(-0.13988 0.00578758 0)
(-0.148283 0.00660122 0)
(-0.157395 0.00768747 0)
(-0.167241 0.00908604 0)
(-0.177797 0.0108032 0)
(-0.18897 0.0127908 0)
(-0.200586 0.0149334 0)
(-0.212392 0.0170532 0)
(-0.224058 0.0189317 0)
(-0.235193 0.0203315 0)
(-0.245364 0.0210447 0)
(-0.25414 0.0209291 0)
(-0.261103 0.0199171 0)
(-0.265848 0.0180199 0)
(-0.268017 0.0153424 0)
(-0.267373 0.0120238 0)
(-0.263725 0.00814253 0)
(-0.257098 0.00385612 0)
(-0.24745 -0.000687261 0)
(-0.23487 -0.00532734 0)
(-0.219324 -0.00995807 0)
(-0.200959 -0.0144481 0)
(-0.179926 -0.0187042 0)
(-0.156403 -0.0226289 0)
(-0.130799 -0.0260224 0)
(-0.103214 -0.0290515 0)
(-0.0741233 -0.0315616 0)
(-0.0437275 -0.0336114 0)
(-0.0124586 -0.0351335 0)
(0.0194618 -0.0361527 0)
(0.051778 -0.0366581 0)
(0.0838496 -0.0367138 0)
(0.115778 -0.0363201 0)
(0.146868 -0.0355428 0)
(0.177476 -0.0344012 0)
(0.206674 -0.0329565 0)
(0.235143 -0.0312565 0)
(0.261727 -0.0293583 0)
(0.287487 -0.0273289 0)
(0.31103 -0.0252002 0)
(0.333814 -0.0230425 0)
(0.354114 -0.020862 0)
(0.373868 -0.0187379 0)
(0.390905 -0.0166491 0)
(0.40777 -0.0146863 0)
(0.421667 -0.0127968 0)
(0.435942 -0.0110886 0)
(0.446916 -0.00947192 0)
(0.459021 -0.00808168 0)
(0.467338 -0.00678296 0)
(0.4778 -0.00575016 0)
(0.483733 -0.00479104 0)
(0.493178 -0.0041374 0)
(0.496972 -0.0035202 0)
(0.506121 -0.00325473 0)
(0.507947 -0.00296314 0)
(0.51759 -0.00308853 0)
(-0.000155511 0.000475986 0)
(-0.0019313 0.00234748 0)
(-0.00538478 0.00352585 0)
(-0.00928795 0.00428495 0)
(-0.01361 0.00486502 0)
(-0.0182539 0.00538696 0)
(-0.0231861 0.00587815 0)
(-0.0283781 0.00633441 0)
(-0.0337841 0.00674651 0)
(-0.0393581 0.00711121 0)
(-0.0450593 0.00742901 0)
(-0.0508514 0.00770244 0)
(-0.0567034 0.00793572 0)
(-0.0625903 0.00813395 0)
(-0.0684921 0.00830271 0)
(-0.0743945 0.00844794 0)
(-0.0802876 0.00857598 0)
(-0.0861661 0.00869372 0)
(-0.0920286 0.00880892 0)
(-0.0978771 0.00892949 0)
(-0.103717 0.00906292 0)
(-0.109555 0.00921648 0)
(-0.115402 0.00939711 0)
(-0.121267 0.00961146 0)
(-0.127162 0.00986617 0)
(-0.133097 0.010168 0)
(-0.139079 0.0105239 0)
(-0.145116 0.0109411 0)
(-0.151209 0.0114281 0)
(-0.157356 0.0119953 0)
(-0.163546 0.0126552 0)
(-0.169765 0.0134231 0)
(-0.175986 0.014318 0)
(-0.182171 0.0153594 0)
(-0.18826 0.0165622 0)
(-0.194168 0.0179278 0)
(-0.199781 0.0194353 0)
(-0.204951 0.0210299 0)
(-0.209497 0.0226135 0)
(-0.2132 0.0240436 0)
(-0.215813 0.0251405 0)
(-0.217092 0.0256981 0)
(-0.216792 0.0254917 0)
(-0.21469 0.0243369 0)
(-0.210607 0.0221332 0)
(-0.204424 0.0188732 0)
(-0.195996 0.0145883 0)
(-0.185272 0.00936675 0)
(-0.172379 0.00334047 0)
(-0.157157 -0.00332442 0)
(-0.139799 -0.0104881 0)
(-0.120165 -0.017895 0)
(-0.0983672 -0.025331 0)
(-0.0745996 -0.0325494 0)
(-0.0489417 -0.0394495 0)
(-0.021676 -0.0459189 0)
(0.00727536 -0.05178 0)
(0.0376062 -0.0569193 0)
(0.0690993 -0.0613488 0)
(0.101318 -0.0649376 0)
(0.134125 -0.0677737 0)
(0.167281 -0.0697633 0)
(0.200362 -0.0709373 0)
(0.23346 -0.0713233 0)
(0.265828 -0.0710275 0)
(0.297904 -0.0700096 0)
(0.328615 -0.0684104 0)
(0.358883 -0.0662307 0)
(0.387242 -0.0636198 0)
(0.415135 -0.0605996 0)
(0.440653 -0.0573086 0)
(0.465842 -0.0537735 0)
(0.488261 -0.0501227 0)
(0.510655 -0.0463818 0)
(0.529908 -0.0426591 0)
(0.549597 -0.0389703 0)
(0.565752 -0.0354039 0)
(0.582977 -0.0319642 0)
(0.596194 -0.0287235 0)
(0.611307 -0.0256736 0)
(0.621798 -0.0228753 0)
(0.635231 -0.0203084 0)
(0.643224 -0.0180279 0)
(0.655474 -0.0160015 0)
(0.661186 -0.0142836 0)
(0.672803 -0.0128295 0)
(0.676428 -0.0116964 0)
(0.688014 -0.0108266 0)
(0.689704 -0.0102785 0)
(0.7019 -0.00997875 0)
(-0.000903856 0.00123779 0)
(-0.00472002 0.00509509 0)
(-0.0105504 0.00751531 0)
(-0.0165288 0.0091071 0)
(-0.022837 0.010279 0)
(-0.0294328 0.0112209 0)
(-0.036239 0.012008 0)
(-0.0431648 0.0126717 0)
(-0.0501246 0.0132202 0)
(-0.0570502 0.0136626 0)
(-0.06389 0.0140111 0)
(-0.0706024 0.0142785 0)
(-0.0771556 0.0144766 0)
(-0.0835271 0.0146172 0)
(-0.0897012 0.0147119 0)
(-0.0956676 0.0147721 0)
(-0.10142 0.0148083 0)
(-0.106954 0.0148309 0)
(-0.112267 0.0148506 0)
(-0.117361 0.0148773 0)
(-0.122235 0.0149194 0)
(-0.126888 0.0149841 0)
(-0.131318 0.0150768 0)
(-0.13552 0.0152014 0)
(-0.139484 0.0153607 0)
(-0.143198 0.0155565 0)
(-0.146644 0.0157899 0)
(-0.149799 0.0160607 0)
(-0.152634 0.0163693 0)
(-0.155112 0.0167171 0)
(-0.157187 0.0171071 0)
(-0.158803 0.0175438 0)
(-0.159894 0.0180355 0)
(-0.16038 0.0185911 0)
(-0.160172 0.0192144 0)
(-0.159163 0.0198877 0)
(-0.157229 0.0205691 0)
(-0.154232 0.0211814 0)
(-0.150016 0.0216094 0)
(-0.14441 0.0217056 0)
(-0.137264 0.0213048 0)
(-0.128508 0.0202611 0)
(-0.118033 0.0183377 0)
(-0.105789 0.0153554 0)
(-0.0917224 0.0112492 0)
(-0.0759762 0.00602885 0)
(-0.0584988 -0.000217434 0)
(-0.0393628 -0.00739391 0)
(-0.0186983 -0.0153811 0)
(0.00364975 -0.0239355 0)
(0.0275079 -0.0327782 0)
(0.0527451 -0.041686 0)
(0.0794939 -0.0505528 0)
(0.107461 -0.0591796 0)
(0.136754 -0.0674105 0)
(0.167085 -0.0751294 0)
(0.198411 -0.0820639 0)
(0.230362 -0.0881107 0)
(0.263008 -0.0932989 0)
(0.295901 -0.0974341 0)
(0.328896 -0.100575 0)
(0.361756 -0.102579 0)
(0.394118 -0.103577 0)
(0.426044 -0.103493 0)
(0.456884 -0.102514 0)
(0.487096 -0.100589 0)
(0.515682 -0.0979363 0)
(0.543597 -0.0945312 0)
(0.569421 -0.0906151 0)
(0.594684 -0.0861705 0)
(0.617455 -0.0814409 0)
(0.63993 -0.0764011 0)
(0.659558 -0.0712872 0)
(0.679304 -0.0660551 0)
(0.695855 -0.0609262 0)
(0.713076 -0.0558294 0)
(0.72672 -0.050972 0)
(0.741724 -0.0462545 0)
(0.752691 -0.0418746 0)
(0.765855 -0.0377054 0)
(0.774401 -0.0339405 0)
(0.786142 -0.0304277 0)
(0.792524 -0.0273624 0)
(0.803288 -0.0245701 0)
(0.807747 -0.0222516 0)
(0.817996 -0.0202142 0)
(0.820748 -0.018665 0)
(0.830967 -0.017399 0)
(0.832201 -0.0166258 0)
(0.84289 -0.0161368 0)
(-0.00124323 0.00688968 0)
(-0.00674772 0.0136796 0)
(-0.0152798 0.0162477 0)
(-0.0237092 0.0173513 0)
(-0.0321903 0.0181464 0)
(-0.0404784 0.0189204 0)
(-0.0484407 0.0196251 0)
(-0.0560311 0.0201743 0)
(-0.0632156 0.020541 0)
(-0.0699569 0.0207475 0)
(-0.0762312 0.0208213 0)
(-0.0820272 0.0207873 0)
(-0.0873426 0.0206668 0)
(-0.0921813 0.0204789 0)
(-0.0965511 0.0202405 0)
(-0.100462 0.0199665 0)
(-0.103925 0.0196693 0)
(-0.106948 0.0193593 0)
(-0.10954 0.0190465 0)
(-0.111707 0.0187399 0)
(-0.113453 0.0184461 0)
(-0.114779 0.0181697 0)
(-0.115682 0.0179126 0)
(-0.116154 0.0176744 0)
(-0.116181 0.0174523 0)
(-0.115745 0.0172431 0)
(-0.114826 0.017043 0)
(-0.113393 0.0168432 0)
(-0.11141 0.0166356 0)
(-0.108837 0.016413 0)
(-0.105621 0.0161707 0)
(-0.101699 0.0159048 0)
(-0.0969953 0.0156134 0)
(-0.0914268 0.0152984 0)
(-0.0849101 0.0149646 0)
(-0.0773379 0.0145759 0)
(-0.0686057 0.0140853 0)
(-0.0586025 0.0134214 0)
(-0.0472191 0.0124827 0)
(-0.0343333 0.0111318 0)
(-0.019773 0.0091859 0)
(-0.00371453 0.00646304 0)
(0.0139195 0.00284837 0)
(0.033027 -0.00174145 0)
(0.0536892 -0.00737386 0)
(0.0756648 -0.0140623 0)
(0.0990381 -0.0217621 0)
(0.123679 -0.0303404 0)
(0.149546 -0.0395715 0)
(0.176486 -0.0493198 0)
(0.204619 -0.0593813 0)
(0.2336 -0.0695116 0)
(0.263667 -0.0795607 0)
(0.294395 -0.0892584 0)
(0.326015 -0.0984803 0)
(0.357998 -0.10695 0)
(0.390532 -0.114563 0)
(0.423025 -0.121082 0)
(0.455628 -0.126507 0)
(0.487789 -0.130647 0)
(0.519546 -0.133562 0)
(0.550475 -0.135122 0)
(0.580511 -0.135474 0)
(0.609463 -0.134542 0)
(0.637105 -0.132546 0)
(0.663558 -0.129446 0)
(0.688362 -0.125508 0)
(0.712029 -0.120712 0)
(0.733779 -0.115356 0)
(0.754587 -0.109417 0)
(0.773261 -0.103201 0)
(0.791314 -0.0966637 0)
(0.807035 -0.0901048 0)
(0.822564 -0.0834434 0)
(0.835547 -0.0769702 0)
(0.848858 -0.0705621 0)
(0.859367 -0.0645001 0)
(0.870807 -0.0586188 0)
(0.879116 -0.0531956 0)
(0.889048 -0.0480244 0)
(0.895426 -0.0433862 0)
(0.904213 -0.0390371 0)
(0.908907 -0.0352694 0)
(0.91691 -0.0318041 0)
(0.920142 -0.0289511 0)
(0.927717 -0.0263993 0)
(0.929681 -0.024481 0)
(0.937188 -0.0228569 0)
(0.938052 -0.0218853 0)
(0.945855 -0.0212057 0)
(-0.0036509 0.00667196 0)
(-0.0134136 0.0170508 0)
(-0.0244323 0.0217448 0)
(-0.0335693 0.0244024 0)
(-0.0419083 0.0260135 0)
(-0.0496344 0.0269012 0)
(-0.0566919 0.0272369 0)
(-0.0629398 0.0271967 0)
(-0.0682741 0.0269145 0)
(-0.0726875 0.0264598 0)
(-0.0762293 0.0258787 0)
(-0.0789531 0.0252035 0)
(-0.0809129 0.0244612 0)
(-0.0821601 0.0236741 0)
(-0.0827417 0.0228599 0)
(-0.0827002 0.0220324 0)
(-0.0820728 0.0212026 0)
(-0.0808871 0.0203754 0)
(-0.0791678 0.0195579 0)
(-0.0769333 0.0187559 0)
(-0.074197 0.0179718 0)
(-0.0709656 0.0172044 0)
(-0.0672405 0.0164503 0)
(-0.0630159 0.0157038 0)
(-0.0582779 0.0149564 0)
(-0.053007 0.0142005 0)
(-0.04719 0.0134347 0)
(-0.0407914 0.0126421 0)
(-0.0337779 0.0118074 0)
(-0.026108 0.0109168 0)
(-0.017734 0.00995812 0)
(-0.00859397 0.00891789 0)
(0.00139593 0.00777864 0)
(0.0123311 0.00651206 0)
(0.0242337 0.00508985 0)
(0.0372298 0.003499 0)
(0.0514105 0.00170153 0)
(0.0668715 -0.000373383 0)
(0.0837013 -0.002815 0)
(0.101946 -0.00573748 0)
(0.12172 -0.00924095 0)
(0.142854 -0.0134839 0)
(0.165548 -0.018629 0)
(0.189622 -0.0246938 0)
(0.215069 -0.0317248 0)
(0.241675 -0.0396823 0)
(0.269469 -0.0485228 0)
(0.298205 -0.0581336 0)
(0.327951 -0.0683729 0)
(0.358369 -0.079031 0)
(0.389601 -0.0899289 0)
(0.421211 -0.100805 0)
(0.453373 -0.111471 0)
(0.485557 -0.121651 0)
(0.51796 -0.131176 0)
(0.549951 -0.139774 0)
(0.58174 -0.147325 0)
(0.612645 -0.15359 0)
(0.642903 -0.158534 0)
(0.671858 -0.161989 0)
(0.699782 -0.164017 0)
(0.726105 -0.16452 0)
(0.751122 -0.163654 0)
(0.774415 -0.161381 0)
(0.79625 -0.157937 0)
(0.816403 -0.153324 0)
(0.835041 -0.147832 0)
(0.85217 -0.141475 0)
(0.867781 -0.134576 0)
(0.882154 -0.12713 0)
(0.895025 -0.119467 0)
(0.906997 -0.111544 0)
(0.917466 -0.103685 0)
(0.927417 -0.0957969 0)
(0.935823 -0.0881941 0)
(0.944123 -0.0807295 0)
(0.950778 -0.0737124 0)
(0.957765 -0.0669422 0)
(0.962943 -0.060731 0)
(0.968921 -0.0548272 0)
(0.972851 -0.0495555 0)
(0.97809 -0.044616 0)
(0.980965 -0.0403554 0)
(0.985709 -0.0364275 0)
(0.987685 -0.0332101 0)
(0.992159 -0.030312 0)
(0.993368 -0.0281502 0)
(0.997788 -0.0262896 0)
(0.998331 -0.0251943 0)
(1.00291 -0.0243873 0)
(-0.00178233 0.0286515 0)
(-0.00957525 0.04034 0)
(-0.024176 0.0402902 0)
(-0.0357087 0.0379072 0)
(-0.044895 0.0361057 0)
(-0.0514639 0.0346678 0)
(-0.0557019 0.0332387 0)
(-0.0579947 0.0317384 0)
(-0.0586978 0.0301821 0)
(-0.0580841 0.0285931 0)
(-0.0563384 0.0269947 0)
(-0.0536048 0.0254015 0)
(-0.0500034 0.0238292 0)
(-0.0456352 0.0222887 0)
(-0.0405854 0.0207864 0)
(-0.0349226 0.0193241 0)
(-0.0287129 0.0179043 0)
(-0.0219838 0.0165138 0)
(-0.0147794 0.015157 0)
(-0.00712469 0.0138363 0)
(0.000963228 0.0125496 0)
(0.00947978 0.0112879 0)
(0.0184246 0.0100415 0)
(0.0278068 0.00879899 0)
(0.0376479 0.00754521 0)
(0.0479925 0.00625523 0)
(0.0588167 0.00490336 0)
(0.0701837 0.00348156 0)
(0.0821309 0.00197986 0)
(0.0947056 0.000377857 0)
(0.107956 -0.00134644 0)
(0.121941 -0.00321724 0)
(0.136717 -0.0052567 0)
(0.152365 -0.0074859 0)
(0.168914 -0.00994588 0)
(0.186493 -0.0126771 0)
(0.205183 -0.0157205 0)
(0.225042 -0.0191367 0)
(0.24615 -0.0230006 0)
(0.268521 -0.0273972 0)
(0.292228 -0.0324297 0)
(0.317204 -0.0381423 0)
(0.343485 -0.0446363 0)
(0.37093 -0.0519674 0)
(0.399506 -0.0601507 0)
(0.428982 -0.0691494 0)
(0.459324 -0.0788945 0)
(0.49023 -0.0892611 0)
(0.521682 -0.100097 0)
(0.553286 -0.111189 0)
(0.585048 -0.122336 0)
(0.616487 -0.133284 0)
(0.647653 -0.143817 0)
(0.677985 -0.153667 0)
(0.707601 -0.162645 0)
(0.735875 -0.170501 0)
(0.763027 -0.177104 0)
(0.788407 -0.182253 0)
(0.812357 -0.185907 0)
(0.834252 -0.187939 0)
(0.854578 -0.188416 0)
(0.872764 -0.187293 0)
(0.889419 -0.184739 0)
(0.904037 -0.180769 0)
(0.917294 -0.175635 0)
(0.928747 -0.169386 0)
(0.939072 -0.162326 0)
(0.947893 -0.1545 0)
(0.955822 -0.146234 0)
(0.962568 -0.13754 0)
(0.96862 -0.128743 0)
(0.973797 -0.119801 0)
(0.978416 -0.111031 0)
(0.982443 -0.102333 0)
(0.985981 -0.0940156 0)
(0.989182 -0.0859173 0)
(0.991901 -0.0783486 0)
(0.994521 -0.071087 0)
(0.996609 -0.0644542 0)
(0.998827 -0.0581705 0)
(1.00042 -0.0525802 0)
(1.00237 -0.0473476 0)
(1.00355 -0.042851 0)
(1.00534 -0.0386986 0)
(1.00618 -0.0353138 0)
(1.00789 -0.0322473 0)
(1.00844 -0.0299791 0)
(1.01014 -0.0279993 0)
(1.01041 -0.0268553 0)
(1.01217 -0.0259713 0)
(-0.019727 0.00810725 0)
(-0.0381393 0.0318212 0)
(-0.0414661 0.0392024 0)
(-0.0436736 0.0400267 0)
(-0.0426386 0.0383853 0)
(-0.0392196 0.0356351 0)
(-0.0338655 0.0325697 0)
(-0.0269058 0.0295144 0)
(-0.0186047 0.0265827 0)
(-0.00923642 0.0238307 0)
(0.00101409 0.0212398 0)
(0.0119824 0.0187867 0)
(0.0235264 0.0164614 0)
(0.0355371 0.0142569 0)
(0.0479238 0.0121661 0)
(0.0606408 0.0101783 0)
(0.0735759 0.00829007 0)
(0.0867956 0.0064933 0)
(0.10023 0.00476428 0)
(0.113864 0.00307525 0)
(0.127685 0.00140979 0)
(0.141713 -0.000239354 0)
(0.155961 -0.00188252 0)
(0.170455 -0.00353792 0)
(0.185213 -0.00522831 0)
(0.20029 -0.00697686 0)
(0.215686 -0.00881156 0)
(0.23148 -0.0107592 0)
(0.24772 -0.0128406 0)
(0.264456 -0.0150803 0)
(0.281733 -0.0175024 0)
(0.299614 -0.0201357 0)
(0.318147 -0.0230054 0)
(0.337399 -0.0261418 0)
(0.35742 -0.0295623 0)
(0.378273 -0.0333092 0)
(0.400015 -0.0374282 0)
(0.422685 -0.041973 0)
(0.44632 -0.0469991 0)
(0.470921 -0.0525683 0)
(0.496495 -0.0587398 0)
(0.522979 -0.0655632 0)
(0.550318 -0.073077 0)
(0.578374 -0.0813002 0)
(0.607032 -0.0902105 0)
(0.636064 -0.0997501 0)
(0.665318 -0.109819 0)
(0.694493 -0.120284 0)
(0.723428 -0.130976 0)
(0.751742 -0.141701 0)
(0.779297 -0.152245 0)
(0.80566 -0.162373 0)
(0.830769 -0.171857 0)
(0.854163 -0.180457 0)
(0.875907 -0.187979 0)
(0.895535 -0.194216 0)
(0.913296 -0.199045 0)
(0.928728 -0.202325 0)
(0.942288 -0.204033 0)
(0.953523 -0.204111 0)
(0.963096 -0.202644 0)
(0.970548 -0.199646 0)
(0.976717 -0.1953 0)
(0.981098 -0.18967 0)
(0.984646 -0.183017 0)
(0.986778 -0.17542 0)
(0.98851 -0.167178 0)
(0.989163 -0.158349 0)
(0.989771 -0.149241 0)
(0.989565 -0.139859 0)
(0.989569 -0.130506 0)
(0.988943 -0.121127 0)
(0.988686 -0.112018 0)
(0.987913 -0.103063 0)
(0.987594 -0.0945576 0)
(0.986825 -0.0863223 0)
(0.986547 -0.0786631 0)
(0.985857 -0.0713377 0)
(0.985663 -0.064672 0)
(0.985075 -0.0583643 0)
(0.984975 -0.0527713 0)
(0.984486 -0.0475326 0)
(0.984471 -0.0430466 0)
(0.984063 -0.0388928 0)
(0.984113 -0.0355226 0)
(0.983756 -0.0324528 0)
(0.98384 -0.0301986 0)
(0.983496 -0.0282099 0)
(0.983575 -0.027077 0)
(0.983196 -0.0261748 0)
(-0.0191317 0.1082 0)
(-0.0183404 0.0728209 0)
(-0.0115194 0.0580516 0)
(0.00103676 0.0461428 0)
(0.0174994 0.036311 0)
(0.0361777 0.0287396 0)
(0.056111 0.0227781 0)
(0.0766129 0.01786 0)
(0.0973959 0.0136045 0)
(0.118037 0.00983253 0)
(0.138563 0.00647693 0)
(0.15891 0.00349353 0)
(0.179005 0.000814404 0)
(0.19883 -0.0016306 0)
(0.218352 -0.00389322 0)
(0.237619 -0.00600848 0)
(0.256572 -0.0080019 0)
(0.275301 -0.00989653 0)
(0.29378 -0.0117151 0)
(0.312028 -0.0134865 0)
(0.330075 -0.0152379 0)
(0.347976 -0.0169935 0)
(0.365769 -0.0187743 0)
(0.383501 -0.0206049 0)
(0.401212 -0.0225097 0)
(0.418959 -0.0245172 0)
(0.436789 -0.0266466 0)
(0.454765 -0.028927 0)
(0.472936 -0.0313873 0)
(0.491364 -0.0340558 0)
(0.510091 -0.0369567 0)
(0.529172 -0.0401154 0)
(0.548644 -0.043555 0)
(0.568554 -0.0473015 0)
(0.588932 -0.0513786 0)
(0.609809 -0.055817 0)
(0.6312 -0.0606476 0)
(0.653115 -0.0659066 0)
(0.675536 -0.0716264 0)
(0.698435 -0.077843 0)
(0.721753 -0.0845837 0)
(0.745403 -0.0918738 0)
(0.769258 -0.0997176 0)
(0.793163 -0.108105 0)
(0.816929 -0.116986 0)
(0.840334 -0.126289 0)
(0.863142 -0.135895 0)
(0.885084 -0.145667 0)
(0.905914 -0.155429 0)
(0.925336 -0.164994 0)
(0.94316 -0.174149 0)
(0.959111 -0.182682 0)
(0.973105 -0.190378 0)
(0.98491 -0.197042 0)
(0.994606 -0.202502 0)
(1.00202 -0.206616 0)
(1.00743 -0.209288 0)
(1.01069 -0.210454 0)
(1.0123 -0.210119 0)
(1.0121 -0.208299 0)
(1.01079 -0.205093 0)
(1.00809 -0.200573 0)
(1.00487 -0.194914 0)
(1.00069 -0.188222 0)
(0.996522 -0.180726 0)
(0.991702 -0.17252 0)
(0.987334 -0.163859 0)
(0.982486 -0.154794 0)
(0.978386 -0.145586 0)
(0.973853 -0.136228 0)
(0.970254 -0.12698 0)
(0.96617 -0.117771 0)
(0.963132 -0.108872 0)
(0.959503 -0.100148 0)
(0.957002 -0.0918894 0)
(0.953778 -0.0838932 0)
(0.951766 -0.0764779 0)
(0.948885 -0.0693715 0)
(0.947312 -0.0629278 0)
(0.944706 -0.0568045 0)
(0.943525 -0.0514014 0)
(0.941127 -0.0463047 0)
(0.940295 -0.0419719 0)
(0.93803 -0.0379153 0)
(0.937501 -0.0346616 0)
(0.935283 -0.0316444 0)
(0.935004 -0.02947 0)
(0.932734 -0.0274886 0)
(0.932638 -0.0263969 0)
(0.9302 -0.0254552 0)
(0.070145 0.00706368 0)
(0.0902497 0.00646759 0)
(0.154119 0.00592951 0)
(0.199297 0.00266229 0)
(0.238401 -0.00173322 0)
(0.274029 -0.00596319 0)
(0.306972 -0.00964206 0)
(0.337128 -0.0127881 0)
(0.365224 -0.0155098 0)
(0.391552 -0.0178876 0)
(0.416471 -0.0200004 0)
(0.440183 -0.0219043 0)
(0.462802 -0.0236392 0)
(0.484437 -0.0252402 0)
(0.505181 -0.0267328 0)
(0.525134 -0.0281436 0)
(0.544359 -0.0294911 0)
(0.562936 -0.0308046 0)
(0.58092 -0.0321049 0)
(0.598367 -0.033413 0)
(0.615336 -0.0347506 0)
(0.631892 -0.036144 0)
(0.648092 -0.0376191 0)
(0.663995 -0.039201 0)
(0.679655 -0.0409135 0)
(0.695127 -0.0427803 0)
(0.710465 -0.044824 0)
(0.725719 -0.0470684 0)
(0.740934 -0.0495366 0)
(0.75616 -0.0522518 0)
(0.771428 -0.0552361 0)
(0.78677 -0.0585117 0)
(0.802206 -0.0620982 0)
(0.817753 -0.0660152 0)
(0.833414 -0.07028 0)
(0.849188 -0.0749113 0)
(0.865053 -0.0799261 0)
(0.880982 -0.0853433 0)
(0.89692 -0.0911772 0)
(0.912801 -0.0974413 0)
(0.928526 -0.10414 0)
(0.943977 -0.11127 0)
(0.959005 -0.118812 0)
(0.973449 -0.126729 0)
(0.987119 -0.134955 0)
(0.999823 -0.143403 0)
(1.01135 -0.151952 0)
(1.02151 -0.160464 0)
(1.0301 -0.16877 0)
(1.03698 -0.176696 0)
(1.04204 -0.184051 0)
(1.04519 -0.190662 0)
(1.04645 -0.196355 0)
(1.04583 -0.200995 0)
(1.0435 -0.204458 0)
(1.03955 -0.206669 0)
(1.03429 -0.207576 0)
(1.02786 -0.207175 0)
(1.02066 -0.205486 0)
(1.01276 -0.202567 0)
(1.00467 -0.198506 0)
(0.99629 -0.193406 0)
(0.988175 -0.187404 0)
(0.97998 -0.180614 0)
(0.972376 -0.173195 0)
(0.964724 -0.16524 0)
(0.957861 -0.156919 0)
(0.950833 -0.148288 0)
(0.94472 -0.139529 0)
(0.938242 -0.130649 0)
(0.932794 -0.121848 0)
(0.926744 -0.11308 0)
(0.921864 -0.104573 0)
(0.916133 -0.0962169 0)
(0.911768 -0.0882767 0)
(0.906298 -0.0805711 0)
(0.902451 -0.073411 0)
(0.897222 -0.0665313 0)
(0.893927 -0.0602985 0)
(0.88892 -0.0543519 0)
(0.886212 -0.0491274 0)
(0.881385 -0.0441597 0)
(0.879281 -0.0399756 0)
(0.874551 -0.0359971 0)
(0.873046 -0.0328621 0)
(0.868289 -0.0298666 0)
(0.867355 -0.0277785 0)
(0.862401 -0.0257527 0)
(0.861986 -0.0247074 0)
(0.856628 -0.0236409 0)
(0.774196 -0.00939909 0)
(0.775926 -0.0209417 0)
(0.776939 -0.0272673 0)
(0.778816 -0.0310727 0)
(0.782697 -0.0338335 0)
(0.788348 -0.036156 0)
(0.795501 -0.0381691 0)
(0.803514 -0.0398456 0)
(0.812178 -0.0411991 0)
(0.821269 -0.0422735 0)
(0.830607 -0.0431462 0)
(0.840063 -0.0438893 0)
(0.849541 -0.0445492 0)
(0.85897 -0.0451525 0)
(0.868295 -0.045716 0)
(0.877476 -0.0462571 0)
(0.886486 -0.0467929 0)
(0.895304 -0.0473447 0)
(0.903921 -0.0479339 0)
(0.912334 -0.0485825 0)
(0.920548 -0.049314 0)
(0.928575 -0.0501545 0)
(0.936431 -0.0511293 0)
(0.944132 -0.0522638 0)
(0.951699 -0.0535807 0)
(0.95915 -0.0551026 0)
(0.966503 -0.0568496 0)
(0.973775 -0.0588416 0)
(0.98098 -0.0610965 0)
(0.988126 -0.063632 0)
(0.995218 -0.066464 0)
(1.00225 -0.0696075 0)
(1.00922 -0.0730752 0)
(1.01612 -0.0768785 0)
(1.02292 -0.0810265 0)
(1.02959 -0.0855277 0)
(1.03609 -0.0903887 0)
(1.04237 -0.0956145 0)
(1.04838 -0.101207 0)
(1.05402 -0.107162 0)
(1.05922 -0.113468 0)
(1.06386 -0.120102 0)
(1.06784 -0.127024 0)
(1.07104 -0.134179 0)
(1.07332 -0.141494 0)
(1.07459 -0.148878 0)
(1.07473 -0.15622 0)
(1.07366 -0.163394 0)
(1.07133 -0.170262 0)
(1.06773 -0.176681 0)
(1.06286 -0.182509 0)
(1.05682 -0.187616 0)
(1.0497 -0.19188 0)
(1.04166 -0.195203 0)
(1.03288 -0.197506 0)
(1.02355 -0.198745 0)
(1.01388 -0.198891 0)
(1.00403 -0.197956 0)
(0.994192 -0.195954 0)
(0.984426 -0.192941 0)
(0.974863 -0.188969 0)
(0.965427 -0.184127 0)
(0.956247 -0.178486 0)
(0.947092 -0.172141 0)
(0.93818 -0.165178 0)
(0.929115 -0.157692 0)
(0.920291 -0.149783 0)
(0.911121 -0.141535 0)
(0.902274 -0.133063 0)
(0.892919 -0.12444 0)
(0.884082 -0.115805 0)
(0.874594 -0.107202 0)
(0.865921 -0.0987929 0)
(0.856441 -0.0905674 0)
(0.848163 -0.0827071 0)
(0.838871 -0.0751351 0)
(0.831243 -0.0680698 0)
(0.822298 -0.0613502 0)
(0.81555 -0.0552461 0)
(0.807039 -0.049491 0)
(0.80134 -0.0444277 0)
(0.793244 -0.0396648 0)
(0.788686 -0.0356539 0)
(0.780866 -0.0318612 0)
(0.777484 -0.0288853 0)
(0.7697 -0.0260212 0)
(0.767496 -0.0240539 0)
(0.759413 -0.0220721 0)
(0.758378 -0.0210912 0)
(0.749573 -0.0199533 0)
(1.05746 0.00795834 0)
(1.06062 -0.000541595 0)
(1.06141 -0.0078103 0)
(1.06076 -0.0135826 0)
(1.05997 -0.0183386 0)
(1.05977 -0.0224881 0)
(1.06029 -0.0262067 0)
(1.06137 -0.029507 0)
(1.06281 -0.0323866 0)
(1.06444 -0.0348691 0)
(1.06619 -0.0369995 0)
(1.06799 -0.0388325 0)
(1.06983 -0.0404208 0)
(1.07168 -0.0418104 0)
(1.07353 -0.0430406 0)
(1.07534 -0.0441472 0)
(1.0771 -0.0451641 0)
(1.0788 -0.0461249 0)
(1.08041 -0.0470629 0)
(1.08194 -0.0480115 0)
(1.08337 -0.0490036 0)
(1.08471 -0.0500723 0)
(1.08595 -0.0512489 0)
(1.0871 -0.0525641 0)
(1.08816 -0.0540455 0)
(1.08913 -0.0557194 0)
(1.09002 -0.0576087 0)
(1.09082 -0.0597349 0)
(1.09153 -0.0621161 0)
(1.09214 -0.0647691 0)
(1.09264 -0.0677061 0)
(1.09303 -0.0709381 0)
(1.09329 -0.0744722 0)
(1.0934 -0.0783155 0)
(1.09334 -0.0824716 0)
(1.09309 -0.0869435 0)
(1.0926 -0.0917309 0)
(1.09185 -0.0968316 0)
(1.09081 -0.102238 0)
(1.08941 -0.107938 0)
(1.08761 -0.113911 0)
(1.08536 -0.120124 0)
(1.08261 -0.126536 0)
(1.07931 -0.133087 0)
(1.07542 -0.139709 0)
(1.07089 -0.146317 0)
(1.06572 -0.152816 0)
(1.05989 -0.159103 0)
(1.05343 -0.165067 0)
(1.04637 -0.170601 0)
(1.03875 -0.175595 0)
(1.03065 -0.179951 0)
(1.02213 -0.183575 0)
(1.01325 -0.186383 0)
(1.00408 -0.188303 0)
(0.994647 -0.18928 0)
(0.984959 -0.189275 0)
(0.975012 -0.18827 0)
(0.964755 -0.186269 0)
(0.954131 -0.183303 0)
(0.943057 -0.179402 0)
(0.931457 -0.174617 0)
(0.919277 -0.168982 0)
(0.906447 -0.162569 0)
(0.892997 -0.155452 0)
(0.878879 -0.147752 0)
(0.864258 -0.13957 0)
(0.84906 -0.131036 0)
(0.833618 -0.122251 0)
(0.817761 -0.113355 0)
(0.802027 -0.104468 0)
(0.78605 -0.0957258 0)
(0.770638 -0.0872349 0)
(0.755104 -0.0790824 0)
(0.740604 -0.0713451 0)
(0.725971 -0.0640536 0)
(0.712849 -0.057276 0)
(0.699408 -0.0509879 0)
(0.687988 -0.0452703 0)
(0.675848 -0.0400334 0)
(0.666317 -0.0353971 0)
(0.655395 -0.0311915 0)
(0.647807 -0.0276052 0)
(0.637814 -0.0243586 0)
(0.632141 -0.0217528 0)
(0.622622 -0.0193643 0)
(0.618835 -0.0176652 0)
(0.609181 -0.0160387 0)
(0.607306 -0.0151968 0)
(0.596738 -0.0142644 0)
(1.08202 -0.00359359 0)
(1.08803 -0.0112707 0)
(1.09234 -0.0187164 0)
(1.09499 -0.0249375 0)
(1.0965 -0.0297922 0)
(1.09746 -0.0336043 0)
(1.09829 -0.0367322 0)
(1.09912 -0.0394023 0)
(1.09996 -0.041709 0)
(1.10076 -0.0436782 0)
(1.10148 -0.0453244 0)
(1.10209 -0.0466748 0)
(1.1026 -0.0477706 0)
(1.10303 -0.0486599 0)
(1.10338 -0.0493905 0)
(1.10364 -0.0500069 0)
(1.10381 -0.0505498 0)
(1.10389 -0.0510568 0)
(1.10388 -0.0515637 0)
(1.10375 -0.0521053 0)
(1.10352 -0.0527147 0)
(1.10318 -0.0534244 0)
(1.10272 -0.054265 0)
(1.10215 -0.0552657 0)
(1.10147 -0.0564526 0)
(1.10067 -0.0578502 0)
(1.09975 -0.059479 0)
(1.09871 -0.0613581 0)
(1.09756 -0.0635017 0)
(1.09628 -0.0659231 0)
(1.09486 -0.0686304 0)
(1.09331 -0.0716316 0)
(1.09162 -0.07493 0)
(1.08977 -0.0785299 0)
(1.08776 -0.0824307 0)
(1.08557 -0.0866329 0)
(1.08319 -0.0911312 0)
(1.0806 -0.0959202 0)
(1.07778 -0.100987 0)
(1.07471 -0.106316 0)
(1.07137 -0.11188 0)
(1.06774 -0.117648 0)
(1.06378 -0.123576 0)
(1.05946 -0.129605 0)
(1.05477 -0.135669 0)
(1.04966 -0.141688 0)
(1.0441 -0.147574 0)
(1.03806 -0.153231 0)
(1.03149 -0.15856 0)
(1.02435 -0.163463 0)
(1.0166 -0.167844 0)
(1.00816 -0.171612 0)
(0.998994 -0.174682 0)
(0.989013 -0.17697 0)
(0.978142 -0.178393 0)
(0.966287 -0.178866 0)
(0.953352 -0.178316 0)
(0.939238 -0.176695 0)
(0.923862 -0.174001 0)
(0.907161 -0.17027 0)
(0.889119 -0.165554 0)
(0.869759 -0.159895 0)
(0.849152 -0.153343 0)
(0.827382 -0.145966 0)
(0.804582 -0.137884 0)
(0.780928 -0.12927 0)
(0.756663 -0.120295 0)
(0.732029 -0.111124 0)
(0.707324 -0.101889 0)
(0.682754 -0.0927366 0)
(0.658634 -0.083797 0)
(0.635093 -0.0752171 0)
(0.612522 -0.0670948 0)
(0.590909 -0.0595351 0)
(0.570703 -0.0525663 0)
(0.551627 -0.0462259 0)
(0.534253 -0.0404798 0)
(0.517956 -0.0353319 0)
(0.503571 -0.0307273 0)
(0.489989 -0.0266641 0)
(0.478518 -0.0230889 0)
(0.46735 -0.0199963 0)
(0.458569 -0.0173374 0)
(0.449311 -0.0150865 0)
(0.442929 -0.0132176 0)
(0.434909 -0.0116676 0)
(0.430674 -0.0104739 0)
(0.423049 -0.00950147 0)
(0.42087 -0.00891176 0)
(0.412563 -0.00844263 0)
(1.07467 -0.00748654 0)
(1.08074 -0.012548 0)
(1.08566 -0.0178189 0)
(1.08937 -0.0227514 0)
(1.09201 -0.0269942 0)
(1.0939 -0.0305033 0)
(1.09535 -0.0334177 0)
(1.0966 -0.0359002 0)
(1.09772 -0.0380599 0)
(1.09874 -0.0399456 0)
(1.09965 -0.0415727 0)
(1.10042 -0.0429512 0)
(1.10104 -0.0441014 0)
(1.10154 -0.0450549 0)
(1.1019 -0.0458507 0)
(1.10214 -0.0465296 0)
(1.10226 -0.0471316 0)
(1.10225 -0.0476942 0)
(1.10211 -0.0482536 0)
(1.10183 -0.0488439 0)
(1.10142 -0.0494985 0)
(1.10086 -0.0502487 0)
(1.10016 -0.0511247 0)
(1.09932 -0.0521545 0)
(1.09834 -0.0533639 0)
(1.09721 -0.0547762 0)
(1.09595 -0.0564116 0)
(1.09454 -0.0582876 0)
(1.09299 -0.060418 0)
(1.0913 -0.062814 0)
(1.08946 -0.0654832 0)
(1.08747 -0.0684319 0)
(1.08531 -0.0716623 0)
(1.08298 -0.0751771 0)
(1.08047 -0.0789738 0)
(1.07776 -0.0830511 0)
(1.07482 -0.0874003 0)
(1.07165 -0.0920135 0)
(1.06821 -0.096873 0)
(1.06446 -0.10196 0)
(1.06037 -0.107242 0)
(1.0559 -0.112685 0)
(1.05098 -0.118239 0)
(1.04557 -0.123847 0)
(1.03957 -0.12944 0)
(1.03291 -0.134936 0)
(1.02549 -0.140245 0)
(1.0172 -0.145263 0)
(1.00792 -0.149887 0)
(0.997505 -0.154008 0)
(0.985829 -0.157528 0)
(0.972752 -0.160349 0)
(0.958153 -0.162393 0)
(0.941913 -0.163577 0)
(0.92395 -0.163817 0)
(0.904177 -0.163014 0)
(0.882534 -0.161074 0)
(0.858969 -0.157944 0)
(0.83347 -0.153647 0)
(0.806075 -0.148268 0)
(0.776924 -0.141913 0)
(0.746254 -0.134683 0)
(0.714364 -0.126668 0)
(0.681524 -0.11798 0)
(0.648 -0.108777 0)
(0.6141 -0.0992961 0)
(0.580257 -0.0897904 0)
(0.546933 -0.0804753 0)
(0.514599 -0.0715051 0)
(0.48359 -0.0630141 0)
(0.454203 -0.0550952 0)
(0.426668 -0.0478092 0)
(0.401243 -0.0411994 0)
(0.378051 -0.0353171 0)
(0.357268 -0.03017 0)
(0.338822 -0.0257512 0)
(0.322762 -0.0219945 0)
(0.308787 -0.0188478 0)
(0.29693 -0.0162089 0)
(0.28671 -0.0140273 0)
(0.278282 -0.0121952 0)
(0.270967 -0.0106903 0)
(0.265179 -0.00941208 0)
(0.259929 -0.0083785 0)
(0.256092 -0.00748827 0)
(0.252128 -0.0067953 0)
(0.249724 -0.00619513 0)
(0.246278 -0.00575685 0)
(0.245026 -0.00541672 0)
(0.241168 -0.00519087 0)
(1.06825 -0.014956 0)
(1.07408 -0.0190474 0)
(1.0791 -0.0232808 0)
(1.08324 -0.0273817 0)
(1.08653 -0.031108 0)
(1.0891 -0.034334 0)
(1.09115 -0.0370628 0)
(1.09289 -0.0393692 0)
(1.09442 -0.0413361 0)
(1.0958 -0.0430218 0)
(1.09704 -0.0444574 0)
(1.09813 -0.0456595 0)
(1.09904 -0.0466438 0)
(1.09978 -0.0474331 0)
(1.10035 -0.0480586 0)
(1.10073 -0.0485571 0)
(1.10095 -0.048968 0)
(1.10097 -0.0493305 0)
(1.10082 -0.0496832 0)
(1.10047 -0.0500628 0)
(1.09992 -0.0505049 0)
(1.09918 -0.0510418 0)
(1.09823 -0.0517045 0)
(1.09708 -0.05252 0)
(1.09573 -0.0535142 0)
(1.09418 -0.0547088 0)
(1.09242 -0.0561238 0)
(1.09045 -0.0577748 0)
(1.08827 -0.0596752 0)
(1.08587 -0.0618342 0)
(1.08324 -0.0642587 0)
(1.08036 -0.0669519 0)
(1.07722 -0.0699148 0)
(1.07379 -0.0731456 0)
(1.07005 -0.0766396 0)
(1.06594 -0.08039 0)
(1.06145 -0.0843844 0)
(1.05651 -0.0886086 0)
(1.05108 -0.0930386 0)
(1.04509 -0.0976477 0)
(1.03846 -0.102396 0)
(1.0311 -0.107238 0)
(1.02293 -0.112116 0)
(1.01383 -0.116966 0)
(1.00367 -0.121708 0)
(0.992326 -0.126256 0)
(0.979641 -0.130501 0)
(0.965473 -0.134333 0)
(0.949632 -0.137631 0)
(0.931976 -0.140281 0)
(0.912312 -0.142177 0)
(0.890519 -0.143221 0)
(0.866457 -0.143354 0)
(0.840069 -0.142509 0)
(0.811354 -0.14065 0)
(0.780341 -0.137696 0)
(0.747147 -0.13358 0)
(0.711858 -0.12828 0)
(0.674602 -0.121871 0)
(0.63553 -0.11448 0)
(0.595008 -0.106261 0)
(0.553594 -0.0974219 0)
(0.511948 -0.0881918 0)
(0.470676 -0.0787782 0)
(0.430213 -0.0693868 0)
(0.39091 -0.0602505 0)
(0.353379 -0.0515669 0)
(0.318349 -0.0435259 0)
(0.286509 -0.0363721 0)
(0.258099 -0.0302477 0)
(0.233268 -0.0251874 0)
(0.211993 -0.0211557 0)
(0.194026 -0.0180232 0)
(0.17902 -0.0156026 0)
(0.166637 -0.0137135 0)
(0.156484 -0.0122201 0)
(0.148209 -0.011008 0)
(0.141426 -0.0100038 0)
(0.135893 -0.00914073 0)
(0.131314 -0.00839291 0)
(0.127589 -0.00771926 0)
(0.124467 -0.00712524 0)
(0.121975 -0.00657939 0)
(0.119837 -0.00610656 0)
(0.11821 -0.00566244 0)
(0.116703 -0.00528711 0)
(0.115659 -0.00491023 0)
(0.114411 -0.00459115 0)
(0.113732 -0.00425162 0)
(0.112137 -0.00391102 0)
(1.06554 -0.0209069 0)
(1.07123 -0.0242047 0)
(1.0763 -0.0275768 0)
(1.08068 -0.0308797 0)
(1.08435 -0.0339666 0)
(1.08738 -0.0367253 0)
(1.08989 -0.0391078 0)
(1.092 -0.0411266 0)
(1.09384 -0.0428245 0)
(1.09545 -0.044247 0)
(1.09685 -0.045427 0)
(1.09805 -0.0463857 0)
(1.09901 -0.0471388 0)
(1.09973 -0.0477047 0)
(1.10018 -0.0481079 0)
(1.10036 -0.04838 0)
(1.10026 -0.0485576 0)
(1.09987 -0.0486795 0)
(1.09919 -0.0487857 0)
(1.09821 -0.0489155 0)
(1.09691 -0.0491071 0)
(1.0953 -0.0493944 0)
(1.09338 -0.0498084 0)
(1.09113 -0.0503749 0)
(1.08856 -0.0511179 0)
(1.08565 -0.0520564 0)
(1.08241 -0.0532084 0)
(1.07881 -0.0545855 0)
(1.07485 -0.0561995 0)
(1.0705 -0.0580548 0)
(1.06574 -0.0601561 0)
(1.06053 -0.0625005 0)
(1.05484 -0.0650862 0)
(1.04861 -0.0679035 0)
(1.04181 -0.0709441 0)
(1.03434 -0.0741912 0)
(1.02617 -0.0776284 0)
(1.01718 -0.0812299 0)
(1.00731 -0.0849664 0)
(0.996429 -0.0887978 0)
(0.984455 -0.092675 0)
(0.971244 -0.0965377 0)
(0.956675 -0.100313 0)
(0.940595 -0.103925 0)
(0.922856 -0.107289 0)
(0.903308 -0.110309 0)
(0.881792 -0.112868 0)
(0.858169 -0.114857 0)
(0.83227 -0.116158 0)
(0.804 -0.11668 0)
(0.773211 -0.116324 0)
(0.739912 -0.115041 0)
(0.703988 -0.112748 0)
(0.665592 -0.109403 0)
(0.624802 -0.104996 0)
(0.581982 -0.0994985 0)
(0.537679 -0.0930201 0)
(0.492282 -0.0856606 0)
(0.446262 -0.0776348 0)
(0.399854 -0.0690125 0)
(0.353956 -0.0600617 0)
(0.309398 -0.0508889 0)
(0.267466 -0.0418856 0)
(0.229302 -0.033669 0)
(0.19546 -0.0268802 0)
(0.165974 -0.0216461 0)
(0.14128 -0.0178363 0)
(0.121297 -0.0152105 0)
(0.105493 -0.0133766 0)
(0.0928539 -0.0119174 0)
(0.082473 -0.0106885 0)
(0.0737173 -0.00971654 0)
(0.0662121 -0.00899091 0)
(0.059739 -0.00845031 0)
(0.054144 -0.00799473 0)
(0.0493451 -0.00757402 0)
(0.045258 -0.00716516 0)
(0.0417744 -0.00676331 0)
(0.0388167 -0.00636861 0)
(0.0363028 -0.00599679 0)
(0.0341869 -0.00565633 0)
(0.032387 -0.00535824 0)
(0.030884 -0.00509165 0)
(0.0295994 -0.00485933 0)
(0.0285377 -0.00463457 0)
(0.0275922 -0.00441606 0)
(0.0267932 -0.00415438 0)
(0.0259778 -0.00384375 0)
(0.0252325 -0.00341946 0)
(0.0242195 -0.00303966 0)
(1.06619 -0.0270708 0)
(1.07169 -0.0296951 0)
(1.0766 -0.0323419 0)
(1.08087 -0.0349457 0)
(1.08446 -0.0374246 0)
(1.08739 -0.0396933 0)
(1.08974 -0.0416876 0)
(1.09157 -0.0433813 0)
(1.09297 -0.044782 0)
(1.09397 -0.0459144 0)
(1.0946 -0.0468038 0)
(1.09485 -0.0474703 0)
(1.09469 -0.0479293 0)
(1.0941 -0.0481965 0)
(1.09307 -0.0482924 0)
(1.09157 -0.0482444 0)
(1.0896 -0.048086 0)
(1.08715 -0.0478555 0)
(1.08421 -0.0475935 0)
(1.08077 -0.0473415 0)
(1.07684 -0.0471407 0)
(1.07241 -0.0470283 0)
(1.06748 -0.047037 0)
(1.06205 -0.0471935 0)
(1.05611 -0.0475201 0)
(1.04964 -0.048033 0)
(1.04263 -0.0487451 0)
(1.03506 -0.0496627 0)
(1.02689 -0.0507904 0)
(1.0181 -0.0521257 0)
(1.00863 -0.0536662 0)
(0.998431 -0.0554013 0)
(0.987449 -0.0573226 0)
(0.975599 -0.0594118 0)
(0.962816 -0.0616548 0)
(0.948992 -0.0640248 0)
(0.934053 -0.0665011 0)
(0.917867 -0.0690466 0)
(0.900354 -0.0716308 0)
(0.881362 -0.0742012 0)
(0.860812 -0.0767097 0)
(0.838536 -0.0790805 0)
(0.814456 -0.0812383 0)
(0.788401 -0.0830844 0)
(0.760272 -0.0845258 0)
(0.729957 -0.0854411 0)
(0.697424 -0.0857315 0)
(0.662603 -0.0852854 0)
(0.625516 -0.0840429 0)
(0.586171 -0.0819537 0)
(0.544772 -0.079052 0)
(0.501428 -0.0753125 0)
(0.456544 -0.0707225 0)
(0.41047 -0.0651929 0)
(0.363568 -0.0585729 0)
(0.316818 -0.0508381 0)
(0.271411 -0.0424741 0)
(0.228426 -0.0342437 0)
(0.18878 -0.0269766 0)
(0.153054 -0.0212073 0)
(0.12286 -0.0171038 0)
(0.0989736 -0.0142364 0)
(0.0805112 -0.0119826 0)
(0.0659127 -0.0100939 0)
(0.0538661 -0.00859768 0)
(0.0433681 -0.00761564 0)
(0.0342086 -0.00727094 0)
(0.0262809 -0.00719081 0)
(0.0195222 -0.00694723 0)
(0.0137155 -0.00641921 0)
(0.00868769 -0.00572646 0)
(0.00429055 -0.00505927 0)
(0.000410849 -0.00456406 0)
(-0.00300676 -0.00427985 0)
(-0.00605104 -0.00415263 0)
(-0.00879695 -0.00411782 0)
(-0.011284 -0.00411735 0)
(-0.0135406 -0.00411281 0)
(-0.0155892 -0.00408796 0)
(-0.0174516 -0.00404629 0)
(-0.0191392 -0.00399474 0)
(-0.0206714 -0.00393799 0)
(-0.0220615 -0.00387215 0)
(-0.0233355 -0.00379417 0)
(-0.0245046 -0.00368762 0)
(-0.0255979 -0.00353763 0)
(-0.0266153 -0.00330742 0)
(-0.0275928 -0.0029793 0)
(-0.0285358 -0.00257626 0)
(-0.0293812 -0.00229648 0)
(1.06574 -0.0312568 0)
(1.06964 -0.033279 0)
(1.07269 -0.0352869 0)
(1.07484 -0.0372547 0)
(1.07606 -0.0391282 0)
(1.07635 -0.0408414 0)
(1.07576 -0.0423343 0)
(1.07433 -0.0435669 0)
(1.07211 -0.0445256 0)
(1.06916 -0.0452171 0)
(1.06549 -0.0456562 0)
(1.06112 -0.0458602 0)
(1.05605 -0.0458445 0)
(1.0503 -0.0456264 0)
(1.04385 -0.0452246 0)
(1.03673 -0.0446648 0)
(1.02893 -0.0439782 0)
(1.02049 -0.0432029 0)
(1.01141 -0.0423796 0)
(1.00171 -0.0415515 0)
(0.991395 -0.0407591 0)
(0.980485 -0.0400437 0)
(0.968985 -0.0394433 0)
(0.956899 -0.03899 0)
(0.944219 -0.0387071 0)
(0.93093 -0.0386084 0)
(0.917006 -0.0386993 0)
(0.902417 -0.038977 0)
(0.887119 -0.0394335 0)
(0.871063 -0.0400552 0)
(0.854192 -0.0408265 0)
(0.836439 -0.0417268 0)
(0.817734 -0.0427362 0)
(0.797994 -0.0438288 0)
(0.777143 -0.0449815 0)
(0.75508 -0.0461624 0)
(0.731736 -0.0473457 0)
(0.706997 -0.0484918 0)
(0.680815 -0.0495719 0)
(0.653066 -0.050534 0)
(0.623753 -0.0513428 0)
(0.592749 -0.051923 0)
(0.560172 -0.052218 0)
(0.525955 -0.0521054 0)
(0.490126 -0.051428 0)
(0.452834 -0.0500364 0)
(0.414252 -0.0478094 0)
(0.374683 -0.0446943 0)
(0.334409 -0.0407041 0)
(0.293808 -0.036 0)
(0.253525 -0.0309087 0)
(0.214091 -0.0257496 0)
(0.176887 -0.0210765 0)
(0.142953 -0.0171287 0)
(0.113664 -0.0138151 0)
(0.0899322 -0.0111133 0)
(0.0709432 -0.00875519 0)
(0.0554156 -0.00671236 0)
(0.0423866 -0.00524359 0)
(0.0311602 -0.00472361 0)
(0.0213018 -0.00516507 0)
(0.0128777 -0.00585701 0)
(0.00582164 -0.00574418 0)
(-9.07243e-05 -0.00462373 0)
(-0.00507214 -0.00316201 0)
(-0.00935604 -0.00215131 0)
(-0.0131016 -0.00178074 0)
(-0.0164994 -0.00182419 0)
(-0.0196367 -0.00199614 0)
(-0.0224925 -0.00208754 0)
(-0.0250366 -0.00206799 0)
(-0.0272937 -0.00200654 0)
(-0.02933 -0.0019684 0)
(-0.0312234 -0.00197881 0)
(-0.0330315 -0.00204618 0)
(-0.0347848 -0.00214168 0)
(-0.0364963 -0.00223709 0)
(-0.0381674 -0.00231836 0)
(-0.039794 -0.00238257 0)
(-0.0413726 -0.00243196 0)
(-0.0429007 -0.00246683 0)
(-0.0443789 -0.00248928 0)
(-0.0458076 -0.00249715 0)
(-0.0471887 -0.0024859 0)
(-0.0485185 -0.00244449 0)
(-0.0497879 -0.00235885 0)
(-0.0509739 -0.0022076 0)
(-0.0520693 -0.00198667 0)
(-0.0530726 -0.00173813 0)
(-0.0538101 -0.00157899 0)
(1.02356 -0.0370321 0)
(1.0185 -0.0376518 0)
(1.01208 -0.0382718 0)
(1.0043 -0.0388797 0)
(0.995168 -0.0394323 0)
(0.984752 -0.0398795 0)
(0.97312 -0.0401737 0)
(0.960389 -0.0402804 0)
(0.94665 -0.0401748 0)
(0.932011 -0.0398468 0)
(0.916575 -0.0392988 0)
(0.900438 -0.0385426 0)
(0.883684 -0.0375936 0)
(0.866394 -0.0364704 0)
(0.848641 -0.0351933 0)
(0.830499 -0.0337872 0)
(0.812032 -0.0322817 0)
(0.793303 -0.0307123 0)
(0.774359 -0.029117 0)
(0.755243 -0.0275357 0)
(0.73597 -0.026005 0)
(0.716554 -0.0245602 0)
(0.697 -0.0232335 0)
(0.677305 -0.0220506 0)
(0.657459 -0.0210296 0)
(0.637437 -0.0201794 0)
(0.617205 -0.0194998 0)
(0.596718 -0.0189827 0)
(0.575925 -0.0186133 0)
(0.55477 -0.0183717 0)
(0.533191 -0.018234 0)
(0.511132 -0.0181742 0)
(0.488531 -0.0181635 0)
(0.465337 -0.0181725 0)
(0.4415 -0.0181699 0)
(0.416987 -0.0181253 0)
(0.391775 -0.0180079 0)
(0.365859 -0.0177894 0)
(0.339272 -0.0174456 0)
(0.312055 -0.0169555 0)
(0.284351 -0.016314 0)
(0.256258 -0.0155119 0)
(0.228241 -0.0145851 0)
(0.200575 -0.0135073 0)
(0.173698 -0.0122438 0)
(0.148169 -0.0108039 0)
(0.124462 -0.0092215 0)
(0.103073 -0.00743564 0)
(0.0842595 -0.00561849 0)
(0.0678506 -0.00383427 0)
(0.0535763 -0.00221104 0)
(0.0411536 -0.00108313 0)
(0.0303662 -0.000804092 0)
(0.0208634 -0.00156214 0)
(0.012358 -0.00297572 0)
(0.0049877 -0.00409743 0)
(-0.00121603 -0.00394562 0)
(-0.00617541 -0.00258685 0)
(-0.00993286 -0.000909017 0)
(-0.0129543 0.000108123 0)
(-0.0156734 0.000182946 0)
(-0.0183814 -0.000168129 0)
(-0.0210397 -0.000403575 0)
(-0.0233038 -0.00032946 0)
(-0.0249942 -0.000107748 0)
(-0.0262084 1.05027e-05 0)
(-0.0272069 -5.71521e-05 0)
(-0.0282093 -0.000261429 0)
(-0.0292964 -0.000456648 0)
(-0.0304341 -0.000556568 0)
(-0.0315568 -0.000570663 0)
(-0.0326273 -0.00055117 0)
(-0.0336487 -0.00054583 0)
(-0.0346495 -0.000573784 0)
(-0.0356625 -0.000629083 0)
(-0.0367105 -0.000698515 0)
(-0.0378008 -0.000769653 0)
(-0.0389301 -0.000834721 0)
(-0.0400905 -0.000891165 0)
(-0.0412743 -0.000939555 0)
(-0.0424748 -0.000980568 0)
(-0.0436862 -0.00101502 0)
(-0.0449024 -0.00104236 0)
(-0.0461158 -0.00106101 0)
(-0.0473142 -0.00106656 0)
(-0.0484756 -0.00105276 0)
(-0.0495696 -0.00101371 0)
(-0.0505847 -0.000954736 0)
(-0.0515293 -0.000891772 0)
(-0.0522285 -0.000844884 0)
(0.714334 -0.0207421 0)
(0.685204 -0.0203416 0)
(0.655923 -0.0199578 0)
(0.626511 -0.0195856 0)
(0.59701 -0.0192009 0)
(0.567508 -0.0187737 0)
(0.538107 -0.0182735 0)
(0.508989 -0.0176803 0)
(0.480307 -0.0169697 0)
(0.45223 -0.0161268 0)
(0.424923 -0.0151512 0)
(0.398542 -0.0140548 0)
(0.373224 -0.012858 0)
(0.349091 -0.011586 0)
(0.326242 -0.0102675 0)
(0.304753 -0.00893427 0)
(0.284671 -0.00762078 0)
(0.266014 -0.00636247 0)
(0.248761 -0.00519372 0)
(0.232859 -0.00414374 0)
(0.218221 -0.00323454 0)
(0.204743 -0.00247133 0)
(0.192306 -0.0018463 0)
(0.180784 -0.00134594 0)
(0.170044 -0.000955216 0)
(0.159953 -0.000658498 0)
(0.150382 -0.000439264 0)
(0.141213 -0.000279865 0)
(0.132345 -0.000161978 0)
(0.123692 -6.70785e-05 0)
(0.115189 2.27679e-05 0)
(0.106792 0.000124473 0)
(0.0984793 0.000253081 0)
(0.0902481 0.000421154 0)
(0.0821169 0.000637582 0)
(0.074122 0.000906322 0)
(0.0663148 0.00122477 0)
(0.0587568 0.0015812 0)
(0.0515139 0.00195312 0)
(0.0446458 0.00230247 0)
(0.038199 0.00257644 0)
(0.0321811 0.00269957 0)
(0.0265657 0.00258684 0)
(0.0212467 0.00213498 0)
(0.0161211 0.00131291 0)
(0.0111114 0.000216129 0)
(0.00616258 -0.00091542 0)
(0.00123808 -0.00177569 0)
(-0.00336062 -0.00227045 0)
(-0.00717658 -0.0021921 0)
(-0.00988349 -0.00156094 0)
(-0.0113694 -0.000608037 0)
(-0.0119014 0.000335909 0)
(-0.0121116 0.000949093 0)
(-0.0126542 0.001136 0)
(-0.0138037 0.00111742 0)
(-0.0151902 0.00103809 0)
(-0.0161833 0.00100491 0)
(-0.0164555 0.000916749 0)
(-0.0161608 0.000669572 0)
(-0.0157901 0.000333165 0)
(-0.0157389 -1.58893e-05 0)
(-0.0160056 -0.000189836 0)
(-0.016333 -0.000159471 0)
(-0.0165013 -1.60481e-05 0)
(-0.0164899 0.000116435 0)
(-0.0164186 0.000169736 0)
(-0.0164113 0.000151396 0)
(-0.0165223 0.000101684 0)
(-0.0167279 5.37176e-05 0)
(-0.0169774 2.16313e-05 0)
(-0.0172355 4.08488e-06 0)
(-0.0174942 -6.34936e-06 0)
(-0.0177643 -1.69238e-05 0)
(-0.0180622 -3.14573e-05 0)
(-0.0183993 -4.95514e-05 0)
(-0.0187802 -6.88653e-05 0)
(-0.0192032 -8.73256e-05 0)
(-0.0196637 -0.000104001 0)
(-0.0201567 -0.000118861 0)
(-0.020678 -0.000132182 0)
(-0.0212236 -0.000144441 0)
(-0.0217901 -0.000155955 0)
(-0.0223738 -0.000166866 0)
(-0.0229691 -0.000176584 0)
(-0.0235659 -0.000184164 0)
(-0.0241499 -0.00019066 0)
(-0.0247211 -0.000202491 0)
(-0.0253171 -0.00022206 0)
(-0.0258745 -0.000234066 0)
)
;

boundaryField
{
    fixedWalls
    {
        type            noSlip;
    }
    inflowWall
    {
        type            fixedValue;
        value           uniform (1 0 0);
    }
    outflowWall
    {
        type            zeroGradient;
    }
    frontAndBack
    {
        type            empty;
    }
}


// ************************************************************************* //
