/*--------------------------------*- C++ -*----------------------------------*\
| =========                 |                                                 |
| \\      /  F ield         | OpenFOAM: The Open Source CFD Toolbox           |
|  \\    /   O peration     | Version:  2306                                  |
|   \\  /    A nd           | Website:  www.openfoam.com                      |
|    \\/     M anipulation  |                                                 |
\*---------------------------------------------------------------------------*/
FoamFile
{
    version     2.0;
    format      ascii;
    arch        "LSB;label=32;scalar=64";
    class       volVectorField;
    location    "4.7";
    object      U;
}
// * * * * * * * * * * * * * * * * * * * * * * * * * * * * * * * * * * * * * //

dimensions      [0 1 -1 0 0 0 0];

internalField   nonuniform List<vector> 
1900
(
(0.98428 0.0072878 0)
(0.961754 0.0216861 0)
(0.952336 0.0181729 0)
(0.918698 0.025305 0)
(0.903428 0.0154363 0)
(0.863068 0.0257496 0)
(0.852282 0.0115912 0)
(0.811967 0.0267255 0)
(0.809683 0.00454888 0)
(0.770491 0.0259665 0)
(1.00256 0.0115589 0)
(1.00446 0.025861 0)
(1.01944 0.0289628 0)
(1.02197 0.030454 0)
(1.03488 0.0280015 0)
(1.03397 0.028414 0)
(1.04406 0.0257768 0)
(1.04279 0.0250818 0)
(1.0512 0.0206487 0)
(1.05228 0.0161754 0)
(1.00048 0.00388614 0)
(1.00419 0.0111543 0)
(1.01255 0.013997 0)
(1.02113 0.0157848 0)
(1.03154 0.0147083 0)
(1.04054 0.0144141 0)
(1.04998 0.0123674 0)
(1.05839 0.0109183 0)
(1.06687 0.00729212 0)
(1.07471 0.00312666 0)
(1.00007 0.00207683 0)
(1.00313 0.00584206 0)
(1.00888 0.00805319 0)
(1.01649 0.00903207 0)
(1.02527 0.008551 0)
(1.03431 0.00744896 0)
(1.04324 0.00566577 0)
(1.0518 0.00349897 0)
(1.05998 0.000667073 0)
(1.06765 -0.00285613 0)
(1.00003 0.000424318 0)
(1.00261 0.00117142 0)
(1.00738 0.00143329 0)
(1.01402 0.00115119 0)
(1.02191 0.000250791 0)
(1.03035 -0.0011158 0)
(1.03879 -0.00291326 0)
(1.04691 -0.00511936 0)
(1.05459 -0.00778109 0)
(1.06173 -0.0109602 0)
(1.00003 -0.0010607 0)
(1.00255 -0.0030272 0)
(1.0072 -0.00474947 0)
(1.01366 -0.00618836 0)
(1.02133 -0.00748943 0)
(1.02948 -0.00885359 0)
(1.03758 -0.0104668 0)
(1.04532 -0.0124397 0)
(1.05259 -0.0148127 0)
(1.05936 -0.0175566 0)
(1.00003 -0.0027104 0)
(1.00303 -0.00743162 0)
(1.00836 -0.0110575 0)
(1.01546 -0.0134937 0)
(1.02347 -0.0151177 0)
(1.03163 -0.0164789 0)
(1.0395 -0.0179824 0)
(1.04689 -0.0198062 0)
(1.05381 -0.0219432 0)
(1.06029 -0.024304 0)
(1.00004 -0.00476881 0)
(1.00441 -0.0122317 0)
(1.01137 -0.0169143 0)
(1.0198 -0.0193437 0)
(1.02839 -0.0206685 0)
(1.0364 -0.0218373 0)
(1.0436 -0.0232986 0)
(1.05007 -0.0250794 0)
(1.05594 -0.0270385 0)
(1.06125 -0.0290425 0)
(1.00006 -0.0121183 0)
(1.00722 -0.0259503 0)
(1.01558 -0.0314265 0)
(1.02287 -0.0325736 0)
(1.02794 -0.0326554 0)
(1.03073 -0.0330281 0)
(1.03174 -0.0338039 0)
(1.03144 -0.0347198 0)
(1.03003 -0.0355601 0)
(1.02753 -0.0362655 0)
(0.980777 -0.00916337 0)
(0.964586 -0.018821 0)
(0.94546 -0.0220452 0)
(0.920794 -0.0221838 0)
(0.892007 -0.0217368 0)
(0.861698 -0.0215745 0)
(0.831464 -0.0216051 0)
(0.801784 -0.0215931 0)
(0.772589 -0.0214146 0)
(0.743637 -0.021085 0)
(0.000207316 -0.00010956 0)
(0.000346555 -2.05266e-05 0)
(8.6404e-05 2.70998e-05 0)
(-0.000395761 5.6406e-05 0)
(-0.00104077 7.4368e-05 0)
(-0.00180646 9.16645e-05 0)
(-0.00267925 0.000111834 0)
(-0.00365408 0.000133848 0)
(-0.00472571 0.000156512 0)
(-0.00588789 0.000179143 0)
(-0.00713368 0.000201335 0)
(-0.00845572 0.000222798 0)
(-0.00984655 0.000243294 0)
(-0.0112988 0.000262621 0)
(-0.0128055 0.000280627 0)
(-0.0143598 0.000297205 0)
(-0.0159555 0.000312297 0)
(-0.0175868 0.000325871 0)
(-0.0192485 0.000337899 0)
(-0.020936 0.00034839 0)
(-0.0226457 0.000357396 0)
(-0.0243751 0.000365007 0)
(-0.0261227 0.000371342 0)
(-0.0278886 0.000376527 0)
(-0.0296741 0.000380702 0)
(-0.031482 0.000384039 0)
(-0.0333168 0.000386716 0)
(-0.0351845 0.000388843 0)
(-0.0370927 0.000390398 0)
(-0.0390504 0.000391167 0)
(-0.0410674 0.000390654 0)
(-0.0431548 0.000388039 0)
(-0.0453244 0.000382393 0)
(-0.0475897 0.000373312 0)
(-0.0499685 0.000361753 0)
(-0.0524844 0.000350743 0)
(-0.0551705 0.000346346 0)
(-0.058072 0.00035898 0)
(-0.0612507 0.000404452 0)
(-0.0647875 0.000504827 0)
(-0.0687848 0.000688019 0)
(-0.0733634 0.000984695 0)
(-0.0786551 0.00142158 0)
(-0.0847854 0.00201259 0)
(-0.0918502 0.00274937 0)
(-0.0998871 0.00359475 0)
(-0.10885 0.00448433 0)
(-0.118593 0.00533513 0)
(-0.12887 0.00605333 0)
(-0.139335 0.00655015 0)
(-0.149579 0.00676312 0)
(-0.159161 0.00666976 0)
(-0.167651 0.0062919 0)
(-0.174655 0.0056972 0)
(-0.179841 0.00496373 0)
(-0.182926 0.00409084 0)
(-0.183712 0.00305497 0)
(-0.182122 0.00185814 0)
(-0.178157 0.000600142 0)
(-0.171806 -0.000671279 0)
(-0.163154 -0.00191505 0)
(-0.152358 -0.00308268 0)
(-0.139572 -0.00416414 0)
(-0.125039 -0.0051175 0)
(-0.108978 -0.00592467 0)
(-0.0916348 -0.00659354 0)
(-0.0733188 -0.0071004 0)
(-0.0542 -0.00743737 0)
(-0.0347687 -0.00761301 0)
(-0.0149403 -0.00768384 0)
(0.00459329 -0.00761216 0)
(0.024239 -0.00745847 0)
(0.0430194 -0.00717409 0)
(0.0617318 -0.00684959 0)
(0.0790938 -0.00641401 0)
(0.0963405 -0.00598581 0)
(0.11183 -0.00546724 0)
(0.127319 -0.00500333 0)
(0.140702 -0.00446684 0)
(0.154373 -0.00403526 0)
(0.165595 -0.00354179 0)
(0.177606 -0.00319603 0)
(0.186752 -0.00278632 0)
(0.197482 -0.00256479 0)
(0.204702 -0.00226978 0)
(0.214765 -0.00220446 0)
(0.220128 -0.00202785 0)
(0.230595 -0.00215133 0)
(0.233778 -0.00207329 0)
(0.246544 -0.0026226 0)
(6.28105e-05 -0.000519337 0)
(-0.000521827 0.000139671 0)
(-0.00201421 0.000710887 0)
(-0.00392365 0.00111513 0)
(-0.00621824 0.0013941 0)
(-0.00882443 0.00161558 0)
(-0.0117047 0.00181578 0)
(-0.0148308 0.00200281 0)
(-0.0181738 0.0021768 0)
(-0.021706 0.00233694 0)
(-0.0254014 0.00248248 0)
(-0.0292351 0.00261323 0)
(-0.0331836 0.00272946 0)
(-0.0372255 0.00283176 0)
(-0.0413416 0.00292095 0)
(-0.0455148 0.00299796 0)
(-0.0497308 0.00306386 0)
(-0.0539776 0.00311974 0)
(-0.058246 0.00316682 0)
(-0.0625295 0.00320672 0)
(-0.0668245 0.00324152 0)
(-0.071131 0.00327354 0)
(-0.075452 0.00330531 0)
(-0.0797937 0.0033395 0)
(-0.0841659 0.00337897 0)
(-0.0885811 0.00342683 0)
(-0.0930557 0.00348639 0)
(-0.0976087 0.00356091 0)
(-0.102262 0.00365347 0)
(-0.107041 0.00376702 0)
(-0.11197 0.00390428 0)
(-0.117079 0.00406805 0)
(-0.122396 0.00426207 0)
(-0.12795 0.00449254 0)
(-0.133771 0.00476917 0)
(-0.139892 0.0051048 0)
(-0.14634 0.00551528 0)
(-0.153143 0.00602007 0)
(-0.160318 0.00664016 0)
(-0.167868 0.00739536 0)
(-0.175779 0.00829907 0)
(-0.18401 0.00935027 0)
(-0.192486 0.0105241 0)
(-0.20109 0.0117665 0)
(-0.209659 0.0129903 0)
(-0.217979 0.0140794 0)
(-0.225798 0.0149047 0)
(-0.232837 0.015347 0)
(-0.238804 0.0152995 0)
(-0.243395 0.0146833 0)
(-0.246312 0.0134702 0)
(-0.247278 0.0116808 0)
(-0.246036 0.00934201 0)
(-0.242407 0.00650162 0)
(-0.236372 0.00325773 0)
(-0.227862 -0.000251706 0)
(-0.216886 -0.00393683 0)
(-0.203427 -0.00768489 0)
(-0.187524 -0.0113993 0)
(-0.169352 -0.0149738 0)
(-0.148972 -0.0183541 0)
(-0.12672 -0.0213881 0)
(-0.102652 -0.0241143 0)
(-0.0771472 -0.0264637 0)
(-0.0504257 -0.0284451 0)
(-0.0226536 -0.030046 0)
(0.0056127 -0.0312211 0)
(0.034788 -0.0320103 0)
(0.0635006 -0.0323902 0)
(0.0929955 -0.0324492 0)
(0.121085 -0.0321256 0)
(0.150128 -0.0315744 0)
(0.176815 -0.0306771 0)
(0.204754 -0.0296594 0)
(0.229388 -0.0283459 0)
(0.255793 -0.0270297 0)
(0.2779 -0.0254698 0)
(0.302595 -0.024025 0)
(0.321868 -0.0223786 0)
(0.344924 -0.0209618 0)
(0.361181 -0.0193687 0)
(0.382922 -0.018116 0)
(0.396069 -0.016689 0)
(0.417053 -0.0157154 0)
(0.427031 -0.0145426 0)
(0.448048 -0.0139508 0)
(0.454795 -0.0130976 0)
(0.476877 -0.012998 0)
(0.480272 -0.0125259 0)
(0.504534 -0.0131179 0)
(-0.000159172 0.000422715 0)
(-0.00194313 0.0022856 0)
(-0.0054201 0.00350449 0)
(-0.00937346 0.00432217 0)
(-0.013768 0.00496097 0)
(-0.018502 0.00552666 0)
(-0.0235336 0.00604459 0)
(-0.0288239 0.00651503 0)
(-0.03432 0.0069338 0)
(-0.0399708 0.0072996 0)
(-0.04573 0.00761264 0)
(-0.0515563 0.00787509 0)
(-0.0574138 0.00809063 0)
(-0.0632726 0.00826365 0)
(-0.0691081 0.00839896 0)
(-0.0749009 0.00850159 0)
(-0.0806362 0.00857674 0)
(-0.0863035 0.00862986 0)
(-0.0918955 0.00866686 0)
(-0.0974085 0.00869369 0)
(-0.102842 0.0087165 0)
(-0.108199 0.00874161 0)
(-0.113486 0.00877539 0)
(-0.118708 0.00882412 0)
(-0.123876 0.00889398 0)
(-0.128997 0.00899123 0)
(-0.134084 0.00912202 0)
(-0.139145 0.00929192 0)
(-0.144188 0.0095054 0)
(-0.149222 0.00976597 0)
(-0.154248 0.0100759 0)
(-0.159266 0.0104361 0)
(-0.16427 0.0108468 0)
(-0.169246 0.0113081 0)
(-0.174174 0.0118215 0)
(-0.179029 0.0123885 0)
(-0.183774 0.0130092 0)
(-0.18836 0.0136826 0)
(-0.192726 0.014404 0)
(-0.196791 0.0151632 0)
(-0.20046 0.0159415 0)
(-0.203619 0.0167099 0)
(-0.206135 0.0174215 0)
(-0.207858 0.0180017 0)
(-0.208624 0.0183508 0)
(-0.208258 0.0183494 0)
(-0.206569 0.0178645 0)
(-0.203404 0.0168048 0)
(-0.198621 0.0150922 0)
(-0.192084 0.0126416 0)
(-0.183682 0.00943393 0)
(-0.173405 0.0055133 0)
(-0.1612 0.000941354 0)
(-0.147083 -0.00418966 0)
(-0.131021 -0.00983639 0)
(-0.11303 -0.0157591 0)
(-0.0930821 -0.021834 0)
(-0.0715164 -0.0278116 0)
(-0.0481637 -0.0336408 0)
(-0.0235122 -0.0391597 0)
(0.00274049 -0.0442975 0)
(0.0300685 -0.0488806 0)
(0.0585599 -0.0529452 0)
(0.0877943 -0.0563406 0)
(0.117464 -0.0591469 0)
(0.147866 -0.0612874 0)
(0.177846 -0.0627916 0)
(0.208673 -0.0636449 0)
(0.238076 -0.0639142 0)
(0.268625 -0.0636374 0)
(0.296654 -0.0628136 0)
(0.326308 -0.0615759 0)
(0.352321 -0.0598729 0)
(0.380653 -0.0579156 0)
(0.404165 -0.0555922 0)
(0.43095 -0.0531856 0)
(0.451639 -0.0505101 0)
(0.476864 -0.047919 0)
(0.494544 -0.0451396 0)
(0.518394 -0.0426009 0)
(0.532992 -0.0399292 0)
(0.55583 -0.0376462 0)
(0.567347 -0.0352569 0)
(0.589688 -0.0334017 0)
(0.59817 -0.031436 0)
(0.62066 -0.0301594 0)
(0.626182 -0.0287421 0)
(0.64957 -0.0282015 0)
(0.652194 -0.0274568 0)
(0.677275 -0.0278055 0)
(-0.000919866 0.00120835 0)
(-0.00479146 0.00508843 0)
(-0.0107035 0.0075664 0)
(-0.016766 0.00923216 0)
(-0.023158 0.0104726 0)
(-0.0298297 0.0114591 0)
(-0.0366964 0.0122644 0)
(-0.0436614 0.0129261 0)
(-0.0506347 0.0134589 0)
(-0.0575451 0.013875 0)
(-0.0643382 0.0141872 0)
(-0.0709705 0.0144075 0)
(-0.0774101 0.0145477 0)
(-0.0836345 0.0146193 0)
(-0.0896289 0.0146336 0)
(-0.0953839 0.0146012 0)
(-0.100895 0.0145321 0)
(-0.10616 0.0144355 0)
(-0.11118 0.0143207 0)
(-0.115958 0.0141964 0)
(-0.120498 0.0140708 0)
(-0.124805 0.0139519 0)
(-0.128881 0.0138468 0)
(-0.132731 0.0137616 0)
(-0.136357 0.0137018 0)
(-0.139757 0.0136719 0)
(-0.142929 0.0136758 0)
(-0.145868 0.0137164 0)
(-0.148564 0.0137937 0)
(-0.151005 0.0139062 0)
(-0.153173 0.0140503 0)
(-0.155045 0.0142202 0)
(-0.15659 0.0144081 0)
(-0.157771 0.0146055 0)
(-0.158545 0.014806 0)
(-0.158863 0.0150066 0)
(-0.158665 0.0151968 0)
(-0.157887 0.0153665 0)
(-0.156449 0.0155011 0)
(-0.154263 0.0155792 0)
(-0.151224 0.015571 0)
(-0.147222 0.0154406 0)
(-0.142152 0.0151437 0)
(-0.135901 0.0145991 0)
(-0.128365 0.0137066 0)
(-0.119462 0.0123732 0)
(-0.109052 0.0104055 0)
(-0.0970907 0.00777306 0)
(-0.0836329 0.00437717 0)
(-0.0686246 0.000239636 0)
(-0.0520357 -0.0046819 0)
(-0.0340213 -0.0103409 0)
(-0.0143867 -0.0166788 0)
(0.00658468 -0.0235023 0)
(0.02908 -0.0306509 0)
(0.0526412 -0.0379189 0)
(0.0777637 -0.0452702 0)
(0.103678 -0.0524709 0)
(0.131018 -0.059472 0)
(0.158913 -0.0660411 0)
(0.187969 -0.0721341 0)
(0.217328 -0.0774917 0)
(0.247425 -0.0822478 0)
(0.277708 -0.0861333 0)
(0.308066 -0.0892886 0)
(0.338587 -0.0915085 0)
(0.368399 -0.0929579 0)
(0.398508 -0.0935171 0)
(0.427014 -0.09335 0)
(0.456135 -0.0924187 0)
(0.482695 -0.090856 0)
(0.510392 -0.088701 0)
(0.534517 -0.0860455 0)
(0.560527 -0.0830023 0)
(0.58189 -0.079603 0)
(0.606134 -0.0760322 0)
(0.624562 -0.0722415 0)
(0.647133 -0.0684891 0)
(0.662582 -0.0646278 0)
(0.683726 -0.0609999 0)
(0.696247 -0.0573404 0)
(0.716334 -0.0540943 0)
(0.726037 -0.0508578 0)
(0.745538 -0.0482055 0)
(0.752567 -0.0455687 0)
(0.772029 -0.0436892 0)
(0.776534 -0.0418011 0)
(0.796566 -0.040859 0)
(0.798683 -0.0398548 0)
(0.819935 -0.0400039 0)
(-0.00127679 0.00691143 0)
(-0.00686587 0.013755 0)
(-0.0154931 0.0163859 0)
(-0.0239944 0.0175535 0)
(-0.0325118 0.0183976 0)
(-0.0407989 0.0191906 0)
(-0.0487264 0.0198831 0)
(-0.0562529 0.0203984 0)
(-0.0633477 0.0207176 0)
(-0.0699778 0.020867 0)
(-0.0761245 0.0208752 0)
(-0.0817812 0.0207672 0)
(-0.0869507 0.0205652 0)
(-0.0916423 0.0202887 0)
(-0.0958695 0.0199546 0)
(-0.0996484 0.0195774 0)
(-0.102996 0.0191696 0)
(-0.105929 0.0187411 0)
(-0.108462 0.0183006 0)
(-0.110608 0.0178568 0)
(-0.11238 0.0174175 0)
(-0.113787 0.0169891 0)
(-0.114835 0.0165771 0)
(-0.115529 0.0161851 0)
(-0.115866 0.0158152 0)
(-0.115842 0.015468 0)
(-0.115448 0.0151442 0)
(-0.114674 0.0148435 0)
(-0.113501 0.0145609 0)
(-0.11191 0.0142899 0)
(-0.109875 0.0140214 0)
(-0.107367 0.0137441 0)
(-0.104351 0.0134445 0)
(-0.100782 0.0131078 0)
(-0.0966061 0.012723 0)
(-0.09179 0.0122955 0)
(-0.0862598 0.0117988 0)
(-0.0799617 0.0112139 0)
(-0.0728213 0.0105194 0)
(-0.0647612 0.00969006 0)
(-0.0556845 0.00868894 0)
(-0.0454843 0.00746131 0)
(-0.0341277 0.00594101 0)
(-0.0215273 0.00407217 0)
(-0.00755682 0.00178554 0)
(0.00770775 -0.00101486 0)
(0.0243403 -0.00442282 0)
(0.0423423 -0.00848759 0)
(0.0617248 -0.0133176 0)
(0.0823784 -0.0188958 0)
(0.104498 -0.0252158 0)
(0.127605 -0.0321618 0)
(0.152114 -0.0396615 0)
(0.177351 -0.0475858 0)
(0.203984 -0.0558402 0)
(0.231015 -0.0641596 0)
(0.259369 -0.0725167 0)
(0.287846 -0.0805947 0)
(0.317488 -0.0883997 0)
(0.346959 -0.0955896 0)
(0.37732 -0.102217 0)
(0.407217 -0.107947 0)
(0.437608 -0.11291 0)
(0.467302 -0.116808 0)
(0.496993 -0.119823 0)
(0.525844 -0.12171 0)
(0.554125 -0.1227 0)
(0.581587 -0.122613 0)
(0.607865 -0.121705 0)
(0.633538 -0.119858 0)
(0.65738 -0.117335 0)
(0.68104 -0.114072 0)
(0.70218 -0.110317 0)
(0.723771 -0.106059 0)
(0.742093 -0.101505 0)
(0.76171 -0.0966934 0)
(0.777223 -0.0917665 0)
(0.795086 -0.0868137 0)
(0.807892 -0.0818951 0)
(0.824315 -0.077159 0)
(0.834567 -0.0725662 0)
(0.84993 -0.0683406 0)
(0.857807 -0.0643271 0)
(0.872537 -0.0608472 0)
(0.878218 -0.0576116 0)
(0.892775 -0.0550681 0)
(0.896419 -0.0527696 0)
(0.911289 -0.0513256 0)
(0.913016 -0.0501034 0)
(0.928703 -0.0499181 0)
(-0.00367559 0.00679227 0)
(-0.0134982 0.0172275 0)
(-0.0245592 0.0219571 0)
(-0.0336912 0.0246337 0)
(-0.041976 0.0262422 0)
(-0.0496088 0.0271028 0)
(-0.0565478 0.0273929 0)
(-0.0626662 0.0272985 0)
(-0.0678712 0.0269567 0)
(-0.0721648 0.0264396 0)
(-0.0756035 0.0257938 0)
(-0.0782471 0.0250522 0)
(-0.0801558 0.0242431 0)
(-0.0813874 0.0233893 0)
(-0.0819953 0.0225085 0)
(-0.0820283 0.0216144 0)
(-0.0815303 0.020718 0)
(-0.0805385 0.0198257 0)
(-0.0790836 0.0189422 0)
(-0.0771922 0.0180727 0)
(-0.074885 0.0172213 0)
(-0.0721778 0.0163904 0)
(-0.0690813 0.0155805 0)
(-0.0656011 0.0147909 0)
(-0.0617354 0.014018 0)
(-0.0574758 0.0132577 0)
(-0.0528096 0.0125075 0)
(-0.047727 0.0117682 0)
(-0.0422021 0.011029 0)
(-0.0362105 0.010279 0)
(-0.029723 0.00950606 0)
(-0.0227072 0.00869639 0)
(-0.0151254 0.00783321 0)
(-0.00693186 0.00689672 0)
(0.00197478 0.00585458 0)
(0.0115377 0.00467709 0)
(0.0218721 0.00336105 0)
(0.0330242 0.00189676 0)
(0.0450619 0.000254852 0)
(0.0580453 -0.00159866 0)
(0.0720458 -0.00370003 0)
(0.0871259 -0.00608831 0)
(0.103338 -0.00882396 0)
(0.120711 -0.0119781 0)
(0.139393 -0.0155908 0)
(0.159279 -0.0197898 0)
(0.180528 -0.0245813 0)
(0.202864 -0.0300111 0)
(0.226585 -0.0360995 0)
(0.251192 -0.0428365 0)
(0.277156 -0.0502431 0)
(0.303715 -0.0581909 0)
(0.331529 -0.0666471 0)
(0.359595 -0.0753975 0)
(0.388793 -0.0843925 0)
(0.417871 -0.0933433 0)
(0.447899 -0.102211 0)
(0.477412 -0.11067 0)
(0.507648 -0.118711 0)
(0.536959 -0.125992 0)
(0.566709 -0.132557 0)
(0.595133 -0.138073 0)
(0.623677 -0.142659 0)
(0.650564 -0.146018 0)
(0.677254 -0.14835 0)
(0.702078 -0.149403 0)
(0.726419 -0.149453 0)
(0.748853 -0.148295 0)
(0.770547 -0.146257 0)
(0.790468 -0.143176 0)
(0.809404 -0.139418 0)
(0.826871 -0.134846 0)
(0.843087 -0.129839 0)
(0.858296 -0.124279 0)
(0.871939 -0.118529 0)
(0.885177 -0.112484 0)
(0.896455 -0.106473 0)
(0.908061 -0.100397 0)
(0.917209 -0.0945385 0)
(0.927545 -0.0888131 0)
(0.93479 -0.0834438 0)
(0.944219 -0.0783712 0)
(0.949767 -0.0737508 0)
(0.958644 -0.0695644 0)
(0.962667 -0.0658901 0)
(0.971339 -0.0627706 0)
(0.973961 -0.0601946 0)
(0.982766 -0.0582903 0)
(0.984053 -0.05694 0)
(0.993318 -0.0563888 0)
(-0.00179884 0.0287852 0)
(-0.00959283 0.0405245 0)
(-0.0241136 0.0404659 0)
(-0.0355362 0.0380516 0)
(-0.044589 0.0362084 0)
(-0.0510253 0.0347237 0)
(-0.0551468 0.0332486 0)
(-0.0573518 0.0317087 0)
(-0.0580022 0.0301165 0)
(-0.0573761 0.0284965 0)
(-0.055663 0.0268717 0)
(-0.0530102 0.0252555 0)
(-0.0495437 0.0236655 0)
(-0.0453697 0.0221134 0)
(-0.0405778 0.0206052 0)
(-0.0352433 0.0191441 0)
(-0.0294324 0.0177314 0)
(-0.0231949 0.0163615 0)
(-0.0165671 0.0150282 0)
(-0.00958558 0.0137344 0)
(-0.00227449 0.0124797 0)
(0.00534985 0.0112615 0)
(0.0132775 0.0100761 0)
(0.0215037 0.00891889 0)
(0.0300381 0.00777849 0)
(0.0388989 0.00664224 0)
(0.0481162 0.00549256 0)
(0.0576765 0.00431272 0)
(0.0676274 0.00309878 0)
(0.0780014 0.00184348 0)
(0.0888356 0.000531638 0)
(0.100167 -0.000856584 0)
(0.112048 -0.00234187 0)
(0.124497 -0.00394847 0)
(0.137611 -0.00569269 0)
(0.151355 -0.00760719 0)
(0.165844 -0.00972171 0)
(0.181127 -0.012058 0)
(0.197266 -0.0146401 0)
(0.214281 -0.0175017 0)
(0.232265 -0.0206773 0)
(0.251203 -0.024208 0)
(0.271226 -0.0281252 0)
(0.292238 -0.0324727 0)
(0.314426 -0.0373045 0)
(0.337571 -0.0426706 0)
(0.361918 -0.0486134 0)
(0.387074 -0.055138 0)
(0.413371 -0.0622673 0)
(0.440229 -0.0699524 0)
(0.468095 -0.0781832 0)
(0.496179 -0.0868287 0)
(0.525067 -0.0958312 0)
(0.553742 -0.104981 0)
(0.582966 -0.114202 0)
(0.611498 -0.12323 0)
(0.640299 -0.131991 0)
(0.667906 -0.140188 0)
(0.695512 -0.147784 0)
(0.721438 -0.154471 0)
(0.747124 -0.160276 0)
(0.770711 -0.164903 0)
(0.793888 -0.16846 0)
(0.814657 -0.170684 0)
(0.834941 -0.171778 0)
(0.852665 -0.171518 0)
(0.869936 -0.170202 0)
(0.884653 -0.16764 0)
(0.899025 -0.164205 0)
(0.910982 -0.159725 0)
(0.922727 -0.154629 0)
(0.932296 -0.148746 0)
(0.941771 -0.142533 0)
(0.949379 -0.135804 0)
(0.956959 -0.129021 0)
(0.963027 -0.121972 0)
(0.969057 -0.115111 0)
(0.973969 -0.108196 0)
(0.978744 -0.101667 0)
(0.982829 -0.0952514 0)
(0.986577 -0.0893736 0)
(0.99011 -0.0837389 0)
(0.993002 -0.0787533 0)
(0.996209 -0.074108 0)
(0.998358 -0.0701922 0)
(1.00143 -0.0666926 0)
(1.00289 -0.0639805 0)
(1.00599 -0.0617497 0)
(1.00677 -0.0603489 0)
(1.01002 -0.0594913 0)
(-0.0196183 0.00825099 0)
(-0.0378869 0.0319045 0)
(-0.0411169 0.0392313 0)
(-0.0432443 0.040021 0)
(-0.0421553 0.0383602 0)
(-0.0387187 0.0356024 0)
(-0.0333911 0.0325358 0)
(-0.0265146 0.0294906 0)
(-0.0183434 0.0265687 0)
(-0.00916511 0.0238353 0)
(0.000837497 0.02127 0)
(0.0115026 0.0188463 0)
(0.0226735 0.0165619 0)
(0.0342387 0.014411 0)
(0.0461106 0.0123846 0)
(0.0582227 0.0104734 0)
(0.0705031 0.00867144 0)
(0.0829202 0.00697587 0)
(0.0954767 0.00537436 0)
(0.108131 0.00384169 0)
(0.120872 0.00235598 0)
(0.133697 0.000902578 0)
(0.146615 -0.000529271 0)
(0.159619 -0.00195083 0)
(0.172745 -0.00337109 0)
(0.186013 -0.00480287 0)
(0.199461 -0.0062624 0)
(0.213102 -0.00777225 0)
(0.226994 -0.00935187 0)
(0.241181 -0.0110185 0)
(0.255706 -0.0127896 0)
(0.270609 -0.0146864 0)
(0.285942 -0.0167309 0)
(0.301744 -0.0189465 0)
(0.318071 -0.0213572 0)
(0.334957 -0.0239769 0)
(0.352459 -0.026828 0)
(0.370608 -0.0299449 0)
(0.389466 -0.0333515 0)
(0.409033 -0.0370805 0)
(0.429383 -0.0411555 0)
(0.450476 -0.0456114 0)
(0.472402 -0.0504731 0)
(0.495056 -0.0557761 0)
(0.518543 -0.0615445 0)
(0.542667 -0.067804 0)
(0.567551 -0.0745648 0)
(0.592874 -0.0818184 0)
(0.61879 -0.0895449 0)
(0.644837 -0.0976881 0)
(0.671229 -0.106191 0)
(0.697347 -0.114938 0)
(0.723502 -0.123835 0)
(0.748887 -0.132711 0)
(0.773973 -0.141449 0)
(0.797762 -0.149832 0)
(0.82095 -0.157748 0)
(0.842337 -0.164955 0)
(0.862909 -0.171382 0)
(0.881254 -0.176786 0)
(0.898706 -0.181167 0)
(0.913631 -0.184302 0)
(0.927745 -0.186287 0)
(0.939178 -0.186926 0)
(0.950033 -0.18642 0)
(0.958195 -0.184597 0)
(0.966142 -0.181762 0)
(0.971496 -0.177756 0)
(0.97706 -0.172973 0)
(0.980186 -0.167247 0)
(0.983945 -0.161037 0)
(0.985433 -0.154147 0)
(0.987925 -0.147075 0)
(0.988291 -0.139576 0)
(0.989958 -0.132173 0)
(0.989609 -0.124562 0)
(0.990777 -0.11728 0)
(0.990002 -0.109965 0)
(0.990887 -0.103168 0)
(0.989875 -0.0964706 0)
(0.990607 -0.0904388 0)
(0.989472 -0.0845996 0)
(0.990118 -0.0795394 0)
(0.988919 -0.0747353 0)
(0.989496 -0.0707975 0)
(0.988253 -0.0671571 0)
(0.988739 -0.0644533 0)
(0.987441 -0.0620746 0)
(0.98777 -0.0606919 0)
(0.98638 -0.059652 0)
(-0.0189963 0.107955 0)
(-0.0182085 0.072762 0)
(-0.0113744 0.0580462 0)
(0.00110627 0.0461503 0)
(0.0174356 0.0363362 0)
(0.0359227 0.0287959 0)
(0.0556214 0.0228762 0)
(0.075793 0.0180193 0)
(0.0962498 0.0138443 0)
(0.11647 0.0101686 0)
(0.136517 0.00692384 0)
(0.156359 0.00406307 0)
(0.175864 0.00151278 0)
(0.195016 -0.000795273 0)
(0.213806 -0.00290614 0)
(0.232239 -0.00485003 0)
(0.250312 -0.00665072 0)
(0.268034 -0.00833025 0)
(0.285435 -0.0099095 0)
(0.302512 -0.0114134 0)
(0.319287 -0.012869 0)
(0.335795 -0.014302 0)
(0.352072 -0.0157338 0)
(0.368147 -0.0171832 0)
(0.384075 -0.0186656 0)
(0.399902 -0.0201966 0)
(0.415669 -0.0217934 0)
(0.431424 -0.0234721 0)
(0.447215 -0.0252537 0)
(0.463099 -0.0271626 0)
(0.47912 -0.0292193 0)
(0.495332 -0.0314466 0)
(0.511774 -0.0338626 0)
(0.528494 -0.0364901 0)
(0.545525 -0.0393457 0)
(0.562908 -0.0424523 0)
(0.580668 -0.0458255 0)
(0.598834 -0.0494915 0)
(0.61742 -0.0534651 0)
(0.636437 -0.0577716 0)
(0.655887 -0.0624219 0)
(0.675748 -0.06744 0)
(0.69601 -0.0728329 0)
(0.716612 -0.0786217 0)
(0.737522 -0.0848067 0)
(0.758617 -0.0913995 0)
(0.77985 -0.098381 0)
(0.80102 -0.105735 0)
(0.822073 -0.11341 0)
(0.842722 -0.12135 0)
(0.862934 -0.129464 0)
(0.882326 -0.137654 0)
(0.900932 -0.145795 0)
(0.918264 -0.153749 0)
(0.9345 -0.161369 0)
(0.949043 -0.168491 0)
(0.962284 -0.174974 0)
(0.973499 -0.18065 0)
(0.983372 -0.18542 0)
(0.991014 -0.189132 0)
(0.99748 -0.191762 0)
(1.00165 -0.193184 0)
(1.00501 -0.193468 0)
(1.00613 -0.192515 0)
(1.00696 -0.1905 0)
(1.00567 -0.187329 0)
(1.0047 -0.183275 0)
(1.00171 -0.178231 0)
(0.999659 -0.172567 0)
(0.995638 -0.166132 0)
(0.993124 -0.159373 0)
(0.988597 -0.152067 0)
(0.986062 -0.144725 0)
(0.981378 -0.137037 0)
(0.979095 -0.129568 0)
(0.974446 -0.121916 0)
(0.972546 -0.114701 0)
(0.968003 -0.107425 0)
(0.966525 -0.100768 0)
(0.962081 -0.0941376 0)
(0.961013 -0.088275 0)
(0.956621 -0.0824957 0)
(0.955927 -0.0776073 0)
(0.951514 -0.0728336 0)
(0.95114 -0.0690512 0)
(0.946612 -0.0653949 0)
(0.946489 -0.0628132 0)
(0.941728 -0.0603552 0)
(0.941755 -0.0590425 0)
(0.93662 -0.0578428 0)
(0.0698923 0.00704491 0)
(0.0898354 0.00651896 0)
(0.153496 0.00605018 0)
(0.198396 0.00286298 0)
(0.237207 -0.00143837 0)
(0.272495 -0.00556041 0)
(0.305078 -0.00911812 0)
(0.334805 -0.0121296 0)
(0.362453 -0.0147065 0)
(0.388275 -0.0169274 0)
(0.412632 -0.0188721 0)
(0.435749 -0.0205947 0)
(0.457704 -0.0221336 0)
(0.478611 -0.0235223 0)
(0.498575 -0.0247861 0)
(0.517682 -0.0259458 0)
(0.536004 -0.0270208 0)
(0.553603 -0.0280333 0)
(0.570539 -0.0290086 0)
(0.586867 -0.0299669 0)
(0.602637 -0.0309282 0)
(0.61791 -0.0319135 0)
(0.632738 -0.0329438 0)
(0.647182 -0.0340382 0)
(0.661298 -0.0352163 0)
(0.675142 -0.0364972 0)
(0.688762 -0.0378977 0)
(0.702211 -0.0394352 0)
(0.715532 -0.0411266 0)
(0.728776 -0.0429909 0)
(0.741983 -0.0450446 0)
(0.755199 -0.047306 0)
(0.768449 -0.0497912 0)
(0.781772 -0.0525186 0)
(0.795178 -0.0555022 0)
(0.808695 -0.0587587 0)
(0.82232 -0.0622989 0)
(0.836065 -0.0661382 0)
(0.849911 -0.0702844 0)
(0.863854 -0.074751 0)
(0.87785 -0.079541 0)
(0.891873 -0.0846642 0)
(0.905854 -0.0901164 0)
(0.919739 -0.0959016 0)
(0.933427 -0.102005 0)
(0.946833 -0.108419 0)
(0.959829 -0.115108 0)
(0.972297 -0.12204 0)
(0.984092 -0.129151 0)
(0.995066 -0.13638 0)
(1.00508 -0.143625 0)
(1.01397 -0.150798 0)
(1.02163 -0.157765 0)
(1.0279 -0.164412 0)
(1.03278 -0.170593 0)
(1.03608 -0.176191 0)
(1.03797 -0.18107 0)
(1.03824 -0.185132 0)
(1.03726 -0.188278 0)
(1.03474 -0.190443 0)
(1.03133 -0.191583 0)
(1.02656 -0.191672 0)
(1.02141 -0.190735 0)
(1.01507 -0.18877 0)
(1.00895 -0.185878 0)
(1.00175 -0.182062 0)
(0.995337 -0.177504 0)
(0.987814 -0.172179 0)
(0.98162 -0.166349 0)
(0.974109 -0.159927 0)
(0.968431 -0.153251 0)
(0.961078 -0.146145 0)
(0.956042 -0.139033 0)
(0.948848 -0.131627 0)
(0.94447 -0.124449 0)
(0.93736 -0.117083 0)
(0.933611 -0.110164 0)
(0.926484 -0.103129 0)
(0.923331 -0.0967427 0)
(0.916084 -0.0902823 0)
(0.913512 -0.0846546 0)
(0.906045 -0.078964 0)
(0.904056 -0.0742757 0)
(0.896262 -0.0695052 0)
(0.894857 -0.0658909 0)
(0.886602 -0.062146 0)
(0.885762 -0.0596959 0)
(0.876868 -0.0570419 0)
(0.876536 -0.0558079 0)
(0.866783 -0.0542783 0)
(0.773649 -0.00919098 0)
(0.775204 -0.0206122 0)
(0.77604 -0.0268276 0)
(0.77772 -0.0305258 0)
(0.78137 -0.0331787 0)
(0.786762 -0.0353856 0)
(0.793618 -0.0372738 0)
(0.801306 -0.0388107 0)
(0.809603 -0.0400134 0)
(0.818299 -0.0409203 0)
(0.827212 -0.0416071 0)
(0.836214 -0.0421469 0)
(0.845205 -0.0425831 0)
(0.854113 -0.042941 0)
(0.862886 -0.0432387 0)
(0.871482 -0.0434922 0)
(0.879873 -0.0437185 0)
(0.888038 -0.043936 0)
(0.895965 -0.0441647 0)
(0.903652 -0.0444249 0)
(0.911105 -0.0447366 0)
(0.918334 -0.0451204 0)
(0.925357 -0.0455971 0)
(0.932192 -0.0461872 0)
(0.938863 -0.0469119 0)
(0.945392 -0.0477907 0)
(0.951801 -0.0488407 0)
(0.958112 -0.0500776 0)
(0.964343 -0.0515157 0)
(0.970515 -0.0531685 0)
(0.976641 -0.0550489 0)
(0.982737 -0.0571692 0)
(0.988806 -0.059541 0)
(0.994853 -0.0621752 0)
(1.00087 -0.0650812 0)
(1.00687 -0.0682672 0)
(1.01281 -0.0717394 0)
(1.0187 -0.0755031 0)
(1.02448 -0.0795615 0)
(1.03015 -0.0839165 0)
(1.03565 -0.0885664 0)
(1.04093 -0.0935081 0)
(1.04593 -0.0987323 0)
(1.0506 -0.104227 0)
(1.05484 -0.109969 0)
(1.0586 -0.115932 0)
(1.06176 -0.122074 0)
(1.06426 -0.128351 0)
(1.066 -0.134698 0)
(1.06692 -0.141049 0)
(1.06691 -0.147314 0)
(1.06595 -0.15341 0)
(1.06398 -0.159226 0)
(1.061 -0.16467 0)
(1.05702 -0.169627 0)
(1.05209 -0.174013 0)
(1.04628 -0.177724 0)
(1.03966 -0.180698 0)
(1.03241 -0.182852 0)
(1.02457 -0.184161 0)
(1.01641 -0.184576 0)
(1.00786 -0.184113 0)
(0.999321 -0.182758 0)
(0.990508 -0.180559 0)
(0.981988 -0.177543 0)
(0.973144 -0.173776 0)
(0.964838 -0.169325 0)
(0.955987 -0.164244 0)
(0.947924 -0.158642 0)
(0.938957 -0.152544 0)
(0.931099 -0.146116 0)
(0.921868 -0.139323 0)
(0.914184 -0.132408 0)
(0.904561 -0.12525 0)
(0.897086 -0.118192 0)
(0.887005 -0.110996 0)
(0.879853 -0.104134 0)
(0.869293 -0.097207 0)
(0.862643 -0.0908445 0)
(0.851595 -0.0844434 0)
(0.845653 -0.078831 0)
(0.834075 -0.0731539 0)
(0.829051 -0.0684876 0)
(0.816832 -0.0636752 0)
(0.812919 -0.0600963 0)
(0.799844 -0.0562306 0)
(0.797203 -0.0538249 0)
(0.782938 -0.0509331 0)
(0.781693 -0.049736 0)
(0.765784 -0.0477983 0)
(1.05716 0.00828644 0)
(1.06025 -0.000100619 0)
(1.06097 -0.00725643 0)
(1.06023 -0.0129118 0)
(1.05936 -0.0175428 0)
(1.05905 -0.0215575 0)
(1.05947 -0.0251311 0)
(1.06044 -0.0282746 0)
(1.06175 -0.030984 0)
(1.06325 -0.0332794 0)
(1.06485 -0.0352045 0)
(1.06651 -0.0368134 0)
(1.06819 -0.0381581 0)
(1.06987 -0.039284 0)
(1.07154 -0.0402303 0)
(1.07317 -0.041032 0)
(1.07474 -0.0417219 0)
(1.07624 -0.0423317 0)
(1.07765 -0.0428928 0)
(1.07898 -0.0434356 0)
(1.0802 -0.0439903 0)
(1.08134 -0.0445854 0)
(1.08238 -0.0452491 0)
(1.08333 -0.0460079 0)
(1.08421 -0.0468872 0)
(1.08501 -0.0479099 0)
(1.08574 -0.0490965 0)
(1.08641 -0.050465 0)
(1.08702 -0.0520312 0)
(1.08757 -0.0538089 0)
(1.08806 -0.0558109 0)
(1.08849 -0.0580475 0)
(1.08886 -0.0605276 0)
(1.08915 -0.0632578 0)
(1.08936 -0.0662437 0)
(1.08947 -0.0694892 0)
(1.08947 -0.0729968 0)
(1.08933 -0.0767673 0)
(1.08904 -0.0807998 0)
(1.08856 -0.085091 0)
(1.08786 -0.089635 0)
(1.08691 -0.0944223 0)
(1.08568 -0.0994397 0)
(1.08413 -0.104668 0)
(1.08222 -0.110083 0)
(1.07991 -0.115651 0)
(1.07716 -0.121335 0)
(1.07395 -0.127085 0)
(1.07023 -0.132847 0)
(1.066 -0.138554 0)
(1.06123 -0.144136 0)
(1.05592 -0.149513 0)
(1.05008 -0.154603 0)
(1.04374 -0.159327 0)
(1.0369 -0.1636 0)
(1.02964 -0.16735 0)
(1.02196 -0.170501 0)
(1.01394 -0.172992 0)
(1.00558 -0.174757 0)
(0.996935 -0.175758 0)
(0.987992 -0.175948 0)
(0.978765 -0.175322 0)
(0.969233 -0.173859 0)
(0.95934 -0.171596 0)
(0.949102 -0.168539 0)
(0.938364 -0.164755 0)
(0.927264 -0.160258 0)
(0.915497 -0.155132 0)
(0.903444 -0.149404 0)
(0.890554 -0.143183 0)
(0.877606 -0.136531 0)
(0.86365 -0.129561 0)
(0.850047 -0.122364 0)
(0.835213 -0.115025 0)
(0.821334 -0.107679 0)
(0.805883 -0.100355 0)
(0.792196 -0.0932537 0)
(0.776392 -0.0863036 0)
(0.763395 -0.0797919 0)
(0.747422 -0.0734884 0)
(0.735586 -0.0678183 0)
(0.719466 -0.06233 0)
(0.709209 -0.0576671 0)
(0.692757 -0.0530758 0)
(0.684469 -0.0495233 0)
(0.667254 -0.0458437 0)
(0.661337 -0.0434649 0)
(0.642644 -0.0406596 0)
(0.639572 -0.0394808 0)
(0.618373 -0.0374601 0)
(1.08188 -0.00325158 0)
(1.08785 -0.0108316 0)
(1.09216 -0.0181688 0)
(1.09483 -0.0242681 0)
(1.09635 -0.0289867 0)
(1.09734 -0.0326493 0)
(1.09818 -0.0356143 0)
(1.09904 -0.0381083 0)
(1.09991 -0.0402249 0)
(1.10073 -0.0419911 0)
(1.10148 -0.0434207 0)
(1.10213 -0.0445395 0)
(1.10268 -0.0453871 0)
(1.10315 -0.0460103 0)
(1.10353 -0.0464557 0)
(1.10385 -0.0467666 0)
(1.10408 -0.0469823 0)
(1.10422 -0.047139 0)
(1.10428 -0.0472705 0)
(1.10424 -0.0474092 0)
(1.1041 -0.0475859 0)
(1.10386 -0.0478297 0)
(1.10352 -0.0481682 0)
(1.10309 -0.048627 0)
(1.10256 -0.0492294 0)
(1.10194 -0.0499965 0)
(1.10123 -0.0509466 0)
(1.10042 -0.0520957 0)
(1.09953 -0.0534573 0)
(1.09854 -0.0550427 0)
(1.09746 -0.0568611 0)
(1.09629 -0.0589195 0)
(1.09501 -0.0612232 0)
(1.09363 -0.0637759 0)
(1.09213 -0.06658 0)
(1.0905 -0.0696365 0)
(1.08875 -0.0729452 0)
(1.08684 -0.0765043 0)
(1.08477 -0.0803103 0)
(1.08253 -0.0843573 0)
(1.0801 -0.0886368 0)
(1.07746 -0.0931371 0)
(1.0746 -0.0978422 0)
(1.07148 -0.102732 0)
(1.06811 -0.10778 0)
(1.06444 -0.112955 0)
(1.06047 -0.118217 0)
(1.05616 -0.12352 0)
(1.0515 -0.128808 0)
(1.04645 -0.134021 0)
(1.04099 -0.139089 0)
(1.03508 -0.143939 0)
(1.0287 -0.148496 0)
(1.0218 -0.152683 0)
(1.01433 -0.156426 0)
(1.00626 -0.159655 0)
(0.997522 -0.162299 0)
(0.988075 -0.164296 0)
(0.977851 -0.165581 0)
(0.966792 -0.166095 0)
(0.954822 -0.165784 0)
(0.941883 -0.164611 0)
(0.927904 -0.162561 0)
(0.912856 -0.159655 0)
(0.896702 -0.155924 0)
(0.879466 -0.151426 0)
(0.861181 -0.146199 0)
(0.841912 -0.140319 0)
(0.82177 -0.133836 0)
(0.800811 -0.126875 0)
(0.779287 -0.119526 0)
(0.757194 -0.111957 0)
(0.734983 -0.104249 0)
(0.712457 -0.0965655 0)
(0.690344 -0.0889594 0)
(0.66806 -0.0815819 0)
(0.646792 -0.0744718 0)
(0.625317 -0.0677582 0)
(0.605574 -0.0614659 0)
(0.585291 -0.0556693 0)
(0.567617 -0.0503906 0)
(0.54861 -0.0456121 0)
(0.533396 -0.0414051 0)
(0.515394 -0.0376178 0)
(0.502975 -0.034469 0)
(0.485301 -0.0315843 0)
(0.476116 -0.0294805 0)
(0.457596 -0.0273816 0)
(0.452445 -0.0263287 0)
(0.431208 -0.0248605 0)
(1.07463 -0.00715791 0)
(1.0807 -0.012113 0)
(1.08564 -0.0172618 0)
(1.08938 -0.0220664 0)
(1.09206 -0.0261776 0)
(1.09399 -0.0295482 0)
(1.0955 -0.0323136 0)
(1.0968 -0.0346346 0)
(1.09798 -0.0366191 0)
(1.09907 -0.0383156 0)
(1.10005 -0.0397387 0)
(1.10089 -0.0408977 0)
(1.1016 -0.0418112 0)
(1.10218 -0.0425098 0)
(1.10264 -0.043031 0)
(1.10298 -0.0434148 0)
(1.1032 -0.0436995 0)
(1.10331 -0.0439218 0)
(1.1033 -0.0441157 0)
(1.10316 -0.0443141 0)
(1.1029 -0.0445481 0)
(1.10251 -0.044847 0)
(1.10199 -0.045238 0)
(1.10135 -0.0457461 0)
(1.10059 -0.0463936 0)
(1.09971 -0.0472004 0)
(1.09872 -0.0481841 0)
(1.09761 -0.04936 0)
(1.09639 -0.0507408 0)
(1.09505 -0.0523369 0)
(1.0936 -0.0541559 0)
(1.09203 -0.0562037 0)
(1.09034 -0.0584841 0)
(1.08852 -0.0609996 0)
(1.08656 -0.0637512 0)
(1.08446 -0.0667388 0)
(1.0822 -0.0699608 0)
(1.07976 -0.0734141 0)
(1.07713 -0.0770936 0)
(1.07429 -0.080992 0)
(1.07122 -0.085099 0)
(1.0679 -0.0894008 0)
(1.06429 -0.0938793 0)
(1.06037 -0.0985119 0)
(1.0561 -0.10327 0)
(1.05143 -0.10812 0)
(1.04632 -0.11302 0)
(1.04072 -0.117922 0)
(1.03456 -0.122767 0)
(1.02777 -0.127492 0)
(1.02028 -0.132024 0)
(1.01199 -0.136286 0)
(1.00281 -0.140196 0)
(0.992638 -0.143677 0)
(0.981365 -0.146648 0)
(0.96889 -0.149036 0)
(0.955116 -0.150773 0)
(0.939962 -0.151801 0)
(0.923352 -0.152055 0)
(0.905235 -0.151476 0)
(0.885564 -0.150003 0)
(0.864315 -0.147595 0)
(0.841483 -0.144248 0)
(0.817099 -0.140005 0)
(0.791246 -0.134939 0)
(0.764061 -0.129136 0)
(0.73575 -0.122684 0)
(0.706532 -0.115678 0)
(0.67665 -0.108216 0)
(0.646319 -0.100429 0)
(0.615827 -0.0924696 0)
(0.585432 -0.084516 0)
(0.555505 -0.0767125 0)
(0.52628 -0.0692039 0)
(0.498123 -0.0620647 0)
(0.471106 -0.0553904 0)
(0.445614 -0.0491938 0)
(0.421497 -0.0435516 0)
(0.399264 -0.0384359 0)
(0.378415 -0.0339268 0)
(0.359738 -0.0299434 0)
(0.342131 -0.0265612 0)
(0.326971 -0.0236344 0)
(0.312124 -0.0212492 0)
(0.300233 -0.0192152 0)
(0.287249 -0.0176446 0)
(0.278476 -0.0163468 0)
(0.265965 -0.0154154 0)
(0.260783 -0.0147753 0)
(0.246396 -0.0143159 0)
(1.06828 -0.0146117 0)
(1.07413 -0.0186186 0)
(1.07918 -0.0227558 0)
(1.08336 -0.0267494 0)
(1.08669 -0.030358 0)
(1.08931 -0.0334553 0)
(1.09143 -0.0360427 0)
(1.09323 -0.0381934 0)
(1.09484 -0.0399893 0)
(1.09631 -0.0414881 0)
(1.09764 -0.042721 0)
(1.09881 -0.0437039 0)
(1.09983 -0.0444521 0)
(1.10067 -0.0449879 0)
(1.10135 -0.0453415 0)
(1.10186 -0.0455489 0)
(1.1022 -0.045648 0)
(1.10237 -0.0456767 0)
(1.10237 -0.045672 0)
(1.10219 -0.0456692 0)
(1.10184 -0.0457021 0)
(1.1013 -0.0458021 0)
(1.10059 -0.0459975 0)
(1.09971 -0.0463134 0)
(1.09865 -0.0467711 0)
(1.09743 -0.0473897 0)
(1.09604 -0.0481857 0)
(1.09449 -0.0491735 0)
(1.09277 -0.0503645 0)
(1.09088 -0.0517682 0)
(1.08881 -0.0533908 0)
(1.08657 -0.0552369 0)
(1.08413 -0.0573083 0)
(1.08149 -0.0596058 0)
(1.07863 -0.0621278 0)
(1.07552 -0.0648718 0)
(1.07215 -0.0678336 0)
(1.06848 -0.0710071 0)
(1.06447 -0.0743842 0)
(1.06011 -0.077954 0)
(1.05533 -0.0817026 0)
(1.05011 -0.0856115 0)
(1.04437 -0.089658 0)
(1.03806 -0.0938134 0)
(1.03111 -0.0980437 0)
(1.02345 -0.102308 0)
(1.015 -0.106559 0)
(1.00565 -0.110743 0)
(0.99532 -0.114795 0)
(0.98389 -0.118642 0)
(0.971249 -0.122203 0)
(0.957271 -0.125393 0)
(0.941834 -0.128126 0)
(0.92481 -0.130318 0)
(0.906084 -0.131887 0)
(0.88555 -0.132762 0)
(0.86313 -0.132883 0)
(0.838773 -0.132214 0)
(0.81247 -0.13071 0)
(0.784266 -0.128344 0)
(0.754215 -0.125069 0)
(0.722446 -0.120876 0)
(0.68905 -0.115788 0)
(0.654217 -0.109892 0)
(0.618136 -0.103291 0)
(0.581171 -0.0961235 0)
(0.543719 -0.0885488 0)
(0.506251 -0.0807427 0)
(0.469206 -0.0728593 0)
(0.432975 -0.0650481 0)
(0.397901 -0.0574682 0)
(0.364364 -0.050262 0)
(0.332808 -0.0435599 0)
(0.303586 -0.0374957 0)
(0.276997 -0.0321579 0)
(0.253123 -0.0275896 0)
(0.23202 -0.0237644 0)
(0.213498 -0.0206364 0)
(0.197461 -0.0180965 0)
(0.18352 -0.0160626 0)
(0.1716 -0.0144016 0)
(0.161169 -0.013074 0)
(0.152315 -0.0119567 0)
(0.144303 -0.011074 0)
(0.137594 -0.0102869 0)
(0.131018 -0.00971538 0)
(0.125856 -0.00915843 0)
(0.119767 -0.00888276 0)
(0.116265 -0.00856148 0)
(0.108915 -0.00856032 0)
(1.06563 -0.020593 0)
(1.07135 -0.0238164 0)
(1.07646 -0.0271022 0)
(1.08088 -0.0303054 0)
(1.08461 -0.0332796 0)
(1.08771 -0.0359129 0)
(1.09029 -0.0381574 0)
(1.09249 -0.0400247 0)
(1.09442 -0.0415568 0)
(1.09613 -0.0427981 0)
(1.09764 -0.0437816 0)
(1.09895 -0.0445281 0)
(1.10003 -0.0450536 0)
(1.10088 -0.0453762 0)
(1.10148 -0.0455206 0)
(1.10182 -0.0455176 0)
(1.1019 -0.0454025 0)
(1.10172 -0.0452129 0)
(1.10126 -0.0449869 0)
(1.10053 -0.044762 0)
(1.09952 -0.044574 0)
(1.09824 -0.0444566 0)
(1.09668 -0.0444396 0)
(1.09486 -0.0445481 0)
(1.09277 -0.0448016 0)
(1.09041 -0.0452172 0)
(1.08779 -0.0458089 0)
(1.08489 -0.0465887 0)
(1.08171 -0.0475656 0)
(1.07825 -0.0487463 0)
(1.07449 -0.0501346 0)
(1.07041 -0.0517322 0)
(1.066 -0.0535379 0)
(1.06121 -0.0555489 0)
(1.05602 -0.0577598 0)
(1.0504 -0.0601642 0)
(1.04429 -0.0627527 0)
(1.03765 -0.0655149 0)
(1.03041 -0.0684369 0)
(1.02253 -0.0715029 0)
(1.01392 -0.0746925 0)
(1.00452 -0.0779815 0)
(0.994245 -0.0813396 0)
(0.983004 -0.0847303 0)
(0.970698 -0.0881104 0)
(0.95723 -0.0914301 0)
(0.942485 -0.0946364 0)
(0.926355 -0.0976694 0)
(0.908725 -0.100459 0)
(0.889482 -0.102926 0)
(0.868512 -0.104987 0)
(0.845704 -0.106558 0)
(0.820958 -0.107561 0)
(0.79419 -0.107926 0)
(0.765347 -0.107587 0)
(0.734401 -0.10649 0)
(0.70138 -0.104594 0)
(0.666305 -0.101861 0)
(0.629364 -0.0982927 0)
(0.590732 -0.0938814 0)
(0.550757 -0.0886589 0)
(0.509853 -0.0827346 0)
(0.468324 -0.0762068 0)
(0.426635 -0.0692306 0)
(0.385101 -0.0619085 0)
(0.344455 -0.0544651 0)
(0.305275 -0.0470461 0)
(0.268348 -0.0399042 0)
(0.234382 -0.0333521 0)
(0.203863 -0.0277124 0)
(0.176847 -0.0230833 0)
(0.153505 -0.0194532 0)
(0.133715 -0.0167036 0)
(0.117154 -0.0146418 0)
(0.103388 -0.0130464 0)
(0.0918602 -0.0117562 0)
(0.0820732 -0.0106838 0)
(0.0736087 -0.00979612 0)
(0.0662099 -0.00905595 0)
(0.0596573 -0.00843979 0)
(0.0538582 -0.00790356 0)
(0.0486464 -0.00742956 0)
(0.0440258 -0.00697916 0)
(0.0398133 -0.0065719 0)
(0.036073 -0.00616925 0)
(0.0325294 -0.00583642 0)
(0.0294262 -0.00552077 0)
(0.0262713 -0.00536937 0)
(0.023832 -0.00519638 0)
(0.020136 -0.00542323 0)
(1.06633 -0.0267965 0)
(1.07188 -0.0293542 0)
(1.07684 -0.0319229 0)
(1.08117 -0.0344362 0)
(1.08483 -0.0368112 0)
(1.08785 -0.0389634 0)
(1.09029 -0.0408285 0)
(1.09224 -0.0423804 0)
(1.09375 -0.0436261 0)
(1.0949 -0.0445895 0)
(1.09568 -0.0452958 0)
(1.09609 -0.045765 0)
(1.09612 -0.0460129 0)
(1.09575 -0.0460563 0)
(1.09495 -0.045916 0)
(1.09373 -0.0456197 0)
(1.09207 -0.0452009 0)
(1.08997 -0.0446969 0)
(1.08744 -0.044147 0)
(1.08448 -0.0435903 0)
(1.08108 -0.0430651 0)
(1.07726 -0.042607 0)
(1.07302 -0.0422484 0)
(1.06837 -0.0420152 0)
(1.06332 -0.0419279 0)
(1.05787 -0.0420023 0)
(1.052 -0.0422496 0)
(1.04572 -0.0426773 0)
(1.039 -0.0432895 0)
(1.03183 -0.0440873 0)
(1.02418 -0.045069 0)
(1.01602 -0.0462307 0)
(1.00732 -0.0475662 0)
(0.99802 -0.0490676 0)
(0.988081 -0.0507247 0)
(0.977444 -0.0525258 0)
(0.966043 -0.0544564 0)
(0.953812 -0.0565007 0)
(0.940671 -0.0586393 0)
(0.926545 -0.0608514 0)
(0.911344 -0.0631107 0)
(0.894988 -0.0653895 0)
(0.877373 -0.0676517 0)
(0.85842 -0.0698586 0)
(0.838017 -0.0719596 0)
(0.816087 -0.0739023 0)
(0.792519 -0.075627 0)
(0.767232 -0.0770642 0)
(0.740154 -0.0781363 0)
(0.71124 -0.0787651 0)
(0.680452 -0.0788768 0)
(0.647782 -0.0784068 0)
(0.61325 -0.0773042 0)
(0.576914 -0.0755351 0)
(0.538904 -0.0730931 0)
(0.499424 -0.0699814 0)
(0.458766 -0.0662037 0)
(0.417168 -0.0617109 0)
(0.375091 -0.0564918 0)
(0.333048 -0.0505285 0)
(0.2918 -0.044011 0)
(0.252167 -0.0373512 0)
(0.214877 -0.031013 0)
(0.180636 -0.0254392 0)
(0.14982 -0.0208682 0)
(0.123273 -0.017361 0)
(0.101264 -0.0147548 0)
(0.0833358 -0.0127189 0)
(0.0686803 -0.0110135 0)
(0.0564407 -0.0095963 0)
(0.0457511 -0.008447 0)
(0.0363126 -0.00768386 0)
(0.0279437 -0.00722982 0)
(0.0206014 -0.00687396 0)
(0.014212 -0.00647642 0)
(0.00862733 -0.00599835 0)
(0.0037147 -0.00547262 0)
(-0.000645776 -0.00496682 0)
(-0.00454308 -0.00453673 0)
(-0.00805083 -0.00421057 0)
(-0.0112134 -0.0039773 0)
(-0.0141095 -0.00380562 0)
(-0.0167671 -0.00365944 0)
(-0.0192398 -0.00352443 0)
(-0.0215259 -0.00338035 0)
(-0.023679 -0.00325874 0)
(-0.0256454 -0.00316589 0)
(-0.0275113 -0.00316931 0)
(-0.02924 -0.00325451 0)
(-0.0312216 -0.00364763 0)
(1.06594 -0.0310311 0)
(1.0699 -0.0329978 0)
(1.07303 -0.0349411 0)
(1.07527 -0.036834 0)
(1.07659 -0.0386221 0)
(1.07701 -0.0402382 0)
(1.07657 -0.0416219 0)
(1.07531 -0.0427337 0)
(1.0733 -0.0435608 0)
(1.07058 -0.04411 0)
(1.06717 -0.0443964 0)
(1.06311 -0.0444377 0)
(1.0584 -0.0442497 0)
(1.05305 -0.0438492 0)
(1.04707 -0.0432564 0)
(1.04047 -0.0424979 0)
(1.03329 -0.0416064 0)
(1.02553 -0.040621 0)
(1.01724 -0.0395827 0)
(1.00843 -0.0385345 0)
(0.999119 -0.0375156 0)
(0.989342 -0.036563 0)
(0.979102 -0.0357075 0)
(0.968422 -0.0349801 0)
(0.957312 -0.0344067 0)
(0.945772 -0.0340044 0)
(0.933791 -0.0337815 0)
(0.921353 -0.0337381 0)
(0.908432 -0.0338691 0)
(0.894998 -0.0341647 0)
(0.881015 -0.0346133 0)
(0.866436 -0.0352009 0)
(0.851216 -0.0359134 0)
(0.835297 -0.0367346 0)
(0.818623 -0.0376489 0)
(0.801126 -0.0386379 0)
(0.782743 -0.0396839 0)
(0.763401 -0.0407656 0)
(0.743035 -0.0418623 0)
(0.72157 -0.0429494 0)
(0.698943 -0.0440025 0)
(0.675085 -0.0449924 0)
(0.649946 -0.0458896 0)
(0.623475 -0.0466588 0)
(0.595642 -0.0472599 0)
(0.566462 -0.0476454 0)
(0.535903 -0.0477378 0)
(0.504014 -0.0474466 0)
(0.470865 -0.0466841 0)
(0.436593 -0.0453733 0)
(0.401356 -0.04346 0)
(0.365383 -0.0409289 0)
(0.328969 -0.0377936 0)
(0.292429 -0.0341473 0)
(0.256198 -0.0301655 0)
(0.220847 -0.026094 0)
(0.187124 -0.0221975 0)
(0.155787 -0.0186868 0)
(0.127501 -0.0155584 0)
(0.103128 -0.0129326 0)
(0.0826851 -0.0107589 0)
(0.0656412 -0.00891014 0)
(0.051278 -0.00733887 0)
(0.0389713 -0.00611483 0)
(0.028137 -0.00538773 0)
(0.0184688 -0.00520897 0)
(0.010015 -0.00533084 0)
(0.00279568 -0.00522909 0)
(-0.00339326 -0.00463112 0)
(-0.0087148 -0.00369614 0)
(-0.0133219 -0.00281649 0)
(-0.0173568 -0.00223501 0)
(-0.0209593 -0.00197699 0)
(-0.024229 -0.00194631 0)
(-0.0272249 -0.00200452 0)
(-0.0299581 -0.00204248 0)
(-0.0324367 -0.00202472 0)
(-0.0346861 -0.00196795 0)
(-0.036744 -0.00190026 0)
(-0.0386538 -0.00184272 0)
(-0.0404426 -0.00180223 0)
(-0.0421356 -0.00177628 0)
(-0.0437458 -0.00175 0)
(-0.045285 -0.00171601 0)
(-0.0467497 -0.00167464 0)
(-0.0481403 -0.0016516 0)
(-0.0494381 -0.00167278 0)
(-0.0506887 -0.00178275 0)
(-0.0519927 -0.00200062 0)
(-0.0532433 -0.00232663 0)
(1.02385 -0.0368793 0)
(1.01889 -0.0374611 0)
(1.01259 -0.0380373 0)
(1.00495 -0.038594 0)
(0.996 -0.0390888 0)
(0.985797 -0.0394697 0)
(0.974425 -0.0396894 0)
(0.961996 -0.0397128 0)
(0.948612 -0.0395158 0)
(0.934386 -0.0390893 0)
(0.919429 -0.0384375 0)
(0.903846 -0.0375731 0)
(0.887726 -0.0365128 0)
(0.871157 -0.0352758 0)
(0.854218 -0.0338841 0)
(0.836988 -0.0323645 0)
(0.819539 -0.0307486 0)
(0.801941 -0.0290732 0)
(0.78425 -0.0273779 0)
(0.766515 -0.0257033 0)
(0.748767 -0.0240864 0)
(0.731034 -0.0225605 0)
(0.713308 -0.0211517 0)
(0.695596 -0.0198851 0)
(0.677896 -0.01878 0)
(0.660195 -0.0178478 0)
(0.64247 -0.0170921 0)
(0.624686 -0.0165083 0)
(0.606799 -0.0160857 0)
(0.58876 -0.0158087 0)
(0.570515 -0.015659 0)
(0.552007 -0.0156165 0)
(0.533181 -0.0156604 0)
(0.51398 -0.0157691 0)
(0.494351 -0.015921 0)
(0.474241 -0.0160939 0)
(0.45361 -0.0162658 0)
(0.432415 -0.016414 0)
(0.410636 -0.0165173 0)
(0.388249 -0.0165535 0)
(0.365265 -0.0165042 0)
(0.341691 -0.0163496 0)
(0.317588 -0.0160791 0)
(0.293004 -0.0156792 0)
(0.2681 -0.0151535 0)
(0.243079 -0.0144956 0)
(0.218128 -0.0136843 0)
(0.19352 -0.01271 0)
(0.169571 -0.0115868 0)
(0.146656 -0.010333 0)
(0.125118 -0.00900161 0)
(0.10525 -0.0075483 0)
(0.0873326 -0.00608093 0)
(0.0713221 -0.00468531 0)
(0.0571024 -0.00342362 0)
(0.0445115 -0.0024221 0)
(0.0333823 -0.00185053 0)
(0.023548 -0.00183668 0)
(0.0146101 -0.00231385 0)
(0.00671112 -0.0030303 0)
(-0.000164004 -0.003406 0)
(-0.00603276 -0.00305998 0)
(-0.0108782 -0.00210551 0)
(-0.0148074 -0.000999339 0)
(-0.0180701 -0.000252281 0)
(-0.0209057 -5.90444e-05 0)
(-0.0235522 -0.000205924 0)
(-0.0260774 -0.000413527 0)
(-0.0283628 -0.000487553 0)
(-0.0302753 -0.000378123 0)
(-0.0318052 -0.000231946 0)
(-0.0330488 -0.000151165 0)
(-0.0341548 -0.000177124 0)
(-0.0352287 -0.000284731 0)
(-0.0363158 -0.000399358 0)
(-0.0374124 -0.000474698 0)
(-0.0384908 -0.000504846 0)
(-0.0395281 -0.000507675 0)
(-0.0405173 -0.000504238 0)
(-0.0414661 -0.000506637 0)
(-0.0423864 -0.000514182 0)
(-0.0432884 -0.000524669 0)
(-0.0441759 -0.00053213 0)
(-0.0450478 -0.000533465 0)
(-0.0458993 -0.00053146 0)
(-0.0467271 -0.000542844 0)
(-0.047535 -0.000596267 0)
(-0.0483854 -0.000734705 0)
(-0.0494044 -0.000963252 0)
(-0.0504045 -0.00117922 0)
(0.714716 -0.0206803 0)
(0.68571 -0.0202632 0)
(0.656585 -0.0198596 0)
(0.627364 -0.0194637 0)
(0.5981 -0.0190516 0)
(0.568878 -0.0185928 0)
(0.539818 -0.0180585 0)
(0.511095 -0.0174262 0)
(0.482869 -0.0166721 0)
(0.455314 -0.015783 0)
(0.4286 -0.0147603 0)
(0.402882 -0.0136179 0)
(0.3783 -0.012379 0)
(0.354971 -0.0110718 0)
(0.332989 -0.00972735 0)
(0.312426 -0.00837848 0)
(0.293322 -0.00705972 0)
(0.275689 -0.00580556 0)
(0.259501 -0.00464814 0)
(0.244699 -0.00361441 0)
(0.231192 -0.00272411 0)
(0.218869 -0.00198837 0)
(0.207597 -0.00140755 0)
(0.197244 -0.000963893 0)
(0.187678 -0.000635805 0)
(0.178767 -0.000405095 0)
(0.170378 -0.00025681 0)
(0.162389 -0.000176751 0)
(0.154684 -0.000150133 0)
(0.147166 -0.000161709 0)
(0.139752 -0.000196572 0)
(0.132376 -0.00024071 0)
(0.124989 -0.00028129 0)
(0.117558 -0.000306705 0)
(0.110065 -0.000306734 0)
(0.10251 -0.000272755 0)
(0.0949043 -0.000198101 0)
(0.0872745 -7.85142e-05 0)
(0.0796588 8.7333e-05 0)
(0.0721048 0.000297061 0)
(0.0646685 0.000543937 0)
(0.0574089 0.000815722 0)
(0.0503862 0.00109409 0)
(0.0436522 0.00135235 0)
(0.037247 0.00155277 0)
(0.0311836 0.00163642 0)
(0.0254445 0.00154049 0)
(0.0199987 0.00123348 0)
(0.0148044 0.000726237 0)
(0.00984308 8.33547e-05 0)
(0.00512107 -0.000569568 0)
(0.000568484 -0.00106031 0)
(-0.00363068 -0.00138333 0)
(-0.00725035 -0.00141931 0)
(-0.010119 -0.00112403 0)
(-0.0121543 -0.000583156 0)
(-0.0134285 3.84312e-05 0)
(-0.0142042 0.000550115 0)
(-0.0148612 0.000808359 0)
(-0.0156929 0.000879001 0)
(-0.0167951 0.000825572 0)
(-0.0179253 0.00074274 0)
(-0.0187569 0.000679682 0)
(-0.0191229 0.000614879 0)
(-0.0190933 0.000508901 0)
(-0.0189245 0.000348887 0)
(-0.0188693 0.000147377 0)
(-0.0190202 1.54972e-06 0)
(-0.0192979 -4.00049e-05 0)
(-0.0195482 5.9057e-06 0)
(-0.0196839 8.0479e-05 0)
(-0.0197179 0.00013416 0)
(-0.0197202 0.000145279 0)
(-0.0197605 0.000122714 0)
(-0.0198723 8.42835e-05 0)
(-0.02005 4.6628e-05 0)
(-0.0202688 1.89452e-05 0)
(-0.0205057 2.30484e-06 0)
(-0.0207481 -6.90674e-06 0)
(-0.0209941 -1.3302e-05 0)
(-0.0212457 -1.93396e-05 0)
(-0.0215053 -2.55659e-05 0)
(-0.0217724 -3.0708e-05 0)
(-0.0220435 -3.3606e-05 0)
(-0.0223146 -3.43489e-05 0)
(-0.0225851 -3.73112e-05 0)
(-0.0228673 -5.53058e-05 0)
(-0.0232178 -0.000113641 0)
(-0.023772 -0.00022023 0)
(-0.0245142 -0.00031379 0)
)
;

boundaryField
{
    fixedWalls
    {
        type            noSlip;
    }
    inflowWall
    {
        type            fixedValue;
        value           uniform (1 0 0);
    }
    outflowWall
    {
        type            zeroGradient;
    }
    frontAndBack
    {
        type            empty;
    }
}


// ************************************************************************* //
