/*--------------------------------*- C++ -*----------------------------------*\
| =========                 |                                                 |
| \\      /  F ield         | OpenFOAM: The Open Source CFD Toolbox           |
|  \\    /   O peration     | Version:  2306                                  |
|   \\  /    A nd           | Website:  www.openfoam.com                      |
|    \\/     M anipulation  |                                                 |
\*---------------------------------------------------------------------------*/
FoamFile
{
    version     2.0;
    format      ascii;
    arch        "LSB;label=32;scalar=64";
    class       volVectorField;
    location    "4.13";
    object      U;
}
// * * * * * * * * * * * * * * * * * * * * * * * * * * * * * * * * * * * * * //

dimensions      [0 1 -1 0 0 0 0];

internalField   nonuniform List<vector> 
1900
(
(0.984283 0.00728595 0)
(0.961752 0.0216883 0)
(0.952345 0.0181686 0)
(0.9187 0.0253064 0)
(0.903447 0.0154286 0)
(0.863081 0.0257501 0)
(0.852322 0.011578 0)
(0.812006 0.0267226 0)
(0.809764 0.00452412 0)
(0.770585 0.0259502 0)
(1.00256 0.0115582 0)
(1.00445 0.0258593 0)
(1.01944 0.0289585 0)
(1.02198 0.0304478 0)
(1.03489 0.0279919 0)
(1.03398 0.0284008 0)
(1.04409 0.0257572 0)
(1.04283 0.0250533 0)
(1.05125 0.0206065 0)
(1.05234 0.0161129 0)
(1.00048 0.00388463 0)
(1.00419 0.0111515 0)
(1.01255 0.0139907 0)
(1.02113 0.0157761 0)
(1.03155 0.0146945 0)
(1.04055 0.0143957 0)
(1.05 0.0123404 0)
(1.05841 0.0108819 0)
(1.06689 0.00724059 0)
(1.07474 0.00305828 0)
(1.00007 0.00207549 0)
(1.00313 0.00583828 0)
(1.00888 0.0080462 0)
(1.01649 0.00902146 0)
(1.02528 0.0085354 0)
(1.03432 0.00742738 0)
(1.04325 0.00563634 0)
(1.05181 0.00346018 0)
(1.05999 0.000616282 0)
(1.06766 -0.0029221 0)
(1.00003 0.000423003 0)
(1.00261 0.00116706 0)
(1.00738 0.0014258 0)
(1.01402 0.00113941 0)
(1.02191 0.000234126 0)
(1.03035 -0.00113929 0)
(1.03879 -0.00294476 0)
(1.04691 -0.00516191 0)
(1.05459 -0.00783691 0)
(1.06173 -0.011034 0)
(1.00003 -0.00106202 0)
(1.00255 -0.00303138 0)
(1.0072 -0.00475684 0)
(1.01366 -0.0061997 0)
(1.02132 -0.00750556 0)
(1.02948 -0.00887595 0)
(1.03758 -0.0104969 0)
(1.04531 -0.0124799 0)
(1.05257 -0.0148654 0)
(1.05934 -0.0176242 0)
(1.00003 -0.00271161 0)
(1.00303 -0.00743534 0)
(1.00836 -0.0110641 0)
(1.01545 -0.0135038 0)
(1.02346 -0.0151321 0)
(1.03162 -0.0164988 0)
(1.03948 -0.0180092 0)
(1.04688 -0.0198416 0)
(1.05379 -0.0219893 0)
(1.06026 -0.0243628 0)
(1.00004 -0.00476983 0)
(1.00441 -0.0122349 0)
(1.01137 -0.0169199 0)
(1.01979 -0.0193522 0)
(1.02839 -0.0206806 0)
(1.03639 -0.0218539 0)
(1.04358 -0.0233208 0)
(1.05005 -0.0251087 0)
(1.05591 -0.0270764 0)
(1.06121 -0.0290908 0)
(1.00006 -0.012119 0)
(1.00721 -0.0259524 0)
(1.01558 -0.0314303 0)
(1.02287 -0.0325793 0)
(1.02793 -0.0326635 0)
(1.03072 -0.0330393 0)
(1.03172 -0.0338189 0)
(1.03141 -0.0347396 0)
(1.02999 -0.0355857 0)
(1.02747 -0.0362982 0)
(0.980777 -0.00916357 0)
(0.964585 -0.0188217 0)
(0.945457 -0.0220464 0)
(0.920788 -0.0221858 0)
(0.891996 -0.0217396 0)
(0.86168 -0.0215785 0)
(0.831436 -0.0216106 0)
(0.801744 -0.0216006 0)
(0.772533 -0.0214245 0)
(0.74356 -0.021098 0)
(0.000207091 -0.000108979 0)
(0.000346104 -1.99953e-05 0)
(8.66232e-05 2.70198e-05 0)
(-0.000393142 5.58582e-05 0)
(-0.00103402 7.34163e-05 0)
(-0.00179441 9.04464e-05 0)
(-0.00266104 0.0001104 0)
(-0.00362898 0.000132137 0)
(-0.00469295 0.000154422 0)
(-0.00584666 0.00017658 0)
(-0.00708315 0.00019823 0)
(-0.00839516 0.000219114 0)
(-0.00977533 0.000238999 0)
(-0.0112165 0.000257686 0)
(-0.0127117 0.000275017 0)
(-0.0142544 0.000290876 0)
(-0.0158387 0.000305198 0)
(-0.017459 0.000317957 0)
(-0.0191105 0.000329146 0)
(-0.0207892 0.000338799 0)
(-0.0224922 0.000347005 0)
(-0.0242179 0.000353886 0)
(-0.0259658 0.00035957 0)
(-0.027737 0.000364176 0)
(-0.0295342 0.000367798 0)
(-0.0313614 0.000370485 0)
(-0.0332241 0.000372156 0)
(-0.0351292 0.00037249 0)
(-0.0370845 0.000370839 0)
(-0.0390988 0.000366145 0)
(-0.0411814 0.000356939 0)
(-0.0433427 0.000341582 0)
(-0.0455949 0.000318993 0)
(-0.0479554 0.00028987 0)
(-0.05045 0.000258055 0)
(-0.0531174 0.000232038 0)
(-0.0560148 0.000226585 0)
(-0.0592223 0.000264128 0)
(-0.0628475 0.000375193 0)
(-0.0670256 0.000597073 0)
(-0.0719155 0.000969238 0)
(-0.0776859 0.00152396 0)
(-0.0844922 0.00227279 0)
(-0.0924431 0.00319334 0)
(-0.101562 0.00422363 0)
(-0.111757 0.00526886 0)
(-0.122808 0.00621851 0)
(-0.134374 0.00696193 0)
(-0.146017 0.00740697 0)
(-0.157248 0.00749986 0)
(-0.167567 0.00723515 0)
(-0.176492 0.00666933 0)
(-0.183597 0.00591425 0)
(-0.188557 0.00503893 0)
(-0.191133 0.0039961 0)
(-0.19117 0.00278991 0)
(-0.188631 0.00145524 0)
(-0.183533 8.51224e-05 0)
(-0.175896 -0.0012818 0)
(-0.165851 -0.0025934 0)
(-0.153604 -0.00379532 0)
(-0.139373 -0.00488854 0)
(-0.12338 -0.00583063 0)
(-0.105914 -0.00660862 0)
(-0.0872627 -0.00721902 0)
(-0.0676614 -0.00768767 0)
(-0.0475206 -0.00792316 0)
(-0.0269804 -0.00803757 0)
(-0.00652812 -0.00800776 0)
(0.0139364 -0.00786419 0)
(0.0337485 -0.00759153 0)
(0.0532664 -0.00723835 0)
(0.071659 -0.00678085 0)
(0.089574 -0.00628783 0)
(0.106008 -0.00572001 0)
(0.121922 -0.00516969 0)
(0.136082 -0.00458064 0)
(0.149827 -0.00405236 0)
(0.161614 -0.00349701 0)
(0.173249 -0.00303454 0)
(0.182746 -0.00254946 0)
(0.192527 -0.002189 0)
(0.199941 -0.00180395 0)
(0.208298 -0.00157525 0)
(0.213891 -0.00131261 0)
(0.22144 -0.00124308 0)
(0.225415 -0.00111228 0)
(0.233028 -0.00123385 0)
(0.235305 -0.00119041 0)
(0.244494 -0.00165286 0)
(6.27983e-05 -0.000519272 0)
(-0.000520981 0.000138622 0)
(-0.00200976 0.000707285 0)
(-0.00391197 0.0011087 0)
(-0.00619611 0.00138521 0)
(-0.0087894 0.00160485 0)
(-0.0116553 0.00180364 0)
(-0.0147661 0.00198937 0)
(-0.0180934 0.00216207 0)
(-0.0216099 0.00232096 0)
(-0.0252903 0.00246544 0)
(-0.0291101 0.00259534 0)
(-0.0330468 0.00271102 0)
(-0.0370797 0.00281313 0)
(-0.0411905 0.00290255 0)
(-0.0453633 0.0029803 0)
(-0.0495848 0.00304756 0)
(-0.0538445 0.00310559 0)
(-0.0581347 0.00315584 0)
(-0.0624508 0.00320021 0)
(-0.0667915 0.00324108 0)
(-0.0711593 0.00328109 0)
(-0.0755601 0.00332302 0)
(-0.0800031 0.00336976 0)
(-0.0845013 0.00342436 0)
(-0.089071 0.00348998 0)
(-0.093732 0.00356978 0)
(-0.0985073 0.00366669 0)
(-0.103423 0.00378345 0)
(-0.108507 0.00392282 0)
(-0.113791 0.00408804 0)
(-0.119308 0.00428385 0)
(-0.125093 0.00451832 0)
(-0.131184 0.00480456 0)
(-0.13762 0.005161 0)
(-0.144444 0.00561133 0)
(-0.151694 0.0061837 0)
(-0.159399 0.00690833 0)
(-0.167571 0.00781211 0)
(-0.1762 0.00891063 0)
(-0.185235 0.0101976 0)
(-0.194587 0.0116333 0)
(-0.204109 0.0131379 0)
(-0.213601 0.0145899 0)
(-0.222803 0.0158371 0)
(-0.231412 0.0167208 0)
(-0.239101 0.0171051 0)
(-0.245536 0.0168822 0)
(-0.250377 0.0159834 0)
(-0.25331 0.0144053 0)
(-0.254031 0.0121948 0)
(-0.252267 0.00940945 0)
(-0.247879 0.00611416 0)
(-0.240984 0.0024485 0)
(-0.231361 -0.00144341 0)
(-0.219168 -0.00545609 0)
(-0.204311 -0.00948046 0)
(-0.186987 -0.0133942 0)
(-0.167232 -0.0171521 0)
(-0.145304 -0.0206389 0)
(-0.12141 -0.0236581 0)
(-0.0958404 -0.026365 0)
(-0.0688028 -0.0286656 0)
(-0.0406137 -0.0305417 0)
(-0.0116533 -0.0319989 0)
(0.0181219 -0.0329979 0)
(0.0479737 -0.033572 0)
(0.0782443 -0.033748 0)
(0.107661 -0.0335394 0)
(0.137461 -0.0330106 0)
(0.165624 -0.0321456 0)
(0.194185 -0.031056 0)
(0.220366 -0.029695 0)
(0.247114 -0.0282203 0)
(0.270781 -0.0265471 0)
(0.295393 -0.0248719 0)
(0.316206 -0.0230657 0)
(0.338611 -0.0213623 0)
(0.356416 -0.0195753 0)
(0.376775 -0.0179822 0)
(0.391532 -0.0163323 0)
(0.41021 -0.0149607 0)
(0.421951 -0.0135392 0)
(0.43951 -0.0124796 0)
(0.448293 -0.0113543 0)
(0.465488 -0.0106834 0)
(0.471356 -0.009901 0)
(0.489127 -0.00969377 0)
(0.492065 -0.00928273 0)
(0.51146 -0.00965507 0)
(-0.000158167 0.000422608 0)
(-0.0019385 0.00228181 0)
(-0.00540835 0.00349423 0)
(-0.00935107 0.00430451 0)
(-0.0137324 0.00493722 0)
(-0.0184518 0.00549895 0)
(-0.023469 0.00601446 0)
(-0.0287461 0.00648351 0)
(-0.0342316 0.00690179 0)
(-0.0398752 0.00726815 0)
(-0.045632 0.00758302 0)
(-0.0514615 0.00784865 0)
(-0.0573292 0.0080689 0)
(-0.0632062 0.00824833 0)
(-0.0690691 0.00839193 0)
(-0.0748996 0.00850493 0)
(-0.0806843 0.0085928 0)
(-0.0864137 0.0086614 0)
(-0.0920823 0.00871721 0)
(-0.0976876 0.00876689 0)
(-0.103231 0.00881721 0)
(-0.108717 0.00887512 0)
(-0.114153 0.00894744 0)
(-0.119547 0.00904084 0)
(-0.124909 0.00916185 0)
(-0.13025 0.00931693 0)
(-0.135578 0.00951213 0)
(-0.140905 0.00975255 0)
(-0.146237 0.0100423 0)
(-0.151578 0.0103845 0)
(-0.156929 0.0107817 0)
(-0.162282 0.011236 0)
(-0.167627 0.0117498 0)
(-0.172943 0.0123269 0)
(-0.178204 0.0129733 0)
(-0.183373 0.013695 0)
(-0.188399 0.0144953 0)
(-0.193215 0.0153735 0)
(-0.197735 0.0163192 0)
(-0.201851 0.017308 0)
(-0.205433 0.0182967 0)
(-0.208328 0.0192205 0)
(-0.210364 0.0199847 0)
(-0.211352 0.0204554 0)
(-0.211096 0.020481 0)
(-0.209388 0.0199057 0)
(-0.206059 0.018623 0)
(-0.200974 0.0165632 0)
(-0.193982 0.0136548 0)
(-0.185003 0.00991375 0)
(-0.174016 0.00540806 0)
(-0.161006 0.000246238 0)
(-0.14594 -0.00551572 0)
(-0.12898 -0.0117387 0)
(-0.109787 -0.0182029 0)
(-0.0888188 -0.0246767 0)
(-0.0659168 -0.0310306 0)
(-0.0415303 -0.0370935 0)
(-0.0154957 -0.0428491 0)
(0.0118008 -0.0480277 0)
(0.0406029 -0.0526513 0)
(0.0701807 -0.056591 0)
(0.100503 -0.0599022 0)
(0.131419 -0.0624702 0)
(0.162398 -0.0644179 0)
(0.193857 -0.0655623 0)
(0.224545 -0.0661108 0)
(0.255759 -0.0660078 0)
(0.285287 -0.0653364 0)
(0.315494 -0.0641226 0)
(0.343141 -0.0624362 0)
(0.371795 -0.0603564 0)
(0.397019 -0.0579266 0)
(0.423775 -0.0552662 0)
(0.446209 -0.0523827 0)
(0.470936 -0.0494258 0)
(0.490384 -0.0463559 0)
(0.51316 -0.0433537 0)
(0.529561 -0.0403302 0)
(0.550641 -0.0374988 0)
(0.564024 -0.0347115 0)
(0.583807 -0.0322238 0)
(0.59426 -0.0298186 0)
(0.613271 -0.0278096 0)
(0.620905 -0.0258956 0)
(0.639775 -0.0244733 0)
(0.64471 -0.0231352 0)
(0.664158 -0.0223993 0)
(0.666493 -0.0217173 0)
(0.687277 -0.021762 0)
(-0.000918439 0.00120289 0)
(-0.00478485 0.00507608 0)
(-0.0106882 0.00754472 0)
(-0.0167408 0.00920116 0)
(-0.023123 0.0104351 0)
(-0.0297873 0.0114189 0)
(-0.0366503 0.0122246 0)
(-0.0436165 0.0128889 0)
(-0.0505968 0.0134265 0)
(-0.0575207 0.0138496 0)
(-0.0643344 0.014171 0)
(-0.0709948 0.014403 0)
(-0.07747 0.0145573 0)
(-0.0837378 0.0146456 0)
(-0.0897831 0.0146794 0)
(-0.0955965 0.0146693 0)
(-0.101173 0.0146255 0)
(-0.10651 0.0145576 0)
(-0.111608 0.0144754 0)
(-0.116469 0.0143881 0)
(-0.121097 0.0143046 0)
(-0.125494 0.0142331 0)
(-0.129664 0.0141807 0)
(-0.133609 0.0141533 0)
(-0.137326 0.0141559 0)
(-0.140814 0.0141926 0)
(-0.144065 0.0142663 0)
(-0.147072 0.0143779 0)
(-0.14982 0.014526 0)
(-0.15229 0.0147074 0)
(-0.154457 0.0149172 0)
(-0.15629 0.0151497 0)
(-0.15775 0.0153985 0)
(-0.15879 0.0156583 0)
(-0.159355 0.0159273 0)
(-0.159382 0.0162035 0)
(-0.158798 0.0164795 0)
(-0.157518 0.0167426 0)
(-0.155445 0.0169693 0)
(-0.152467 0.0171212 0)
(-0.148456 0.0171429 0)
(-0.143281 0.016967 0)
(-0.136839 0.0165151 0)
(-0.129012 0.015645 0)
(-0.119715 0.0142271 0)
(-0.108828 0.0120708 0)
(-0.0962766 0.0091097 0)
(-0.0821984 0.00528387 0)
(-0.0664489 0.000596425 0)
(-0.0491521 -0.00493422 0)
(-0.0302904 -0.011274 0)
(-0.00993484 -0.0182789 0)
(0.0120351 -0.0257796 0)
(0.035187 -0.0334704 0)
(0.0599101 -0.041298 0)
(0.0856403 -0.04906 0)
(0.112846 -0.0566894 0)
(0.140774 -0.0639088 0)
(0.170024 -0.0707933 0)
(0.19967 -0.0768471 0)
(0.230227 -0.082284 0)
(0.261074 -0.0868557 0)
(0.292248 -0.0906502 0)
(0.323497 -0.0934531 0)
(0.354406 -0.0954169 0)
(0.385315 -0.0963876 0)
(0.415141 -0.0965592 0)
(0.445025 -0.0958453 0)
(0.473052 -0.0944369 0)
(0.501361 -0.0922959 0)
(0.527026 -0.0896109 0)
(0.553391 -0.0863879 0)
(0.57632 -0.0827967 0)
(0.600565 -0.0788765 0)
(0.620551 -0.0747615 0)
(0.642688 -0.0705171 0)
(0.65968 -0.0662296 0)
(0.679881 -0.0619909 0)
(0.693936 -0.05783 0)
(0.712504 -0.0538709 0)
(0.723756 -0.0500747 0)
(0.741092 -0.046609 0)
(0.749713 -0.0433563 0)
(0.766293 -0.0405465 0)
(0.77247 -0.0379693 0)
(0.788826 -0.0359421 0)
(0.792741 -0.0341423 0)
(0.809454 -0.0330069 0)
(0.811269 -0.0320715 0)
(0.82895 -0.0319257 0)
(-0.00127445 0.00690353 0)
(-0.00685881 0.0137373 0)
(-0.0154813 0.0163574 0)
(-0.0239798 0.0175166 0)
(-0.0324994 0.0183578 0)
(-0.0407946 0.0191531 0)
(-0.048736 0.0198519 0)
(-0.0562817 0.0203763 0)
(-0.0634006 0.0207071 0)
(-0.0700591 0.02087 0)
(-0.0762374 0.0208938 0)
(-0.081928 0.0208033 0)
(-0.0871325 0.0206206 0)
(-0.0918589 0.0203653 0)
(-0.0961197 0.0200541 0)
(-0.0999296 0.0197016 0)
(-0.103304 0.0193203 0)
(-0.106257 0.0189201 0)
(-0.108802 0.0185104 0)
(-0.110951 0.0181 0)
(-0.112712 0.0176971 0)
(-0.114095 0.0173083 0)
(-0.115102 0.0169385 0)
(-0.115734 0.0165907 0)
(-0.115986 0.0162658 0)
(-0.11585 0.0159639 0)
(-0.115315 0.0156846 0)
(-0.114364 0.0154243 0)
(-0.112977 0.0151757 0)
(-0.111127 0.0149297 0)
(-0.108784 0.0146753 0)
(-0.105911 0.0143997 0)
(-0.102464 0.01409 0)
(-0.0983891 0.0137352 0)
(-0.0936296 0.0133307 0)
(-0.0881273 0.0128736 0)
(-0.0818059 0.0123423 0)
(-0.0745897 0.0117153 0)
(-0.066392 0.0109643 0)
(-0.0571188 0.0100493 0)
(-0.0466559 0.00890965 0)
(-0.0348721 0.00745304 0)
(-0.0218012 0.00557864 0)
(-0.00728447 0.00321866 0)
(0.00864967 0.000252192 0)
(0.0259491 -0.00341053 0)
(0.0447843 -0.00785088 0)
(0.0648643 -0.0131312 0)
(0.0864389 -0.0192785 0)
(0.109211 -0.0262086 0)
(0.133352 -0.0338322 0)
(0.158409 -0.0419867 0)
(0.184811 -0.0506134 0)
(0.211864 -0.0594352 0)
(0.240159 -0.0683703 0)
(0.26887 -0.0771469 0)
(0.298694 -0.0856969 0)
(0.328648 -0.0937212 0)
(0.359468 -0.101197 0)
(0.390097 -0.107803 0)
(0.421215 -0.113596 0)
(0.451849 -0.118315 0)
(0.482519 -0.122072 0)
(0.512433 -0.124639 0)
(0.54186 -0.126201 0)
(0.570392 -0.126586 0)
(0.597908 -0.126032 0)
(0.624552 -0.124418 0)
(0.649656 -0.122015 0)
(0.674091 -0.118742 0)
(0.696465 -0.114884 0)
(0.718558 -0.110388 0)
(0.73806 -0.105537 0)
(0.757848 -0.100294 0)
(0.774482 -0.0949144 0)
(0.792139 -0.0893725 0)
(0.806015 -0.0838848 0)
(0.821817 -0.0784327 0)
(0.83311 -0.0731848 0)
(0.8474 -0.0681356 0)
(0.85632 -0.0633982 0)
(0.869486 -0.0589906 0)
(0.876249 -0.0549639 0)
(0.888706 -0.0513746 0)
(0.893515 -0.0482034 0)
(0.905697 -0.0455644 0)
(0.908734 -0.0433569 0)
(0.921091 -0.0417753 0)
(0.9225 -0.0406218 0)
(0.935497 -0.0402016 0)
(-0.00367629 0.00677756 0)
(-0.0135012 0.0172057 0)
(-0.0245669 0.0219277 0)
(-0.0337083 0.0246022 0)
(-0.0420089 0.026215 0)
(-0.0496631 0.0270844 0)
(-0.0566267 0.0273858 0)
(-0.0627704 0.0273038 0)
(-0.0679996 0.0269756 0)
(-0.0723147 0.0264726 0)
(-0.0757706 0.0258417 0)
(-0.0784256 0.0251154 0)
(-0.0803386 0.0243218 0)
(-0.0815655 0.0234837 0)
(-0.0821585 0.0226185 0)
(-0.0821648 0.0217402 0)
(-0.0816264 0.0208593 0)
(-0.080578 0.0199819 0)
(-0.0790485 0.0191132 0)
(-0.077062 0.0182589 0)
(-0.074637 0.0174232 0)
(-0.0717868 0.016608 0)
(-0.0685196 0.0158139 0)
(-0.0648367 0.0150379 0)
(-0.0607331 0.0142762 0)
(-0.0561953 0.0135238 0)
(-0.0512129 0.0127796 0)
(-0.0457664 0.0120381 0)
(-0.0398293 0.0112867 0)
(-0.0333728 0.0105116 0)
(-0.0263641 0.00969852 0)
(-0.0187645 0.00883098 0)
(-0.0105286 0.00789046 0)
(-0.00159145 0.00685335 0)
(0.00810368 0.00569016 0)
(0.0185737 0.00437888 0)
(0.0299121 0.00291329 0)
(0.0421851 0.00127388 0)
(0.05547 -0.000574711 0)
(0.0698389 -0.0026769 0)
(0.085363 -0.00508398 0)
(0.10212 -0.00785341 0)
(0.120121 -0.0110871 0)
(0.139424 -0.0148457 0)
(0.160161 -0.0192712 0)
(0.182125 -0.0243683 0)
(0.205489 -0.0302127 0)
(0.229925 -0.0367808 0)
(0.255684 -0.0441018 0)
(0.28229 -0.0521073 0)
(0.310098 -0.0607437 0)
(0.33844 -0.0698315 0)
(0.36783 -0.0792815 0)
(0.397424 -0.0888376 0)
(0.427867 -0.0983989 0)
(0.458149 -0.107676 0)
(0.489041 -0.116586 0)
(0.519369 -0.124821 0)
(0.549999 -0.132341 0)
(0.579644 -0.138844 0)
(0.609239 -0.144354 0)
(0.637462 -0.148614 0)
(0.665294 -0.151738 0)
(0.691465 -0.153515 0)
(0.716939 -0.15414 0)
(0.740617 -0.153457 0)
(0.763362 -0.151734 0)
(0.784344 -0.148852 0)
(0.804207 -0.145135 0)
(0.822499 -0.140491 0)
(0.839504 -0.135273 0)
(0.855273 -0.129398 0)
(0.869577 -0.123227 0)
(0.883097 -0.116668 0)
(0.894935 -0.110073 0)
(0.906543 -0.103329 0)
(0.916182 -0.0967671 0)
(0.926235 -0.0902545 0)
(0.93394 -0.0840931 0)
(0.942792 -0.0781343 0)
(0.948809 -0.0726501 0)
(0.9568 -0.0674828 0)
(0.961342 -0.0628739 0)
(0.968794 -0.0586669 0)
(0.972035 -0.0550723 0)
(0.979258 -0.0519465 0)
(0.981333 -0.049466 0)
(0.988624 -0.0475154 0)
(0.989618 -0.0462312 0)
(0.997264 -0.0455457 0)
(-0.00179674 0.0287819 0)
(-0.00959691 0.0405143 0)
(-0.0241406 0.0404514 0)
(-0.035586 0.0380403 0)
(-0.0446637 0.0362064 0)
(-0.0511224 0.0347325 0)
(-0.0552611 0.0332673 0)
(-0.0574761 0.0317356 0)
(-0.058128 0.0301509 0)
(-0.0574934 0.0285374 0)
(-0.0557612 0.0269183 0)
(-0.0530772 0.025307 0)
(-0.0495661 0.0237205 0)
(-0.0453325 0.0221706 0)
(-0.0404649 0.0206632 0)
(-0.035037 0.019201 0)
(-0.0291148 0.0177851 0)
(-0.0227418 0.0164077 0)
(-0.0159569 0.015066 0)
(-0.00879245 0.0137624 0)
(-0.00127073 0.0124965 0)
(0.00659456 0.0112655 0)
(0.0147936 0.0100656 0)
(0.0233329 0.00888667 0)
(0.0322196 0.00771787 0)
(0.0414888 0.00654415 0)
(0.0511431 0.00534566 0)
(0.0612008 0.00410844 0)
(0.0717037 0.00282634 0)
(0.0826894 0.0014871 0)
(0.0941959 7.19967e-05 0)
(0.10627 -0.00144154 0)
(0.118953 -0.00307609 0)
(0.132296 -0.00485512 0)
(0.146354 -0.00680158 0)
(0.161151 -0.0089492 0)
(0.176788 -0.0113247 0)
(0.193317 -0.0139557 0)
(0.210804 -0.0168735 0)
(0.229283 -0.0201222 0)
(0.248842 -0.0237465 0)
(0.269471 -0.0278028 0)
(0.291283 -0.0323265 0)
(0.314178 -0.0373815 0)
(0.338306 -0.0430418 0)
(0.363438 -0.0493423 0)
(0.389731 -0.0563145 0)
(0.416823 -0.0639416 0)
(0.444923 -0.0722112 0)
(0.473517 -0.0810361 0)
(0.502895 -0.0903432 0)
(0.532375 -0.0999561 0)
(0.562348 -0.109756 0)
(0.591964 -0.119507 0)
(0.621745 -0.129078 0)
(0.650677 -0.1382 0)
(0.679442 -0.146759 0)
(0.706864 -0.154479 0)
(0.733806 -0.161296 0)
(0.758958 -0.166949 0)
(0.783382 -0.17145 0)
(0.805671 -0.174578 0)
(0.827089 -0.176439 0)
(0.84618 -0.176865 0)
(0.864384 -0.17606 0)
(0.88024 -0.173904 0)
(0.895305 -0.170685 0)
(0.908147 -0.166313 0)
(0.920352 -0.161142 0)
(0.930561 -0.155089 0)
(0.940298 -0.148546 0)
(0.94833 -0.141412 0)
(0.956022 -0.134095 0)
(0.962335 -0.126461 0)
(0.968381 -0.118914 0)
(0.973389 -0.111279 0)
(0.978129 -0.103954 0)
(0.982185 -0.0967188 0)
(0.985889 -0.0899642 0)
(0.989276 -0.0834272 0)
(0.99215 -0.0774964 0)
(0.995096 -0.0718696 0)
(0.997286 -0.0669384 0)
(0.999973 -0.0623666 0)
(1.00158 -0.0585548 0)
(1.00416 -0.0551378 0)
(1.00524 -0.0525301 0)
(1.00784 -0.0503433 0)
(1.0084 -0.0490083 0)
(1.01113 -0.0481179 0)
(-0.0196381 0.00823554 0)
(-0.0379279 0.0319124 0)
(-0.0411697 0.0392437 0)
(-0.043309 0.0400359 0)
(-0.0422251 0.0383779 0)
(-0.0387838 0.0356208 0)
(-0.0334401 0.0325534 0)
(-0.026533 0.0295044 0)
(-0.0183202 0.0265793 0)
(-0.00908397 0.02384 0)
(0.000989395 0.0212679 0)
(0.0117416 0.0188349 0)
(0.0230172 0.0165382 0)
(0.0347056 0.0143719 0)
(0.046719 0.0123276 0)
(0.058996 0.0103956 0)
(0.0714546 0.00857072 0)
(0.0840908 0.00684854 0)
(0.0968856 0.00521269 0)
(0.109807 0.00363754 0)
(0.122844 0.00210278 0)
(0.136002 0.000594767 0)
(0.149269 -0.000897991 0)
(0.16268 -0.0023841 0)
(0.176248 -0.003875 0)
(0.190014 -0.0053882 0)
(0.203995 -0.00694449 0)
(0.218229 -0.00856801 0)
(0.232771 -0.0102785 0)
(0.247668 -0.0120956 0)
(0.26296 -0.0140392 0)
(0.2787 -0.0161338 0)
(0.294931 -0.0184028 0)
(0.311705 -0.0208725 0)
(0.329072 -0.0235643 0)
(0.347076 -0.0264984 0)
(0.36577 -0.0297014 0)
(0.385194 -0.0332095 0)
(0.4054 -0.0370509 0)
(0.426399 -0.0412642 0)
(0.448245 -0.0458804 0)
(0.470909 -0.0509418 0)
(0.494445 -0.056481 0)
(0.518754 -0.0625366 0)
(0.543879 -0.069136 0)
(0.569633 -0.076296 0)
(0.596045 -0.0840082 0)
(0.622814 -0.092241 0)
(0.649979 -0.100938 0)
(0.677118 -0.110009 0)
(0.704316 -0.119347 0)
(0.731014 -0.1288 0)
(0.757374 -0.138223 0)
(0.782705 -0.147414 0)
(0.807309 -0.156213 0)
(0.830365 -0.164393 0)
(0.852378 -0.171814 0)
(0.872395 -0.178252 0)
(0.89118 -0.183626 0)
(0.907651 -0.18774 0)
(0.922872 -0.190597 0)
(0.93562 -0.192045 0)
(0.947276 -0.192194 0)
(0.956462 -0.190935 0)
(0.964872 -0.188477 0)
(0.970954 -0.184745 0)
(0.976668 -0.180039 0)
(0.98027 -0.174298 0)
(0.983932 -0.167886 0)
(0.985715 -0.160725 0)
(0.987943 -0.15322 0)
(0.988496 -0.14525 0)
(0.989806 -0.137238 0)
(0.989598 -0.129006 0)
(0.990372 -0.120989 0)
(0.989735 -0.112946 0)
(0.99023 -0.105321 0)
(0.989379 -0.0978157 0)
(0.989749 -0.0908848 0)
(0.98881 -0.0841708 0)
(0.989139 -0.0781482 0)
(0.988178 -0.0724025 0)
(0.988502 -0.0674343 0)
(0.987543 -0.0627749 0)
(0.987865 -0.058959 0)
(0.986906 -0.055465 0)
(0.987201 -0.0528703 0)
(0.986218 -0.0506005 0)
(0.986432 -0.0492821 0)
(0.985379 -0.0482854 0)
(-0.0190263 0.108023 0)
(-0.0182224 0.0727854 0)
(-0.0113775 0.0580585 0)
(0.00113127 0.0461574 0)
(0.0175019 0.0363367 0)
(0.0360451 0.0287864 0)
(0.0558104 0.0228545 0)
(0.0760747 0.0179803 0)
(0.096619 0.0137832 0)
(0.116959 0.0100813 0)
(0.137129 0.00680744 0)
(0.157112 0.00391556 0)
(0.176779 0.00133236 0)
(0.196113 -0.00101195 0)
(0.215103 -0.00316383 0)
(0.233763 -0.00515412 0)
(0.252077 -0.00700707 0)
(0.270075 -0.00874497 0)
(0.287772 -0.0103898 0)
(0.305173 -0.0119682 0)
(0.3223 -0.0135081 0)
(0.339191 -0.0150346 0)
(0.355874 -0.0165673 0)
(0.372408 -0.0181241 0)
(0.388831 -0.0197214 0)
(0.405192 -0.02138 0)
(0.421533 -0.0231186 0)
(0.437908 -0.0249582 0)
(0.454367 -0.0269222 0)
(0.470968 -0.0290367 0)
(0.487756 -0.0313238 0)
(0.504786 -0.0338076 0)
(0.522096 -0.0365078 0)
(0.539734 -0.0394485 0)
(0.557731 -0.0426478 0)
(0.57613 -0.0461301 0)
(0.594947 -0.0499134 0)
(0.614213 -0.054025 0)
(0.633932 -0.0584823 0)
(0.654112 -0.0633123 0)
(0.674735 -0.0685301 0)
(0.695777 -0.0741613 0)
(0.717198 -0.0802163 0)
(0.738922 -0.0867152 0)
(0.760872 -0.0936554 0)
(0.782909 -0.101036 0)
(0.804922 -0.108821 0)
(0.826698 -0.116967 0)
(0.848112 -0.125393 0)
(0.868872 -0.134007 0)
(0.888876 -0.142681 0)
(0.907757 -0.151279 0)
(0.925485 -0.159639 0)
(0.941643 -0.167592 0)
(0.956339 -0.174964 0)
(0.969101 -0.181581 0)
(0.980248 -0.187296 0)
(0.989239 -0.191955 0)
(0.996669 -0.195472 0)
(1.00189 -0.197735 0)
(1.00583 -0.198744 0)
(1.00767 -0.198435 0)
(1.00867 -0.196908 0)
(1.00779 -0.194132 0)
(1.00665 -0.190294 0)
(1.00384 -0.18538 0)
(1.00137 -0.179662 0)
(0.997411 -0.173109 0)
(0.994327 -0.166057 0)
(0.98983 -0.158428 0)
(0.986664 -0.150602 0)
(0.982058 -0.142434 0)
(0.97914 -0.13434 0)
(0.974661 -0.126092 0)
(0.972155 -0.118145 0)
(0.967896 -0.110188 0)
(0.96585 -0.102717 0)
(0.961812 -0.0953366 0)
(0.960217 -0.0885922 0)
(0.956359 -0.0820047 0)
(0.95518 -0.0761715 0)
(0.951437 -0.0705301 0)
(0.950634 -0.0657367 0)
(0.946929 -0.0611446 0)
(0.946451 -0.0574766 0)
(0.942689 -0.0540021 0)
(0.942474 -0.0515174 0)
(0.938542 -0.0492086 0)
(0.938505 -0.047951 0)
(0.93427 -0.0468471 0)
(0.0699676 0.00704646 0)
(0.0899471 0.00650403 0)
(0.153671 0.00601783 0)
(0.19865 0.00280917 0)
(0.237542 -0.00151744 0)
(0.272924 -0.0056683 0)
(0.305604 -0.00925841 0)
(0.33545 -0.0123059 0)
(0.363216 -0.0149218 0)
(0.38918 -0.017185 0)
(0.413686 -0.0191747 0)
(0.436968 -0.020946 0)
(0.459105 -0.0225375 0)
(0.48021 -0.0239833 0)
(0.500387 -0.0253093 0)
(0.519726 -0.0265376 0)
(0.538298 -0.0276875 0)
(0.556167 -0.0287836 0)
(0.573393 -0.0298496 0)
(0.590031 -0.0309065 0)
(0.606135 -0.0319746 0)
(0.621763 -0.0330759 0)
(0.636973 -0.0342308 0)
(0.651829 -0.0354612 0)
(0.666383 -0.0367878 0)
(0.68069 -0.038231 0)
(0.694799 -0.0398093 0)
(0.708764 -0.0415423 0)
(0.72263 -0.043449 0)
(0.736447 -0.0455501 0)
(0.750256 -0.0478637 0)
(0.764098 -0.0504099 0)
(0.777998 -0.0532063 0)
(0.791987 -0.0562721 0)
(0.806076 -0.0596218 0)
(0.820284 -0.0632723 0)
(0.834603 -0.0672353 0)
(0.849039 -0.0715257 0)
(0.86356 -0.0761527 0)
(0.878151 -0.0811289 0)
(0.892756 -0.0864584 0)
(0.907329 -0.092149 0)
(0.921783 -0.098196 0)
(0.936035 -0.104598 0)
(0.94996 -0.111334 0)
(0.963445 -0.118381 0)
(0.976332 -0.125687 0)
(0.988477 -0.133197 0)
(0.999709 -0.14082 0)
(1.00986 -0.148463 0)
(1.01879 -0.155996 0)
(1.02632 -0.163295 0)
(1.03238 -0.170202 0)
(1.03683 -0.176581 0)
(1.03969 -0.182277 0)
(1.04087 -0.18717 0)
(1.04055 -0.191132 0)
(1.03862 -0.194084 0)
(1.03549 -0.19595 0)
(1.03099 -0.196698 0)
(1.02574 -0.19632 0)
(1.01942 -0.194827 0)
(1.01289 -0.19228 0)
(1.00555 -0.18872 0)
(0.998563 -0.184276 0)
(0.990875 -0.178993 0)
(0.984018 -0.173057 0)
(0.976416 -0.166486 0)
(0.970057 -0.159516 0)
(0.962751 -0.152105 0)
(0.957044 -0.144541 0)
(0.950059 -0.136704 0)
(0.945021 -0.128944 0)
(0.938288 -0.121048 0)
(0.933878 -0.113437 0)
(0.927298 -0.105795 0)
(0.923469 -0.0986263 0)
(0.916944 -0.0914962 0)
(0.913676 -0.0850083 0)
(0.907129 -0.078597 0)
(0.904429 -0.0729782 0)
(0.897788 -0.0674409 0)
(0.895674 -0.0628283 0)
(0.888848 -0.0582692 0)
(0.887333 -0.0547517 0)
(0.880194 -0.0512318 0)
(0.879265 -0.0488625 0)
(0.871637 -0.0464159 0)
(0.871245 -0.0452256 0)
(0.86291 -0.0438684 0)
(0.773799 -0.00924851 0)
(0.7754 -0.0207002 0)
(0.776283 -0.026944 0)
(0.778015 -0.0306707 0)
(0.781728 -0.0333525 0)
(0.78719 -0.0355908 0)
(0.794127 -0.0375126 0)
(0.801903 -0.0390875 0)
(0.8103 -0.0403308 0)
(0.819104 -0.0412833 0)
(0.828133 -0.0420204 0)
(0.837259 -0.0426162 0)
(0.846384 -0.0431144 0)
(0.855436 -0.0435401 0)
(0.864361 -0.0439116 0)
(0.87312 -0.0442451 0)
(0.881683 -0.0445579 0)
(0.89003 -0.0448692 0)
(0.898151 -0.0451994 0)
(0.906042 -0.0455689 0)
(0.913711 -0.0459985 0)
(0.921167 -0.0465096 0)
(0.928428 -0.0471247 0)
(0.935513 -0.0478671 0)
(0.942445 -0.0487584 0)
(0.949245 -0.0498185 0)
(0.955933 -0.0510653 0)
(0.96253 -0.0525156 0)
(0.969055 -0.054185 0)
(0.975525 -0.0560885 0)
(0.981953 -0.05824 0)
(0.988348 -0.0606533 0)
(0.994711 -0.0633405 0)
(1.00104 -0.066313 0)
(1.00733 -0.06958 0)
(1.01358 -0.0731494 0)
(1.01974 -0.0770269 0)
(1.02581 -0.0812175 0)
(1.03174 -0.0857233 0)
(1.0375 -0.0905451 0)
(1.04301 -0.0956795 0)
(1.04824 -0.10112 0)
(1.05309 -0.106853 0)
(1.05749 -0.112858 0)
(1.06135 -0.119103 0)
(1.06458 -0.125547 0)
(1.06707 -0.132133 0)
(1.06874 -0.138798 0)
(1.06949 -0.145456 0)
(1.06925 -0.152016 0)
(1.06795 -0.15837 0)
(1.06557 -0.16441 0)
(1.0621 -0.170014 0)
(1.05756 -0.175077 0)
(1.05202 -0.179484 0)
(1.04557 -0.183151 0)
(1.03832 -0.185983 0)
(1.03042 -0.187932 0)
(1.02203 -0.188942 0)
(1.01326 -0.189008 0)
(1.00435 -0.188114 0)
(0.995259 -0.186298 0)
(0.986313 -0.183577 0)
(0.977253 -0.180023 0)
(0.96853 -0.175688 0)
(0.959585 -0.170652 0)
(0.951124 -0.164993 0)
(0.942206 -0.158781 0)
(0.93394 -0.152126 0)
(0.924894 -0.145074 0)
(0.91675 -0.137776 0)
(0.907443 -0.130229 0)
(0.899412 -0.122645 0)
(0.889786 -0.114953 0)
(0.881961 -0.107439 0)
(0.872034 -0.0999384 0)
(0.864585 -0.0928233 0)
(0.854411 -0.0857991 0)
(0.847549 -0.0793519 0)
(0.837169 -0.0730255 0)
(0.831114 -0.0674538 0)
(0.820519 -0.0619826 0)
(0.81547 -0.0574327 0)
(0.80456 -0.0529082 0)
(0.800679 -0.0494651 0)
(0.789238 -0.0459199 0)
(0.786641 -0.0436228 0)
(0.774327 -0.0410512 0)
(0.773097 -0.0399096 0)
(0.759456 -0.0382786 0)
(1.05724 0.00819608 0)
(1.06035 -0.000221184 0)
(1.06109 -0.0074065 0)
(1.06037 -0.0130926 0)
(1.05952 -0.0177567 0)
(1.05925 -0.0218076 0)
(1.05969 -0.0254204 0)
(1.06069 -0.0286064 0)
(1.06204 -0.0313621 0)
(1.06358 -0.0337084 0)
(1.06522 -0.0356897 0)
(1.06691 -0.0373602 0)
(1.06864 -0.0387723 0)
(1.07037 -0.0399712 0)
(1.07209 -0.0409964 0)
(1.07377 -0.041883 0)
(1.0754 -0.0426643 0)
(1.07695 -0.0433726 0)
(1.07843 -0.0440397 0)
(1.07981 -0.0446968 0)
(1.0811 -0.0453745 0)
(1.08229 -0.0461027 0)
(1.0834 -0.0469109 0)
(1.08441 -0.0478271 0)
(1.08535 -0.0488775 0)
(1.08621 -0.0500857 0)
(1.087 -0.0514729 0)
(1.08771 -0.0530579 0)
(1.08837 -0.0548575 0)
(1.08895 -0.0568868 0)
(1.08947 -0.0591588 0)
(1.08991 -0.0616845 0)
(1.09028 -0.0644721 0)
(1.09055 -0.0675287 0)
(1.09071 -0.0708589 0)
(1.09075 -0.0744666 0)
(1.09065 -0.0783528 0)
(1.09038 -0.0825177 0)
(1.08991 -0.0869584 0)
(1.08921 -0.09167 0)
(1.08825 -0.0966431 0)
(1.08699 -0.101865 0)
(1.08538 -0.107315 0)
(1.08339 -0.112969 0)
(1.08097 -0.11879 0)
(1.07809 -0.124736 0)
(1.0747 -0.130753 0)
(1.07078 -0.136779 0)
(1.06629 -0.14274 0)
(1.06124 -0.148554 0)
(1.05561 -0.154136 0)
(1.04943 -0.159395 0)
(1.04271 -0.164239 0)
(1.03551 -0.168584 0)
(1.02786 -0.172344 0)
(1.01983 -0.175445 0)
(1.01143 -0.177814 0)
(1.00274 -0.179397 0)
(0.993755 -0.18014 0)
(0.9845 -0.180018 0)
(0.97495 -0.179007 0)
(0.965084 -0.177127 0)
(0.954862 -0.174382 0)
(0.944205 -0.170831 0)
(0.933119 -0.166493 0)
(0.921455 -0.16144 0)
(0.909348 -0.155701 0)
(0.896541 -0.149377 0)
(0.883405 -0.14253 0)
(0.869497 -0.135285 0)
(0.855532 -0.127723 0)
(0.840737 -0.119963 0)
(0.826312 -0.112103 0)
(0.81096 -0.104244 0)
(0.796556 -0.0965123 0)
(0.781021 -0.0889612 0)
(0.76716 -0.0817457 0)
(0.75177 -0.0748251 0)
(0.738938 -0.068403 0)
(0.723887 -0.0623151 0)
(0.712484 -0.0568586 0)
(0.697784 -0.0517073 0)
(0.688136 -0.047312 0)
(0.673591 -0.0431271 0)
(0.665971 -0.0398367 0)
(0.65115 -0.0365965 0)
(0.645812 -0.0344226 0)
(0.63002 -0.0320629 0)
(0.62728 -0.030992 0)
(0.609554 -0.0294187 0)
(1.08192 -0.0033428 0)
(1.0879 -0.010949 0)
(1.09221 -0.0183153 0)
(1.09487 -0.0244473 0)
(1.09639 -0.0292026 0)
(1.09737 -0.0329054 0)
(1.09821 -0.0359146 0)
(1.09906 -0.0384565 0)
(1.09992 -0.040625 0)
(1.10074 -0.0424469 0)
(1.10148 -0.0439361 0)
(1.10212 -0.0451188 0)
(1.10267 -0.0460352 0)
(1.10312 -0.0467323 0)
(1.1035 -0.0472573 0)
(1.1038 -0.0476537 0)
(1.10402 -0.0479613 0)
(1.10415 -0.0482167 0)
(1.10418 -0.0484544 0)
(1.10412 -0.0487071 0)
(1.10396 -0.0490065 0)
(1.10369 -0.0493826 0)
(1.10333 -0.049864 0)
(1.10286 -0.0504773 0)
(1.10229 -0.0512469 0)
(1.10162 -0.0521945 0)
(1.10086 -0.0533395 0)
(1.09999 -0.0546986 0)
(1.09903 -0.056286 0)
(1.09797 -0.0581136 0)
(1.09681 -0.0601907 0)
(1.09553 -0.0625245 0)
(1.09415 -0.0651202 0)
(1.09264 -0.0679812 0)
(1.091 -0.0711094 0)
(1.08922 -0.0745054 0)
(1.08729 -0.0781677 0)
(1.0852 -0.0820937 0)
(1.08292 -0.0862772 0)
(1.08045 -0.0907107 0)
(1.07777 -0.0953816 0)
(1.07485 -0.100275 0)
(1.07168 -0.105367 0)
(1.06823 -0.110633 0)
(1.06449 -0.116035 0)
(1.06042 -0.121532 0)
(1.05601 -0.127071 0)
(1.05123 -0.132591 0)
(1.04605 -0.138022 0)
(1.04043 -0.143289 0)
(1.03434 -0.14831 0)
(1.02775 -0.153003 0)
(1.02061 -0.157285 0)
(1.01288 -0.161075 0)
(1.0045 -0.164298 0)
(0.99542 -0.166881 0)
(0.985577 -0.168754 0)
(0.974905 -0.169847 0)
(0.963328 -0.170096 0)
(0.950773 -0.169444 0)
(0.937161 -0.167858 0)
(0.922437 -0.165337 0)
(0.90655 -0.161909 0)
(0.8895 -0.157627 0)
(0.871303 -0.152532 0)
(0.852024 -0.146687 0)
(0.831748 -0.140143 0)
(0.810563 -0.133008 0)
(0.788651 -0.125389 0)
(0.766126 -0.117451 0)
(0.743297 -0.109309 0)
(0.720213 -0.10112 0)
(0.697326 -0.0929676 0)
(0.674488 -0.0849988 0)
(0.652368 -0.0772785 0)
(0.63049 -0.0699448 0)
(0.609891 -0.0630334 0)
(0.589544 -0.0566458 0)
(0.571061 -0.0507761 0)
(0.552536 -0.0454688 0)
(0.53653 -0.0406982 0)
(0.519792 -0.0364527 0)
(0.506452 -0.0327377 0)
(0.491152 -0.0294694 0)
(0.480592 -0.0267481 0)
(0.46605 -0.0243579 0)
(0.458456 -0.0225787 0)
(0.443595 -0.0209487 0)
(0.439427 -0.0200721 0)
(0.422633 -0.0190709 0)
(1.07464 -0.00724516 0)
(1.08071 -0.0122292 0)
(1.08565 -0.0174114 0)
(1.08938 -0.0222507 0)
(1.09205 -0.0263975 0)
(1.09397 -0.0298056 0)
(1.09546 -0.0326114 0)
(1.09674 -0.0349764 0)
(1.09791 -0.0370088 0)
(1.09898 -0.0387572 0)
(1.09994 -0.0402365 0)
(1.10077 -0.0414561 0)
(1.10146 -0.0424352 0)
(1.10201 -0.0432046 0)
(1.10244 -0.0438025 0)
(1.10276 -0.0442689 0)
(1.10295 -0.0446428 0)
(1.10303 -0.044961 0)
(1.10298 -0.0452584 0)
(1.1028 -0.045568 0)
(1.1025 -0.0459217 0)
(1.10206 -0.0463494 0)
(1.1015 -0.0468791 0)
(1.1008 -0.0475364 0)
(1.09998 -0.0483449 0)
(1.09903 -0.0493253 0)
(1.09797 -0.0504965 0)
(1.09677 -0.0518742 0)
(1.09546 -0.053472 0)
(1.09403 -0.0553002 0)
(1.09247 -0.057367 0)
(1.09078 -0.0596781 0)
(1.08896 -0.0622374 0)
(1.087 -0.0650469 0)
(1.08489 -0.0681073 0)
(1.08261 -0.0714176 0)
(1.08016 -0.0749752 0)
(1.07751 -0.0787753 0)
(1.07465 -0.0828106 0)
(1.07156 -0.0870709 0)
(1.06821 -0.0915415 0)
(1.06458 -0.096204 0)
(1.06062 -0.101033 0)
(1.0563 -0.106 0)
(1.05157 -0.111065 0)
(1.04639 -0.116185 0)
(1.04069 -0.121303 0)
(1.03441 -0.126358 0)
(1.02746 -0.131275 0)
(1.01976 -0.135978 0)
(1.01122 -0.140377 0)
(1.00172 -0.144387 0)
(0.991146 -0.147917 0)
(0.979396 -0.150887 0)
(0.966347 -0.153214 0)
(0.951907 -0.154833 0)
(0.93598 -0.155674 0)
(0.9185 -0.155671 0)
(0.899403 -0.15475 0)
(0.878648 -0.152846 0)
(0.856208 -0.149923 0)
(0.832087 -0.146 0)
(0.806335 -0.141143 0)
(0.779064 -0.135443 0)
(0.750468 -0.128989 0)
(0.720782 -0.121877 0)
(0.690263 -0.114203 0)
(0.659141 -0.106094 0)
(0.627697 -0.0977085 0)
(0.59622 -0.0892477 0)
(0.565097 -0.0808894 0)
(0.534648 -0.0727942 0)
(0.505245 -0.0650679 0)
(0.477072 -0.0578086 0)
(0.450446 -0.0510574 0)
(0.425398 -0.0448779 0)
(0.402265 -0.0392744 0)
(0.380872 -0.0343043 0)
(0.361625 -0.0299274 0)
(0.344007 -0.026178 0)
(0.32861 -0.0229527 0)
(0.314409 -0.0202783 0)
(0.302469 -0.0180062 0)
(0.29097 -0.0161918 0)
(0.281982 -0.0146567 0)
(0.27224 -0.0135011 0)
(0.265843 -0.0125371 0)
(0.25663 -0.0118881 0)
(0.252957 -0.0114135 0)
(0.242423 -0.0111611 0)
(1.06827 -0.0147055 0)
(1.07411 -0.0187351 0)
(1.07916 -0.0228981 0)
(1.08333 -0.0269203 0)
(1.08664 -0.0305606 0)
(1.08925 -0.0336926 0)
(1.09136 -0.0363183 0)
(1.09314 -0.0385113 0)
(1.09473 -0.0403539 0)
(1.09617 -0.041904 0)
(1.09748 -0.0431926 0)
(1.09863 -0.0442359 0)
(1.09962 -0.0450494 0)
(1.10044 -0.0456555 0)
(1.10108 -0.0460848 0)
(1.10156 -0.0463735 0)
(1.10186 -0.0465601 0)
(1.10199 -0.0466827 0)
(1.10195 -0.0467789 0)
(1.10172 -0.0468846 0)
(1.10131 -0.0470341 0)
(1.10072 -0.047259 0)
(1.09995 -0.0475886 0)
(1.09899 -0.0480477 0)
(1.09785 -0.0486595 0)
(1.09654 -0.0494437 0)
(1.09505 -0.0504182 0)
(1.09338 -0.0515976 0)
(1.09153 -0.0529946 0)
(1.0895 -0.0546179 0)
(1.08728 -0.0564749 0)
(1.08486 -0.0585691 0)
(1.08223 -0.060903 0)
(1.07937 -0.0634758 0)
(1.07627 -0.0662863 0)
(1.07289 -0.0693298 0)
(1.06921 -0.0726015 0)
(1.06519 -0.0760924 0)
(1.06081 -0.0797922 0)
(1.056 -0.0836855 0)
(1.05073 -0.0877538 0)
(1.04494 -0.0919718 0)
(1.03856 -0.0963093 0)
(1.03151 -0.100728 0)
(1.02373 -0.105184 0)
(1.01511 -0.109624 0)
(1.00557 -0.113989 0)
(0.99497 -0.118207 0)
(0.983218 -0.122197 0)
(0.970171 -0.125869 0)
(0.955703 -0.129126 0)
(0.939669 -0.131877 0)
(0.921936 -0.134026 0)
(0.902375 -0.13549 0)
(0.880872 -0.136189 0)
(0.857354 -0.136073 0)
(0.831763 -0.135094 0)
(0.804129 -0.133217 0)
(0.774476 -0.130392 0)
(0.742921 -0.126576 0)
(0.709551 -0.121762 0)
(0.674519 -0.116013 0)
(0.637984 -0.109431 0)
(0.600254 -0.10215 0)
(0.561745 -0.0943269 0)
(0.522964 -0.0861586 0)
(0.48442 -0.0778218 0)
(0.446559 -0.069483 0)
(0.409744 -0.06131 0)
(0.374361 -0.0534859 0)
(0.340927 -0.0461533 0)
(0.309908 -0.039469 0)
(0.281688 -0.0335634 0)
(0.256424 -0.0285064 0)
(0.234181 -0.0242909 0)
(0.214828 -0.0208663 0)
(0.198203 -0.018119 0)
(0.183971 -0.0159347 0)
(0.171931 -0.0141749 0)
(0.16166 -0.0127645 0)
(0.15303 -0.0115974 0)
(0.145548 -0.0106492 0)
(0.139272 -0.0098288 0)
(0.133595 -0.00916904 0)
(0.128899 -0.00856503 0)
(0.124263 -0.00811943 0)
(0.120687 -0.00767417 0)
(0.116382 -0.00743671 0)
(0.113952 -0.00714771 0)
(0.108657 -0.00707706 0)
(1.06561 -0.0206779 0)
(1.07132 -0.0239213 0)
(1.07642 -0.0272301 0)
(1.08083 -0.03046 0)
(1.08454 -0.0334646 0)
(1.08762 -0.0361318 0)
(1.09018 -0.0384138 0)
(1.09236 -0.0403224 0)
(1.09426 -0.0418998 0)
(1.09594 -0.0431909 0)
(1.09743 -0.0442284 0)
(1.09871 -0.0450334 0)
(1.09976 -0.0456217 0)
(1.10057 -0.0460117 0)
(1.10113 -0.046228 0)
(1.10142 -0.0463018 0)
(1.10145 -0.0462686 0)
(1.10121 -0.0461666 0)
(1.1007 -0.0460342 0)
(1.09989 -0.0459096 0)
(1.09881 -0.0458295 0)
(1.09743 -0.045828 0)
(1.09578 -0.0459353 0)
(1.09384 -0.0461758 0)
(1.09161 -0.0465707 0)
(1.08911 -0.0471375 0)
(1.08631 -0.0478918 0)
(1.08322 -0.0488456 0)
(1.07983 -0.0500087 0)
(1.07613 -0.0513873 0)
(1.07209 -0.0529858 0)
(1.0677 -0.0548045 0)
(1.06294 -0.0568425 0)
(1.05776 -0.0590948 0)
(1.05214 -0.0615559 0)
(1.04601 -0.0642162 0)
(1.03935 -0.0670655 0)
(1.03207 -0.0700891 0)
(1.02413 -0.0732708 0)
(1.01543 -0.0765884 0)
(1.00593 -0.0800169 0)
(0.995502 -0.0835225 0)
(0.984081 -0.0870665 0)
(0.971542 -0.0905998 0)
(0.957792 -0.0940678 0)
(0.942692 -0.0974097 0)
(0.926139 -0.100561 0)
(0.907986 -0.103443 0)
(0.888133 -0.105967 0)
(0.866429 -0.108041 0)
(0.842779 -0.109573 0)
(0.817046 -0.110477 0)
(0.789167 -0.110678 0)
(0.759057 -0.110104 0)
(0.726724 -0.108705 0)
(0.692153 -0.106427 0)
(0.655442 -0.103245 0)
(0.616761 -0.0991588 0)
(0.576367 -0.0941591 0)
(0.534735 -0.088327 0)
(0.492196 -0.0817659 0)
(0.449199 -0.0746303 0)
(0.406059 -0.0670341 0)
(0.363409 -0.0591686 0)
(0.321944 -0.0512099 0)
(0.282484 -0.0433787 0)
(0.245937 -0.0360388 0)
(0.212984 -0.0296149 0)
(0.183793 -0.0243536 0)
(0.15849 -0.0202332 0)
(0.137171 -0.0171494 0)
(0.119516 -0.0148963 0)
(0.105047 -0.0132035 0)
(0.0931123 -0.0118535 0)
(0.0831043 -0.0107391 0)
(0.0745425 -0.00982615 0)
(0.0671194 -0.00908145 0)
(0.0606191 -0.00847325 0)
(0.0549158 -0.00795411 0)
(0.0498778 -0.00749254 0)
(0.0454738 -0.00706163 0)
(0.0415763 -0.00666693 0)
(0.0381666 -0.0062876 0)
(0.0350857 -0.0059462 0)
(0.032381 -0.00561565 0)
(0.0298231 -0.00534412 0)
(0.0275859 -0.00507541 0)
(0.025283 -0.00489951 0)
(0.023443 -0.00466268 0)
(0.0206581 -0.00470119 0)
(1.0663 -0.0268705 0)
(1.07183 -0.0294461 0)
(1.07678 -0.0320359 0)
(1.08109 -0.0345734 0)
(1.08473 -0.0369766 0)
(1.08773 -0.0391603 0)
(1.09014 -0.0410606 0)
(1.09206 -0.042651 0)
(1.09354 -0.0439391 0)
(1.09465 -0.0449488 0)
(1.09539 -0.0457054 0)
(1.09575 -0.0462289 0)
(1.09573 -0.0465351 0)
(1.0953 -0.0466403 0)
(1.09444 -0.0465656 0)
(1.09314 -0.0463386 0)
(1.0914 -0.0459925 0)
(1.0892 -0.0455654 0)
(1.08656 -0.0450967 0)
(1.08346 -0.0446266 0)
(1.07992 -0.0441933 0)
(1.07593 -0.0438341 0)
(1.0715 -0.0435812 0)
(1.06664 -0.0434608 0)
(1.06135 -0.043494 0)
(1.05561 -0.0436967 0)
(1.04944 -0.0440807 0)
(1.0428 -0.0446533 0)
(1.03569 -0.0454188 0)
(1.02807 -0.0463775 0)
(1.01992 -0.0475277 0)
(1.01121 -0.0488638 0)
(1.00188 -0.0503791 0)
(0.991884 -0.0520631 0)
(0.98117 -0.0539047 0)
(0.969662 -0.0558881 0)
(0.957297 -0.0579977 0)
(0.943985 -0.0602119 0)
(0.929652 -0.0625095 0)
(0.914194 -0.0648616 0)
(0.897532 -0.067239 0)
(0.879547 -0.0696018 0)
(0.860162 -0.0719082 0)
(0.839244 -0.0741018 0)
(0.816722 -0.0761233 0)
(0.79246 -0.0779034 0)
(0.766381 -0.0793663 0)
(0.738387 -0.0804225 0)
(0.708453 -0.0809866 0)
(0.676509 -0.080974 0)
(0.642582 -0.0803184 0)
(0.606651 -0.0789636 0)
(0.568833 -0.0768866 0)
(0.529251 -0.0740912 0)
(0.488161 -0.0705766 0)
(0.445857 -0.0663306 0)
(0.402658 -0.0612914 0)
(0.359024 -0.0554128 0)
(0.315676 -0.0487256 0)
(0.273558 -0.0415742 0)
(0.233514 -0.0345026 0)
(0.196355 -0.0280604 0)
(0.16263 -0.0226879 0)
(0.133116 -0.0185272 0)
(0.108628 -0.0155157 0)
(0.0889074 -0.0132411 0)
(0.0730777 -0.0113739 0)
(0.0600893 -0.00982089 0)
(0.0489619 -0.00856782 0)
(0.039155 -0.00771785 0)
(0.0304976 -0.00728479 0)
(0.0229269 -0.00699864 0)
(0.0163859 -0.00664807 0)
(0.0107067 -0.00616939 0)
(0.00573879 -0.0056103 0)
(0.00135319 -0.0050657 0)
(-0.00254802 -0.00461522 0)
(-0.00603392 -0.00429413 0)
(-0.00915859 -0.00409035 0)
(-0.0119952 -0.00396488 0)
(-0.01458 -0.00388141 0)
(-0.016954 -0.003814 0)
(-0.0191334 -0.00373565 0)
(-0.0211608 -0.0036432 0)
(-0.0230368 -0.00352702 0)
(-0.024808 -0.00340705 0)
(-0.0264395 -0.00327382 0)
(-0.0280069 -0.00316584 0)
(-0.0294945 -0.00308727 0)
(-0.0311096 -0.00325265 0)
(1.06589 -0.031092 0)
(1.06983 -0.0330736 0)
(1.07294 -0.0350344 0)
(1.07516 -0.0369475 0)
(1.07645 -0.0387587 0)
(1.07683 -0.0404009 0)
(1.07635 -0.0418143 0)
(1.07505 -0.0429587 0)
(1.07298 -0.0438218 0)
(1.07019 -0.0444096 0)
(1.06672 -0.0447381 0)
(1.06257 -0.044824 0)
(1.05777 -0.0446841 0)
(1.0523 -0.0443343 0)
(1.0462 -0.0437954 0)
(1.03945 -0.0430925 0)
(1.0321 -0.0422594 0)
(1.02416 -0.0413335 0)
(1.01565 -0.0403574 0)
(1.00659 -0.0393723 0)
(0.997015 -0.0384194 0)
(0.986922 -0.0375344 0)
(0.976335 -0.0367519 0)
(0.965269 -0.0361046 0)
(0.953727 -0.0356174 0)
(0.941706 -0.0353065 0)
(0.929189 -0.035179 0)
(0.916158 -0.0352346 0)
(0.90258 -0.0354667 0)
(0.888422 -0.0358655 0)
(0.873639 -0.0364176 0)
(0.858183 -0.0371081 0)
(0.841997 -0.0379206 0)
(0.825019 -0.0388376 0)
(0.807184 -0.03984 0)
(0.78842 -0.0409074 0)
(0.768654 -0.0420182 0)
(0.747808 -0.0431478 0)
(0.725811 -0.0442718 0)
(0.702582 -0.0453605 0)
(0.678063 -0.0463858 0)
(0.652173 -0.0473105 0)
(0.624886 -0.0481016 0)
(0.596133 -0.0487068 0)
(0.565968 -0.0490808 0)
(0.534337 -0.0491332 0)
(0.501294 -0.0487583 0)
(0.46691 -0.0478486 0)
(0.431359 -0.0463158 0)
(0.39479 -0.0440989 0)
(0.357516 -0.0411887 0)
(0.319791 -0.037616 0)
(0.282024 -0.0335274 0)
(0.244711 -0.0291575 0)
(0.208518 -0.0247966 0)
(0.174397 -0.020783 0)
(0.143129 -0.0172631 0)
(0.115614 -0.0142074 0)
(0.0925975 -0.0117083 0)
(0.0736632 -0.00958725 0)
(0.0579531 -0.00777305 0)
(0.0446732 -0.00629877 0)
(0.0332224 -0.00536222 0)
(0.0229939 -0.00510084 0)
(0.0140383 -0.00535479 0)
(0.00640533 -0.00548487 0)
(-8.41201e-05 -0.00500089 0)
(-0.00561473 -0.00398863 0)
(-0.0103643 -0.00292841 0)
(-0.0145082 -0.00222319 0)
(-0.0181783 -0.00192823 0)
(-0.0215026 -0.00191427 0)
(-0.0245546 -0.00200919 0)
(-0.0273401 -0.00207494 0)
(-0.0298582 -0.0020704 0)
(-0.0321332 -0.0020213 0)
(-0.034209 -0.00196604 0)
(-0.0361365 -0.00193039 0)
(-0.0379514 -0.00192507 0)
(-0.0396809 -0.00194765 0)
(-0.0413421 -0.00198068 0)
(-0.042946 -0.00200909 0)
(-0.0444934 -0.00202029 0)
(-0.0459866 -0.00201088 0)
(-0.0474187 -0.00197862 0)
(-0.0487851 -0.001937 0)
(-0.0500647 -0.00189785 0)
(-0.0512875 -0.00189314 0)
(-0.0525203 -0.00195261 0)
(-0.0536158 -0.00211235 0)
(1.02377 -0.0369205 0)
(1.01879 -0.0375126 0)
(1.01245 -0.0381005 0)
(1.00478 -0.038671 0)
(0.995776 -0.0391814 0)
(0.985515 -0.0395802 0)
(0.974073 -0.03982 0)
(0.961562 -0.039866 0)
(0.948082 -0.0396939 0)
(0.933744 -0.0392943 0)
(0.918658 -0.038671 0)
(0.902922 -0.0378365 0)
(0.886632 -0.0368075 0)
(0.869865 -0.0356025 0)
(0.852706 -0.0342435 0)
(0.835225 -0.0327562 0)
(0.8175 -0.0311725 0)
(0.799589 -0.0295279 0)
(0.781557 -0.0278628 0)
(0.763439 -0.0262161 0)
(0.745278 -0.0246267 0)
(0.727077 -0.023126 0)
(0.708844 -0.0217432 0)
(0.69058 -0.020504 0)
(0.672282 -0.0194276 0)
(0.653933 -0.0185248 0)
(0.635508 -0.017798 0)
(0.616967 -0.0172418 0)
(0.598263 -0.0168442 0)
(0.579345 -0.0165885 0)
(0.560157 -0.0164551 0)
(0.540641 -0.0164224 0)
(0.520739 -0.0164675 0)
(0.500394 -0.0165668 0)
(0.479553 -0.0166959 0)
(0.458168 -0.0168304 0)
(0.436196 -0.0169449 0)
(0.41361 -0.0170152 0)
(0.390389 -0.0170165 0)
(0.366537 -0.0169274 0)
(0.342067 -0.0167268 0)
(0.317033 -0.0164003 0)
(0.291512 -0.0159372 0)
(0.265637 -0.0153352 0)
(0.239684 -0.0146035 0)
(0.213863 -0.0137152 0)
(0.188484 -0.0126581 0)
(0.163921 -0.0114379 0)
(0.14061 -0.010088 0)
(0.118891 -0.0086452 0)
(0.0991385 -0.00706294 0)
(0.0815274 -0.00550635 0)
(0.0659396 -0.00403031 0)
(0.0521976 -0.00273531 0)
(0.0401053 -0.00181862 0)
(0.0294779 -0.00149481 0)
(0.0200463 -0.001867 0)
(0.0115263 -0.00270198 0)
(0.00410868 -0.00349667 0)
(-0.00226573 -0.00354546 0)
(-0.00757751 -0.00270922 0)
(-0.0118107 -0.00143093 0)
(-0.0152307 -0.00037524 0)
(-0.018132 1.75327e-05 0)
(-0.0208177 -8.59686e-05 0)
(-0.0234244 -0.000347006 0)
(-0.02584 -0.00047145 0)
(-0.0278678 -0.000373021 0)
(-0.0294529 -0.000205288 0)
(-0.0306967 -0.000111302 0)
(-0.0317798 -0.000141521 0)
(-0.032838 -0.00027393 0)
(-0.0339293 -0.000414634 0)
(-0.0350465 -0.000503769 0)
(-0.0361529 -0.000536002 0)
(-0.0372199 -0.000536594 0)
(-0.0382408 -0.000534004 0)
(-0.0392276 -0.000544195 0)
(-0.040199 -0.000567693 0)
(-0.0411719 -0.000602335 0)
(-0.0421558 -0.00064136 0)
(-0.0431524 -0.000677615 0)
(-0.0441561 -0.000704953 0)
(-0.0451584 -0.000721223 0)
(-0.0461481 -0.000727093 0)
(-0.0471122 -0.000731884 0)
(-0.0480401 -0.000754029 0)
(-0.0489697 -0.000826558 0)
(-0.0499885 -0.000958597 0)
(-0.0509037 -0.00108571 0)
(0.714612 -0.020697 0)
(0.685573 -0.0202844 0)
(0.656406 -0.019886 0)
(0.627134 -0.0194965 0)
(0.597806 -0.0190918 0)
(0.568508 -0.0186415 0)
(0.539356 -0.0181164 0)
(0.510526 -0.0174947 0)
(0.482177 -0.0167526 0)
(0.454481 -0.0158763 0)
(0.427605 -0.0148668 0)
(0.401707 -0.0137373 0)
(0.376924 -0.0125101 0)
(0.353376 -0.0112129 0)
(0.331157 -0.00987587 0)
(0.31034 -0.00853198 0)
(0.290967 -0.0072155 0)
(0.27305 -0.00596134 0)
(0.256566 -0.00480191 0)
(0.241455 -0.00376551 0)
(0.227631 -0.00287208 0)
(0.214977 -0.00213422 0)
(0.203367 -0.00154622 0)
(0.192673 -0.00109031 0)
(0.182762 -0.000747582 0)
(0.173499 -0.000501652 0)
(0.164753 -0.000337621 0)
(0.1564 -0.000240326 0)
(0.14833 -0.000193811 0)
(0.140447 -0.00018184 0)
(0.132672 -0.000188621 0)
(0.124944 -0.000199271 0)
(0.11722 -0.000200103 0)
(0.109476 -0.000178797 0)
(0.101703 -0.000124783 0)
(0.0939092 -2.96091e-05 0)
(0.08612 0.000112355 0)
(0.0783729 0.000303295 0)
(0.0707174 0.000540893 0)
(0.0632117 0.00081733 0)
(0.0559179 0.00111799 0)
(0.048898 0.00141987 0)
(0.0422042 0.00169034 0)
(0.0358715 0.00188247 0)
(0.0299058 0.00193244 0)
(0.0242711 0.00176303 0)
(0.0189128 0.0013378 0)
(0.0137801 0.000679024 0)
(0.00884599 -0.000114879 0)
(0.00409502 -0.000869961 0)
(-0.000481913 -0.00139648 0)
(-0.00464986 -0.00168101 0)
(-0.00809949 -0.00157313 0)
(-0.0106633 -0.00109123 0)
(-0.0122894 -0.000389392 0)
(-0.0131686 0.000309204 0)
(-0.0137002 0.000779689 0)
(-0.0143407 0.000952069 0)
(-0.0153361 0.000948317 0)
(-0.0165624 0.00084966 0)
(-0.0176099 0.000788939 0)
(-0.018158 0.000726875 0)
(-0.0181876 0.000618633 0)
(-0.0179554 0.000437454 0)
(-0.017801 0.00019418 0)
(-0.017897 -8.63036e-06 0)
(-0.0181777 -8.4998e-05 0)
(-0.018455 -4.0023e-05 0)
(-0.0186038 5.60012e-05 0)
(-0.0186268 0.000131948 0)
(-0.0186068 0.000155293 0)
(-0.0186299 0.000134441 0)
(-0.0187382 9.21817e-05 0)
(-0.0189237 4.99636e-05 0)
(-0.0191556 1.92576e-05 0)
(-0.0194062 1.28314e-06 0)
(-0.0196624 -8.40895e-06 0)
(-0.0199244 -1.54899e-05 0)
(-0.0201986 -2.35886e-05 0)
(-0.0204919 -3.40125e-05 0)
(-0.0208092 -4.59199e-05 0)
(-0.0211509 -5.7794e-05 0)
(-0.0215136 -6.80941e-05 0)
(-0.0218913 -7.60383e-05 0)
(-0.0222773 -8.14644e-05 0)
(-0.0226657 -8.69208e-05 0)
(-0.023058 -0.000101632 0)
(-0.0234921 -0.000145549 0)
(-0.0240727 -0.000224879 0)
(-0.0247648 -0.000291895 0)
)
;

boundaryField
{
    fixedWalls
    {
        type            noSlip;
    }
    inflowWall
    {
        type            fixedValue;
        value           uniform (1 0 0);
    }
    outflowWall
    {
        type            zeroGradient;
    }
    frontAndBack
    {
        type            empty;
    }
}


// ************************************************************************* //
