/*--------------------------------*- C++ -*----------------------------------*\
| =========                 |                                                 |
| \\      /  F ield         | OpenFOAM: The Open Source CFD Toolbox           |
|  \\    /   O peration     | Version:  2306                                  |
|   \\  /    A nd           | Website:  www.openfoam.com                      |
|    \\/     M anipulation  |                                                 |
\*---------------------------------------------------------------------------*/
FoamFile
{
    version     2.0;
    format      ascii;
    arch        "LSB;label=32;scalar=64";
    class       surfaceScalarField;
    location    "3.54";
    object      phi;
}
// * * * * * * * * * * * * * * * * * * * * * * * * * * * * * * * * * * * * * //

dimensions      [0 3 -1 0 0 0 0];

oriented        oriented;

internalField   nonuniform List<scalar> 
3680
(
4.93471e-05
6.52907e-07
4.79743e-05
1.37284e-06
4.66984e-05
1.27588e-06
4.52616e-05
1.43678e-06
4.41245e-05
1.13709e-06
4.27214e-05
1.40306e-06
4.17392e-05
9.82255e-07
4.04395e-05
1.29965e-06
3.98119e-05
6.27671e-07
9.81969e-07
3.88299e-05
5.03392e-05
3.13724e-07
5.0868e-05
8.43987e-07
5.11324e-05
1.01152e-06
5.1466e-05
1.10321e-06
5.15938e-05
1.00924e-06
5.19779e-05
1.01896e-06
5.20639e-05
8.96213e-07
5.25174e-05
8.46235e-07
5.25125e-05
6.32537e-07
4.24577e-07
5.30699e-05
5.01633e-05
1.50419e-07
5.05555e-05
4.51788e-07
5.09762e-05
5.90837e-07
5.142e-05
6.59374e-07
5.18174e-05
6.11848e-07
5.22688e-05
5.67637e-07
5.26961e-05
4.68836e-07
5.31653e-05
3.77107e-07
5.35826e-05
2.15243e-07
1.36277e-09
5.40058e-05
5.00932e-05
5.71934e-08
5.03764e-05
1.68571e-07
5.07342e-05
2.33113e-07
5.11464e-05
2.47184e-07
5.155e-05
2.08175e-07
5.19727e-05
1.4494e-07
5.23839e-05
5.76536e-08
5.28133e-05
-5.2332e-08
5.32241e-05
-1.95536e-07
-3.67343e-07
5.35928e-05
5.00738e-05
-1.65998e-08
5.02913e-05
-4.89048e-08
5.06111e-05
-8.66779e-08
5.09887e-05
-1.3043e-07
5.13802e-05
-1.83334e-07
5.17742e-05
-2.49102e-07
5.21652e-05
-3.33308e-07
5.25511e-05
-4.38288e-07
5.29203e-05
-5.64735e-07
-7.1245e-07
5.32655e-05
5.00732e-05
-8.97524e-08
5.02829e-05
-2.58609e-07
5.05976e-05
-4.01436e-07
5.0965e-05
-4.97793e-07
5.13439e-05
-5.62294e-07
5.17209e-05
-6.2606e-07
5.20904e-05
-7.0278e-07
5.24508e-05
-7.98749e-07
5.27997e-05
-9.13618e-07
-1.04315e-06
5.31304e-05
5.00942e-05
-1.83923e-07
5.03555e-05
-5.19892e-07
5.0698e-05
-7.43946e-07
5.10677e-05
-8.67511e-07
5.14397e-05
-9.34353e-07
5.18031e-05
-9.89421e-07
5.21592e-05
-1.05892e-06
5.25098e-05
-1.14931e-06
5.28496e-05
-1.25346e-06
-1.36325e-06
5.31697e-05
5.01664e-05
-3.50362e-07
5.05179e-05
-8.71315e-07
5.09204e-05
-1.14649e-06
5.12989e-05
-1.24598e-06
5.16473e-05
-1.28273e-06
5.1984e-05
-1.3262e-06
5.23171e-05
-1.39198e-06
5.26374e-05
-1.46966e-06
5.29312e-05
-1.54724e-06
-1.61929e-06
5.31873e-05
5.03676e-05
-7.17931e-07
5.08002e-05
-1.30396e-06
5.10986e-05
-1.44493e-06
5.12757e-05
-1.42306e-06
5.14037e-05
-1.41071e-06
5.15016e-05
-1.42411e-06
5.1552e-05
-1.44233e-06
5.1538e-05
-1.45573e-06
5.14515e-05
-1.46065e-06
-1.46048e-06
5.12926e-05
4.92821e-05
4.79781e-05
4.65332e-05
4.51101e-05
4.36994e-05
4.22753e-05
4.0833e-05
3.93772e-05
3.79166e-05
3.64561e-05
1.39451e-08
-1.39451e-08
9.84043e-09
4.10468e-09
-9.04276e-09
1.88832e-08
-3.72276e-08
2.81848e-08
-7.19702e-08
3.47426e-08
-1.12086e-07
4.01156e-08
-1.5727e-07
4.51845e-08
-2.07307e-07
5.00372e-08
-2.61908e-07
5.4601e-08
-3.20738e-07
5.88292e-08
-3.8344e-07
6.2702e-08
-4.49655e-07
6.62156e-08
-5.19033e-07
6.93777e-08
-5.91236e-07
7.22029e-08
-6.65948e-07
7.47126e-08
-7.42882e-07
7.69336e-08
-8.21781e-07
7.88993e-08
-9.02432e-07
8.06505e-08
-9.84666e-07
8.22346e-08
-1.06838e-06
8.37089e-08
-1.15352e-06
8.51409e-08
-1.24012e-06
8.65997e-08
-1.32827e-06
8.81507e-08
-1.41812e-06
8.98523e-08
-1.50987e-06
9.17561e-08
-1.60378e-06
9.39057e-08
-1.70011e-06
9.6329e-08
-1.79915e-06
9.90361e-08
-1.90119e-06
1.0204e-07
-2.00657e-06
1.05384e-07
-2.11578e-06
1.0921e-07
-2.22963e-06
1.13847e-07
-2.34955e-06
1.19923e-07
-2.47799e-06
1.28441e-07
-2.6188e-06
1.40811e-07
-2.77762e-06
1.5882e-07
-2.96214e-06
1.84516e-07
-3.18204e-06
2.199e-07
-3.44848e-06
2.66443e-07
-3.77286e-06
3.24379e-07
-4.1648e-06
3.91944e-07
-4.62977e-06
4.64963e-07
-5.16668e-06
5.36918e-07
-5.76647e-06
5.99786e-07
-6.41188e-06
6.45413e-07
-7.07907e-06
6.67185e-07
-7.73996e-06
6.6089e-07
-8.36467e-06
6.24709e-07
-8.92668e-06
5.62016e-07
-9.40051e-06
4.73825e-07
-9.76283e-06
3.62322e-07
-9.9993e-06
2.36472e-07
-1.00977e-05
9.8433e-08
-1.00512e-05
-4.6524e-08
-9.86408e-06
-1.87135e-07
-9.53665e-06
-3.27424e-07
-9.07277e-06
-4.63885e-07
-8.48158e-06
-5.91188e-07
-7.77674e-06
-7.04835e-07
-6.96959e-06
-8.07149e-07
-6.0748e-06
-8.94797e-07
-5.10838e-06
-9.6642e-07
-4.08621e-06
-1.02217e-06
-3.02386e-06
-1.06235e-06
-1.94015e-06
-1.0837e-06
-8.49741e-07
-1.09041e-06
2.33904e-07
-1.08365e-06
1.29796e-06
-1.06406e-06
2.3307e-06
-1.03274e-06
3.32235e-06
-9.91656e-07
4.26471e-06
-9.42357e-07
5.15146e-06
-8.86752e-07
5.97662e-06
-8.25156e-07
6.73798e-06
-7.61363e-07
7.43271e-06
-6.94732e-07
8.06202e-06
-6.29305e-07
8.62528e-06
-5.63257e-07
9.12659e-06
-5.01316e-07
9.56682e-06
-4.40233e-07
9.9525e-06
-3.85676e-07
1.02852e-05
-3.32689e-07
1.05735e-05
-2.88296e-07
1.08189e-05
-2.45424e-07
1.1032e-05
-2.13072e-07
1.12134e-05
-1.81378e-07
1.13757e-05
-1.62331e-07
1.15176e-05
-1.41866e-07
1.16542e-05
-1.3667e-07
1.17805e-05
-1.26321e-07
-1.4084e-07
-1.1571e-08
-2.37408e-09
-6.57003e-08
5.82339e-08
-1.49203e-07
1.02386e-07
-2.53779e-07
1.3276e-07
-3.74631e-07
1.55595e-07
-5.0961e-07
1.75094e-07
-6.57272e-07
1.92846e-07
-8.16293e-07
2.09058e-07
-9.85377e-07
2.23686e-07
-1.16328e-06
2.36729e-07
-1.34881e-06
2.48232e-07
-1.54087e-06
2.5828e-07
-1.73847e-06
2.66975e-07
-1.94071e-06
2.74445e-07
-2.14684e-06
2.80841e-07
-2.35623e-06
2.86328e-07
-2.56842e-06
2.91087e-07
-2.78309e-06
2.9532e-07
-3.0001e-06
2.99245e-07
-3.21949e-06
3.03097e-07
-3.44148e-06
3.07134e-07
-3.6665e-06
3.11616e-07
-3.89514e-06
3.16791e-07
-4.12819e-06
3.22902e-07
-4.36662e-06
3.30186e-07
-4.6116e-06
3.38886e-07
-4.8645e-06
3.49234e-07
-5.12691e-06
3.61441e-07
-5.40061e-06
3.75744e-07
-5.68766e-06
3.92431e-07
-5.99035e-06
4.11898e-07
-6.31125e-06
4.34752e-07
-6.65324e-06
4.61911e-07
-7.01938e-06
4.9458e-07
-7.41268e-06
5.3411e-07
-7.83562e-06
5.81755e-07
-8.28959e-06
6.38486e-07
-8.77416e-06
7.04475e-07
-9.28632e-06
7.78607e-07
-9.81986e-06
8.57914e-07
-1.03649e-05
9.36988e-07
-1.0908e-05
1.00802e-06
-1.14324e-05
1.06135e-06
-1.19194e-05
1.08679e-06
-1.23492e-05
1.07517e-06
-1.27022e-05
1.0202e-06
-1.2961e-05
9.19693e-07
-1.31094e-05
7.73096e-07
-1.3132e-05
5.84618e-07
-1.30189e-05
3.60799e-07
-1.27584e-05
1.01745e-07
-1.23552e-05
-1.6674e-07
-1.18126e-05
-4.44082e-07
-1.11296e-05
-7.29523e-07
-1.03034e-05
-1.01334e-06
-9.3438e-06
-1.28705e-06
-8.25949e-06
-1.5482e-06
-7.06153e-06
-1.78915e-06
-5.76464e-06
-2.00173e-06
-4.38291e-06
-2.18888e-06
-2.92986e-06
-2.34784e-06
-1.42334e-06
-2.47294e-06
1.22648e-07
-2.56816e-06
1.68589e-06
-2.6256e-06
3.25904e-06
-2.65685e-06
4.82534e-06
-2.65671e-06
6.37205e-06
-2.63036e-06
7.88583e-06
-2.57784e-06
9.35705e-06
-2.50396e-06
1.07757e-05
-2.41031e-06
1.21347e-05
-2.30131e-06
1.34274e-05
-2.17953e-06
1.46507e-05
-2.04845e-06
1.58009e-05
-1.91155e-06
1.68773e-05
-1.77111e-06
1.78789e-05
-1.63088e-06
1.88073e-05
-1.49166e-06
1.96635e-05
-1.35755e-06
2.04511e-05
-1.22781e-06
2.11725e-05
-1.10705e-06
2.18326e-05
-9.92852e-07
2.2435e-05
-8.90653e-07
2.29857e-05
-7.96177e-07
2.34888e-05
-7.16124e-07
2.39514e-05
-6.44013e-07
2.43776e-05
-5.8849e-07
2.47759e-05
-5.40158e-07
2.51499e-05
-5.10751e-07
2.55101e-05
-4.86496e-07
-4.80317e-07
-4.99977e-08
4.76236e-08
-1.86249e-07
1.94485e-07
-3.67768e-07
2.83906e-07
-5.75651e-07
3.40643e-07
-8.01252e-07
3.81196e-07
-1.04229e-06
4.16127e-07
-1.29747e-06
4.48033e-07
-1.56448e-06
4.76069e-07
-1.84089e-06
5.00095e-07
-2.12445e-06
5.20284e-07
-2.41314e-06
5.36919e-07
-2.70519e-06
5.50336e-07
-2.99914e-06
5.6092e-07
-3.29377e-06
5.69081e-07
-3.58817e-06
5.75236e-07
-3.88164e-06
5.798e-07
-4.17373e-06
5.83177e-07
-4.4642e-06
5.85791e-07
-4.75299e-06
5.88029e-07
-5.04018e-06
5.90287e-07
-5.32604e-06
5.93e-07
-5.61098e-06
5.96551e-07
-5.89545e-06
6.01269e-07
-6.17999e-06
6.07433e-07
-6.46508e-06
6.15278e-07
-6.75122e-06
6.25026e-07
-7.03884e-06
6.36852e-07
-7.32821e-06
6.50818e-07
-7.61944e-06
6.66977e-07
-7.91239e-06
6.85381e-07
-8.20655e-06
7.06052e-07
-8.50102e-06
7.29228e-07
-8.79457e-06
7.55452e-07
-9.08531e-06
7.85321e-07
-9.37068e-06
8.19486e-07
-9.647e-06
8.58074e-07
-9.90933e-06
9.00814e-07
-1.01512e-05
9.46387e-07
-1.03647e-05
9.92075e-07
-1.05408e-05
1.03396e-06
-1.06683e-05
1.06458e-06
-1.07361e-05
1.07578e-06
-1.0733e-05
1.05828e-06
-1.06487e-05
1.00243e-06
-1.04741e-05
9.00552e-07
-1.02013e-05
7.47468e-07
-9.82662e-06
5.44992e-07
-9.34641e-06
2.92892e-07
-8.75212e-06
-9.67149e-09
-8.05624e-06
-3.35085e-07
-7.25825e-06
-6.96244e-07
-6.34882e-06
-1.07617e-06
-5.32959e-06
-1.46331e-06
-4.21004e-06
-1.84908e-06
-2.99561e-06
-2.22777e-06
-1.69384e-06
-2.58882e-06
-3.10107e-07
-2.93193e-06
1.13774e-06
-3.23699e-06
2.64761e-06
-3.5116e-06
4.20404e-06
-3.74531e-06
5.79611e-06
-3.93991e-06
7.41038e-06
-4.08722e-06
9.03527e-06
-4.19304e-06
1.06597e-05
-4.25001e-06
1.22698e-05
-4.26701e-06
1.38534e-05
-4.24025e-06
1.54012e-05
-4.17822e-06
1.69025e-05
-4.07913e-06
1.83512e-05
-3.95258e-06
1.9739e-05
-3.79814e-06
2.10631e-05
-3.62539e-06
2.23181e-05
-3.43455e-06
2.35042e-05
-3.23455e-06
2.46182e-05
-3.02558e-06
2.56628e-05
-2.81565e-06
2.66364e-05
-2.60457e-06
2.75439e-05
-2.39914e-06
2.8385e-05
-2.1986e-06
2.91658e-05
-2.00869e-06
2.98869e-05
-1.82813e-06
3.05557e-05
-1.66167e-06
3.11729e-05
-1.50777e-06
3.17468e-05
-1.37015e-06
3.2278e-05
-1.24733e-06
3.2776e-05
-1.14201e-06
3.32408e-05
-1.05324e-06
3.3683e-05
-9.82347e-07
3.41017e-05
-9.29455e-07
3.45085e-05
-8.93303e-07
-8.78837e-07
-1.37512e-07
1.85135e-07
-3.90238e-07
4.47212e-07
-6.82045e-07
5.75712e-07
-9.9101e-07
6.49609e-07
-1.31517e-06
7.05354e-07
-1.6521e-06
7.53062e-07
-1.99695e-06
7.92879e-07
-2.34514e-06
8.24259e-07
-2.69278e-06
8.47738e-07
-3.03693e-06
8.64438e-07
-3.37524e-06
8.7523e-07
-3.70583e-06
8.80926e-07
-4.02736e-06
8.82448e-07
-4.33889e-06
8.80604e-07
-4.63977e-06
8.7612e-07
-4.92962e-06
8.69651e-07
-5.20822e-06
8.6178e-07
-5.47545e-06
8.53022e-07
-5.73131e-06
8.43886e-07
-5.97587e-06
8.34844e-07
-6.20919e-06
8.2632e-07
-6.43129e-06
8.18656e-07
-6.64212e-06
8.12099e-07
-6.84148e-06
8.06795e-07
-7.029e-06
8.02797e-07
-7.20411e-06
8.00135e-07
-7.3661e-06
7.98842e-07
-7.51395e-06
7.98665e-07
-7.64632e-06
7.99342e-07
-7.76151e-06
8.00578e-07
-7.85755e-06
8.02085e-07
-7.93195e-06
8.03634e-07
-7.98157e-06
8.05066e-07
-8.00269e-06
8.06444e-07
-7.99135e-06
8.08152e-07
-7.94267e-06
8.09386e-07
-7.85096e-06
8.09109e-07
-7.70986e-06
8.05283e-07
-7.5124e-06
7.94615e-07
-7.25073e-06
7.72293e-07
-6.91753e-06
7.31385e-07
-6.50755e-06
6.658e-07
-6.01712e-06
5.67847e-07
-5.44312e-06
4.2843e-07
-4.78401e-06
2.41437e-07
-4.03605e-06
-4.88755e-10
-3.20945e-06
-2.81608e-07
-2.30157e-06
-6.1499e-07
-1.31886e-06
-9.92379e-07
-2.53149e-07
-1.4008e-06
8.88267e-07
-1.83766e-06
2.09973e-06
-2.28763e-06
3.38063e-06
-2.74421e-06
4.72753e-06
-3.19598e-06
6.13641e-06
-3.63666e-06
7.60113e-06
-4.05354e-06
9.11324e-06
-4.44404e-06
1.06682e-05
-4.79192e-06
1.22548e-05
-5.0982e-06
1.38624e-05
-5.35298e-06
1.54809e-05
-5.55833e-06
1.7098e-05
-5.70434e-06
1.87028e-05
-5.79782e-06
2.02842e-05
-5.8315e-06
2.18324e-05
-5.81512e-06
2.33366e-05
-5.74453e-06
2.47902e-05
-5.63174e-06
2.61849e-05
-5.47387e-06
2.75169e-05
-5.28458e-06
2.87808e-05
-5.062e-06
2.99757e-05
-4.82027e-06
3.10986e-05
-4.55746e-06
3.21513e-05
-4.28726e-06
3.31327e-05
-4.00699e-06
3.40466e-05
-3.72953e-06
3.48931e-05
-3.45113e-06
3.56776e-05
-3.18364e-06
3.64011e-05
-2.92212e-06
3.70699e-05
-2.67743e-06
3.76854e-05
-2.44362e-06
3.82544e-05
-2.23071e-06
3.87787e-05
-2.032e-06
3.92652e-05
-1.85674e-06
3.97158e-05
-1.69786e-06
4.01376e-05
-1.56389e-06
4.05323e-05
-1.44786e-06
4.09073e-05
-1.35743e-06
4.12643e-05
-1.28637e-06
4.16125e-05
-1.24155e-06
-1.22009e-06
-1.93977e-07
3.79112e-07
-5.62929e-07
8.16164e-07
-9.79527e-07
9.92311e-07
-1.40613e-06
1.07621e-06
-1.82681e-06
1.12604e-06
-2.23293e-06
1.15918e-06
-2.62063e-06
1.18058e-06
-2.98872e-06
1.19234e-06
-3.33533e-06
1.19435e-06
-3.65887e-06
1.18798e-06
-3.95852e-06
1.17488e-06
-4.23405e-06
1.15646e-06
-4.48558e-06
1.13398e-06
-4.71347e-06
1.1085e-06
-4.91828e-06
1.08092e-06
-5.1006e-06
1.05197e-06
-5.26106e-06
1.02224e-06
-5.40016e-06
9.92123e-07
-5.51835e-06
9.62072e-07
-5.61598e-06
9.32479e-07
-5.69331e-06
9.03646e-07
-5.7504e-06
8.75745e-07
-5.78713e-06
8.48827e-07
-5.80315e-06
8.2282e-07
-5.79787e-06
7.97522e-07
-5.77038e-06
7.72642e-07
-5.71974e-06
7.48197e-07
-5.64463e-06
7.23561e-07
-5.54343e-06
6.98143e-07
-5.41419e-06
6.7133e-07
-5.25459e-06
6.42489e-07
-5.06193e-06
6.10975e-07
-4.833e-06
5.76129e-07
-4.56346e-06
5.3691e-07
-4.24968e-06
4.94374e-07
-3.88699e-06
4.46689e-07
-3.47022e-06
3.92342e-07
-2.99398e-06
3.29041e-07
-2.45268e-06
2.53321e-07
-1.84119e-06
1.60799e-07
-1.15403e-06
4.42299e-08
-3.92079e-07
-9.61558e-08
4.46446e-07
-2.70678e-07
1.36188e-06
-4.87008e-07
2.35118e-06
-7.47859e-07
3.40631e-06
-1.05561e-06
4.53248e-06
-1.40778e-06
5.72162e-06
-1.80414e-06
6.96919e-06
-2.23994e-06
8.27335e-06
-2.70496e-06
9.62926e-06
-3.19358e-06
1.10352e-05
-3.69354e-06
1.24879e-05
-4.19697e-06
1.39829e-05
-4.69096e-06
1.55148e-05
-5.16856e-06
1.70768e-05
-5.61552e-06
1.86596e-05
-6.02685e-06
2.02559e-05
-6.38825e-06
2.18551e-05
-6.69738e-06
2.34459e-05
-6.94373e-06
2.50174e-05
-7.12983e-06
2.65596e-05
-7.24654e-06
2.80625e-05
-7.30072e-06
2.95175e-05
-7.28655e-06
3.09173e-05
-7.2149e-06
3.22553e-05
-7.08253e-06
3.3527e-05
-6.90349e-06
3.47289e-05
-6.67574e-06
3.58596e-05
-6.41523e-06
3.69178e-05
-6.1202e-06
3.79048e-05
-5.80729e-06
3.88212e-05
-5.47384e-06
3.96701e-05
-5.13621e-06
4.04533e-05
-4.79016e-06
4.11751e-05
-4.4514e-06
4.18379e-05
-4.11386e-06
4.24467e-05
-3.7925e-06
4.3004e-05
-3.47938e-06
4.35154e-05
-3.18885e-06
4.3983e-05
-2.91125e-06
4.44129e-05
-2.66058e-06
4.48067e-05
-2.42574e-06
4.51705e-05
-2.22063e-06
4.55057e-05
-2.03298e-06
4.58186e-05
-1.87682e-06
4.61098e-05
-1.73904e-06
4.63863e-05
-1.63398e-06
4.66481e-05
-1.54813e-06
4.69029e-05
-1.49637e-06
-1.46968e-06
-4.21269e-07
8.00381e-07
-9.60889e-07
1.35578e-06
-1.45422e-06
1.48564e-06
-1.8898e-06
1.51178e-06
-2.28907e-06
1.52532e-06
-2.65682e-06
1.52693e-06
-2.98799e-06
1.51175e-06
-3.27621e-06
1.48057e-06
-3.51774e-06
1.43588e-06
-3.71448e-06
1.38472e-06
-3.86924e-06
1.32964e-06
-3.98486e-06
1.27207e-06
-4.06404e-06
1.21316e-06
-4.10937e-06
1.15383e-06
-4.12316e-06
1.09472e-06
-4.10748e-06
1.03628e-06
-4.06412e-06
9.78879e-07
-3.99448e-06
9.2249e-07
-3.8997e-06
8.67288e-07
-3.78064e-06
8.13419e-07
-3.63792e-06
7.60923e-07
-3.47185e-06
7.09674e-07
-3.28243e-06
6.59407e-07
-3.06934e-06
6.09736e-07
-2.83202e-06
5.60197e-07
-2.56927e-06
5.09892e-07
-2.28044e-06
4.59373e-07
-1.96401e-06
4.07128e-07
-1.61827e-06
3.52403e-07
-1.24131e-06
2.94367e-07
-8.30883e-07
2.32065e-07
-3.84261e-07
1.64354e-07
1.02017e-07
8.98509e-08
6.3307e-07
5.85733e-09
1.20897e-06
-8.15285e-08
1.8357e-06
-1.80037e-07
2.51803e-06
-2.89994e-07
3.2605e-06
-4.13424e-07
4.06737e-06
-5.53551e-07
4.94205e-06
-7.13877e-07
5.8852e-06
-8.9892e-07
6.90102e-06
-1.11198e-06
7.98917e-06
-1.35882e-06
9.1465e-06
-1.64434e-06
1.03695e-05
-1.97085e-06
1.16534e-05
-2.33955e-06
1.29947e-05
-2.74901e-06
1.43868e-05
-3.19623e-06
1.58239e-05
-3.67708e-06
1.73015e-05
-4.18255e-06
1.88132e-05
-4.70529e-06
2.03534e-05
-5.23371e-06
2.19153e-05
-5.75894e-06
2.34916e-05
-6.26722e-06
2.5073e-05
-6.75e-06
2.66504e-05
-7.19291e-06
2.82128e-05
-7.58922e-06
2.97504e-05
-7.92582e-06
3.12523e-05
-8.19927e-06
3.27085e-05
-8.39997e-06
3.41095e-05
-8.53081e-06
3.54484e-05
-8.58543e-06
3.67188e-05
-8.57118e-06
3.79169e-05
-8.48466e-06
3.90396e-05
-8.33757e-06
4.00858e-05
-8.12874e-06
4.10555e-05
-7.87317e-06
4.19503e-05
-7.57047e-06
4.27725e-05
-7.23749e-06
4.35255e-05
-6.87322e-06
4.42133e-05
-6.49507e-06
4.48398e-05
-6.10032e-06
4.54097e-05
-5.70614e-06
4.5927e-05
-5.30748e-06
4.63967e-05
-4.92108e-06
4.68222e-05
-4.53938e-06
4.72085e-05
-4.17877e-06
4.75583e-05
-3.82921e-06
4.78765e-05
-3.50702e-06
4.8165e-05
-3.19979e-06
4.84286e-05
-2.92417e-06
4.86685e-05
-2.6656e-06
4.88893e-05
-2.44148e-06
4.90916e-05
-2.23521e-06
4.92801e-05
-2.06539e-06
4.94546e-05
-1.91351e-06
4.96204e-05
-1.79973e-06
4.97761e-05
-1.70385e-06
4.99278e-05
-1.6481e-06
-1.61499e-06
-2.66401e-07
1.06678e-06
-8.63678e-07
1.95306e-06
-1.48663e-06
2.10859e-06
-2.00925e-06
2.03441e-06
-2.40377e-06
1.91983e-06
-2.67246e-06
1.79562e-06
-2.83276e-06
1.67204e-06
-2.90457e-06
1.55237e-06
-2.9052e-06
1.43651e-06
-2.84554e-06
1.32506e-06
-2.73378e-06
1.21789e-06
-2.57645e-06
1.11474e-06
-2.3791e-06
1.01581e-06
-2.14646e-06
9.21183e-07
-1.88249e-06
8.30753e-07
-1.59043e-06
7.44217e-07
-1.273e-06
6.61452e-07
-9.32084e-07
5.81576e-07
-5.69281e-07
5.04484e-07
-1.85764e-07
4.29902e-07
2.17733e-07
3.57425e-07
6.40964e-07
2.86443e-07
1.0841e-06
2.16275e-07
1.54762e-06
1.46207e-07
2.03259e-06
7.52358e-08
2.54176e-06
7.20494e-10
3.07318e-06
-7.20477e-08
3.63027e-06
-1.49962e-07
4.21505e-06
-2.32378e-07
4.82971e-06
-3.20289e-07
5.47667e-06
-4.14897e-07
6.15857e-06
-5.17553e-07
6.87798e-06
-6.29559e-07
7.63571e-06
-7.51871e-07
8.43938e-06
-8.85191e-07
9.2911e-06
-1.03176e-06
1.01946e-05
-1.19347e-06
1.11535e-05
-1.37234e-06
1.21709e-05
-1.57095e-06
1.32492e-05
-1.79221e-06
1.43898e-05
-2.0395e-06
1.55938e-05
-2.31595e-06
1.68595e-05
-2.62451e-06
1.81833e-05
-2.96815e-06
1.95607e-05
-3.34825e-06
2.09857e-05
-3.76459e-06
2.24518e-05
-4.21511e-06
2.39513e-05
-4.69571e-06
2.54752e-05
-5.201e-06
2.70149e-05
-5.72222e-06
2.85602e-05
-6.25058e-06
3.01013e-05
-6.77487e-06
3.16273e-05
-7.28495e-06
3.31279e-05
-7.76777e-06
3.45911e-05
-8.21323e-06
3.60066e-05
-8.60836e-06
3.73634e-05
-8.94609e-06
3.86532e-05
-9.21563e-06
3.98673e-05
-9.41331e-06
4.09997e-05
-9.53241e-06
4.20456e-05
-9.57671e-06
4.30041e-05
-9.54393e-06
4.38751e-05
-9.44214e-06
4.4661e-05
-9.27056e-06
4.53648e-05
-9.04141e-06
4.59916e-05
-8.75555e-06
4.65466e-05
-8.42821e-06
4.70363e-05
-8.06017e-06
4.7467e-05
-7.66812e-06
4.78451e-05
-7.25131e-06
4.81768e-05
-6.82681e-06
4.84679e-05
-6.39142e-06
4.87238e-05
-5.96206e-06
4.89491e-05
-5.5327e-06
4.91482e-05
-5.12018e-06
4.93243e-05
-4.71556e-06
4.94814e-05
-4.33581e-06
4.96213e-05
-3.96916e-06
4.97474e-05
-3.63305e-06
4.98605e-05
-3.31297e-06
4.99637e-05
-3.02735e-06
5.00571e-05
-2.75901e-06
5.01435e-05
-2.52783e-06
5.02223e-05
-2.31404e-06
5.02964e-05
-2.13944e-06
5.03645e-05
-1.98169e-06
5.04299e-05
-1.86506e-06
5.04905e-05
-1.76453e-06
5.05496e-05
-1.70714e-06
-1.66775e-06
-1.49943e-06
2.56622e-06
-1.95323e-06
2.40685e-06
-2.121e-06
2.27636e-06
-2.13955e-06
2.05296e-06
-2.02813e-06
1.80841e-06
-1.81019e-06
1.57768e-06
-1.50477e-06
1.36663e-06
-1.12608e-06
1.17369e-06
-6.86856e-07
9.97285e-07
-1.99255e-07
8.3746e-07
3.2748e-07
6.91151e-07
8.85754e-07
5.56467e-07
1.46911e-06
4.32462e-07
2.07251e-06
3.17779e-07
2.69223e-06
2.11037e-07
3.32524e-06
1.11202e-07
3.96861e-06
1.80828e-08
4.62318e-06
-7.29902e-08
5.28704e-06
-1.59384e-07
5.95937e-06
-2.42427e-07
6.63988e-06
-3.23081e-07
7.329e-06
-4.02676e-07
8.02803e-06
-4.82752e-07
8.73817e-06
-5.63938e-07
9.46075e-06
-6.47339e-07
1.01955e-05
-7.34025e-07
1.09479e-05
-8.2449e-07
1.17187e-05
-9.20706e-07
1.25102e-05
-1.02385e-06
1.3325e-05
-1.13509e-06
1.41656e-05
-1.25557e-06
1.50348e-05
-1.38667e-06
1.59347e-05
-1.52954e-06
1.68685e-05
-1.68567e-06
1.78394e-05
-1.85608e-06
1.88499e-05
-2.04225e-06
1.99023e-05
-2.24589e-06
2.0999e-05
-2.46896e-06
2.21413e-05
-2.71332e-06
2.33304e-05
-2.98124e-06
2.45656e-05
-3.27476e-06
2.58456e-05
-3.59592e-06
2.7167e-05
-3.94588e-06
2.85246e-05
-4.32577e-06
2.99116e-05
-4.73527e-06
3.13199e-05
-5.17293e-06
3.274e-05
-5.63522e-06
3.4162e-05
-6.11767e-06
3.55743e-05
-6.6133e-06
3.69645e-05
-7.11246e-06
3.83201e-05
-7.60616e-06
3.96291e-05
-8.0839e-06
4.08792e-05
-8.53498e-06
4.20595e-05
-8.94812e-06
4.31598e-05
-9.31347e-06
4.41725e-05
-9.62107e-06
4.50907e-05
-9.8643e-06
4.59112e-05
-1.00361e-05
4.66322e-05
-1.01343e-05
4.72551e-05
-1.01553e-05
4.77814e-05
-1.0103e-05
4.82184e-05
-9.98096e-06
4.85729e-05
-9.79664e-06
4.88539e-05
-9.55153e-06
4.90697e-05
-9.25726e-06
4.92303e-05
-8.91615e-06
4.93444e-05
-8.54228e-06
4.9421e-05
-8.13675e-06
4.94677e-05
-7.71482e-06
4.94916e-05
-7.27521e-06
4.94985e-05
-6.83372e-06
4.94931e-05
-6.38607e-06
4.94796e-05
-5.94854e-06
4.94606e-05
-5.51372e-06
4.9439e-05
-5.09854e-06
4.94158e-05
-4.69237e-06
4.9393e-05
-4.31304e-06
4.93706e-05
-3.94672e-06
4.935e-05
-3.61252e-06
4.93305e-05
-3.29343e-06
4.93135e-05
-3.01031e-06
4.92974e-05
-2.7429e-06
4.92838e-05
-2.51426e-06
4.92706e-05
-2.30084e-06
4.92596e-05
-2.12842e-06
4.9248e-05
-1.97015e-06
4.9238e-05
-1.85506e-06
4.92265e-05
-1.75295e-06
4.92161e-05
-1.69674e-06
-1.65006e-06
-8.98761e-07
3.46498e-06
-7.4533e-07
2.25342e-06
-2.53777e-07
1.78481e-06
4.6101e-07
1.33817e-06
1.33392e-06
9.35505e-07
2.29886e-06
6.12736e-07
3.30959e-06
3.55896e-07
4.33897e-06
1.44312e-07
5.37193e-06
-3.56743e-08
6.39515e-06
-1.85766e-07
7.40942e-06
-3.23115e-07
8.41263e-06
-4.46745e-07
9.402e-06
-5.56905e-07
1.0376e-05
-6.56237e-07
1.13347e-05
-7.4766e-07
1.22784e-05
-8.32533e-07
1.32086e-05
-9.12068e-07
1.4124e-05
-9.88399e-07
1.50263e-05
-1.06168e-06
1.59168e-05
-1.13289e-06
1.67973e-05
-1.20361e-06
1.76699e-05
-1.2753e-06
1.85365e-05
-1.34929e-06
1.93992e-05
-1.42671e-06
2.02605e-05
-1.5086e-06
2.11228e-05
-1.59634e-06
2.19893e-05
-1.69103e-06
2.28625e-05
-1.79386e-06
2.37448e-05
-1.9062e-06
2.46391e-05
-2.02931e-06
2.55476e-05
-2.16415e-06
2.64728e-05
-2.31186e-06
2.74168e-05
-2.47353e-06
2.83815e-05
-2.65034e-06
2.93687e-05
-2.84328e-06
3.03799e-05
-3.05345e-06
3.1416e-05
-3.28196e-06
3.24771e-05
-3.53015e-06
3.3563e-05
-3.79913e-06
3.46719e-05
-4.09022e-06
3.5802e-05
-4.40487e-06
3.6949e-05
-4.74289e-06
3.81073e-05
-5.10416e-06
3.92698e-05
-5.4883e-06
4.0428e-05
-5.89343e-06
4.15719e-05
-6.31685e-06
4.26907e-05
-6.75399e-06
4.37723e-05
-7.19932e-06
4.48043e-05
-7.64529e-06
4.57755e-05
-8.08362e-06
4.66743e-05
-8.50501e-06
4.74909e-05
-8.90043e-06
4.82162e-05
-9.26032e-06
4.88442e-05
-9.57613e-06
4.93706e-05
-9.83982e-06
4.97945e-05
-1.0045e-05
5.01169e-05
-1.01867e-05
5.03424e-05
-1.02616e-05
5.0477e-05
-1.02689e-05
5.05305e-05
-1.02088e-05
5.05126e-05
-1.00851e-05
5.04351e-05
-9.90352e-06
5.03091e-05
-9.67058e-06
5.01468e-05
-9.38929e-06
4.99581e-05
-9.06848e-06
4.97531e-05
-8.71123e-06
4.95391e-05
-8.32828e-06
4.93235e-05
-7.92115e-06
4.91106e-05
-7.50188e-06
4.89047e-05
-7.06932e-06
4.87076e-05
-6.6366e-06
4.8521e-05
-6.19952e-06
4.83453e-05
-5.77283e-06
4.81807e-05
-5.34912e-06
4.80271e-05
-4.94493e-06
4.78838e-05
-4.54901e-06
4.77506e-05
-4.1799e-06
4.76262e-05
-3.82228e-06
4.75109e-05
-3.49724e-06
4.74026e-05
-3.18513e-06
4.73024e-05
-2.91013e-06
4.72074e-05
-2.64789e-06
4.71194e-05
-2.42629e-06
4.70346e-05
-2.21599e-06
4.69555e-05
-2.04936e-06
4.68772e-05
-1.89179e-06
4.6803e-05
-1.78095e-06
4.67267e-05
-1.67657e-06
4.66524e-05
-1.62244e-06
-1.57126e-06
3.66383e-06
-1.98854e-07
6.39455e-06
-4.77301e-07
8.81132e-06
-6.31958e-07
1.09392e-05
-7.89743e-07
1.28212e-05
-9.46471e-07
1.45214e-05
-1.08746e-06
1.60845e-05
-1.20718e-06
1.75273e-05
-1.29847e-06
1.88768e-05
-1.38518e-06
2.01539e-05
-1.46288e-06
2.1363e-05
-1.5322e-06
2.25113e-05
-1.59512e-06
2.36069e-05
-1.65249e-06
2.46558e-05
-1.70515e-06
2.56622e-05
-1.75407e-06
2.663e-05
-1.80028e-06
2.75626e-05
-1.84468e-06
2.84625e-05
-1.88834e-06
2.93331e-05
-1.93228e-06
3.01777e-05
-1.97748e-06
3.09993e-05
-2.02517e-06
3.18006e-05
-2.07661e-06
3.25844e-05
-2.13309e-06
3.33535e-05
-2.19581e-06
3.41108e-05
-2.26591e-06
3.4859e-05
-2.34451e-06
3.56007e-05
-2.43273e-06
3.63384e-05
-2.53155e-06
3.70743e-05
-2.64215e-06
3.78109e-05
-2.76585e-06
3.85496e-05
-2.90285e-06
3.92919e-05
-3.05415e-06
4.0039e-05
-3.2206e-06
4.07915e-05
-3.40291e-06
4.155e-05
-3.60173e-06
4.23142e-05
-3.81767e-06
4.30835e-05
-4.05126e-06
4.38564e-05
-4.30307e-06
4.46308e-05
-4.5735e-06
4.54034e-05
-4.86283e-06
4.61695e-05
-5.17096e-06
4.69238e-05
-5.49723e-06
4.76601e-05
-5.84041e-06
4.83706e-05
-6.19881e-06
4.90469e-05
-6.56974e-06
4.96798e-05
-6.94972e-06
5.02598e-05
-7.33401e-06
5.07775e-05
-7.71706e-06
5.12244e-05
-8.09213e-06
5.1593e-05
-8.45222e-06
5.18775e-05
-8.78954e-06
5.20739e-05
-9.09686e-06
5.21806e-05
-9.36696e-06
5.21988e-05
-9.59432e-06
5.21325e-05
-9.7735e-06
5.19883e-05
-9.90091e-06
5.1775e-05
-9.97337e-06
5.15033e-05
-9.98984e-06
5.11839e-05
-9.94951e-06
5.08298e-05
-9.8548e-06
5.04529e-05
-9.70811e-06
5.00632e-05
-9.51384e-06
4.96688e-05
-9.27621e-06
4.92785e-05
-8.99895e-06
4.88966e-05
-8.68654e-06
4.85278e-05
-8.34243e-06
4.81726e-05
-7.97312e-06
4.78334e-05
-7.58197e-06
4.75086e-05
-7.17707e-06
4.71991e-05
-6.75981e-06
4.6902e-05
-6.33947e-06
4.66176e-05
-5.91515e-06
4.63431e-05
-5.49836e-06
4.60794e-05
-5.08538e-06
4.58242e-05
-4.68976e-06
4.55788e-05
-4.30356e-06
4.53415e-05
-3.94266e-06
4.51136e-05
-3.59431e-06
4.4894e-05
-3.27768e-06
4.46833e-05
-2.97444e-06
4.44812e-05
-2.70801e-06
4.4287e-05
-2.45367e-06
4.4101e-05
-2.24035e-06
4.39211e-05
-2.03607e-06
4.37486e-05
-1.87686e-06
4.35792e-05
-1.72237e-06
4.34156e-05
-1.61732e-06
4.32505e-05
-1.51153e-06
4.30882e-05
-1.46015e-06
-1.40648e-06
3.86254e-05
5.65927e-09
3.85978e-05
-4.49724e-07
3.87421e-05
-7.7623e-07
3.89733e-05
-1.02093e-06
3.92534e-05
-1.22657e-06
3.95766e-05
-1.41069e-06
3.99442e-05
-1.5748e-06
4.03579e-05
-1.71217e-06
4.07975e-05
-1.8248e-06
4.12524e-05
-1.91774e-06
4.17161e-05
-1.9959e-06
4.2183e-05
-2.06205e-06
4.2649e-05
-2.11849e-06
4.31109e-05
-2.16706e-06
4.35663e-05
-2.20942e-06
4.40132e-05
-2.24717e-06
4.44504e-05
-2.28189e-06
4.48772e-05
-2.3151e-06
4.52932e-05
-2.34837e-06
4.56989e-05
-2.38316e-06
4.60947e-05
-2.42092e-06
4.64811e-05
-2.46307e-06
4.68591e-05
-2.51104e-06
4.72294e-05
-2.56617e-06
4.75933e-05
-2.62971e-06
4.79515e-05
-2.70278e-06
4.83052e-05
-2.78644e-06
4.86553e-05
-2.88164e-06
4.90025e-05
-2.98929e-06
4.93468e-05
-3.11016e-06
4.96888e-05
-3.24484e-06
5.00285e-05
-3.39386e-06
5.03656e-05
-3.55773e-06
5.06995e-05
-3.73684e-06
5.10293e-05
-3.93152e-06
5.13536e-05
-4.14196e-06
5.16706e-05
-4.36827e-06
5.1978e-05
-4.61045e-06
5.22728e-05
-4.86834e-06
5.25515e-05
-5.14152e-06
5.28098e-05
-5.42926e-06
5.3043e-05
-5.73044e-06
5.3246e-05
-6.04341e-06
5.34132e-05
-6.366e-06
5.3539e-05
-6.6955e-06
5.36177e-05
-7.02848e-06
5.36445e-05
-7.36077e-06
5.36151e-05
-7.68762e-06
5.35266e-05
-8.00369e-06
5.33779e-05
-8.30345e-06
5.31694e-05
-8.58108e-06
5.29034e-05
-8.83091e-06
5.2584e-05
-9.04755e-06
5.22177e-05
-9.22801e-06
5.18123e-05
-9.3681e-06
5.13764e-05
-9.46502e-06
5.09193e-05
-9.51619e-06
5.04495e-05
-9.52004e-06
4.99747e-05
-9.47476e-06
4.95007e-05
-9.38076e-06
4.90311e-05
-9.23859e-06
4.85683e-05
-9.05103e-06
4.81124e-05
-8.82029e-06
4.76633e-05
-8.54983e-06
4.72188e-05
-8.24209e-06
4.67776e-05
-7.90117e-06
4.63361e-05
-7.5317e-06
4.58942e-05
-7.13998e-06
4.54492e-05
-6.73209e-06
4.50027e-05
-6.31332e-06
4.4553e-05
-5.88982e-06
4.41035e-05
-5.46564e-06
4.36533e-05
-5.04811e-06
4.32072e-05
-4.63929e-06
4.27645e-05
-4.2471e-06
4.23311e-05
-3.87011e-06
4.19057e-05
-3.51726e-06
4.14942e-05
-3.18288e-06
4.10946e-05
-2.87804e-06
4.07122e-05
-2.59203e-06
4.03436e-05
-2.33939e-06
3.99931e-05
-2.10317e-06
3.96561e-05
-1.90338e-06
3.93358e-05
-1.71582e-06
3.90273e-05
-1.56832e-06
3.8732e-05
-1.4271e-06
3.84453e-05
-1.33054e-06
3.81662e-05
-1.2325e-06
3.78914e-05
-1.18533e-06
-1.12989e-06
5.29924e-05
8.31326e-08
5.2901e-05
-3.58275e-07
5.28739e-05
-7.49211e-07
5.28996e-05
-1.04657e-06
5.29471e-05
-1.27406e-06
5.29973e-05
-1.46091e-06
5.30465e-05
-1.62403e-06
5.31022e-05
-1.7679e-06
5.31692e-05
-1.89173e-06
5.3247e-05
-1.99554e-06
5.33323e-05
-2.08126e-06
5.3422e-05
-2.15171e-06
5.35133e-05
-2.20985e-06
5.36045e-05
-2.25827e-06
5.36943e-05
-2.29914e-06
5.37815e-05
-2.33439e-06
5.38654e-05
-2.36581e-06
5.39454e-05
-2.39513e-06
5.40212e-05
-2.42409e-06
5.40923e-05
-2.45433e-06
5.41589e-05
-2.48748e-06
5.42209e-05
-2.52506e-06
5.42784e-05
-2.56855e-06
5.43315e-05
-2.61932e-06
5.43805e-05
-2.67865e-06
5.44253e-05
-2.74765e-06
5.44662e-05
-2.82734e-06
5.45032e-05
-2.91857e-06
5.4536e-05
-3.0221e-06
5.45644e-05
-3.13855e-06
5.4588e-05
-3.26849e-06
5.46064e-05
-3.41227e-06
5.46189e-05
-3.57025e-06
5.46247e-05
-3.7426e-06
5.46226e-05
-3.92947e-06
5.46115e-05
-4.13086e-06
5.459e-05
-4.34668e-06
5.45562e-05
-4.57669e-06
5.45083e-05
-4.82048e-06
5.44443e-05
-5.07745e-06
5.43617e-05
-5.34667e-06
5.42582e-05
-5.62693e-06
5.41312e-05
-5.91643e-06
5.39782e-05
-6.21303e-06
5.37972e-05
-6.51451e-06
5.35865e-05
-6.81776e-06
5.33449e-05
-7.11913e-06
5.30719e-05
-7.41461e-06
5.27678e-05
-7.69969e-06
5.24341e-05
-7.96969e-06
5.20726e-05
-8.21963e-06
5.16863e-05
-8.44462e-06
5.12787e-05
-8.63993e-06
5.08523e-05
-8.80154e-06
5.04096e-05
-8.92548e-06
4.99529e-05
-9.00828e-06
4.94836e-05
-9.04686e-06
4.90017e-05
-9.03814e-06
4.85057e-05
-8.97877e-06
4.79927e-05
-8.86776e-06
4.74597e-05
-8.70564e-06
4.69034e-05
-8.49476e-06
4.63203e-05
-8.23718e-06
4.57074e-05
-7.93685e-06
4.50641e-05
-7.59885e-06
4.4391e-05
-7.22809e-06
4.36896e-05
-6.83022e-06
4.2963e-05
-6.41341e-06
4.22151e-05
-5.9842e-06
4.14519e-05
-5.55013e-06
4.06788e-05
-5.11674e-06
3.99041e-05
-4.69089e-06
3.91332e-05
-4.27719e-06
3.83744e-05
-3.88056e-06
3.76315e-05
-3.50414e-06
3.69123e-05
-3.15096e-06
3.62183e-05
-2.82325e-06
3.5557e-05
-2.52151e-06
3.49263e-05
-2.24738e-06
3.43332e-05
-1.99892e-06
3.37724e-05
-1.77856e-06
3.32497e-05
-1.58054e-06
3.27564e-05
-1.41004e-06
3.22986e-05
-1.25802e-06
3.18644e-05
-1.13408e-06
3.14605e-05
-1.02324e-06
3.10723e-05
-9.42362e-07
3.07076e-05
-8.67764e-07
3.03497e-05
-8.27428e-07
-7.81313e-07
5.43264e-05
-2.37531e-07
5.45075e-05
-5.39312e-07
5.46114e-05
-8.53115e-07
5.46987e-05
-1.13393e-06
5.47856e-05
-1.36097e-06
5.48659e-05
-1.54117e-06
5.49321e-05
-1.69026e-06
5.49833e-05
-1.81902e-06
5.50234e-05
-1.93191e-06
5.50575e-05
-2.02956e-06
5.5088e-05
-2.11183e-06
5.51159e-05
-2.17954e-06
5.51406e-05
-2.23458e-06
5.51616e-05
-2.27927e-06
5.51784e-05
-2.31592e-06
5.51906e-05
-2.34662e-06
5.51981e-05
-2.37327e-06
5.52006e-05
-2.39766e-06
5.5198e-05
-2.42152e-06
5.51902e-05
-2.44653e-06
5.51771e-05
-2.47436e-06
5.51586e-05
-2.50657e-06
5.51348e-05
-2.54467e-06
5.51055e-05
-2.59004e-06
5.50708e-05
-2.64396e-06
5.50307e-05
-2.70753e-06
5.49851e-05
-2.78175e-06
5.49339e-05
-2.86741e-06
5.48771e-05
-2.96525e-06
5.48143e-05
-3.0758e-06
5.47454e-05
-3.19956e-06
5.467e-05
-3.33685e-06
5.45877e-05
-3.48795e-06
5.4498e-05
-3.65294e-06
5.44005e-05
-3.83191e-06
5.42944e-05
-4.02476e-06
5.4179e-05
-4.23133e-06
5.40536e-05
-4.45126e-06
5.39172e-05
-4.68407e-06
5.37687e-05
-4.92902e-06
5.36072e-05
-5.18515e-06
5.34314e-05
-5.45109e-06
5.324e-05
-5.72503e-06
5.30317e-05
-6.00481e-06
5.28051e-05
-6.28785e-06
5.25585e-05
-6.57116e-06
5.22903e-05
-6.85098e-06
5.19989e-05
-7.12322e-06
5.16823e-05
-7.38309e-06
5.13385e-05
-7.62585e-06
5.09652e-05
-7.84637e-06
5.05605e-05
-8.03985e-06
5.01217e-05
-8.20114e-06
4.96457e-05
-8.32558e-06
4.91289e-05
-8.40866e-06
4.85671e-05
-8.44645e-06
4.79554e-05
-8.43524e-06
4.72889e-05
-8.37163e-06
4.65633e-05
-8.25314e-06
4.57759e-05
-8.08041e-06
4.49267e-05
-7.85636e-06
4.40157e-05
-7.58375e-06
4.3043e-05
-7.26455e-06
4.20101e-05
-6.90397e-06
4.09236e-05
-6.51232e-06
3.97925e-05
-6.09695e-06
3.86275e-05
-5.66522e-06
3.7439e-05
-5.22498e-06
3.62379e-05
-4.78306e-06
3.50351e-05
-4.34729e-06
3.38431e-05
-3.92476e-06
3.26747e-05
-3.52246e-06
3.15413e-05
-3.14382e-06
3.04527e-05
-2.79199e-06
2.94163e-05
-2.46778e-06
2.84389e-05
-2.17353e-06
2.7524e-05
-1.90833e-06
2.66754e-05
-1.67296e-06
2.58926e-05
-1.46454e-06
2.51766e-05
-1.28295e-06
2.45224e-05
-1.12435e-06
2.39304e-05
-9.88539e-07
2.3392e-05
-8.71602e-07
2.29076e-05
-7.73679e-07
2.2465e-05
-6.91402e-07
2.20663e-05
-6.24623e-07
2.16953e-05
-5.71354e-07
2.13575e-05
-5.29906e-07
2.1032e-05
-5.0192e-07
-4.80501e-07
5.39222e-05
-5.66871e-07
5.41756e-05
-7.92733e-07
5.43571e-05
-1.03465e-06
5.44907e-05
-1.26755e-06
5.46007e-05
-1.47089e-06
5.46984e-05
-1.63893e-06
5.47849e-05
-1.77677e-06
5.48585e-05
-1.89254e-06
5.49189e-05
-1.99232e-06
5.49681e-05
-2.07881e-06
5.50089e-05
-2.15257e-06
5.50431e-05
-2.21374e-06
5.50716e-05
-2.26313e-06
5.50946e-05
-2.30225e-06
5.51117e-05
-2.33305e-06
5.51227e-05
-2.35756e-06
5.51272e-05
-2.37779e-06
5.51251e-05
-2.39559e-06
5.51163e-05
-2.41275e-06
5.51008e-05
-2.43099e-06
5.50784e-05
-2.452e-06
5.50493e-05
-2.47738e-06
5.50132e-05
-2.50867e-06
5.49705e-05
-2.54726e-06
5.49209e-05
-2.59444e-06
5.48647e-05
-2.6513e-06
5.48018e-05
-2.71885e-06
5.47323e-05
-2.79786e-06
5.4656e-05
-2.88896e-06
5.45728e-05
-2.99264e-06
5.44825e-05
-3.10929e-06
5.43849e-05
-3.23916e-06
5.42793e-05
-3.38241e-06
5.41654e-05
-3.53904e-06
5.40425e-05
-3.70902e-06
5.39099e-05
-3.89211e-06
5.37665e-05
-4.088e-06
5.36114e-05
-4.29615e-06
5.34432e-05
-4.51589e-06
5.32604e-05
-4.74621e-06
5.30612e-05
-4.98591e-06
5.28434e-05
-5.23332e-06
5.26048e-05
-5.48637e-06
5.23423e-05
-5.74237e-06
5.20527e-05
-5.99822e-06
5.1732e-05
-6.25041e-06
5.13757e-05
-6.49469e-06
5.09787e-05
-6.72629e-06
5.05354e-05
-6.9398e-06
5.00396e-05
-7.12998e-06
4.94847e-05
-7.29153e-06
4.88649e-05
-7.41996e-06
4.81745e-05
-7.51083e-06
4.74095e-05
-7.56054e-06
4.65654e-05
-7.56454e-06
4.56377e-05
-7.51877e-06
4.46213e-05
-7.41883e-06
4.35112e-05
-7.26151e-06
4.2305e-05
-7.04698e-06
4.10076e-05
-6.783e-06
3.9628e-05
-6.47679e-06
3.81753e-05
-6.13099e-06
3.66565e-05
-5.7458e-06
3.50804e-05
-5.32789e-06
3.34588e-05
-4.89071e-06
3.18119e-05
-4.45001e-06
3.01612e-05
-4.0145e-06
2.85257e-05
-3.58954e-06
2.69227e-05
-3.18006e-06
2.53689e-05
-2.79349e-06
2.38811e-05
-2.43694e-06
2.24736e-05
-2.11496e-06
2.11587e-05
-1.82888e-06
1.99457e-05
-1.57903e-06
1.88415e-05
-1.36355e-06
1.78482e-05
-1.18024e-06
1.69651e-05
-1.0252e-06
1.61877e-05
-8.956e-07
1.55098e-05
-7.86585e-07
1.49227e-05
-6.95857e-07
1.44171e-05
-6.18803e-07
1.39835e-05
-5.54898e-07
1.36117e-05
-4.9981e-07
1.3293e-05
-4.5503e-07
1.30174e-05
-4.15803e-07
1.27783e-05
-3.85535e-07
1.25651e-05
-3.5813e-07
1.23742e-05
-3.38966e-07
1.21934e-05
-3.21131e-07
-3.09744e-07
5.35777e-05
-8.79097e-07
5.3845e-05
-1.06005e-06
5.4059e-05
-1.24868e-06
5.42262e-05
-1.43475e-06
5.43624e-05
-1.60702e-06
5.44802e-05
-1.75682e-06
5.45854e-05
-1.88197e-06
5.46791e-05
-1.98617e-06
5.47609e-05
-2.07412e-06
5.4831e-05
-2.14892e-06
5.48904e-05
-2.21199e-06
5.49405e-05
-2.26383e-06
5.49822e-05
-2.30485e-06
5.50159e-05
-2.33595e-06
5.50414e-05
-2.35858e-06
5.50584e-05
-2.37455e-06
5.50665e-05
-2.38583e-06
5.50652e-05
-2.39436e-06
5.50546e-05
-2.40208e-06
5.50343e-05
-2.41078e-06
5.50045e-05
-2.42217e-06
5.4965e-05
-2.43791e-06
5.49159e-05
-2.45955e-06
5.48572e-05
-2.48849e-06
5.47887e-05
-2.52599e-06
5.47106e-05
-2.57317e-06
5.46227e-05
-2.631e-06
5.45251e-05
-2.7002e-06
5.44173e-05
-2.7812e-06
5.4299e-05
-2.87437e-06
5.41697e-05
-2.97993e-06
5.40285e-05
-3.09795e-06
5.38745e-05
-3.22837e-06
5.37064e-05
-3.37103e-06
5.3523e-05
-3.5256e-06
5.33226e-05
-3.69164e-06
5.31031e-05
-3.86854e-06
5.28624e-05
-4.05547e-06
5.25979e-05
-4.25135e-06
5.23065e-05
-4.45481e-06
5.19847e-05
-4.66413e-06
5.16286e-05
-4.8772e-06
5.12337e-05
-5.09148e-06
5.0795e-05
-5.30372e-06
5.0307e-05
-5.51025e-06
4.97636e-05
-5.70698e-06
4.91579e-05
-5.88901e-06
4.84825e-05
-6.05086e-06
4.77295e-05
-6.18677e-06
4.68907e-05
-6.29118e-06
4.59582e-05
-6.35902e-06
4.49242e-05
-6.38594e-06
4.37834e-05
-6.3701e-06
4.25349e-05
-6.31197e-06
4.11791e-05
-6.20877e-06
3.97177e-05
-6.05735e-06
3.81482e-05
-5.8494e-06
3.64693e-05
-5.58261e-06
3.46852e-05
-5.26284e-06
3.28124e-05
-4.91018e-06
3.08698e-05
-4.53425e-06
2.88797e-05
-4.14082e-06
2.6864e-05
-3.7301e-06
2.48433e-05
-3.30722e-06
2.28397e-05
-2.88708e-06
2.088e-05
-2.49029e-06
1.89949e-05
-2.12945e-06
1.72141e-05
-1.80876e-06
1.55635e-05
-1.5295e-06
1.40622e-05
-1.29216e-06
1.27247e-05
-1.09939e-06
1.15556e-05
-9.4588e-07
1.05491e-05
-8.22349e-07
9.69416e-06
-7.24124e-07
8.97668e-06
-6.46077e-07
8.37948e-06
-5.83036e-07
7.88492e-06
-5.30638e-07
7.47553e-06
-4.86212e-07
7.1363e-06
-4.47352e-07
6.85372e-06
-4.13284e-07
6.61758e-06
-3.82661e-07
6.41865e-06
-3.55968e-07
6.25075e-06
-3.31905e-07
6.10734e-06
-3.11623e-07
5.98449e-06
-2.92956e-07
5.87663e-06
-2.77677e-07
5.78039e-06
-2.61888e-07
5.69006e-06
-2.48638e-07
5.60064e-06
-2.31703e-07
-2.18938e-07
5.34339e-05
-1.18259e-06
5.37021e-05
-1.32829e-06
5.39306e-05
-1.47712e-06
5.41206e-05
-1.62479e-06
5.42791e-05
-1.76547e-06
5.4415e-05
-1.89276e-06
5.45353e-05
-2.0022e-06
5.46424e-05
-2.09334e-06
5.47368e-05
-2.16852e-06
5.48182e-05
-2.23026e-06
5.48864e-05
-2.28021e-06
5.49418e-05
-2.31918e-06
5.49846e-05
-2.34767e-06
5.50149e-05
-2.3663e-06
5.50325e-05
-2.37619e-06
5.50369e-05
-2.37888e-06
5.50273e-05
-2.37626e-06
5.50033e-05
-2.37036e-06
5.49645e-05
-2.36328e-06
5.49108e-05
-2.35704e-06
5.4842e-05
-2.35346e-06
5.47583e-05
-2.35414e-06
5.46593e-05
-2.36055e-06
5.45449e-05
-2.37407e-06
5.44149e-05
-2.39598e-06
5.4269e-05
-2.42735e-06
5.4107e-05
-2.46901e-06
5.39283e-05
-2.52147e-06
5.37321e-05
-2.58502e-06
5.35175e-05
-2.65973e-06
5.32831e-05
-2.74553e-06
5.30273e-05
-2.84217e-06
5.27482e-05
-2.94927e-06
5.24435e-05
-3.06632e-06
5.21105e-05
-3.19264e-06
5.17463e-05
-3.32744e-06
5.13475e-05
-3.46968e-06
5.09102e-05
-3.61822e-06
5.04304e-05
-3.77148e-06
4.99033e-05
-3.92772e-06
4.93237e-05
-4.08455e-06
4.86858e-05
-4.2393e-06
4.7983e-05
-4.38873e-06
4.7209e-05
-4.52967e-06
4.63574e-05
-4.65865e-06
4.54214e-05
-4.77101e-06
4.43933e-05
-4.86094e-06
4.32655e-05
-4.92304e-06
4.20309e-05
-4.9521e-06
4.06835e-05
-4.94382e-06
3.92177e-05
-4.89318e-06
3.76291e-05
-4.79734e-06
3.59154e-05
-4.6564e-06
3.40818e-05
-4.47836e-06
3.21379e-05
-4.26489e-06
3.01012e-05
-4.02072e-06
2.79801e-05
-3.72828e-06
2.57859e-05
-3.38836e-06
2.35428e-05
-3.0198e-06
2.12789e-05
-2.64624e-06
1.90281e-05
-2.28345e-06
1.6819e-05
-1.93172e-06
1.47084e-05
-1.61951e-06
1.27435e-05
-1.3423e-06
1.09574e-05
-1.10099e-06
9.37267e-06
-9.05561e-07
8.0112e-06
-7.67975e-07
6.87111e-06
-6.68663e-07
5.93953e-06
-5.9792e-07
5.19066e-06
-5.43285e-07
4.58374e-06
-4.92478e-07
4.08037e-06
-4.42502e-07
3.65469e-06
-3.96671e-07
3.28932e-06
-3.58754e-07
2.97274e-06
-3.29502e-07
2.69717e-06
-3.07457e-07
2.45921e-06
-2.92686e-07
2.25425e-06
-2.81245e-07
2.07812e-06
-2.71222e-07
1.92671e-06
-2.61873e-07
1.79701e-06
-2.52962e-07
1.68526e-06
-2.44216e-07
1.58885e-06
-2.35504e-07
1.50463e-06
-2.27402e-07
1.43071e-06
-2.19035e-07
1.36355e-06
-2.10517e-07
1.30131e-06
-1.99645e-07
1.23934e-06
-1.86671e-07
1.17729e-06
-1.69657e-07
-1.60082e-07
5.34617e-05
-1.4746e-06
5.37204e-05
-1.58693e-06
5.39437e-05
-1.70048e-06
5.41328e-05
-1.8138e-06
5.42903e-05
-1.923e-06
5.44203e-05
-2.02274e-06
5.4527e-05
-2.10891e-06
5.46134e-05
-2.17972e-06
5.46803e-05
-2.23544e-06
5.47274e-05
-2.27737e-06
5.4754e-05
-2.3068e-06
5.47594e-05
-2.32462e-06
5.47432e-05
-2.33151e-06
5.47052e-05
-2.32823e-06
5.46448e-05
-2.31585e-06
5.45618e-05
-2.29581e-06
5.44554e-05
-2.26993e-06
5.43254e-05
-2.24029e-06
5.41712e-05
-2.20915e-06
5.39931e-05
-2.17889e-06
5.37914e-05
-2.15175e-06
5.35662e-05
-2.12898e-06
5.33173e-05
-2.11167e-06
5.30444e-05
-2.10117e-06
5.27471e-05
-2.09872e-06
5.2425e-05
-2.10519e-06
5.20772e-05
-2.12117e-06
5.17025e-05
-2.14685e-06
5.12997e-05
-2.18222e-06
5.08669e-05
-2.22694e-06
5.0402e-05
-2.28056e-06
4.99022e-05
-2.34239e-06
4.93646e-05
-2.41168e-06
4.87857e-05
-2.48745e-06
4.81618e-05
-2.56869e-06
4.74885e-05
-2.65414e-06
4.67613e-05
-2.74252e-06
4.59754e-05
-2.83227e-06
4.51256e-05
-2.9217e-06
4.42067e-05
-3.00881e-06
4.32133e-05
-3.09119e-06
4.21397e-05
-3.1657e-06
4.09782e-05
-3.22722e-06
3.9723e-05
-3.27444e-06
3.83711e-05
-3.30679e-06
3.69178e-05
-3.31772e-06
3.53586e-05
-3.30171e-06
3.36899e-05
-3.25435e-06
3.19109e-05
-3.1731e-06
3.00248e-05
-3.05777e-06
2.80342e-05
-2.90258e-06
2.59507e-05
-2.7138e-06
2.3789e-05
-2.49471e-06
2.15572e-05
-2.24654e-06
1.92888e-05
-1.99652e-06
1.70103e-05
-1.74225e-06
1.47665e-05
-1.48441e-06
1.26085e-05
-1.2304e-06
1.05828e-05
-9.94102e-07
8.7317e-06
-7.9513e-07
7.10118e-06
-6.52941e-07
5.7517e-06
-5.82239e-07
4.66493e-06
-5.32732e-07
3.8024e-06
-4.79782e-07
3.10962e-06
-4.08203e-07
2.53417e-06
-3.30119e-07
2.03403e-06
-2.67832e-07
1.59493e-06
-2.29564e-07
1.21513e-06
-2.18116e-07
8.8674e-07
-2.14896e-07
6.02118e-07
-2.07856e-07
3.54501e-07
-1.94885e-07
1.37538e-07
-1.79709e-07
-5.41581e-08
-1.67058e-07
-2.24083e-07
-1.59577e-07
-3.75278e-07
-1.56263e-07
-5.12127e-07
-1.55836e-07
-6.36393e-07
-1.56979e-07
-7.49343e-07
-1.58272e-07
-8.52195e-07
-1.59021e-07
-9.46148e-07
-1.59009e-07
-1.03207e-06
-1.58296e-07
-1.11073e-06
-1.56839e-07
-1.1834e-06
-1.5474e-07
-1.25091e-06
-1.51518e-07
-1.31471e-06
-1.46722e-07
-1.37526e-06
-1.39095e-07
-1.4334e-06
-1.28527e-07
-1.48629e-06
-1.16761e-07
-1.12067e-07
5.34004e-05
-1.68771e-06
5.35693e-05
-1.75589e-06
5.36937e-05
-1.82485e-06
5.37733e-05
-1.8934e-06
5.38093e-05
-1.95904e-06
5.38026e-05
-2.01599e-06
5.37548e-05
-2.06113e-06
5.36684e-05
-2.09327e-06
5.35453e-05
-2.11234e-06
5.33864e-05
-2.1185e-06
5.3192e-05
-2.11237e-06
5.29621e-05
-2.09477e-06
5.26971e-05
-2.06648e-06
5.23976e-05
-2.02873e-06
5.20645e-05
-1.98273e-06
5.16986e-05
-1.92994e-06
5.13009e-05
-1.87219e-06
5.08721e-05
-1.81153e-06
5.04131e-05
-1.75015e-06
4.99245e-05
-1.69027e-06
4.94077e-05
-1.63498e-06
4.88636e-05
-1.58485e-06
4.82921e-05
-1.5402e-06
4.76933e-05
-1.50236e-06
4.70668e-05
-1.47218e-06
4.64117e-05
-1.45012e-06
4.57269e-05
-1.43635e-06
4.50107e-05
-1.43064e-06
4.4261e-05
-1.43257e-06
4.34755e-05
-1.44139e-06
4.26512e-05
-1.45627e-06
4.1785e-05
-1.47617e-06
4.08733e-05
-1.50002e-06
3.99124e-05
-1.52656e-06
3.88983e-05
-1.55459e-06
3.78268e-05
-1.58267e-06
3.66938e-05
-1.60952e-06
3.54951e-05
-1.63356e-06
3.42269e-05
-1.65348e-06
3.28857e-05
-1.66761e-06
3.14691e-05
-1.67458e-06
2.99755e-05
-1.67215e-06
2.84029e-05
-1.65456e-06
2.6752e-05
-1.62357e-06
2.50259e-05
-1.58064e-06
2.32283e-05
-1.52012e-06
2.13665e-05
-1.4399e-06
1.94514e-05
-1.33929e-06
1.74951e-05
-1.21683e-06
1.55144e-05
-1.07702e-06
1.35374e-05
-9.25627e-07
1.15965e-05
-7.72878e-07
9.73474e-06
-6.32923e-07
8.01279e-06
-5.24585e-07
6.47557e-06
-4.59304e-07
5.17149e-06
-4.3817e-07
4.09409e-06
-4.07007e-07
3.214e-06
-3.50314e-07
2.4877e-06
-2.678e-07
1.87623e-06
-1.83663e-07
1.35382e-06
-1.30528e-07
8.89244e-07
-1.17663e-07
4.91494e-07
-1.34982e-07
1.53758e-07
-1.42046e-07
-1.31864e-07
-1.2258e-07
-3.74547e-07
-8.74364e-08
-5.83383e-07
-5.89958e-08
-7.65149e-07
-4.77986e-08
-9.31167e-07
-5.20975e-08
-1.08514e-06
-6.0927e-08
-1.22562e-06
-6.73759e-08
-1.35165e-06
-6.88557e-08
-1.46425e-06
-6.71053e-08
-1.56638e-06
-6.49225e-08
-1.66178e-06
-6.41858e-08
-1.75252e-06
-6.55139e-08
-1.83997e-06
-6.83871e-08
-1.92499e-06
-7.19623e-08
-2.00779e-06
-7.54758e-08
-2.0883e-06
-7.85047e-08
-2.16642e-06
-8.08886e-08
-2.24209e-06
-8.26302e-08
-2.31519e-06
-8.37393e-08
-2.38571e-06
-8.42152e-08
-2.45346e-06
-8.37749e-08
-2.51812e-06
-8.20578e-08
-2.57858e-06
-7.86384e-08
-2.63304e-06
-7.40633e-08
-2.67986e-06
-6.99481e-08
-6.85078e-08
5.10653e-05
-1.46039e-06
5.07721e-05
-1.46268e-06
5.04138e-05
-1.46657e-06
4.99907e-05
-1.47026e-06
4.95033e-05
-1.47163e-06
4.89555e-05
-1.4682e-06
4.83515e-05
-1.45711e-06
4.76955e-05
-1.43727e-06
4.69935e-05
-1.41039e-06
4.62503e-05
-1.37533e-06
4.54703e-05
-1.33233e-06
4.46576e-05
-1.28204e-06
4.38164e-05
-1.22531e-06
4.29508e-05
-1.16315e-06
4.20647e-05
-1.09665e-06
4.11619e-05
-1.02707e-06
4.02456e-05
-9.55896e-07
3.93188e-05
-8.84784e-07
3.83841e-05
-8.15463e-07
3.74435e-05
-7.4959e-07
3.6497e-05
-6.88568e-07
3.55455e-05
-6.33276e-07
3.45895e-05
-5.84187e-07
3.36287e-05
-5.4164e-07
3.26624e-05
-5.05809e-07
3.16889e-05
-4.7663e-07
3.07063e-05
-4.53763e-07
2.97123e-05
-4.36618e-07
2.87041e-05
-4.24413e-07
2.7679e-05
-4.1624e-07
2.66338e-05
-4.11124e-07
2.55657e-05
-4.08058e-07
2.44717e-05
-4.06042e-07
2.33493e-05
-4.04088e-07
2.2196e-05
-4.01278e-07
2.101e-05
-3.96747e-07
1.97903e-05
-3.89805e-07
1.85366e-05
-3.79879e-07
1.72499e-05
-3.66748e-07
1.59327e-05
-3.50402e-07
1.45896e-05
-3.31497e-07
1.32284e-05
-3.10969e-07
1.18647e-05
-2.90872e-07
1.05148e-05
-2.73627e-07
9.19494e-06
-2.6079e-07
7.92717e-06
-2.52363e-07
6.73417e-06
-2.46899e-07
5.6366e-06
-2.41717e-07
4.65309e-06
-2.33319e-07
3.78131e-06
-2.05238e-07
3.01755e-06
-1.61866e-07
2.35218e-06
-1.0751e-07
1.77453e-06
-5.52745e-08
1.27164e-06
-2.16857e-08
8.29988e-07
-1.76569e-08
4.31014e-07
-3.91968e-08
8.63677e-08
-6.23608e-08
-2.0049e-07
-6.3457e-08
-4.3003e-07
-3.82602e-08
-6.08345e-07
-5.34782e-09
-7.5583e-07
1.69572e-08
-8.86694e-07
1.32009e-08
-1.01987e-06
-1.80518e-09
-1.14715e-06
-1.4767e-08
-1.25434e-06
-1.53901e-08
-1.33458e-06
-7.19306e-09
-1.39425e-06
6.68702e-10
-1.44468e-06
2.63417e-09
-1.49605e-06
-7.30556e-10
-1.55085e-06
-6.12948e-09
-1.60781e-06
-1.04088e-08
-1.66415e-06
-1.25166e-08
-1.71818e-06
-1.30774e-08
-1.76988e-06
-1.32198e-08
-1.82033e-06
-1.37338e-08
-1.871e-06
-1.48483e-08
-1.92292e-06
-1.64627e-08
-1.97656e-06
-1.83262e-08
-2.03186e-06
-2.01747e-08
-2.08852e-06
-2.18451e-08
-2.14614e-06
-2.32714e-08
-2.20431e-06
-2.44569e-08
-2.26262e-06
-2.54286e-08
-2.32063e-06
-2.62095e-08
-2.37768e-06
-2.67176e-08
-2.4329e-06
-2.68406e-08
-2.4849e-06
-2.66396e-08
-2.53216e-06
-2.67994e-08
-2.57417e-06
-2.79455e-08
-2.91427e-08
3.49957e-05
3.3533e-05
3.20665e-05
3.05962e-05
2.91246e-05
2.76564e-05
2.61993e-05
2.4762e-05
2.33516e-05
2.19763e-05
2.0644e-05
1.93619e-05
1.81366e-05
1.69735e-05
1.58768e-05
1.48497e-05
1.38938e-05
1.30091e-05
1.21936e-05
1.1444e-05
1.07554e-05
1.01222e-05
9.53798e-06
8.99634e-06
8.49053e-06
8.0139e-06
7.56013e-06
7.12352e-06
6.6991e-06
6.28286e-06
5.87174e-06
5.46368e-06
5.05764e-06
4.65355e-06
4.25227e-06
3.85553e-06
3.46572e-06
3.08584e-06
2.71909e-06
2.36869e-06
2.0372e-06
1.72623e-06
1.43535e-06
1.16173e-06
9.00938e-07
6.48575e-07
4.01676e-07
1.5996e-07
-7.3359e-08
-2.78597e-07
-4.40463e-07
-5.47973e-07
-6.03248e-07
-6.24933e-07
-6.4259e-07
-6.81787e-07
-7.44148e-07
-8.07605e-07
-8.45865e-07
-8.51213e-07
-8.34256e-07
-8.21055e-07
-8.2286e-07
-8.37627e-07
-8.53017e-07
-8.6021e-07
-8.59542e-07
-8.56907e-07
-8.57638e-07
-8.63767e-07
-8.74176e-07
-8.86693e-07
-8.9977e-07
-9.1299e-07
-9.26724e-07
-9.41572e-07
-9.58035e-07
-9.76361e-07
-9.96536e-07
-1.01838e-06
-1.04165e-06
-1.06611e-06
-1.09154e-06
-1.11775e-06
-1.14446e-06
-1.17131e-06
-1.19795e-06
-1.22474e-06
-1.25269e-06
)
;

boundaryField
{
    fixedWalls
    {
        type            calculated;
        value           uniform 0;
    }
    inflowWall
    {
        type            calculated;
        value           nonuniform List<scalar> 10(-5e-05 -5e-05 -5e-05 -5e-05 -5e-05 -5e-05 -5e-05 -5e-05 -5e-05 -5e-05);
    }
    outflowWall
    {
        type            calculated;
        value           nonuniform List<scalar> 
20
(
1.19214e-05
2.58496e-05
3.4907e-05
4.19538e-05
4.71525e-05
5.00731e-05
5.06023e-05
4.91984e-05
4.65736e-05
4.29235e-05
3.76148e-05
3.00011e-05
2.07312e-05
1.20226e-05
5.50983e-06
1.11844e-06
-1.53431e-06
-2.72341e-06
-2.61353e-06
-1.28183e-06
)
;
    }
    frontAndBack
    {
        type            empty;
        value           nonuniform List<scalar> 0();
    }
}


// ************************************************************************* //
