/*--------------------------------*- C++ -*----------------------------------*\
| =========                 |                                                 |
| \\      /  F ield         | OpenFOAM: The Open Source CFD Toolbox           |
|  \\    /   O peration     | Version:  2306                                  |
|   \\  /    A nd           | Website:  www.openfoam.com                      |
|    \\/     M anipulation  |                                                 |
\*---------------------------------------------------------------------------*/
FoamFile
{
    version     2.0;
    format      ascii;
    arch        "LSB;label=32;scalar=64";
    class       volVectorField;
    location    "4.17";
    object      U;
}
// * * * * * * * * * * * * * * * * * * * * * * * * * * * * * * * * * * * * * //

dimensions      [0 1 -1 0 0 0 0];

internalField   nonuniform List<vector> 
1900
(
(0.984283 0.00728611 0)
(0.961752 0.0216881 0)
(0.952344 0.018169 0)
(0.9187 0.0253063 0)
(0.903445 0.0154293 0)
(0.86308 0.02575 0)
(0.852319 0.0115792 0)
(0.812003 0.0267228 0)
(0.809757 0.00452626 0)
(0.770577 0.0259516 0)
(1.00256 0.0115582 0)
(1.00445 0.0258594 0)
(1.01944 0.0289588 0)
(1.02198 0.0304484 0)
(1.03489 0.0279927 0)
(1.03398 0.028402 0)
(1.04409 0.0257589 0)
(1.04282 0.0250558 0)
(1.05125 0.0206102 0)
(1.05234 0.0161183 0)
(1.00048 0.00388476 0)
(1.00419 0.0111517 0)
(1.01255 0.0139912 0)
(1.02113 0.0157768 0)
(1.03155 0.0146957 0)
(1.04055 0.0143973 0)
(1.05 0.0123427 0)
(1.05841 0.010885 0)
(1.06689 0.00724498 0)
(1.07473 0.00306411 0)
(1.00007 0.0020756 0)
(1.00313 0.00583861 0)
(1.00888 0.0080468 0)
(1.01649 0.00902237 0)
(1.02528 0.00853674 0)
(1.03432 0.00742923 0)
(1.04325 0.00563886 0)
(1.05181 0.00346349 0)
(1.05999 0.000620605 0)
(1.06766 -0.0029165 0)
(1.00003 0.000423115 0)
(1.00261 0.00116744 0)
(1.00738 0.00142644 0)
(1.01402 0.00114042 0)
(1.02191 0.000235551 0)
(1.03035 -0.00113728 0)
(1.03879 -0.00294206 0)
(1.04691 -0.00515825 0)
(1.05459 -0.00783211 0)
(1.06173 -0.0110276 0)
(1.00003 -0.00106191 0)
(1.00255 -0.00303102 0)
(1.0072 -0.00475621 0)
(1.01366 -0.00619872 0)
(1.02132 -0.00750418 0)
(1.02948 -0.00887403 0)
(1.03758 -0.0104943 0)
(1.04531 -0.0124764 0)
(1.05257 -0.0148609 0)
(1.05934 -0.0176184 0)
(1.00003 -0.0027115 0)
(1.00303 -0.00743502 0)
(1.00836 -0.0110636 0)
(1.01545 -0.0135029 0)
(1.02346 -0.0151309 0)
(1.03162 -0.0164971 0)
(1.03949 -0.0180069 0)
(1.04688 -0.0198385 0)
(1.05379 -0.0219853 0)
(1.06027 -0.0243577 0)
(1.00004 -0.00476974 0)
(1.00441 -0.0122346 0)
(1.01137 -0.0169194 0)
(1.01979 -0.0193515 0)
(1.02839 -0.0206795 0)
(1.03639 -0.0218524 0)
(1.04358 -0.0233189 0)
(1.05005 -0.0251061 0)
(1.05592 -0.0270731 0)
(1.06121 -0.0290866 0)
(1.00006 -0.0121189 0)
(1.00721 -0.0259523 0)
(1.01558 -0.0314299 0)
(1.02287 -0.0325788 0)
(1.02793 -0.0326628 0)
(1.03072 -0.0330383 0)
(1.03172 -0.0338176 0)
(1.03141 -0.0347379 0)
(1.02999 -0.0355835 0)
(1.02748 -0.0362954 0)
(0.980777 -0.00916356 0)
(0.964585 -0.0188216 0)
(0.945457 -0.0220463 0)
(0.920788 -0.0221856 0)
(0.891997 -0.0217394 0)
(0.861681 -0.0215782 0)
(0.831439 -0.0216101 0)
(0.801748 -0.0215999 0)
(0.772538 -0.0214236 0)
(0.743567 -0.0210969 0)
(0.000207139 -0.00010906 0)
(0.000346342 -2.00799e-05 0)
(8.70346e-05 2.69711e-05 0)
(-0.000392801 5.58708e-05 0)
(-0.00103397 7.34832e-05 0)
(-0.0017948 9.05441e-05 0)
(-0.00266197 0.000110517 0)
(-0.00363053 0.000132275 0)
(-0.0046952 0.000154592 0)
(-0.00584967 0.000176792 0)
(-0.00708701 0.000198491 0)
(-0.00839993 0.000219428 0)
(-0.00978109 0.00023937 0)
(-0.0112233 0.000258116 0)
(-0.0127195 0.000275508 0)
(-0.0142633 0.000291433 0)
(-0.0158487 0.000305824 0)
(-0.01747 0.000318655 0)
(-0.0191225 0.000329916 0)
(-0.020802 0.000339639 0)
(-0.0225056 0.000347909 0)
(-0.0242316 0.000354846 0)
(-0.0259795 0.000360579 0)
(-0.0277503 0.000365229 0)
(-0.0295465 0.0003689 0)
(-0.031372 0.000371658 0)
(-0.0332323 0.000373456 0)
(-0.0351343 0.000374022 0)
(-0.0370858 0.000372773 0)
(-0.0390958 0.000368738 0)
(-0.0411735 0.000360539 0)
(-0.0433293 0.000346598 0)
(-0.0455755 0.000325809 0)
(-0.047929 0.000298693 0)
(-0.0504143 0.000268714 0)
(-0.0530687 0.000243716 0)
(-0.0559464 0.000237511 0)
(-0.0591241 0.000271298 0)
(-0.0627046 0.000374199 0)
(-0.0668182 0.000582218 0)
(-0.0716188 0.000934188 0)
(-0.0772718 0.00146307 0)
(-0.0839323 0.00218284 0)
(-0.0917132 0.00307532 0)
(-0.100647 0.00408376 0)
(-0.110657 0.00511867 0)
(-0.121541 0.00607329 0)
(-0.132975 0.00683724 0)
(-0.144536 0.00731538 0)
(-0.155741 0.00744719 0)
(-0.16609 0.00722176 0)
(-0.175105 0.00669569 0)
(-0.18237 0.00597461 0)
(-0.187543 0.00511595 0)
(-0.190366 0.00409857 0)
(-0.190676 0.0029201 0)
(-0.188424 0.00160198 0)
(-0.183627 0.000240884 0)
(-0.176287 -0.0011254 0)
(-0.166547 -0.00243433 0)
(-0.154593 -0.00364236 0)
(-0.14063 -0.00474612 0)
(-0.124886 -0.00570047 0)
(-0.107648 -0.00649015 0)
(-0.0892007 -0.00711293 0)
(-0.0697518 -0.00763599 0)
(-0.049723 -0.0078701 0)
(-0.0292772 -0.00800039 0)
(-0.00888715 -0.00798755 0)
(0.0115471 -0.00786156 0)
(0.0313563 -0.00760544 0)
(0.050905 -0.00726822 0)
(0.0693483 -0.00682422 0)
(0.0873448 -0.00634416 0)
(0.103869 -0.00578574 0)
(0.119906 -0.00524208 0)
(0.134186 -0.00465602 0)
(0.148083 -0.00413111 0)
(0.160009 -0.00357651 0)
(0.171815 -0.00311571 0)
(0.181457 -0.0026294 0)
(0.191421 -0.00226919 0)
(0.198978 -0.00188153 0)
(0.207526 -0.00165249 0)
(0.213252 -0.00138688 0)
(0.221001 -0.00131728 0)
(0.225088 -0.00118308 0)
(0.232923 -0.00130453 0)
(0.235274 -0.00125832 0)
(0.24474 -0.0017268 0)
(6.29262e-05 -0.00051948 0)
(-0.000520627 0.000138345 0)
(-0.00200938 0.00070727 0)
(-0.00391198 0.00110906 0)
(-0.00619695 0.00138591 0)
(-0.00879139 0.00160579 0)
(-0.0116586 0.00180473 0)
(-0.0147709 0.0019906 0)
(-0.0180997 0.00216342 0)
(-0.0216178 0.00232244 0)
(-0.0252996 0.00246702 0)
(-0.0291208 0.002597 0)
(-0.0330588 0.00271274 0)
(-0.0370927 0.00281489 0)
(-0.0412041 0.00290429 0)
(-0.0453772 0.00298199 0)
(-0.0495984 0.00304912 0)
(-0.0538571 0.00310696 0)
(-0.0581456 0.00315691 0)
(-0.0624589 0.00320086 0)
(-0.0667958 0.00324118 0)
(-0.0711583 0.00328046 0)
(-0.0755521 0.00332148 0)
(-0.0799864 0.00336712 0)
(-0.0844736 0.00342042 0)
(-0.0890299 0.00348457 0)
(-0.0936748 0.00356273 0)
(-0.0984309 0.00365788 0)
(-0.103324 0.00377278 0)
(-0.108382 0.00391018 0)
(-0.113635 0.0040732 0)
(-0.119117 0.00426635 0)
(-0.124861 0.00449717 0)
(-0.130904 0.00477799 0)
(-0.137287 0.00512634 0)
(-0.144048 0.00556479 0)
(-0.151226 0.00612043 0)
(-0.15885 0.00682273 0)
(-0.166933 0.00769852 0)
(-0.175466 0.00876439 0)
(-0.184405 0.0100166 0)
(-0.193661 0.0114201 0)
(-0.203099 0.0129005 0)
(-0.212525 0.0143426 0)
(-0.221687 0.0155993 0)
(-0.230291 0.0165147 0)
(-0.238014 0.0169522 0)
(-0.244525 0.0167981 0)
(-0.249489 0.0159787 0)
(-0.252587 0.0144824 0)
(-0.25351 0.0123492 0)
(-0.251996 0.00964077 0)
(-0.24791 0.00642501 0)
(-0.241286 0.0028274 0)
(-0.231967 -0.00102276 0)
(-0.220091 -0.00500154 0)
(-0.205552 -0.00901176 0)
(-0.188547 -0.0129256 0)
(-0.169087 -0.0166922 0)
(-0.147472 -0.0201739 0)
(-0.123854 -0.0232396 0)
(-0.0985355 -0.0259827 0)
(-0.0717178 -0.028318 0)
(-0.0437244 -0.030235 0)
(-0.0149737 -0.0317471 0)
(0.0146483 -0.0327932 0)
(0.0444585 -0.0334142 0)
(0.0746568 -0.0336386 0)
(0.104031 -0.0334775 0)
(0.133827 -0.0329963 0)
(0.162002 -0.0321749 0)
(0.190622 -0.0311277 0)
(0.216861 -0.0298027 0)
(0.243722 -0.0283625 0)
(0.267483 -0.0267162 0)
(0.292254 -0.0250664 0)
(0.313184 -0.0232771 0)
(0.335782 -0.021591 0)
(0.353716 -0.0198131 0)
(0.374298 -0.0182311 0)
(0.389184 -0.0165841 0)
(0.408111 -0.0152191 0)
(0.419972 -0.0137959 0)
(0.437805 -0.0127405 0)
(0.446689 -0.0116105 0)
(0.464189 -0.0109436 0)
(0.470131 -0.0101553 0)
(0.488243 -0.00995427 0)
(0.49122 -0.00953838 0)
(0.511001 -0.0099252 0)
(-0.000158183 0.000422179 0)
(-0.00193857 0.00228141 0)
(-0.00540877 0.00349452 0)
(-0.00935231 0.00430573 0)
(-0.0137348 0.00493923 0)
(-0.0184557 0.00550148 0)
(-0.0234743 0.00601731 0)
(-0.0287529 0.00648654 0)
(-0.0342395 0.0069049 0)
(-0.0398841 0.00727125 0)
(-0.0456413 0.00758598 0)
(-0.0514709 0.00785135 0)
(-0.057338 0.0080712 0)
(-0.0632136 0.00825008 0)
(-0.0690744 0.00839295 0)
(-0.0749019 0.00850502 0)
(-0.0806824 0.00859175 0)
(-0.0864066 0.00865896 0)
(-0.0920686 0.00871308 0)
(-0.0976659 0.0087607 0)
(-0.1032 0.00880856 0)
(-0.108675 0.00886355 0)
(-0.114098 0.00893247 0)
(-0.119477 0.00902195 0)
(-0.124822 0.00913853 0)
(-0.130143 0.00928868 0)
(-0.135451 0.00947843 0)
(-0.140755 0.00971295 0)
(-0.146062 0.00999631 0)
(-0.151377 0.0103317 0)
(-0.1567 0.0107214 0)
(-0.162026 0.0111675 0)
(-0.167342 0.0116721 0)
(-0.172629 0.0122387 0)
(-0.177863 0.0128726 0)
(-0.183005 0.0135793 0)
(-0.188009 0.0143623 0)
(-0.192807 0.015221 0)
(-0.197317 0.0161459 0)
(-0.201433 0.0171141 0)
(-0.205027 0.0180852 0)
(-0.207951 0.0189982 0)
(-0.210036 0.0197642 0)
(-0.211098 0.0202546 0)
(-0.210941 0.0203207 0)
(-0.209356 0.0198075 0)
(-0.206179 0.0186076 0)
(-0.201265 0.0166416 0)
(-0.194469 0.0138391 0)
(-0.185703 0.010209 0)
(-0.174931 0.00581015 0)
(-0.162158 0.000744289 0)
(-0.147333 -0.00492282 0)
(-0.130597 -0.0110707 0)
(-0.111665 -0.0174765 0)
(-0.09094 -0.0239217 0)
(-0.068273 -0.0302645 0)
(-0.0441262 -0.0363313 0)
(-0.0182777 -0.0421078 0)
(0.00880382 -0.0473258 0)
(0.037392 -0.0520031 0)
(0.0668062 -0.0560044 0)
(0.0969998 -0.0593817 0)
(0.127787 -0.0620163 0)
(0.158681 -0.0640688 0)
(0.190055 -0.0652554 0)
(0.22071 -0.0658852 0)
(0.251917 -0.0658646 0)
(0.281452 -0.0652708 0)
(0.311705 -0.0641327 0)
(0.339397 -0.0625148 0)
(0.368148 -0.0605003 0)
(0.393449 -0.0581264 0)
(0.420344 -0.0555186 0)
(0.442877 -0.0526766 0)
(0.467779 -0.0497597 0)
(0.487335 -0.0467185 0)
(0.510314 -0.0437448 0)
(0.526824 -0.0407377 0)
(0.548129 -0.0379251 0)
(0.561615 -0.0351445 0)
(0.581643 -0.0326688 0)
(0.592185 -0.030263 0)
(0.611461 -0.0282622 0)
(0.619167 -0.026343 0)
(0.638323 -0.0249285 0)
(0.643307 -0.0235834 0)
(0.663066 -0.0228591 0)
(0.665425 -0.022172 0)
(0.686549 -0.0222369 0)
(-0.000918553 0.00120271 0)
(-0.00478539 0.00507624 0)
(-0.0106895 0.00754594 0)
(-0.0167431 0.00920361 0)
(-0.0231263 0.0104385 0)
(-0.0297915 0.0114228 0)
(-0.0366552 0.0122285 0)
(-0.0436215 0.0128928 0)
(-0.0506014 0.01343 0)
(-0.0575245 0.0138525 0)
(-0.0643366 0.0141731 0)
(-0.0709947 0.014404 0)
(-0.077467 0.0145571 0)
(-0.0837312 0.014644 0)
(-0.0897721 0.014676 0)
(-0.0955806 0.0146639 0)
(-0.101151 0.0146178 0)
(-0.106482 0.0145474 0)
(-0.111573 0.0144623 0)
(-0.116428 0.0143717 0)
(-0.121048 0.0142844 0)
(-0.125437 0.0142087 0)
(-0.129599 0.0141517 0)
(-0.133535 0.0141193 0)
(-0.137245 0.0141166 0)
(-0.140725 0.0141477 0)
(-0.14397 0.0142156 0)
(-0.146971 0.0143215 0)
(-0.149715 0.0144639 0)
(-0.152183 0.0146397 0)
(-0.154351 0.0148442 0)
(-0.156189 0.0150715 0)
(-0.157657 0.015315 0)
(-0.158711 0.015569 0)
(-0.159296 0.0158312 0)
(-0.15935 0.0160996 0)
(-0.158801 0.0163665 0)
(-0.157567 0.01662 0)
(-0.155553 0.0168377 0)
(-0.152647 0.016983 0)
(-0.148725 0.0170027 0)
(-0.143654 0.0168324 0)
(-0.137333 0.0164006 0)
(-0.129644 0.0155704 0)
(-0.120507 0.014215 0)
(-0.109785 0.0121294 0)
(-0.0974212 0.00926802 0)
(-0.0835167 0.00555238 0)
(-0.0679551 0.000978206 0)
(-0.0508485 -0.00443374 0)
(-0.0321643 -0.0106564 0)
(-0.0119988 -0.0175504 0)
(0.00979254 -0.0249621 0)
(0.0327565 -0.0326017 0)
(0.0573038 -0.0403879 0)
(0.0828586 -0.0481227 0)
(0.109905 -0.055745 0)
(0.137662 -0.0629723 0)
(0.166768 -0.0698702 0)
(0.196296 -0.0759972 0)
(0.226728 -0.0814994 0)
(0.257458 -0.0861439 0)
(0.288555 -0.0900244 0)
(0.31974 -0.0929225 0)
(0.350616 -0.0949896 0)
(0.381508 -0.096058 0)
(0.411346 -0.0963327 0)
(0.441268 -0.0957231 0)
(0.469348 -0.0944152 0)
(0.497738 -0.0923707 0)
(0.523488 -0.0897738 0)
(0.549973 -0.0866331 0)
(0.573007 -0.0831131 0)
(0.597405 -0.0792582 0)
(0.617509 -0.0751959 0)
(0.639821 -0.0709999 0)
(0.656933 -0.0667474 0)
(0.677328 -0.0625418 0)
(0.691498 -0.0584003 0)
(0.710274 -0.054462 0)
(0.721629 -0.050673 0)
(0.739184 -0.0472197 0)
(0.747893 -0.0439655 0)
(0.764704 -0.0411637 0)
(0.770949 -0.0385798 0)
(0.78755 -0.0365602 0)
(0.791513 -0.0347522 0)
(0.808486 -0.0336282 0)
(0.810325 -0.032687 0)
(0.828287 -0.0325608 0)
(-0.00127471 0.00690363 0)
(-0.00685967 0.0137381 0)
(-0.0154829 0.0163594 0)
(-0.0239819 0.0175199 0)
(-0.0325016 0.0183617 0)
(-0.0407963 0.019157 0)
(-0.0487366 0.0198554 0)
(-0.0562808 0.0203791 0)
(-0.0633977 0.0207088 0)
(-0.0700537 0.0208705 0)
(-0.0762293 0.0208929 0)
(-0.0819169 0.0208009 0)
(-0.0871184 0.0206165 0)
(-0.0918418 0.0203593 0)
(-0.0960996 0.020046 0)
(-0.0999067 0.0196914 0)
(-0.103279 0.0193076 0)
(-0.10623 0.0189049 0)
(-0.108774 0.0184924 0)
(-0.110922 0.0180791 0)
(-0.112685 0.0176729 0)
(-0.114069 0.0172806 0)
(-0.11508 0.0169072 0)
(-0.115717 0.0165555 0)
(-0.115977 0.0162269 0)
(-0.115851 0.0159213 0)
(-0.115328 0.0156385 0)
(-0.114392 0.0153752 0)
(-0.113024 0.0151242 0)
(-0.111196 0.0148767 0)
(-0.10888 0.0146215 0)
(-0.106039 0.0143463 0)
(-0.10263 0.0140376 0)
(-0.098599 0.0136843 0)
(-0.0938908 0.0132809 0)
(-0.0884489 0.0128255 0)
(-0.0821977 0.012296 0)
(-0.0750629 0.0116715 0)
(-0.0669592 0.0109248 0)
(-0.0577945 0.0100178 0)
(-0.0474555 0.0088925 0)
(-0.0358051 0.00745898 0)
(-0.0228862 0.00561786 0)
(-0.00852261 0.00330935 0)
(0.00724087 0.000409358 0)
(0.0243598 -0.00317396 0)
(0.0430146 -0.00751938 0)
(0.0629303 -0.0126909 0)
(0.0843319 -0.018723 0)
(0.106931 -0.0255377 0)
(0.130918 -0.0330606 0)
(0.155812 -0.0411066 0)
(0.182075 -0.0496567 0)
(0.208986 -0.058418 0)
(0.237149 -0.0673085 0)
(0.265727 -0.0760618 0)
(0.295436 -0.0846099 0)
(0.325277 -0.0926536 0)
(0.356006 -0.100171 0)
(0.386556 -0.106842 0)
(0.417623 -0.112716 0)
(0.448205 -0.117528 0)
(0.478863 -0.121393 0)
(0.508774 -0.124077 0)
(0.538235 -0.125763 0)
(0.566808 -0.126273 0)
(0.594398 -0.125844 0)
(0.621122 -0.124354 0)
(0.646333 -0.12207 0)
(0.67088 -0.11891 0)
(0.69338 -0.115155 0)
(0.715609 -0.110754 0)
(0.735247 -0.105985 0)
(0.755187 -0.100815 0)
(0.771958 -0.0954954 0)
(0.789776 -0.0900051 0)
(0.803783 -0.0845559 0)
(0.819752 -0.079137 0)
(0.831165 -0.0739097 0)
(0.845626 -0.0688792 0)
(0.854651 -0.0641486 0)
(0.867991 -0.05975 0)
(0.87484 -0.0557208 0)
(0.887476 -0.0521353 0)
(0.892353 -0.0489566 0)
(0.904721 -0.046321 0)
(0.907805 -0.0441047 0)
(0.920359 -0.0425302 0)
(0.921792 -0.0413706 0)
(0.934999 -0.0409655 0)
(-0.00367637 0.00677855 0)
(-0.0135014 0.0172072 0)
(-0.0245672 0.0219302 0)
(-0.0337079 0.0246052 0)
(-0.0420073 0.026218 0)
(-0.0496596 0.0270867 0)
(-0.0566209 0.0273872 0)
(-0.0627623 0.0273041 0)
(-0.0679893 0.0269747 0)
(-0.0723023 0.0264705 0)
(-0.0757566 0.0258382 0)
(-0.0784104 0.0251105 0)
(-0.0803228 0.0243156 0)
(-0.0815499 0.023476 0)
(-0.0821441 0.0226095 0)
(-0.0821525 0.0217297 0)
(-0.0816175 0.0208474 0)
(-0.0805738 0.0199687 0)
(-0.0790508 0.0190986 0)
(-0.0770724 0.0182429 0)
(-0.0746575 0.0174057 0)
(-0.0718196 0.0165891 0)
(-0.0685672 0.0157936 0)
(-0.0649018 0.0150165 0)
(-0.0608187 0.0142539 0)
(-0.0563049 0.0135009 0)
(-0.0513497 0.0127565 0)
(-0.0459344 0.0120156 0)
(-0.0400326 0.0112657 0)
(-0.0336159 0.0104933 0)
(-0.0266517 0.0096842 0)
(-0.0191019 0.00882208 0)
(-0.0109218 0.00788852 0)
(-0.00204845 0.00686021 0)
(0.00757885 0.00570741 0)
(0.0179709 0.00440724 0)
(0.0292224 0.00295399 0)
(0.0413982 0.00132906 0)
(0.0545749 -0.000502164 0)
(0.068824 -0.00258287 0)
(0.084215 -0.0049628 0)
(0.10083 -0.00769547 0)
(0.118673 -0.0108851 0)
(0.137807 -0.0145785 0)
(0.158378 -0.0189359 0)
(0.18017 -0.0239516 0)
(0.20336 -0.0297001 0)
(0.227627 -0.0361677 0)
(0.253224 -0.0433832 0)
(0.279671 -0.0512827 0)
(0.307336 -0.0598202 0)
(0.335539 -0.0688177 0)
(0.36481 -0.0781945 0)
(0.39429 -0.0876963 0)
(0.42464 -0.0972242 0)
(0.454833 -0.106488 0)
(0.485664 -0.115411 0)
(0.515938 -0.12368 0)
(0.546548 -0.131257 0)
(0.576181 -0.13784 0)
(0.605803 -0.143451 0)
(0.634057 -0.147827 0)
(0.661959 -0.15108 0)
(0.688202 -0.152993 0)
(0.713787 -0.153763 0)
(0.73757 -0.153224 0)
(0.760453 -0.151644 0)
(0.781563 -0.148901 0)
(0.801579 -0.145317 0)
(0.820009 -0.140794 0)
(0.837172 -0.135689 0)
(0.853081 -0.129912 0)
(0.867538 -0.123827 0)
(0.881195 -0.117341 0)
(0.893174 -0.110805 0)
(0.904912 -0.104109 0)
(0.914678 -0.0975836 0)
(0.924853 -0.0910986 0)
(0.932669 -0.0849547 0)
(0.941638 -0.0790081 0)
(0.947748 -0.0735277 0)
(0.955851 -0.0683624 0)
(0.960469 -0.0637485 0)
(0.968032 -0.0595386 0)
(0.971332 -0.0559347 0)
(0.978667 -0.0528057 0)
(0.980783 -0.0503157 0)
(0.988191 -0.0483656 0)
(0.989208 -0.0470753 0)
(0.996979 -0.0463977 0)
(-0.00179701 0.0287822 0)
(-0.00959694 0.0405151 0)
(-0.0241389 0.0404528 0)
(-0.0355823 0.0380416 0)
(-0.0446578 0.0362071 0)
(-0.0511143 0.0347323 0)
(-0.0552512 0.0332662 0)
(-0.057465 0.0317338 0)
(-0.0581165 0.0301484 0)
(-0.0574825 0.0285343 0)
(-0.0557517 0.0269147 0)
(-0.0530701 0.0253029 0)
(-0.0495626 0.0237161 0)
(-0.045334 0.022166 0)
(-0.0404728 0.0206585 0)
(-0.0350527 0.0191963 0)
(-0.02914 0.0177807 0)
(-0.0227786 0.0164039 0)
(-0.0160071 0.0150628 0)
(-0.00885831 0.01376 0)
(-0.00135475 0.012495 0)
(0.00649004 0.011265 0)
(0.0146655 0.0100665 0)
(0.0231779 0.0088894 0)
(0.0320343 0.00772306 0)
(0.0412683 0.00655262 0)
(0.050885 0.00535851 0)
(0.0609001 0.00412653 0)
(0.0713558 0.00285065 0)
(0.0822892 0.00151901 0)
(0.0937384 0.000113172 0)
(0.105749 -0.00138923 0)
(0.118364 -0.00301068 0)
(0.131632 -0.00477468 0)
(0.145608 -0.00670369 0)
(0.160316 -0.00883153 0)
(0.175855 -0.0111849 0)
(0.192278 -0.0137909 0)
(0.20965 -0.01668 0)
(0.228004 -0.0198954 0)
(0.247428 -0.0234807 0)
(0.267912 -0.0274916 0)
(0.289572 -0.031961 0)
(0.312307 -0.0369504 0)
(0.336274 -0.0425358 0)
(0.361244 -0.0487533 0)
(0.387379 -0.0556352 0)
(0.414315 -0.0631671 0)
(0.442272 -0.0713406 0)
(0.470732 -0.0800717 0)
(0.499995 -0.0892933 0)
(0.529373 -0.0988321 0)
(0.559269 -0.108574 0)
(0.588823 -0.118288 0)
(0.618574 -0.127844 0)
(0.647488 -0.136972 0)
(0.676272 -0.145563 0)
(0.703726 -0.153339 0)
(0.730738 -0.160235 0)
(0.755971 -0.16599 0)
(0.780513 -0.170611 0)
(0.802923 -0.173874 0)
(0.824495 -0.175883 0)
(0.843732 -0.176462 0)
(0.862112 -0.175816 0)
(0.878126 -0.173815 0)
(0.893372 -0.170749 0)
(0.906367 -0.166521 0)
(0.918745 -0.161485 0)
(0.929094 -0.155552 0)
(0.938988 -0.149118 0)
(0.94714 -0.142077 0)
(0.954969 -0.134839 0)
(0.96138 -0.127269 0)
(0.967541 -0.119774 0)
(0.97263 -0.112178 0)
(0.977466 -0.104882 0)
(0.981585 -0.0976645 0)
(0.985368 -0.0909211 0)
(0.988807 -0.0843876 0)
(0.991744 -0.0784556 0)
(0.994734 -0.0728232 0)
(0.996975 -0.0678835 0)
(0.999702 -0.063302 0)
(1.00135 -0.0594789 0)
(1.00396 -0.0560523 0)
(1.00507 -0.0534344 0)
(1.00771 -0.0512417 0)
(1.00829 -0.0499005 0)
(1.01105 -0.0490108 0)
(-0.0196364 0.00823704 0)
(-0.0379244 0.031912 0)
(-0.0411652 0.0392428 0)
(-0.0433033 0.0400349 0)
(-0.0422187 0.0383766 0)
(-0.0387777 0.0356195 0)
(-0.0334351 0.0325521 0)
(-0.0265304 0.0295035 0)
(-0.018321 0.0265786 0)
(-0.00908955 0.0238398 0)
(0.000977826 0.0212683 0)
(0.0117227 0.0188361 0)
(0.0229895 0.0165403 0)
(0.0346674 0.0143753 0)
(0.0466687 0.0123326 0)
(0.0589316 0.0104023 0)
(0.0713749 0.00857941 0)
(0.0839924 0.00685951 0)
(0.0967668 0.0052266 0)
(0.109665 0.00365507 0)
(0.122677 0.00212448 0)
(0.135808 0.000621126 0)
(0.149044 -0.000866492 0)
(0.162419 -0.00234713 0)
(0.17595 -0.00383189 0)
(0.189673 -0.00533792 0)
(0.203609 -0.0068857 0)
(0.217792 -0.00849922 0)
(0.232278 -0.0101982 0)
(0.247115 -0.0120021 0)
(0.262342 -0.0139307 0)
(0.27801 -0.0160081 0)
(0.294165 -0.0182576 0)
(0.310857 -0.0207055 0)
(0.328135 -0.0233732 0)
(0.346045 -0.0262805 0)
(0.364639 -0.0294536 0)
(0.383955 -0.0329284 0)
(0.404046 -0.0367328 0)
(0.424925 -0.0409044 0)
(0.446644 -0.045474 0)
(0.469177 -0.0504826 0)
(0.492578 -0.0559624 0)
(0.516749 -0.0619512 0)
(0.541741 -0.0684776 0)
(0.567363 -0.0755598 0)
(0.593654 -0.0831906 0)
(0.620311 -0.0913409 0)
(0.647382 -0.0999583 0)
(0.674442 -0.108955 0)
(0.701588 -0.118228 0)
(0.728254 -0.12763 0)
(0.754615 -0.137019 0)
(0.779968 -0.146196 0)
(0.804631 -0.155004 0)
(0.827766 -0.163215 0)
(0.849893 -0.170693 0)
(0.87004 -0.17721 0)
(0.888987 -0.182686 0)
(0.905625 -0.186919 0)
(0.921038 -0.189913 0)
(0.933971 -0.19151 0)
(0.945832 -0.191816 0)
(0.955202 -0.190716 0)
(0.963808 -0.188418 0)
(0.970055 -0.184841 0)
(0.975943 -0.180283 0)
(0.979679 -0.174676 0)
(0.983485 -0.168388 0)
(0.985367 -0.161335 0)
(0.987708 -0.153925 0)
(0.988327 -0.146032 0)
(0.989721 -0.138086 0)
(0.98955 -0.129904 0)
(0.990387 -0.121927 0)
(0.989766 -0.11391 0)
(0.990307 -0.106305 0)
(0.989457 -0.0988082 0)
(0.989862 -0.0918816 0)
(0.988914 -0.0851635 0)
(0.98927 -0.0791352 0)
(0.988293 -0.0733779 0)
(0.988639 -0.0683987 0)
(0.98766 -0.0637245 0)
(0.987999 -0.0598963 0)
(0.987017 -0.0563884 0)
(0.987325 -0.0537832 0)
(0.986317 -0.0515031 0)
(0.986539 -0.0501787 0)
(0.985459 -0.0491774 0)
(-0.0190237 0.108017 0)
(-0.0182211 0.0727835 0)
(-0.011377 0.0580574 0)
(0.00112941 0.0461569 0)
(0.0174966 0.0363367 0)
(0.0360351 0.0287873 0)
(0.0557947 0.0228564 0)
(0.0760512 0.0179837 0)
(0.0965879 0.0137885 0)
(0.116918 0.0100889 0)
(0.137077 0.00681751 0)
(0.157049 0.00392836 0)
(0.176701 0.00134805 0)
(0.19602 -0.000993134 0)
(0.214993 -0.0031415 0)
(0.233633 -0.00512783 0)
(0.251927 -0.0069763 0)
(0.269902 -0.00870921 0)
(0.287573 -0.0103484 0)
(0.304946 -0.0119204 0)
(0.322043 -0.0134531 0)
(0.338902 -0.0149717 0)
(0.35555 -0.016496 0)
(0.372044 -0.0180438 0)
(0.388426 -0.0196313 0)
(0.404741 -0.0212788 0)
(0.421033 -0.0230051 0)
(0.437355 -0.0248307 0)
(0.453757 -0.0267789 0)
(0.470298 -0.0288757 0)
(0.487021 -0.0311429 0)
(0.503982 -0.0336047 0)
(0.521218 -0.0362805 0)
(0.53878 -0.0391945 0)
(0.556696 -0.0423646 0)
(0.575009 -0.045815 0)
(0.593738 -0.0495636 0)
(0.612912 -0.0536375 0)
(0.632537 -0.0580538 0)
(0.65262 -0.0628394 0)
(0.673147 -0.0680087 0)
(0.694091 -0.0735875 0)
(0.715418 -0.0795855 0)
(0.737052 -0.0860232 0)
(0.758921 -0.0928985 0)
(0.780886 -0.100212 0)
(0.802843 -0.10793 0)
(0.824579 -0.116011 0)
(0.845976 -0.124377 0)
(0.866741 -0.132939 0)
(0.886778 -0.141573 0)
(0.905719 -0.150145 0)
(0.923538 -0.158497 0)
(0.93981 -0.166462 0)
(0.954651 -0.173868 0)
(0.967575 -0.180541 0)
(0.978907 -0.186333 0)
(0.988091 -0.19109 0)
(0.995729 -0.194722 0)
(1.00115 -0.197115 0)
(1.0053 -0.198266 0)
(1.00732 -0.198106 0)
(1.00851 -0.19673 0)
(1.00778 -0.194104 0)
(1.00679 -0.190413 0)
(1.00409 -0.185637 0)
(1.00173 -0.180047 0)
(0.997834 -0.173609 0)
(0.99482 -0.166661 0)
(0.99035 -0.159119 0)
(0.987225 -0.151371 0)
(0.982616 -0.143263 0)
(0.979719 -0.13522 0)
(0.975218 -0.127009 0)
(0.972722 -0.119093 0)
(0.968428 -0.111153 0)
(0.966389 -0.103696 0)
(0.962309 -0.0963188 0)
(0.960719 -0.0895758 0)
(0.956813 -0.0829804 0)
(0.95564 -0.0771405 0)
(0.951845 -0.0714846 0)
(0.951049 -0.0666804 0)
(0.947287 -0.0620713 0)
(0.946815 -0.0583919 0)
(0.942993 -0.054901 0)
(0.942784 -0.052407 0)
(0.938787 -0.0500851 0)
(0.938754 -0.0488222 0)
(0.934447 -0.0477099 0)
(0.0699612 0.00704633 0)
(0.0899375 0.00650534 0)
(0.153656 0.00602063 0)
(0.198629 0.00281382 0)
(0.237513 -0.00151063 0)
(0.272887 -0.00565901 0)
(0.305559 -0.00924634 0)
(0.335395 -0.0122908 0)
(0.363151 -0.0149033 0)
(0.389103 -0.0171629 0)
(0.413596 -0.0191487 0)
(0.436864 -0.0209158 0)
(0.458985 -0.0225028 0)
(0.480073 -0.0239437 0)
(0.500232 -0.0252643 0)
(0.519552 -0.0264868 0)
(0.538102 -0.0276303 0)
(0.555948 -0.0287192 0)
(0.573149 -0.0297776 0)
(0.58976 -0.0308261 0)
(0.605836 -0.0318851 0)
(0.621434 -0.0329767 0)
(0.636612 -0.0341209 0)
(0.651432 -0.0353397 0)
(0.665949 -0.0366537 0)
(0.680217 -0.0380831 0)
(0.694285 -0.0396461 0)
(0.708206 -0.0413623 0)
(0.722026 -0.0432506 0)
(0.735796 -0.0453315 0)
(0.749554 -0.0476229 0)
(0.763344 -0.0501449 0)
(0.777189 -0.0529148 0)
(0.791124 -0.0559519 0)
(0.805156 -0.0592708 0)
(0.819307 -0.0628881 0)
(0.83357 -0.0668155 0)
(0.847949 -0.0710681 0)
(0.862416 -0.0756546 0)
(0.876955 -0.080588 0)
(0.891512 -0.085872 0)
(0.906043 -0.0915146 0)
(0.920461 -0.0975114 0)
(0.934689 -0.103861 0)
(0.948601 -0.110544 0)
(0.962087 -0.117538 0)
(0.974993 -0.124794 0)
(0.987176 -0.132259 0)
(0.998466 -0.139842 0)
(1.0087 -0.147456 0)
(1.01773 -0.154972 0)
(1.02539 -0.162269 0)
(1.0316 -0.169191 0)
(1.03621 -0.175604 0)
(1.03925 -0.181351 0)
(1.0406 -0.186314 0)
(1.04046 -0.190363 0)
(1.03872 -0.193416 0)
(1.03576 -0.195396 0)
(1.03141 -0.196268 0)
(1.0263 -0.19602 0)
(1.02009 -0.19466 0)
(1.01367 -0.192245 0)
(1.00639 -0.188814 0)
(0.999459 -0.184493 0)
(0.991797 -0.179324 0)
(0.984964 -0.173494 0)
(0.977358 -0.167018 0)
(0.971004 -0.160132 0)
(0.963674 -0.152794 0)
(0.957965 -0.145294 0)
(0.950947 -0.137509 0)
(0.945907 -0.129793 0)
(0.939135 -0.12193 0)
(0.934726 -0.114348 0)
(0.928102 -0.106722 0)
(0.924278 -0.0995677 0)
(0.917704 -0.0924404 0)
(0.914443 -0.0859556 0)
(0.90784 -0.0795362 0)
(0.905147 -0.0739124 0)
(0.898438 -0.0683596 0)
(0.896332 -0.0637378 0)
(0.889427 -0.0591595 0)
(0.887919 -0.0556319 0)
(0.88069 -0.0520925 0)
(0.879765 -0.0497151 0)
(0.872036 -0.0472509 0)
(0.871647 -0.0460562 0)
(0.863198 -0.0446847 0)
(0.773786 -0.00924358 0)
(0.775383 -0.0206927 0)
(0.776262 -0.026934 0)
(0.77799 -0.0306583 0)
(0.781697 -0.0333376 0)
(0.787153 -0.0355732 0)
(0.794083 -0.0374921 0)
(0.801852 -0.0390637 0)
(0.81024 -0.0403036 0)
(0.819035 -0.0412521 0)
(0.828054 -0.0419849 0)
(0.837169 -0.0425759 0)
(0.846283 -0.0430688 0)
(0.855323 -0.0434888 0)
(0.864235 -0.0438539 0)
(0.87298 -0.0441807 0)
(0.881528 -0.0444861 0)
(0.88986 -0.0447895 0)
(0.897964 -0.0451111 0)
(0.905839 -0.0454713 0)
(0.913489 -0.0458909 0)
(0.920925 -0.0463912 0)
(0.928166 -0.0469945 0)
(0.935231 -0.0477238 0)
(0.942141 -0.0486009 0)
(0.948918 -0.0496457 0)
(0.955582 -0.0508757 0)
(0.962155 -0.0523079 0)
(0.968656 -0.0539576 0)
(0.975102 -0.0558399 0)
(0.981505 -0.0579684 0)
(0.987876 -0.060357 0)
(0.994215 -0.0630176 0)
(1.00052 -0.0659617 0)
(1.00679 -0.0691984 0)
(1.01302 -0.0727357 0)
(1.01917 -0.0765794 0)
(1.02522 -0.0807344 0)
(1.03114 -0.0852029 0)
(1.03689 -0.0899857 0)
(1.04241 -0.0950797 0)
(1.04765 -0.100479 0)
(1.05251 -0.10617 0)
(1.05694 -0.112132 0)
(1.06084 -0.118336 0)
(1.06412 -0.124741 0)
(1.06667 -0.131293 0)
(1.06842 -0.137928 0)
(1.06926 -0.144564 0)
(1.06912 -0.151112 0)
(1.06794 -0.157465 0)
(1.06568 -0.163517 0)
(1.06233 -0.169147 0)
(1.05793 -0.17425 0)
(1.05252 -0.178711 0)
(1.04619 -0.182446 0)
(1.03905 -0.185359 0)
(1.03124 -0.1874 0)
(1.02294 -0.18851 0)
(1.01424 -0.188683 0)
(1.00537 -0.187899 0)
(0.996317 -0.186195 0)
(0.987394 -0.183587 0)
(0.978347 -0.180141 0)
(0.969636 -0.175912 0)
(0.960696 -0.170976 0)
(0.952247 -0.16541 0)
(0.943333 -0.159285 0)
(0.935085 -0.152711 0)
(0.926047 -0.14573 0)
(0.917927 -0.138497 0)
(0.908626 -0.131006 0)
(0.900623 -0.123469 0)
(0.890996 -0.115814 0)
(0.883197 -0.10833 0)
(0.873255 -0.100848 0)
(0.865825 -0.0937466 0)
(0.855616 -0.086725 0)
(0.848765 -0.080279 0)
(0.838327 -0.0739422 0)
(0.832274 -0.0683625 0)
(0.821595 -0.0628713 0)
(0.816542 -0.0583083 0)
(0.805522 -0.0537586 0)
(0.801633 -0.0503021 0)
(0.790059 -0.0467301 0)
(0.787454 -0.0444226 0)
(0.774981 -0.0418249 0)
(0.773749 -0.0406779 0)
(0.759923 -0.0390226 0)
(1.05723 0.00820388 0)
(1.06034 -0.00021079 0)
(1.06108 -0.00739359 0)
(1.06036 -0.013077 0)
(1.05951 -0.0177383 0)
(1.05923 -0.0217861 0)
(1.05967 -0.0253956 0)
(1.06067 -0.0285779 0)
(1.06201 -0.0313296 0)
(1.06355 -0.0336716 0)
(1.06519 -0.0356481 0)
(1.06688 -0.0373134 0)
(1.0686 -0.0387197 0)
(1.07033 -0.0399124 0)
(1.07204 -0.0409308 0)
(1.07372 -0.0418102 0)
(1.07534 -0.0425838 0)
(1.07689 -0.0432837 0)
(1.07836 -0.0439418 0)
(1.07974 -0.0445892 0)
(1.08102 -0.0452564 0)
(1.08221 -0.0459734 0)
(1.08331 -0.0467693 0)
(1.08432 -0.0476721 0)
(1.08525 -0.0487079 0)
(1.08611 -0.0499004 0)
(1.08689 -0.0512707 0)
(1.08761 -0.0528374 0)
(1.08825 -0.0546172 0)
(1.08884 -0.0566253 0)
(1.08935 -0.0588746 0)
(1.0898 -0.061376 0)
(1.09016 -0.0641379 0)
(1.09043 -0.0671672 0)
(1.0906 -0.0704687 0)
(1.09065 -0.0740462 0)
(1.09056 -0.0779009 0)
(1.0903 -0.0820332 0)
(1.08985 -0.08644 0)
(1.08917 -0.0911168 0)
(1.08823 -0.0960544 0)
(1.087 -0.10124 0)
(1.08542 -0.106655 0)
(1.08347 -0.112274 0)
(1.0811 -0.118063 0)
(1.07827 -0.123979 0)
(1.07493 -0.129971 0)
(1.07107 -0.135976 0)
(1.06665 -0.141924 0)
(1.06167 -0.147735 0)
(1.05611 -0.153322 0)
(1.05 -0.158596 0)
(1.04336 -0.163468 0)
(1.03623 -0.16785 0)
(1.02864 -0.17166 0)
(1.02067 -0.174822 0)
(1.01233 -0.177262 0)
(1.00369 -0.178926 0)
(0.994751 -0.179758 0)
(0.985544 -0.179734 0)
(0.976043 -0.178825 0)
(0.96623 -0.177049 0)
(0.956068 -0.17441 0)
(0.945477 -0.170964 0)
(0.934465 -0.16673 0)
(0.922881 -0.161779 0)
(0.91086 -0.15614 0)
(0.898141 -0.14991 0)
(0.885095 -0.143148 0)
(0.871268 -0.13598 0)
(0.857383 -0.128486 0)
(0.842651 -0.120783 0)
(0.828286 -0.112969 0)
(0.812968 -0.105143 0)
(0.798596 -0.0974339 0)
(0.783056 -0.0898927 0)
(0.769197 -0.0826783 0)
(0.753762 -0.0757487 0)
(0.740904 -0.0693133 0)
(0.725768 -0.0632034 0)
(0.714319 -0.0577254 0)
(0.699495 -0.0525442 0)
(0.689788 -0.0481244 0)
(0.675082 -0.0439054 0)
(0.6674 -0.0405919 0)
(0.652383 -0.0373161 0)
(0.646993 -0.0351246 0)
(0.630968 -0.0327298 0)
(0.628198 -0.0316497 0)
(0.610193 -0.0300422 0)
(1.08191 -0.00333502 0)
(1.0879 -0.0109389 0)
(1.0922 -0.0183028 0)
(1.09487 -0.024432 0)
(1.09639 -0.0291841 0)
(1.09737 -0.0328835 0)
(1.09821 -0.0358888 0)
(1.09906 -0.0384266 0)
(1.09992 -0.0405907 0)
(1.10074 -0.0424078 0)
(1.10148 -0.043892 0)
(1.10212 -0.0450692 0)
(1.10267 -0.0459798 0)
(1.10312 -0.0466706 0)
(1.1035 -0.0471888 0)
(1.1038 -0.0475779 0)
(1.10402 -0.0478777 0)
(1.10415 -0.0481247 0)
(1.10419 -0.0483534 0)
(1.10413 -0.0485964 0)
(1.10397 -0.0488855 0)
(1.10371 -0.0492504 0)
(1.10334 -0.0497197 0)
(1.10288 -0.0503199 0)
(1.10231 -0.0510753 0)
(1.10165 -0.0520077 0)
(1.10089 -0.0531362 0)
(1.10003 -0.0544777 0)
(1.09908 -0.056046 0)
(1.09802 -0.0578532 0)
(1.09686 -0.0599086 0)
(1.0956 -0.0622194 0)
(1.09422 -0.0647906 0)
(1.09272 -0.067626 0)
(1.0911 -0.0707271 0)
(1.08933 -0.074095 0)
(1.08742 -0.0777279 0)
(1.08534 -0.0816235 0)
(1.08308 -0.0857757 0)
(1.08063 -0.0901774 0)
(1.07797 -0.094816 0)
(1.07507 -0.0996768 0)
(1.07193 -0.104738 0)
(1.06851 -0.109973 0)
(1.0648 -0.115347 0)
(1.06077 -0.120819 0)
(1.0564 -0.126337 0)
(1.05165 -0.131842 0)
(1.04651 -0.137265 0)
(1.04094 -0.142532 0)
(1.03491 -0.147562 0)
(1.02838 -0.152274 0)
(1.02131 -0.156584 0)
(1.01364 -0.160413 0)
(1.00534 -0.163685 0)
(0.996351 -0.166328 0)
(0.986605 -0.168271 0)
(0.976038 -0.169445 0)
(0.96458 -0.169786 0)
(0.952154 -0.169237 0)
(0.938685 -0.16776 0)
(0.924114 -0.165353 0)
(0.90839 -0.162039 0)
(0.891508 -0.157869 0)
(0.873481 -0.152884 0)
(0.854369 -0.147148 0)
(0.834253 -0.14071 0)
(0.81322 -0.133672 0)
(0.791445 -0.126137 0)
(0.769036 -0.118268 0)
(0.746299 -0.11018 0)
(0.723279 -0.102032 0)
(0.700429 -0.0939054 0)
(0.677597 -0.0859493 0)
(0.655458 -0.0782277 0)
(0.633526 -0.0708799 0)
(0.612853 -0.0639426 0)
(0.592394 -0.0575205 0)
(0.573791 -0.0516106 0)
(0.555108 -0.0462603 0)
(0.538953 -0.0414468 0)
(0.522022 -0.037158 0)
(0.508521 -0.0334033 0)
(0.492998 -0.0300942 0)
(0.482282 -0.0273387 0)
(0.467488 -0.0249103 0)
(0.459764 -0.0231055 0)
(0.444614 -0.0214403 0)
(0.440366 -0.0205501 0)
(0.423224 -0.0195149 0)
(1.07464 -0.00723775 0)
(1.08071 -0.0122192 0)
(1.08565 -0.0173986 0)
(1.08938 -0.0222349 0)
(1.09205 -0.0263787 0)
(1.09397 -0.0297835 0)
(1.09546 -0.0325859 0)
(1.09675 -0.0349471 0)
(1.09792 -0.0369754 0)
(1.09899 -0.0387194 0)
(1.09995 -0.0401939 0)
(1.10078 -0.0414083 0)
(1.10147 -0.0423818 0)
(1.10203 -0.0431452 0)
(1.10246 -0.0437366 0)
(1.10277 -0.0441959 0)
(1.10297 -0.0445623 0)
(1.10305 -0.0448723 0)
(1.10301 -0.0451609 0)
(1.10283 -0.0454611 0)
(1.10253 -0.0458047 0)
(1.1021 -0.0462215 0)
(1.10154 -0.0467395 0)
(1.10085 -0.0473842 0)
(1.10003 -0.0481791 0)
(1.09909 -0.0491449 0)
(1.09803 -0.0503002 0)
(1.09685 -0.051661 0)
(1.09554 -0.0532405 0)
(1.09411 -0.0550492 0)
(1.09257 -0.0570952 0)
(1.09089 -0.0593842 0)
(1.08908 -0.0619202 0)
(1.08713 -0.0647052 0)
(1.08503 -0.06774 0)
(1.08277 -0.0710235 0)
(1.08033 -0.0745531 0)
(1.0777 -0.0783246 0)
(1.07487 -0.0823304 0)
(1.0718 -0.0865609 0)
(1.06847 -0.0910016 0)
(1.06486 -0.0956348 0)
(1.06093 -0.100436 0)
(1.05664 -0.105376 0)
(1.05196 -0.110417 0)
(1.04682 -0.115516 0)
(1.04117 -0.120619 0)
(1.03495 -0.125664 0)
(1.02807 -0.13058 0)
(1.02046 -0.135289 0)
(1.012 -0.139704 0)
(1.00261 -0.143741 0)
(0.992162 -0.147309 0)
(0.98055 -0.150327 0)
(0.967657 -0.152714 0)
(0.953387 -0.154402 0)
(0.937646 -0.155324 0)
(0.920363 -0.155413 0)
(0.90148 -0.154597 0)
(0.880947 -0.15281 0)
(0.858743 -0.150012 0)
(0.834861 -0.146215 0)
(0.809352 -0.14148 0)
(0.782311 -0.135897 0)
(0.753931 -0.129552 0)
(0.724435 -0.122542 0)
(0.694082 -0.114964 0)
(0.6631 -0.106936 0)
(0.631764 -0.0986124 0)
(0.600356 -0.0901898 0)
(0.569252 -0.0818474 0)
(0.538774 -0.0737491 0)
(0.509296 -0.0660043 0)
(0.481008 -0.0587145 0)
(0.45423 -0.0519235 0)
(0.428995 -0.0456963 0)
(0.405646 -0.0400376 0)
(0.38401 -0.0350066 0)
(0.364503 -0.0305655 0)
(0.346611 -0.0267529 0)
(0.330942 -0.0234672 0)
(0.316464 -0.0207386 0)
(0.304269 -0.0184179 0)
(0.292507 -0.0165625 0)
(0.283294 -0.0149923 0)
(0.273304 -0.0138084 0)
(0.266726 -0.0128215 0)
(0.257262 -0.012154 0)
(0.253476 -0.0116684 0)
(0.24265 -0.0114024 0)
(1.06827 -0.0146974 0)
(1.07412 -0.0187251 0)
(1.07916 -0.0228859 0)
(1.08333 -0.0269056 0)
(1.08665 -0.0305432 0)
(1.08926 -0.0336722 0)
(1.09136 -0.0362946 0)
(1.09315 -0.038484 0)
(1.09474 -0.0403226 0)
(1.09618 -0.0418683 0)
(1.09749 -0.0431522 0)
(1.09865 -0.0441903 0)
(1.09964 -0.0449983 0)
(1.10046 -0.0455983 0)
(1.1011 -0.0460213 0)
(1.10158 -0.046303 0)
(1.10189 -0.0464822 0)
(1.10202 -0.0465968 0)
(1.10198 -0.0466845 0)
(1.10176 -0.0467809 0)
(1.10136 -0.0469206 0)
(1.10077 -0.047135 0)
(1.1 -0.0474532 0)
(1.09905 -0.0479003 0)
(1.09792 -0.0484991 0)
(1.09661 -0.0492693 0)
(1.09513 -0.0502287 0)
(1.09347 -0.051392 0)
(1.09164 -0.0527717 0)
(1.08962 -0.0543766 0)
(1.08741 -0.056214 0)
(1.085 -0.0582874 0)
(1.08239 -0.0605994 0)
(1.07955 -0.0631493 0)
(1.07647 -0.0659357 0)
(1.07311 -0.0689545 0)
(1.06946 -0.0722005 0)
(1.06547 -0.0756652 0)
(1.06112 -0.0793383 0)
(1.05635 -0.0832052 0)
(1.05113 -0.0872474 0)
(1.04538 -0.0914407 0)
(1.03906 -0.0957551 0)
(1.03208 -0.100154 0)
(1.02437 -0.104593 0)
(1.01583 -0.109021 0)
(1.00638 -0.113379 0)
(0.995894 -0.117598 0)
(0.984265 -0.121598 0)
(0.971361 -0.12529 0)
(0.957051 -0.128579 0)
(0.941198 -0.131373 0)
(0.923663 -0.133577 0)
(0.904323 -0.135108 0)
(0.883059 -0.135886 0)
(0.859796 -0.135857 0)
(0.834472 -0.134974 0)
(0.807111 -0.133201 0)
(0.777735 -0.130493 0)
(0.746451 -0.126803 0)
(0.713355 -0.122119 0)
(0.678583 -0.116497 0)
(0.642303 -0.110034 0)
(0.604786 -0.10286 0)
(0.566451 -0.0951261 0)
(0.527779 -0.0870252 0)
(0.489285 -0.0787379 0)
(0.451417 -0.0704286 0)
(0.414556 -0.062262 0)
(0.379061 -0.0544227 0)
(0.345439 -0.0470528 0)
(0.314159 -0.0403065 0)
(0.285619 -0.0343181 0)
(0.259999 -0.0291668 0)
(0.237382 -0.0248533 0)
(0.217655 -0.0213352 0)
(0.200673 -0.0185058 0)
(0.186106 -0.0162546 0)
(0.173761 -0.0144418 0)
(0.163216 -0.0129904 0)
(0.154344 -0.011792 0)
(0.146648 -0.0108206 0)
(0.140187 -0.00998224 0)
(0.13434 -0.00930925 0)
(0.129498 -0.00869423 0)
(0.124719 -0.00824119 0)
(0.121027 -0.00778878 0)
(0.116587 -0.00754948 0)
(0.114077 -0.00725831 0)
(0.108625 -0.00719287 0)
(1.06561 -0.0206706 0)
(1.07132 -0.0239123 0)
(1.07642 -0.0272192 0)
(1.08083 -0.0304468 0)
(1.08455 -0.0334487 0)
(1.08763 -0.036113 0)
(1.09019 -0.0383918 0)
(1.09237 -0.0402969 0)
(1.09427 -0.0418705 0)
(1.09596 -0.0431572 0)
(1.09745 -0.0441901 0)
(1.09873 -0.0449901 0)
(1.09978 -0.0455731 0)
(1.1006 -0.0459574 0)
(1.10116 -0.0461675 0)
(1.10146 -0.0462347 0)
(1.10149 -0.0461946 0)
(1.10126 -0.0460851 0)
(1.10074 -0.0459448 0)
(1.09995 -0.0458117 0)
(1.09887 -0.0457225 0)
(1.0975 -0.0457112 0)
(1.09585 -0.045808 0)
(1.09392 -0.0460374 0)
(1.09171 -0.0464204 0)
(1.08922 -0.0469745 0)
(1.08644 -0.0477151 0)
(1.08336 -0.0486542 0)
(1.07999 -0.0498018 0)
(1.07631 -0.0511638 0)
(1.0723 -0.0527448 0)
(1.06794 -0.0545451 0)
(1.0632 -0.0565638 0)
(1.05806 -0.058796 0)
(1.05247 -0.0612365 0)
(1.04639 -0.0638756 0)
(1.03977 -0.0667036 0)
(1.03255 -0.0697058 0)
(1.02467 -0.0728664 0)
(1.01604 -0.0761638 0)
(1.00661 -0.0795732 0)
(0.996276 -0.0830622 0)
(0.984955 -0.0865922 0)
(0.972528 -0.0901159 0)
(0.958903 -0.0935791 0)
(0.943944 -0.0969223 0)
(0.927547 -0.100082 0)
(0.90957 -0.102981 0)
(0.889907 -0.105533 0)
(0.868417 -0.107645 0)
(0.844995 -0.109227 0)
(0.819514 -0.110193 0)
(0.791899 -0.110467 0)
(0.762075 -0.109977 0)
(0.730032 -0.108671 0)
(0.69577 -0.106499 0)
(0.659356 -0.103426 0)
(0.620972 -0.0994564 0)
(0.580841 -0.094577 0)
(0.539426 -0.0888568 0)
(0.49708 -0.0824029 0)
(0.454221 -0.0753553 0)
(0.411202 -0.0678465 0)
(0.368561 -0.0600329 0)
(0.327052 -0.0521196 0)
(0.287408 -0.0443006 0)
(0.250557 -0.0369202 0)
(0.217206 -0.0303901 0)
(0.18761 -0.0250009 0)
(0.161828 -0.0207452 0)
(0.140028 -0.0175367 0)
(0.121916 -0.0151868 0)
(0.107047 -0.0134304 0)
(0.0947908 -0.0120404 0)
(0.0845344 -0.010895 0)
(0.0757782 -0.00995448 0)
(0.0681961 -0.00918622 0)
(0.0615577 -0.00855897 0)
(0.0557336 -0.00802757 0)
(0.0505822 -0.00755865 0)
(0.0460718 -0.00712248 0)
(0.0420759 -0.00672376 0)
(0.0385763 -0.00634054 0)
(0.0354109 -0.00599491 0)
(0.0326289 -0.00565887 0)
(0.0299976 -0.00538271 0)
(0.0276956 -0.00511062 0)
(0.0253282 -0.00493687 0)
(0.0234423 -0.00470495 0)
(0.0205875 -0.00475766 0)
(1.0663 -0.0268642 0)
(1.07183 -0.0294382 0)
(1.07679 -0.0320262 0)
(1.0811 -0.0345617 0)
(1.08474 -0.0369624 0)
(1.08774 -0.0391434 0)
(1.09015 -0.0410407 0)
(1.09207 -0.0426278 0)
(1.09356 -0.0439123 0)
(1.09467 -0.044918 0)
(1.09541 -0.0456703 0)
(1.09578 -0.0461892 0)
(1.09577 -0.0464904 0)
(1.09534 -0.0465904 0)
(1.09448 -0.0465101 0)
(1.09319 -0.0462771 0)
(1.09146 -0.0459249 0)
(1.08927 -0.0454913 0)
(1.08664 -0.0450157 0)
(1.08355 -0.0445382 0)
(1.08002 -0.0440972 0)
(1.07604 -0.0437296 0)
(1.07163 -0.0434678 0)
(1.06679 -0.0433378 0)
(1.06151 -0.0433609 0)
(1.05581 -0.0435528 0)
(1.04966 -0.0439254 0)
(1.04305 -0.0444859 0)
(1.03597 -0.0452387 0)
(1.02839 -0.046184 0)
(1.02029 -0.0473202 0)
(1.01162 -0.0486419 0)
(1.00234 -0.0501425 0)
(0.992409 -0.0518115 0)
(0.981762 -0.0536381 0)
(0.970328 -0.0556067 0)
(0.958047 -0.057702 0)
(0.944826 -0.0599026 0)
(0.930597 -0.0621879 0)
(0.915251 -0.0645291 0)
(0.898716 -0.066898 0)
(0.880869 -0.0692553 0)
(0.861637 -0.07156 0)
(0.840886 -0.0737574 0)
(0.818546 -0.0757884 0)
(0.794483 -0.0775862 0)
(0.768618 -0.0790753 0)
(0.740853 -0.080169 0)
(0.711161 -0.0807811 0)
(0.679473 -0.0808279 0)
(0.645807 -0.0802415 0)
(0.610151 -0.0789657 0)
(0.572597 -0.0769716 0)
(0.533283 -0.0742634 0)
(0.492428 -0.0708389 0)
(0.450351 -0.0666934 0)
(0.407336 -0.0617652 0)
(0.363845 -0.0560146 0)
(0.320544 -0.0494433 0)
(0.278358 -0.0423597 0)
(0.238145 -0.0352912 0)
(0.200711 -0.0287819 0)
(0.166653 -0.0232928 0)
(0.136625 -0.0189824 0)
(0.111559 -0.0158615 0)
(0.0912877 -0.013524 0)
(0.0750191 -0.0116184 0)
(0.0617081 -0.010031 0)
(0.050393 -0.00873777 0)
(0.0404139 -0.00781633 0)
(0.0316082 -0.00733248 0)
(0.0238829 -0.00703501 0)
(0.0172024 -0.00669794 0)
(0.0114061 -0.00623776 0)
(0.00634011 -0.00568822 0)
(0.00187254 -0.00513879 0)
(-0.00209848 -0.0046721 0)
(-0.00564806 -0.00433076 0)
(-0.00882597 -0.00410967 0)
(-0.0117089 -0.00397171 0)
(-0.0143353 -0.00388023 0)
(-0.0167477 -0.00380873 0)
(-0.0189625 -0.00372835 0)
(-0.0210234 -0.0036345 0)
(-0.0229306 -0.00351696 0)
(-0.0247311 -0.00339734 0)
(-0.0263883 -0.00326742 0)
(-0.0279787 -0.00316798 0)
(-0.0294855 -0.00310182 0)
(-0.0311288 -0.00328402 0)
(1.06589 -0.0310868 0)
(1.06984 -0.0330671 0)
(1.07295 -0.0350264 0)
(1.07517 -0.0369377 0)
(1.07646 -0.038747 0)
(1.07685 -0.0403869 0)
(1.07637 -0.0417978 0)
(1.07507 -0.0429394 0)
(1.07301 -0.0437994 0)
(1.07022 -0.0443839 0)
(1.06676 -0.0447088 0)
(1.06262 -0.0447909 0)
(1.05782 -0.0446469 0)
(1.05237 -0.0442928 0)
(1.04627 -0.0437493 0)
(1.03954 -0.0430417 0)
(1.0322 -0.0422037 0)
(1.02428 -0.0412727 0)
(1.01579 -0.0402914 0)
(1.00675 -0.0393009 0)
(0.997195 -0.0383426 0)
(0.987129 -0.0374518 0)
(0.976572 -0.0366632 0)
(0.965538 -0.036009 0)
(0.954034 -0.0355146 0)
(0.942053 -0.0351962 0)
(0.929583 -0.0350608 0)
(0.916602 -0.0351081 0)
(0.903081 -0.0353321 0)
(0.888984 -0.0357224 0)
(0.874269 -0.0362661 0)
(0.858888 -0.0369483 0)
(0.842784 -0.037753 0)
(0.825897 -0.0386623 0)
(0.808161 -0.0396581 0)
(0.789504 -0.0407194 0)
(0.769857 -0.0418258 0)
(0.749138 -0.042952 0)
(0.727281 -0.0440751 0)
(0.7042 -0.0451643 0)
(0.679843 -0.0461937 0)
(0.654123 -0.0471249 0)
(0.627021 -0.0479271 0)
(0.598455 -0.0485478 0)
(0.568487 -0.0489443 0)
(0.537059 -0.0490295 0)
(0.504222 -0.0486998 0)
(0.47004 -0.0478491 0)
(0.434683 -0.0463874 0)
(0.398295 -0.044252 0)
(0.361172 -0.0414299 0)
(0.323579 -0.0379426 0)
(0.285896 -0.0339236 0)
(0.248618 -0.0295982 0)
(0.212363 -0.0252454 0)
(0.178072 -0.0212011 0)
(0.146539 -0.0176419 0)
(0.118609 -0.0145361 0)
(0.0951197 -0.0119863 0)
(0.07576 -0.00984026 0)
(0.0597186 -0.00800238 0)
(0.0461847 -0.00648313 0)
(0.0345528 -0.00546536 0)
(0.0241682 -0.0051103 0)
(0.0150462 -0.00531248 0)
(0.00724662 -0.00548582 0)
(0.000615235 -0.0050926 0)
(-0.00503679 -0.00413933 0)
(-0.00988323 -0.00306373 0)
(-0.0141117 -0.00230402 0)
(-0.0178377 -0.00195661 0)
(-0.0212052 -0.00190765 0)
(-0.0242943 -0.00199343 0)
(-0.027118 -0.00206653 0)
(-0.029674 -0.00207143 0)
(-0.0319826 -0.00202635 0)
(-0.034085 -0.0019692 0)
(-0.0360324 -0.00192834 0)
(-0.0378611 -0.001916 0)
(-0.0396004 -0.00193263 0)
(-0.0412684 -0.00196204 0)
(-0.0428773 -0.00198857 0)
(-0.0444287 -0.00199867 0)
(-0.0459254 -0.00198858 0)
(-0.0473603 -0.00195645 0)
(-0.0487291 -0.0019166 0)
(-0.0500106 -0.00188214 0)
(-0.0512362 -0.0018862 0)
(-0.0524751 -0.00195766 0)
(-0.0535828 -0.00212953 0)
(1.02378 -0.036917 0)
(1.01879 -0.0375082 0)
(1.01247 -0.0380951 0)
(1.00479 -0.0386644 0)
(0.995795 -0.0391735 0)
(0.985539 -0.0395707 0)
(0.974103 -0.0398088 0)
(0.961599 -0.0398528 0)
(0.948128 -0.0396786 0)
(0.933799 -0.0392767 0)
(0.918724 -0.038651 0)
(0.903002 -0.0378139 0)
(0.886725 -0.0367822 0)
(0.869976 -0.0355745 0)
(0.852835 -0.0342128 0)
(0.835376 -0.0327228 0)
(0.817674 -0.0311364 0)
(0.799791 -0.0294892 0)
(0.781788 -0.0278215 0)
(0.763702 -0.0261725 0)
(0.745577 -0.0245808 0)
(0.727416 -0.023078 0)
(0.709225 -0.0216931 0)
(0.691009 -0.0204517 0)
(0.672761 -0.019373 0)
(0.654468 -0.0184679 0)
(0.636102 -0.0177389 0)
(0.617625 -0.0171806 0)
(0.598991 -0.0167811 0)
(0.580148 -0.016524 0)
(0.56104 -0.0163896 0)
(0.541609 -0.0163565 0)
(0.521798 -0.016402 0)
(0.501549 -0.0165027 0)
(0.48081 -0.0166344 0)
(0.459532 -0.0167729 0)
(0.437672 -0.016893 0)
(0.415203 -0.0169708 0)
(0.392102 -0.0169817 0)
(0.36837 -0.0169039 0)
(0.344023 -0.016717 0)
(0.319106 -0.0164054 0)
(0.293702 -0.0159594 0)
(0.26792 -0.0153735 0)
(0.242045 -0.0146593 0)
(0.216274 -0.0137909 0)
(0.19091 -0.0127538 0)
(0.166315 -0.0115546 0)
(0.14292 -0.0102186 0)
(0.121075 -0.00879536 0)
(0.101138 -0.00722984 0)
(0.0833323 -0.00567671 0)
(0.067552 -0.00419935 0)
(0.0536302 -0.00288601 0)
(0.0413714 -0.00192279 0)
(0.0305933 -0.00152152 0)
(0.0210555 -0.00180579 0)
(0.0124116 -0.00258414 0)
(0.0048674 -0.00341241 0)
(-0.00163444 -0.00357039 0)
(-0.00707632 -0.00283896 0)
(-0.01144 -0.00159547 0)
(-0.0149527 -0.000488632 0)
(-0.0179069 -1.18765e-05 0)
(-0.0206104 -6.03175e-05 0)
(-0.0232271 -0.000318025 0)
(-0.0256793 -0.000470374 0)
(-0.0277673 -0.000399608 0)
(-0.029412 -0.000233247 0)
(-0.0306989 -0.000123088 0)
(-0.0317988 -0.000131256 0)
(-0.0328562 -0.000251276 0)
(-0.0339412 -0.000393739 0)
(-0.0350548 -0.000491231 0)
(-0.0361631 -0.000531006 0)
(-0.0372351 -0.000534839 0)
(-0.0382606 -0.000531449 0)
(-0.0392491 -0.000539018 0)
(-0.0402185 -0.000559685 0)
(-0.041186 -0.000591811 0)
(-0.0421622 -0.000629161 0)
(-0.0431498 -0.00066446 0)
(-0.0441437 -0.000691162 0)
(-0.0451359 -0.00070692 0)
(-0.0461154 -0.000712593 0)
(-0.0470696 -0.00071808 0)
(-0.0479889 -0.000742694 0)
(-0.0489132 -0.000820298 0)
(-0.0499327 -0.000959645 0)
(-0.0508549 -0.00109334 0)
(0.714621 -0.0206956 0)
(0.685585 -0.0202825 0)
(0.656422 -0.0198838 0)
(0.627153 -0.0194937 0)
(0.597831 -0.0190883 0)
(0.56854 -0.0186373 0)
(0.539396 -0.0181114 0)
(0.510575 -0.0174889 0)
(0.482236 -0.0167457 0)
(0.454552 -0.0158683 0)
(0.42769 -0.0148577 0)
(0.401808 -0.0137271 0)
(0.377042 -0.0124989 0)
(0.353513 -0.0112008 0)
(0.331314 -0.00986318 0)
(0.310518 -0.00851888 0)
(0.291168 -0.00720222 0)
(0.273276 -0.00594808 0)
(0.256817 -0.00478884 0)
(0.241732 -0.0037527 0)
(0.227935 -0.00285959 0)
(0.215309 -0.00212211 0)
(0.203728 -0.0015349 0)
(0.193062 -0.00108016 0)
(0.18318 -0.000738753 0)
(0.173946 -0.00049419 0)
(0.16523 -0.000331604 0)
(0.156907 -0.000235911 0)
(0.148867 -0.000191254 0)
(0.141014 -0.000181469 0)
(0.133268 -0.000190846 0)
(0.125568 -0.00020457 0)
(0.11787 -0.000209032 0)
(0.11015 -0.000191958 0)
(0.102397 -0.000142796 0)
(0.0946207 -5.30501e-05 0)
(0.0868432 8.3035e-05 0)
(0.0791017 0.000267872 0)
(0.0714448 0.000499547 0)
(0.06393 0.000770768 0)
(0.0566192 0.00106778 0)
(0.049574 0.00136854 0)
(0.0428486 0.00164199 0)
(0.036479 0.00184292 0)
(0.0304763 0.00191066 0)
(0.0248077 0.00176738 0)
(0.0194221 0.00137294 0)
(0.014267 0.00074331 0)
(0.00931498 -3.24496e-05 0)
(0.00455907 -0.00078995 0)
(-4.18591e-05 -0.00133019 0)
(-0.00425488 -0.001646 0)
(-0.00778393 -0.00158468 0)
(-0.0104495 -0.00114479 0)
(-0.0121831 -0.000466499 0)
(-0.0131425 0.000233831 0)
(-0.0137005 0.000731662 0)
(-0.0143177 0.000933035 0)
(-0.0152666 0.00094624 0)
(-0.0164798 0.000856226 0)
(-0.0175662 0.000790452 0)
(-0.018185 0.000730668 0)
(-0.0182781 0.000635523 0)
(-0.0180676 0.000466692 0)
(-0.0178925 0.000231593 0)
(-0.0179547 1.73008e-05 0)
(-0.0182189 -7.8144e-05 0)
(-0.0185062 -4.80589e-05 0)
(-0.018677 4.36798e-05 0)
(-0.0187159 0.000123021 0)
(-0.0186976 0.000154098 0)
(-0.018711 0.000138852 0)
(-0.0188056 9.87571e-05 0)
(-0.0189801 5.58918e-05 0)
(-0.0192055 2.33377e-05 0)
(-0.0194531 3.68454e-06 0)
(-0.0197074 -6.88312e-06 0)
(-0.0199669 -1.40539e-05 0)
(-0.0202371 -2.17814e-05 0)
(-0.0205249 -3.17283e-05 0)
(-0.0208354 -4.3282e-05 0)
(-0.0211697 -5.49408e-05 0)
(-0.0215245 -6.50674e-05 0)
(-0.0218939 -7.28006e-05 0)
(-0.0222713 -7.79829e-05 0)
(-0.022651 -8.32998e-05 0)
(-0.0230353 -9.82785e-05 0)
(-0.0234635 -0.000143314 0)
(-0.0240425 -0.000224723 0)
(-0.0247389 -0.000293716 0)
)
;

boundaryField
{
    fixedWalls
    {
        type            noSlip;
    }
    inflowWall
    {
        type            fixedValue;
        value           uniform (1 0 0);
    }
    outflowWall
    {
        type            zeroGradient;
    }
    frontAndBack
    {
        type            empty;
    }
}


// ************************************************************************* //
