/*--------------------------------*- C++ -*----------------------------------*\
| =========                 |                                                 |
| \\      /  F ield         | OpenFOAM: The Open Source CFD Toolbox           |
|  \\    /   O peration     | Version:  2306                                  |
|   \\  /    A nd           | Website:  www.openfoam.com                      |
|    \\/     M anipulation  |                                                 |
\*---------------------------------------------------------------------------*/
FoamFile
{
    version     2.0;
    format      ascii;
    arch        "LSB;label=32;scalar=64";
    class       surfaceScalarField;
    location    "4.01";
    object      phi;
}
// * * * * * * * * * * * * * * * * * * * * * * * * * * * * * * * * * * * * * //

dimensions      [0 3 -1 0 0 0 0];

oriented        oriented;

internalField   nonuniform List<scalar> 
3680
(
4.9347e-05
6.53003e-07
4.79742e-05
1.37283e-06
4.6698e-05
1.2762e-06
4.5261e-05
1.43697e-06
4.41233e-05
1.13769e-06
4.27198e-05
1.40352e-06
4.17364e-05
9.83395e-07
4.04356e-05
1.30075e-06
3.98053e-05
6.3036e-07
9.84907e-07
3.88204e-05
5.03392e-05
3.138e-07
5.08679e-05
8.44142e-07
5.11322e-05
1.01189e-06
5.14654e-05
1.10373e-06
5.1593e-05
1.01008e-06
5.19765e-05
1.02011e-06
5.20619e-05
8.97916e-07
5.2514e-05
8.48645e-07
5.25085e-05
6.35853e-07
4.28988e-07
5.30645e-05
5.01633e-05
1.50508e-07
5.05554e-05
4.52024e-07
5.0976e-05
5.91314e-07
5.14197e-05
6.60062e-07
5.18169e-05
6.12885e-07
5.22679e-05
5.69016e-07
5.26951e-05
4.70755e-07
5.31641e-05
3.79649e-07
5.35811e-05
2.1886e-07
7.69826e-09
5.40024e-05
5.00932e-05
5.72869e-08
5.03764e-05
1.6886e-07
5.07341e-05
2.33646e-07
5.11461e-05
2.47984e-07
5.15497e-05
2.09301e-07
5.19723e-05
1.46482e-07
5.23833e-05
5.9682e-08
5.28123e-05
-4.92793e-08
5.32227e-05
-1.91582e-07
-3.62131e-07
5.35925e-05
5.00738e-05
-1.65042e-08
5.02912e-05
-4.85976e-08
5.0611e-05
-8.61443e-08
5.09886e-05
-1.2961e-07
5.13801e-05
-1.82188e-07
5.17741e-05
-2.47513e-07
5.2165e-05
-3.31159e-07
5.25511e-05
-4.35376e-07
5.29204e-05
-5.6097e-07
-7.07636e-07
5.32659e-05
5.00732e-05
-8.96632e-08
5.02829e-05
-2.58321e-07
5.05977e-05
-4.00932e-07
5.09651e-05
-4.97021e-07
5.13441e-05
-5.612e-07
5.17211e-05
-6.24566e-07
5.20908e-05
-7.00775e-07
5.24515e-05
-7.96102e-07
5.28007e-05
-9.10182e-07
-1.03876e-06
5.31318e-05
5.00942e-05
-1.83848e-07
5.03555e-05
-5.19646e-07
5.06981e-05
-7.4351e-07
5.10679e-05
-8.66848e-07
5.14401e-05
-9.33414e-07
5.18037e-05
-9.88133e-07
5.21601e-05
-1.05719e-06
5.2511e-05
-1.14703e-06
5.28514e-05
-1.2505e-06
-1.35946e-06
5.31721e-05
5.01665e-05
-3.50305e-07
5.05179e-05
-8.71131e-07
5.09206e-05
-1.14617e-06
5.12992e-05
-1.24547e-06
5.16478e-05
-1.28202e-06
5.19849e-05
-1.32522e-06
5.23184e-05
-1.39065e-06
5.26393e-05
-1.4679e-06
5.29337e-05
-1.54495e-06
-1.61634e-06
5.31906e-05
5.03676e-05
-7.17898e-07
5.08003e-05
-1.30386e-06
5.10989e-05
-1.44475e-06
5.12762e-05
-1.42278e-06
5.14045e-05
-1.41031e-06
5.15028e-05
-1.42356e-06
5.15538e-05
-1.44159e-06
5.15406e-05
-1.45474e-06
5.1455e-05
-1.45935e-06
-1.45881e-06
5.12975e-05
4.92821e-05
4.79782e-05
4.65335e-05
4.51107e-05
4.37004e-05
4.22768e-05
4.08353e-05
3.93805e-05
3.79212e-05
3.64623e-05
1.43528e-08
-1.43528e-08
1.08663e-08
3.48654e-09
-7.62512e-09
1.84914e-08
-3.57178e-08
2.80927e-08
-7.06728e-08
3.4955e-08
-1.11212e-07
4.05394e-08
-1.56946e-07
4.57334e-08
-2.07615e-07
5.06698e-08
-2.62925e-07
5.53096e-08
-3.22541e-07
5.96159e-08
-3.86106e-07
6.35655e-08
-4.53256e-07
6.71495e-08
-5.23627e-07
7.03715e-08
-5.9687e-07
7.32429e-08
-6.72651e-07
7.57812e-08
-7.5066e-07
7.8009e-08
-8.30614e-07
7.99536e-08
-9.12261e-07
8.16469e-08
-9.95387e-07
8.3126e-08
-1.07983e-06
8.44399e-08
-1.16548e-06
8.56497e-08
-1.2523e-06
8.68228e-08
-1.34033e-06
8.80295e-08
-1.42967e-06
8.93414e-08
-1.5205e-06
9.08312e-08
-1.61307e-06
9.25717e-08
-1.7077e-06
9.46281e-08
-1.80475e-06
9.70521e-08
-1.90464e-06
9.98823e-08
-2.00778e-06
1.03149e-07
-2.11468e-06
1.06893e-07
-2.22588e-06
1.11203e-07
-2.34217e-06
1.16291e-07
-2.46473e-06
1.22561e-07
-2.59539e-06
1.30657e-07
-2.73689e-06
1.415e-07
-2.89319e-06
1.56302e-07
-3.06971e-06
1.76513e-07
-3.27336e-06
2.03653e-07
-3.51239e-06
2.3903e-07
-3.79567e-06
2.83286e-07
-4.13153e-06
3.35854e-07
-4.52603e-06
3.94499e-07
-4.98105e-06
4.55029e-07
-5.49267e-06
5.11617e-07
-6.05036e-06
5.57689e-07
-6.63744e-06
5.87077e-07
-7.23219e-06
5.94756e-07
-7.80968e-06
5.77486e-07
-8.34481e-06
5.35126e-07
-8.81493e-06
4.7012e-07
-9.19706e-06
3.82137e-07
-9.47263e-06
2.75563e-07
-9.63017e-06
1.57549e-07
-9.65562e-06
2.54426e-08
-9.55142e-06
-1.04197e-07
-9.3165e-06
-2.34921e-07
-8.95251e-06
-3.63993e-07
-8.46464e-06
-4.8787e-07
-7.86203e-06
-6.02601e-07
-7.15617e-06
-7.05861e-07
-6.35923e-06
-7.96947e-07
-5.48462e-06
-8.74601e-07
-4.54701e-06
-9.3762e-07
-3.56127e-06
-9.85736e-07
-2.5431e-06
-1.01817e-06
-1.50784e-06
-1.03526e-06
-4.6845e-07
-1.03939e-06
5.62202e-07
-1.03065e-06
1.57348e-06
-1.01128e-06
2.55415e-06
-9.80668e-07
3.49686e-06
-9.42706e-07
4.39284e-06
-8.95982e-07
5.2391e-06
-8.46259e-07
6.02892e-06
-7.89824e-07
6.76252e-06
-7.33599e-07
7.4357e-06
-6.73179e-07
8.05233e-06
-6.16635e-07
8.60981e-06
-5.57479e-07
9.11519e-06
-5.05373e-07
9.56667e-06
-4.51482e-07
9.97423e-06
-4.07564e-07
1.03361e-05
-3.61871e-07
1.06651e-05
-3.2904e-07
1.09586e-05
-2.93501e-07
1.12327e-05
-2.74026e-07
1.14811e-05
-2.48478e-07
1.17254e-05
-2.44299e-07
1.19577e-05
-2.32252e-07
-2.52798e-07
-1.08582e-08
-3.49468e-09
-6.43776e-08
5.7006e-08
-1.47607e-07
1.01721e-07
-2.52508e-07
1.32994e-07
-3.74242e-07
1.56689e-07
-5.10508e-07
1.76805e-07
-6.59704e-07
1.9493e-07
-8.20398e-07
2.11363e-07
-9.91224e-07
2.26136e-07
-1.17088e-06
2.39273e-07
-1.35813e-06
2.50816e-07
-1.55182e-06
2.60835e-07
-1.75087e-06
2.69423e-07
-1.95432e-06
2.76697e-07
-2.16134e-06
2.82796e-07
-2.3712e-06
2.87871e-07
-2.58333e-06
2.92086e-07
-2.7973e-06
2.95617e-07
-3.01283e-06
2.98652e-07
-3.22979e-06
3.01405e-07
-3.44826e-06
3.04114e-07
-3.66846e-06
3.07029e-07
-3.89083e-06
3.10399e-07
-4.11596e-06
3.14472e-07
-4.34463e-06
3.19495e-07
-4.57777e-06
3.25719e-07
-4.81652e-06
3.33377e-07
-5.06215e-06
3.42678e-07
-5.31607e-06
3.53805e-07
-5.57985e-06
3.66926e-07
-5.85517e-06
3.82212e-07
-6.14384e-06
3.99877e-07
-6.44781e-06
4.2026e-07
-6.76916e-06
4.43909e-07
-7.11005e-06
4.7155e-07
-7.47257e-06
5.04015e-07
-7.85842e-06
5.42157e-07
-8.2686e-06
5.86687e-07
-8.70284e-06
6.37897e-07
-9.15913e-06
6.95323e-07
-9.6332e-06
7.57349e-07
-1.01181e-05
8.20714e-07
-1.06038e-05
8.80225e-07
-1.10775e-05
9.28752e-07
-1.15239e-05
9.58044e-07
-1.19261e-05
9.59871e-07
-1.22668e-05
9.27774e-07
-1.25297e-05
8.5766e-07
-1.26988e-05
7.46596e-07
-1.27601e-05
5.96426e-07
-1.27014e-05
4.11355e-07
-1.25127e-05
1.93452e-07
-1.21849e-05
-5.22627e-08
-1.17287e-05
-2.98563e-07
-1.11425e-05
-5.60762e-07
-1.0421e-05
-8.25748e-07
-9.56866e-06
-1.08724e-06
-8.59455e-06
-1.33811e-06
-7.50703e-06
-1.57539e-06
-6.31712e-06
-1.79251e-06
-5.03852e-06
-1.98446e-06
-3.68374e-06
-2.15173e-06
-2.26733e-06
-2.29101e-06
-8.05136e-07
-2.39982e-06
6.88162e-07
-2.47903e-06
2.1975e-06
-2.52751e-06
3.71197e-06
-2.54973e-06
5.21716e-06
-2.54458e-06
6.70167e-06
-2.51515e-06
8.15409e-06
-2.46371e-06
9.56565e-06
-2.39223e-06
1.09281e-05
-2.30517e-06
1.22354e-05
-2.20327e-06
1.3482e-05
-2.09282e-06
1.46648e-05
-1.97268e-06
1.57818e-05
-1.85058e-06
1.68321e-05
-1.72351e-06
1.78161e-05
-1.60058e-06
1.87349e-05
-1.47634e-06
1.9591e-05
-1.36144e-06
2.03872e-05
-1.2477e-06
2.11274e-05
-1.1478e-06
2.18159e-05
-1.05036e-06
2.24577e-05
-9.70842e-07
2.30581e-05
-8.93901e-07
2.36231e-05
-8.38957e-07
2.41601e-05
-7.85478e-07
2.46751e-05
-7.59333e-07
2.51747e-05
-7.31895e-07
-7.32884e-07
-4.99345e-08
4.64398e-08
-1.86184e-07
1.93256e-07
-3.68216e-07
2.83752e-07
-5.77182e-07
3.4196e-07
-8.04286e-07
3.83793e-07
-1.04712e-06
4.19637e-07
-1.30418e-06
4.51987e-07
-1.57298e-06
4.80169e-07
-1.851e-06
5.04149e-07
-2.13586e-06
5.24136e-07
-2.42545e-06
5.40409e-07
-2.71792e-06
5.53299e-07
-3.01168e-06
5.63185e-07
-3.30545e-06
5.70467e-07
-3.5982e-06
5.75549e-07
-3.88916e-06
5.78828e-07
-4.17776e-06
5.80691e-07
-4.46367e-06
5.81529e-07
-4.74671e-06
5.81685e-07
-5.02685e-06
5.8155e-07
-5.30428e-06
5.8154e-07
-5.57929e-06
5.82043e-07
-5.8523e-06
5.83409e-07
-6.12378e-06
5.85951e-07
-6.39423e-06
5.89949e-07
-6.66417e-06
5.95657e-07
-6.93408e-06
6.03283e-07
-7.20435e-06
6.12945e-07
-7.47522e-06
6.24682e-07
-7.74677e-06
6.38472e-07
-8.01879e-06
6.54238e-07
-8.29078e-06
6.71867e-07
-8.5618e-06
6.91271e-07
-8.8306e-06
7.12711e-07
-9.09545e-06
7.36407e-07
-9.35398e-06
7.6254e-07
-9.60296e-06
7.9114e-07
-9.83823e-06
8.2195e-07
-1.00544e-05
8.54106e-07
-1.0245e-05
8.85868e-07
-1.04024e-05
9.14757e-07
-1.05176e-05
9.35968e-07
-1.05811e-05
9.43666e-07
-1.05829e-05
9.30532e-07
-1.05133e-05
8.88511e-07
-1.03633e-05
8.09801e-07
-1.01245e-05
6.88981e-07
-9.79242e-06
5.25612e-07
-9.3629e-06
3.17078e-07
-8.82869e-06
6.22137e-08
-8.1948e-06
-2.22536e-07
-7.46168e-06
-5.3967e-07
-6.63046e-06
-8.83476e-07
-5.69074e-06
-1.23828e-06
-4.65212e-06
-1.59939e-06
-3.52148e-06
-1.95639e-06
-2.30342e-06
-2.3053e-06
-1.00544e-06
-2.63609e-06
3.64571e-07
-2.9454e-06
1.7918e-06
-3.21974e-06
3.27311e-06
-3.46577e-06
4.79318e-06
-3.67179e-06
6.34337e-06
-3.8412e-06
7.9098e-06
-3.96624e-06
9.48388e-06
-4.05312e-06
1.10521e-05
-4.09571e-06
1.26044e-05
-4.10206e-06
1.41291e-05
-4.06925e-06
1.56187e-05
-4.00474e-06
1.70632e-05
-3.90826e-06
1.84581e-05
-3.78712e-06
1.9796e-05
-3.64301e-06
2.1075e-05
-3.48226e-06
2.22901e-05
-3.30798e-06
2.34424e-05
-3.12496e-06
2.45291e-05
-2.93724e-06
2.55532e-05
-2.74764e-06
2.65137e-05
-2.56107e-06
2.74155e-05
-2.3781e-06
2.82586e-05
-2.20457e-06
2.90494e-05
-2.03848e-06
2.97887e-05
-1.88715e-06
3.0484e-05
-1.74563e-06
3.11366e-05
-1.62348e-06
3.17548e-05
-1.51208e-06
3.23404e-05
-1.42455e-06
3.29025e-05
-1.34759e-06
3.34422e-05
-1.29901e-06
3.39687e-05
-1.25844e-06
-1.25492e-06
-1.38139e-07
1.84578e-07
-3.91959e-07
4.47076e-07
-6.85131e-07
5.76924e-07
-9.95613e-07
6.52442e-07
-1.32131e-06
7.09488e-07
-1.65955e-06
7.57882e-07
-2.00538e-06
7.97812e-07
-2.35411e-06
8.28906e-07
-2.7018e-06
8.5183e-07
-3.04543e-06
8.67769e-07
-3.38259e-06
8.77571e-07
-3.7114e-06
8.82105e-07
-4.0305e-06
8.82291e-07
-4.33897e-06
8.78939e-07
-4.63619e-06
8.72769e-07
-4.9218e-06
8.64432e-07
-5.1956e-06
8.54497e-07
-5.45754e-06
8.43465e-07
-5.70766e-06
8.31809e-07
-5.9461e-06
8.1999e-07
-6.173e-06
8.08438e-07
-6.38849e-06
7.97534e-07
-6.59266e-06
7.8758e-07
-6.78551e-06
7.78795e-07
-6.96689e-06
7.71326e-07
-7.13651e-06
7.65278e-07
-7.29394e-06
7.60714e-07
-7.43853e-06
7.57539e-07
-7.56938e-06
7.55532e-07
-7.68529e-06
7.54385e-07
-7.78476e-06
7.5371e-07
-7.86595e-06
7.53053e-07
-7.92664e-06
7.51956e-07
-7.96402e-06
7.50093e-07
-7.97494e-06
7.47326e-07
-7.9558e-06
7.43402e-07
-7.90236e-06
7.37698e-07
-7.80971e-06
7.29306e-07
-7.67235e-06
7.1674e-07
-7.48416e-06
6.97684e-07
-7.23814e-06
6.68737e-07
-6.9276e-06
6.25428e-07
-6.54746e-06
5.63524e-07
-6.09304e-06
4.76107e-07
-5.56066e-06
3.5614e-07
-4.94759e-06
1.96724e-07
-4.24981e-06
-8.79975e-09
-3.47512e-06
-2.49075e-07
-2.62111e-06
-5.36927e-07
-1.69264e-06
-8.6626e-07
-6.84787e-07
-1.23039e-06
3.98853e-07
-1.62331e-06
1.55183e-06
-2.03646e-06
2.77192e-06
-2.45837e-06
4.05672e-06
-2.88419e-06
5.40177e-06
-3.30144e-06
6.80268e-06
-3.7062e-06
8.25179e-06
-4.0852e-06
9.74322e-06
-4.43684e-06
1.12697e-05
-4.7462e-06
1.28212e-05
-5.01726e-06
1.43871e-05
-5.23774e-06
1.59586e-05
-5.41269e-06
1.75241e-05
-5.5317e-06
1.90744e-05
-5.60349e-06
2.05989e-05
-5.62018e-06
2.20895e-05
-5.59268e-06
2.35366e-05
-5.51629e-06
2.49349e-05
-5.40307e-06
2.62769e-05
-5.25023e-06
2.75601e-05
-5.07039e-06
2.87794e-05
-4.86225e-06
2.9935e-05
-4.63792e-06
3.10239e-05
-4.39685e-06
3.20487e-05
-4.14981e-06
3.30081e-05
-3.89663e-06
3.39066e-05
-3.64611e-06
3.4744e-05
-3.39846e-06
3.55261e-05
-3.16021e-06
3.62537e-05
-2.93214e-06
3.69334e-05
-2.71818e-06
3.75665e-05
-2.52025e-06
3.81602e-05
-2.33937e-06
3.8716e-05
-2.17932e-06
3.92417e-05
-2.03778e-06
3.97386e-05
-1.92142e-06
4.02149e-05
-1.82385e-06
4.06717e-05
-1.75587e-06
4.112e-05
-1.70667e-06
-1.69502e-06
-1.95222e-07
3.79801e-07
-5.65782e-07
8.17635e-07
-9.83886e-07
9.95029e-07
-1.41154e-06
1.08009e-06
-1.83262e-06
1.13057e-06
-2.23846e-06
1.16372e-06
-2.62529e-06
1.18464e-06
-2.99198e-06
1.1956e-06
-3.33675e-06
1.1966e-06
-3.65807e-06
1.18909e-06
-3.95525e-06
1.17475e-06
-4.22812e-06
1.15498e-06
-4.47691e-06
1.13108e-06
-4.7021e-06
1.10413e-06
-4.90434e-06
1.07501e-06
-5.08436e-06
1.04445e-06
-5.24291e-06
1.01304e-06
-5.38063e-06
9.81188e-07
-5.49811e-06
9.49292e-07
-5.59586e-06
9.17736e-07
-5.67426e-06
8.86835e-07
-5.73355e-06
8.56827e-07
-5.77381e-06
8.27846e-07
-5.79492e-06
7.99903e-07
-5.79652e-06
7.72925e-07
-5.77801e-06
7.46763e-07
-5.73863e-06
7.21334e-07
-5.67742e-06
6.96333e-07
-5.59315e-06
6.71259e-07
-5.4843e-06
6.45532e-07
-5.34908e-06
6.18492e-07
-5.18541e-06
5.89381e-07
-4.99084e-06
5.57395e-07
-4.76242e-06
5.2167e-07
-4.49686e-06
4.81766e-07
-4.19074e-06
4.37278e-07
-3.84001e-06
3.86965e-07
-3.4402e-06
3.29501e-07
-2.98652e-06
2.63059e-07
-2.4739e-06
1.85067e-07
-1.89704e-06
9.18725e-08
-1.25062e-06
-2.09884e-08
-5.35726e-07
-1.51371e-07
2.51692e-07
-3.11311e-07
1.11353e-06
-5.05693e-07
2.04732e-06
-7.37072e-07
3.04753e-06
-1.00901e-06
4.11849e-06
-1.32003e-06
5.25392e-06
-1.67236e-06
6.44922e-06
-2.06156e-06
7.70141e-06
-2.48258e-06
9.00539e-06
-2.92728e-06
1.03588e-05
-3.38983e-06
1.1758e-05
-3.85757e-06
1.31992e-05
-4.32544e-06
1.4677e-05
-4.77927e-06
1.61858e-05
-5.2149e-06
1.77177e-05
-5.61714e-06
1.9265e-05
-5.98411e-06
2.08195e-05
-6.30074e-06
2.23712e-05
-6.56892e-06
2.391e-05
-6.77654e-06
2.54265e-05
-6.92919e-06
2.69115e-05
-7.01669e-06
2.83566e-05
-7.04866e-06
2.97542e-05
-7.01775e-06
3.10984e-05
-6.93689e-06
3.23832e-05
-6.80106e-06
3.36056e-05
-6.62553e-06
3.4762e-05
-6.40661e-06
3.58523e-05
-6.16073e-06
3.68748e-05
-5.88473e-06
3.78319e-05
-5.59499e-06
3.87232e-05
-5.28812e-06
3.95529e-05
-4.97958e-06
4.03217e-05
-4.66533e-06
4.1035e-05
-4.35941e-06
4.16936e-05
-4.0571e-06
4.23042e-05
-3.77081e-06
4.28674e-05
-3.49535e-06
4.33906e-05
-3.24137e-06
4.3874e-05
-3.00364e-06
4.43256e-05
-2.79098e-06
4.4745e-05
-2.59868e-06
4.51408e-05
-2.43361e-06
4.55116e-05
-2.29228e-06
4.58672e-05
-2.17941e-06
4.6205e-05
-2.0937e-06
4.65358e-05
-2.03749e-06
-2.01773e-06
-4.22292e-07
8.02093e-07
-9.62971e-07
1.35831e-06
-1.45671e-06
1.48877e-06
-1.8918e-06
1.51518e-06
-2.28974e-06
1.52851e-06
-2.65551e-06
1.5295e-06
-2.98437e-06
1.5135e-06
-3.27016e-06
1.48139e-06
-3.50934e-06
1.43578e-06
-3.70397e-06
1.38373e-06
-3.85701e-06
1.32778e-06
-3.97137e-06
1.26935e-06
-4.04992e-06
1.20963e-06
-4.09535e-06
1.14955e-06
-4.11009e-06
1.08976e-06
-4.09634e-06
1.0307e-06
-4.05603e-06
9.72728e-07
-3.99073e-06
9.15891e-07
-3.90172e-06
8.60277e-07
-3.79001e-06
8.06027e-07
-3.65636e-06
7.53192e-07
-3.50127e-06
7.01731e-07
-3.32492e-06
6.51502e-07
-3.12721e-06
6.02186e-07
-2.90771e-06
5.53426e-07
-2.66565e-06
5.04702e-07
-2.4002e-06
4.55886e-07
-2.11025e-06
4.0639e-07
-1.79437e-06
3.55377e-07
-1.45092e-06
3.02078e-07
-1.07805e-06
2.45621e-07
-6.73609e-07
1.84943e-07
-2.35051e-07
1.18837e-07
2.41029e-07
4.55888e-08
7.5725e-07
-3.44543e-08
1.31561e-06
-1.21079e-07
1.92061e-06
-2.18035e-07
2.5763e-06
-3.26189e-07
3.28664e-06
-4.47283e-07
4.05548e-06
-5.83775e-07
4.88567e-06
-7.38315e-07
5.77858e-06
-9.13896e-07
6.74064e-06
-1.11344e-06
7.77087e-06
-1.34154e-06
8.8678e-06
-1.60263e-06
1.00294e-05
-1.89862e-06
1.12521e-05
-2.23181e-06
1.2533e-05
-2.60092e-06
1.38664e-05
-3.00569e-06
1.52465e-05
-3.44164e-06
1.66684e-05
-3.90449e-06
1.8126e-05
-4.38493e-06
1.96133e-05
-4.87709e-06
2.11242e-05
-5.36853e-06
2.26515e-05
-5.85272e-06
2.41876e-05
-6.31538e-06
2.57234e-05
-6.75074e-06
2.72502e-05
-7.14394e-06
2.87579e-05
-7.49176e-06
3.02375e-05
-7.78036e-06
3.16791e-05
-8.01046e-06
3.30741e-05
-8.17157e-06
3.44146e-05
-8.26975e-06
3.56949e-05
-8.29695e-06
3.69098e-05
-8.26359e-06
3.80561e-05
-8.164e-06
3.91316e-05
-8.01244e-06
4.01355e-05
-7.8049e-06
4.10684e-05
-7.55844e-06
4.19314e-05
-7.2696e-06
4.27276e-05
-6.95691e-06
4.34591e-05
-6.61629e-06
4.41307e-05
-6.26659e-06
4.47449e-05
-5.90233e-06
4.53073e-05
-5.54195e-06
4.58201e-05
-5.17818e-06
4.62895e-05
-4.8288e-06
4.67172e-05
-4.48474e-06
4.71094e-05
-4.16305e-06
4.74671e-05
-3.853e-06
4.77968e-05
-3.5711e-06
4.80983e-05
-3.30518e-06
4.83788e-05
-3.07139e-06
4.86366e-05
-2.85652e-06
4.88795e-05
-2.67653e-06
4.91048e-05
-2.51752e-06
4.93208e-05
-2.39544e-06
4.95233e-05
-2.29621e-06
4.97218e-05
-2.23595e-06
-2.20599e-06
-2.66878e-07
1.06897e-06
-8.63544e-07
1.95498e-06
-1.48495e-06
2.11017e-06
-2.00538e-06
2.03561e-06
-2.39742e-06
1.92055e-06
-2.66375e-06
1.79583e-06
-2.82205e-06
1.6718e-06
-2.8925e-06
1.55184e-06
-2.89247e-06
1.43575e-06
-2.83294e-06
1.3242e-06
-2.72222e-06
1.21706e-06
-2.56689e-06
1.11401e-06
-2.3726e-06
1.01534e-06
-2.14418e-06
9.21134e-07
-1.8857e-06
8.31277e-07
-1.6005e-06
7.45504e-07
-1.29142e-06
6.63642e-07
-9.60533e-07
5.85008e-07
-6.09523e-07
5.09266e-07
-2.39706e-07
4.3621e-07
1.48025e-07
3.65461e-07
5.5318e-07
2.96577e-07
9.75693e-07
2.28988e-07
1.41598e-06
1.61904e-07
1.87481e-06
9.45949e-08
2.35378e-06
2.57285e-08
2.8532e-06
-4.35343e-08
3.37441e-06
-1.14825e-07
3.91958e-06
-1.8979e-07
4.49072e-06
-2.6906e-07
5.08997e-06
-3.5363e-07
5.71965e-06
-4.44735e-07
6.38204e-06
-5.43554e-07
7.07893e-06
-6.51305e-07
7.81333e-06
-7.68855e-07
8.58972e-06
-8.97469e-07
9.41048e-06
-1.03879e-06
1.02788e-05
-1.19455e-06
1.11979e-05
-1.36631e-06
1.21704e-05
-1.5563e-06
1.31986e-05
-1.76657e-06
1.42847e-05
-1.99991e-06
1.54297e-05
-2.25846e-06
1.66331e-05
-2.54493e-06
1.78923e-05
-2.86184e-06
1.92042e-05
-3.21054e-06
2.05638e-05
-3.59143e-06
2.19659e-05
-4.00299e-06
2.34032e-05
-4.44304e-06
2.48683e-05
-4.90673e-06
2.63524e-05
-5.38852e-06
2.78468e-05
-5.87936e-06
2.93415e-05
-6.37185e-06
3.08275e-05
-6.8545e-06
3.2294e-05
-7.31915e-06
3.37314e-05
-7.75282e-06
3.51287e-05
-8.14806e-06
3.6477e-05
-8.49223e-06
3.77666e-05
-8.78138e-06
3.89905e-05
-9.00424e-06
4.01411e-05
-9.16106e-06
4.1214e-05
-9.24445e-06
4.22057e-05
-9.26141e-06
4.3116e-05
-9.20725e-06
4.39452e-05
-9.09286e-06
4.46959e-05
-8.91469e-06
4.53712e-05
-8.68769e-06
4.59754e-05
-8.40917e-06
4.65139e-05
-8.0969e-06
4.69919e-05
-7.74761e-06
4.74156e-05
-7.38058e-06
4.77901e-05
-6.99082e-06
4.81217e-05
-6.59818e-06
4.84146e-05
-6.19528e-06
4.86748e-05
-5.80207e-06
4.89051e-05
-5.40851e-06
4.9111e-05
-5.03467e-06
4.92941e-05
-4.66783e-06
4.94593e-05
-4.3283e-06
4.96071e-05
-4.00081e-06
4.97422e-05
-3.7062e-06
4.98638e-05
-3.42678e-06
4.99767e-05
-3.18428e-06
5.00789e-05
-2.95875e-06
5.01756e-05
-2.77316e-06
5.02635e-05
-2.6055e-06
5.03484e-05
-2.48033e-06
5.04259e-05
-2.37365e-06
5.05017e-05
-2.31173e-06
-2.27169e-06
-1.49636e-06
2.56533e-06
-1.94826e-06
2.40688e-06
-2.11452e-06
2.27643e-06
-2.13181e-06
2.05291e-06
-2.01966e-06
1.8084e-06
-1.80175e-06
1.57792e-06
-1.49726e-06
1.36731e-06
-1.12054e-06
1.17511e-06
-6.84273e-07
9.99488e-07
-2.0072e-07
8.40643e-07
3.20854e-07
6.95487e-07
8.72808e-07
5.62058e-07
1.44848e-06
4.39665e-07
2.04284e-06
3.26776e-07
2.65208e-06
2.22031e-07
3.27311e-06
1.24475e-07
3.90299e-06
3.37646e-08
4.54166e-06
-5.36582e-08
5.18803e-06
-1.37103e-07
5.84085e-06
-2.16617e-07
6.49997e-06
-2.93649e-07
7.16537e-06
-3.6883e-07
7.83751e-06
-4.43153e-07
8.51794e-06
-5.18527e-07
9.20785e-06
-5.95306e-07
9.90799e-06
-6.74416e-07
1.06211e-05
-7.56604e-07
1.13493e-05
-8.43103e-07
1.20947e-05
-9.35162e-07
1.28596e-05
-1.03391e-06
1.36463e-05
-1.14039e-06
1.44574e-05
-1.25583e-06
1.52952e-05
-1.38134e-06
1.61621e-05
-1.51824e-06
1.70609e-05
-1.66761e-06
1.79941e-05
-1.83071e-06
1.89641e-05
-2.00871e-06
1.99728e-05
-2.2033e-06
2.10222e-05
-2.41575e-06
2.21138e-05
-2.64789e-06
2.32484e-05
-2.90114e-06
2.4426e-05
-3.17746e-06
2.56455e-05
-3.47796e-06
2.69046e-05
-3.80403e-06
2.8199e-05
-4.15629e-06
2.95235e-05
-4.53504e-06
3.0871e-05
-4.93894e-06
3.22337e-05
-5.36571e-06
3.36022e-05
-5.81148e-06
3.49671e-05
-6.27163e-06
3.63165e-05
-6.73797e-06
3.76397e-05
-7.2025e-06
3.89246e-05
-7.65674e-06
4.01607e-05
-8.09068e-06
4.13368e-05
-8.49521e-06
4.24438e-05
-8.85986e-06
4.34728e-05
-9.17702e-06
4.4418e-05
-9.43744e-06
4.52737e-05
-9.63707e-06
4.60383e-05
-9.76889e-06
4.67108e-05
-9.83349e-06
4.72926e-05
-9.8263e-06
4.77865e-05
-9.75533e-06
4.81997e-05
-9.62037e-06
4.8538e-05
-9.43119e-06
4.88098e-05
-9.18648e-06
4.90226e-05
-8.90052e-06
4.91851e-05
-8.5717e-06
4.93052e-05
-8.21697e-06
4.93904e-05
-7.83285e-06
4.94479e-05
-7.43802e-06
4.94832e-05
-7.02613e-06
4.95021e-05
-6.6171e-06
4.95081e-05
-6.20125e-06
4.95056e-05
-5.79963e-06
4.94962e-05
-5.39912e-06
4.94836e-05
-5.02202e-06
4.94675e-05
-4.65172e-06
4.94512e-05
-4.31199e-06
4.94331e-05
-3.98276e-06
4.94165e-05
-3.68957e-06
4.93987e-05
-3.40895e-06
4.9383e-05
-3.1686e-06
4.93659e-05
-2.94165e-06
4.9351e-05
-2.75831e-06
4.93339e-05
-2.58837e-06
4.93185e-05
-2.46497e-06
4.92996e-05
-2.35473e-06
4.92821e-05
-2.29424e-06
-2.24361e-06
-8.96614e-07
3.46194e-06
-7.42911e-07
2.25318e-06
-2.52303e-07
1.78582e-06
4.60501e-07
1.3401e-06
1.33039e-06
9.38505e-07
2.29129e-06
6.17022e-07
3.29688e-06
3.61716e-07
4.31989e-06
1.52098e-07
5.34593e-06
-2.65552e-08
6.36072e-06
-1.74142e-07
7.36549e-06
-3.09287e-07
8.35873e-06
-4.3118e-07
9.33616e-06
-5.37766e-07
1.02969e-05
-6.33976e-07
1.12409e-05
-7.21962e-07
1.21684e-05
-8.03027e-07
1.30806e-05
-8.7839e-07
1.39767e-05
-9.49816e-07
1.48578e-05
-1.01819e-06
1.57254e-05
-1.08425e-06
1.65807e-05
-1.14896e-06
1.74256e-05
-1.21365e-06
1.82623e-05
-1.27991e-06
1.90928e-05
-1.34898e-06
1.99192e-05
-1.42173e-06
2.0744e-05
-1.49925e-06
2.157e-05
-1.58259e-06
2.23998e-05
-1.67286e-06
2.32358e-05
-1.77118e-06
2.40807e-05
-1.87877e-06
2.49369e-05
-1.99661e-06
2.58068e-05
-2.12572e-06
2.66925e-05
-2.26706e-06
2.7596e-05
-2.42175e-06
2.85191e-05
-2.59071e-06
2.94634e-05
-2.77498e-06
3.04301e-05
-2.9754e-06
3.14199e-05
-3.19311e-06
3.24331e-05
-3.42895e-06
3.34692e-05
-3.684e-06
3.4527e-05
-3.95897e-06
3.56048e-05
-4.25527e-06
3.66992e-05
-4.57236e-06
3.78056e-05
-4.91039e-06
3.89179e-05
-5.26866e-06
4.00291e-05
-5.64618e-06
4.11304e-05
-6.04029e-06
4.22126e-05
-6.44792e-06
4.32652e-05
-6.86406e-06
4.42769e-05
-7.28328e-06
4.52369e-05
-7.69797e-06
4.61352e-05
-8.10077e-06
4.69615e-05
-8.48311e-06
4.77079e-05
-8.83703e-06
4.83668e-05
-9.15411e-06
4.8934e-05
-9.4271e-06
4.94064e-05
-9.64942e-06
4.97847e-05
-9.81573e-06
5.00702e-05
-9.92256e-06
5.02685e-05
-9.96716e-06
5.0385e-05
-9.95007e-06
5.04299e-05
-9.87113e-06
5.04108e-05
-9.7363e-06
5.03395e-05
-9.54904e-06
5.0225e-05
-9.31666e-06
5.00785e-05
-9.04003e-06
4.99081e-05
-8.73009e-06
4.9723e-05
-8.38655e-06
4.95289e-05
-8.02295e-06
4.93326e-05
-7.63648e-06
4.91375e-05
-7.24299e-06
4.89475e-05
-6.83609e-06
4.87643e-05
-6.43392e-06
4.85892e-05
-6.02608e-06
4.8423e-05
-5.63349e-06
4.82653e-05
-5.24142e-06
4.81171e-05
-4.87381e-06
4.79764e-05
-4.51104e-06
4.78448e-05
-4.18039e-06
4.77191e-05
-3.85703e-06
4.76017e-05
-3.57216e-06
4.74881e-05
-3.29541e-06
4.7382e-05
-3.06247e-06
4.72775e-05
-2.8371e-06
4.71792e-05
-2.66005e-06
4.70797e-05
-2.48889e-06
4.69849e-05
-2.37019e-06
4.68855e-05
-2.25525e-06
4.67883e-05
-2.19713e-06
-2.13889e-06
3.65789e-06
-1.95952e-07
6.38439e-06
-4.73314e-07
8.79665e-06
-6.26433e-07
1.09193e-05
-7.82557e-07
1.27953e-05
-9.3748e-07
1.44888e-05
-1.07646e-06
1.60444e-05
-1.19395e-06
1.74793e-05
-1.28275e-06
1.88194e-05
-1.36669e-06
2.00868e-05
-1.44147e-06
2.12851e-05
-1.50761e-06
2.2421e-05
-1.56707e-06
2.35037e-05
-1.62048e-06
2.45385e-05
-1.66881e-06
2.55296e-05
-1.71309e-06
2.64809e-05
-1.75426e-06
2.73957e-05
-1.7932e-06
2.82768e-05
-1.83092e-06
2.91271e-05
-1.86847e-06
2.99496e-05
-1.90678e-06
3.07475e-05
-1.94687e-06
3.15238e-05
-1.98993e-06
3.22811e-05
-2.03724e-06
3.30221e-05
-2.08997e-06
3.37496e-05
-2.1492e-06
3.44662e-05
-2.21593e-06
3.51748e-05
-2.29114e-06
3.58777e-05
-2.37578e-06
3.65773e-05
-2.47079e-06
3.72759e-05
-2.5773e-06
3.79754e-05
-2.6962e-06
3.86775e-05
-2.82778e-06
3.93834e-05
-2.97299e-06
4.00943e-05
-3.13258e-06
4.08107e-05
-3.30713e-06
4.1533e-05
-3.49725e-06
4.2261e-05
-3.7034e-06
4.29939e-05
-3.92609e-06
4.37306e-05
-4.16564e-06
4.4469e-05
-4.42239e-06
4.52064e-05
-4.69637e-06
4.59387e-05
-4.98751e-06
4.66613e-05
-5.29501e-06
4.73689e-05
-5.61795e-06
4.80549e-05
-5.95467e-06
4.87119e-05
-6.30318e-06
4.9332e-05
-6.66034e-06
4.99066e-05
-7.02256e-06
5.04274e-05
-7.38488e-06
5.08862e-05
-7.74209e-06
5.1276e-05
-8.08772e-06
5.15907e-05
-8.41553e-06
5.1826e-05
-8.7184e-06
5.19793e-05
-8.99033e-06
5.20502e-05
-9.22495e-06
5.2041e-05
-9.41792e-06
5.1956e-05
-9.56449e-06
5.18025e-05
-9.66214e-06
5.15881e-05
-9.7082e-06
5.13232e-05
-9.70227e-06
5.10172e-05
-9.64406e-06
5.06823e-05
-9.53625e-06
5.03275e-05
-9.38147e-06
4.9962e-05
-9.18354e-06
4.95921e-05
-8.94679e-06
4.9226e-05
-8.67385e-06
4.88662e-05
-8.37034e-06
4.85177e-05
-8.03808e-06
4.81801e-05
-7.68532e-06
4.78562e-05
-7.31256e-06
4.75438e-05
-6.93059e-06
4.72446e-05
-6.53688e-06
4.69555e-05
-6.1448e-06
4.66775e-05
-5.74808e-06
4.64077e-05
-5.36374e-06
4.61471e-05
-4.98086e-06
4.58938e-05
-4.62045e-06
4.56483e-05
-4.26552e-06
4.54097e-05
-3.94178e-06
4.51778e-05
-3.62513e-06
4.49529e-05
-3.34727e-06
4.47333e-05
-3.07585e-06
4.45208e-05
-2.84995e-06
4.43114e-05
-2.62768e-06
4.41085e-05
-2.45722e-06
4.39054e-05
-2.28579e-06
4.37077e-05
-2.17252e-06
4.35047e-05
-2.05217e-06
4.33041e-05
-1.99658e-06
-1.93197e-06
3.86136e-05
1.08127e-08
3.85831e-05
-4.4277e-07
3.87236e-05
-7.66987e-07
3.89506e-05
-1.0095e-06
3.92259e-05
-1.21283e-06
3.95439e-05
-1.39442e-06
3.99057e-05
-1.55573e-06
4.03128e-05
-1.6899e-06
4.07451e-05
-1.79903e-06
4.11924e-05
-1.8887e-06
4.16478e-05
-1.96304e-06
4.21058e-05
-2.02504e-06
4.25623e-05
-2.07699e-06
4.30142e-05
-2.12067e-06
4.34588e-05
-2.15775e-06
4.38944e-05
-2.18982e-06
4.43196e-05
-2.21843e-06
4.47337e-05
-2.24507e-06
4.51365e-05
-2.27124e-06
4.55281e-05
-2.29837e-06
4.59091e-05
-2.32786e-06
4.62802e-05
-2.36105e-06
4.66423e-05
-2.39929e-06
4.69962e-05
-2.44386e-06
4.73429e-05
-2.49598e-06
4.76837e-05
-2.55669e-06
4.80195e-05
-2.62697e-06
4.83514e-05
-2.7077e-06
4.86804e-05
-2.79973e-06
4.90069e-05
-2.90379e-06
4.93312e-05
-3.02055e-06
4.96539e-05
-3.15047e-06
4.99749e-05
-3.29403e-06
5.0294e-05
-3.45165e-06
5.06106e-05
-3.62368e-06
5.09237e-05
-3.81034e-06
5.12321e-05
-4.0118e-06
5.15341e-05
-4.22808e-06
5.18275e-05
-4.45913e-06
5.21099e-05
-4.70472e-06
5.23779e-05
-4.9644e-06
5.26279e-05
-5.23747e-06
5.28557e-05
-5.52289e-06
5.3057e-05
-5.81921e-06
5.32268e-05
-6.12451e-06
5.33601e-05
-6.43645e-06
5.34519e-05
-6.75215e-06
5.34975e-05
-7.06816e-06
5.3493e-05
-7.38035e-06
5.34351e-05
-7.68423e-06
5.33222e-05
-7.97482e-06
5.31539e-05
-8.24716e-06
5.29315e-05
-8.496e-06
5.26576e-05
-8.71649e-06
5.23368e-05
-8.90415e-06
5.19754e-05
-9.05646e-06
5.15805e-05
-9.16959e-06
5.11598e-05
-9.2415e-06
5.07213e-05
-9.26971e-06
5.02724e-05
-9.2533e-06
4.9819e-05
-9.19074e-06
4.93661e-05
-9.08328e-06
4.89161e-05
-8.93145e-06
4.84709e-05
-8.7384e-06
4.80301e-05
-8.50597e-06
4.75942e-05
-8.23794e-06
4.71606e-05
-7.93679e-06
4.67293e-05
-7.60672e-06
4.62964e-05
-7.25242e-06
4.5863e-05
-6.87918e-06
4.54259e-05
-6.49348e-06
4.49879e-05
-6.09894e-06
4.45463e-05
-5.70315e-06
4.41055e-05
-5.30734e-06
4.36631e-05
-4.92129e-06
4.32249e-05
-4.54268e-06
4.27883e-05
-4.18384e-06
4.23599e-05
-3.83708e-06
4.19364e-05
-3.51836e-06
4.15245e-05
-3.21323e-06
4.11203e-05
-2.94306e-06
4.07293e-05
-2.68487e-06
4.03473e-05
-2.46785e-06
3.99777e-05
-2.25808e-06
3.96163e-05
-2.09585e-06
3.92642e-05
-1.93365e-06
3.89184e-05
-1.82673e-06
3.85761e-05
-1.70987e-06
3.82371e-05
-1.6576e-06
-1.58618e-06
5.29868e-05
8.84686e-08
5.28933e-05
-3.49289e-07
5.28648e-05
-7.38424e-07
5.28889e-05
-1.03359e-06
5.29346e-05
-1.25858e-06
5.29828e-05
-1.44266e-06
5.30299e-05
-1.60276e-06
5.30834e-05
-1.74339e-06
5.31481e-05
-1.86373e-06
5.32232e-05
-1.96385e-06
5.33058e-05
-2.04559e-06
5.33925e-05
-2.11174e-06
5.34807e-05
-2.16524e-06
5.35687e-05
-2.20864e-06
5.3655e-05
-2.24411e-06
5.37388e-05
-2.27355e-06
5.38191e-05
-2.29874e-06
5.38954e-05
-2.32138e-06
5.39673e-05
-2.34316e-06
5.40346e-05
-2.36569e-06
5.40973e-05
-2.39056e-06
5.41555e-05
-2.41922e-06
5.42093e-05
-2.45309e-06
5.42589e-05
-2.49347e-06
5.43045e-05
-2.5416e-06
5.43464e-05
-2.59855e-06
5.43847e-05
-2.66527e-06
5.44196e-05
-2.74257e-06
5.44511e-05
-2.8312e-06
5.4479e-05
-2.93173e-06
5.45031e-05
-3.04471e-06
5.45232e-05
-3.17053e-06
5.45387e-05
-3.30954e-06
5.4549e-05
-3.46194e-06
5.45532e-05
-3.62791e-06
5.45504e-05
-3.80751e-06
5.45393e-05
-4.00073e-06
5.45186e-05
-4.2074e-06
5.44868e-05
-4.42727e-06
5.4442e-05
-4.65992e-06
5.43823e-05
-4.90475e-06
5.43058e-05
-5.16091e-06
5.42102e-05
-5.42728e-06
5.40933e-05
-5.70237e-06
5.3953e-05
-5.9842e-06
5.37871e-05
-6.27059e-06
5.35942e-05
-6.55918e-06
5.33728e-05
-6.8468e-06
5.31223e-05
-7.12991e-06
5.28427e-05
-7.40463e-06
5.25347e-05
-7.66676e-06
5.21995e-05
-7.91197e-06
5.18393e-05
-8.13578e-06
5.14566e-05
-8.33381e-06
5.10543e-05
-8.50192e-06
5.06345e-05
-8.63659e-06
5.01992e-05
-8.7343e-06
4.97498e-05
-8.79208e-06
4.92873e-05
-8.80722e-06
4.88109e-05
-8.77694e-06
4.83193e-05
-8.69908e-06
4.78096e-05
-8.57361e-06
4.72795e-05
-8.40137e-06
4.67262e-05
-8.18508e-06
4.61467e-05
-7.92644e-06
4.55392e-05
-7.63048e-06
4.49037e-05
-7.30132e-06
4.42414e-05
-6.94434e-06
4.35533e-05
-6.56438e-06
4.28435e-05
-6.16932e-06
4.21146e-05
-5.76459e-06
4.13731e-05
-5.35748e-06
4.06227e-05
-4.95272e-06
3.98718e-05
-4.55647e-06
3.91233e-05
-4.17282e-06
3.83864e-05
-3.80578e-06
3.76615e-05
-3.45892e-06
3.6958e-05
-3.13359e-06
3.62735e-05
-2.83386e-06
3.56176e-05
-2.55734e-06
3.49842e-05
-2.30967e-06
3.43831e-05
-2.08376e-06
3.38044e-05
-1.88915e-06
3.32578e-05
-1.7114e-06
3.27295e-05
-1.56759e-06
3.22297e-05
-1.43385e-06
3.17422e-05
-1.33922e-06
3.1277e-05
-1.24471e-06
3.08172e-05
-1.19781e-06
-1.13302e-06
5.43225e-05
-2.31669e-07
5.45045e-05
-5.31236e-07
5.46087e-05
-8.42624e-07
5.46961e-05
-1.12101e-06
5.47831e-05
-1.3456e-06
5.48637e-05
-1.52319e-06
5.49303e-05
-1.66941e-06
5.49819e-05
-1.79502e-06
5.50227e-05
-1.90448e-06
5.50573e-05
-1.99844e-06
5.50884e-05
-2.07676e-06
5.51169e-05
-2.14022e-06
5.51423e-05
-2.19068e-06
5.51642e-05
-2.23044e-06
5.51818e-05
-2.26179e-06
5.51951e-05
-2.28679e-06
5.52037e-05
-2.30734e-06
5.52075e-05
-2.32518e-06
5.52063e-05
-2.34203e-06
5.52002e-05
-2.35953e-06
5.51889e-05
-2.3793e-06
5.51726e-05
-2.40286e-06
5.51511e-05
-2.43165e-06
5.51246e-05
-2.467e-06
5.50932e-05
-2.51012e-06
5.50567e-05
-2.56207e-06
5.50152e-05
-2.62382e-06
5.49688e-05
-2.69612e-06
5.49172e-05
-2.77967e-06
5.48605e-05
-2.87498e-06
5.47983e-05
-2.98253e-06
5.47304e-05
-3.10265e-06
5.46565e-05
-3.23562e-06
5.45761e-05
-3.38156e-06
5.44888e-05
-3.54058e-06
5.4394e-05
-3.71266e-06
5.42909e-05
-3.89771e-06
5.4179e-05
-4.09549e-06
5.40575e-05
-4.3057e-06
5.39253e-05
-4.52778e-06
5.37817e-05
-4.76112e-06
5.36255e-05
-5.00476e-06
5.34558e-05
-5.25753e-06
5.32713e-05
-5.51783e-06
5.30707e-05
-5.7837e-06
5.2853e-05
-6.05286e-06
5.26166e-05
-6.32274e-06
5.236e-05
-6.59022e-06
5.20817e-05
-6.85162e-06
5.178e-05
-7.10288e-06
5.14528e-05
-7.3396e-06
5.10982e-05
-7.55738e-06
5.07141e-05
-7.75164e-06
5.02983e-05
-7.91802e-06
4.98483e-05
-8.05189e-06
4.93609e-05
-8.14921e-06
4.88327e-05
-8.20608e-06
4.82597e-05
-8.21911e-06
4.76377e-05
-8.18517e-06
4.69623e-05
-8.10159e-06
4.62305e-05
-7.96725e-06
4.54405e-05
-7.78366e-06
4.45929e-05
-7.55375e-06
4.36881e-05
-7.28024e-06
4.27271e-05
-6.96541e-06
4.17123e-05
-6.61569e-06
4.06506e-05
-6.23965e-06
3.95502e-05
-5.84393e-06
3.84209e-05
-5.43512e-06
3.72723e-05
-5.02068e-06
3.61141e-05
-4.60642e-06
3.49565e-05
-4.19984e-06
3.38102e-05
-3.80641e-06
3.26862e-05
-3.43249e-06
3.15938e-05
-3.08039e-06
3.05418e-05
-2.75383e-06
2.95355e-05
-2.45262e-06
2.85816e-05
-2.17967e-06
2.7681e-05
-1.93327e-06
2.68388e-05
-1.71518e-06
2.60513e-05
-1.52211e-06
2.53223e-05
-1.35481e-06
2.46428e-05
-1.20961e-06
2.40177e-05
-1.08636e-06
2.34327e-05
-9.82528e-07
2.28952e-05
-8.9636e-07
2.23846e-05
-8.28661e-07
2.1913e-05
-7.73127e-07
2.14534e-05
-7.3815e-07
-7.05501e-07
5.39213e-05
-5.60456e-07
5.4175e-05
-7.84909e-07
5.43571e-05
-1.02478e-06
5.44915e-05
-1.25534e-06
5.46021e-05
-1.45627e-06
5.47007e-05
-1.62178e-06
5.47882e-05
-1.75687e-06
5.48628e-05
-1.86963e-06
5.49244e-05
-1.96611e-06
5.4975e-05
-2.04901e-06
5.50171e-05
-2.11889e-06
5.50528e-05
-2.1759e-06
5.50829e-05
-2.22081e-06
5.51076e-05
-2.25511e-06
5.51265e-05
-2.28072e-06
5.51394e-05
-2.29968e-06
5.5146e-05
-2.31396e-06
5.51463e-05
-2.32539e-06
5.514e-05
-2.33574e-06
5.51271e-05
-2.3467e-06
5.51078e-05
-2.35992e-06
5.50818e-05
-2.37695e-06
5.50495e-05
-2.39928e-06
5.50107e-05
-2.42824e-06
5.49656e-05
-2.46504e-06
5.49143e-05
-2.51074e-06
5.48568e-05
-2.56629e-06
5.47931e-05
-2.63244e-06
5.47233e-05
-2.70983e-06
5.46472e-05
-2.79888e-06
5.45646e-05
-2.89998e-06
5.44753e-05
-3.01339e-06
5.4379e-05
-3.13928e-06
5.42752e-05
-3.27771e-06
5.41632e-05
-3.42867e-06
5.40426e-05
-3.59202e-06
5.39125e-05
-3.76758e-06
5.37719e-05
-3.95495e-06
5.36199e-05
-4.1537e-06
5.34552e-05
-4.36309e-06
5.32764e-05
-4.58231e-06
5.30818e-05
-4.81015e-06
5.28695e-05
-5.04525e-06
5.26374e-05
-5.28566e-06
5.23828e-05
-5.52915e-06
5.21029e-05
-5.77295e-06
5.17942e-05
-6.01407e-06
5.14528e-05
-6.24885e-06
5.10744e-05
-6.47314e-06
5.06537e-05
-6.68227e-06
5.01855e-05
-6.87139e-06
4.96639e-05
-7.03577e-06
4.90832e-05
-7.17093e-06
4.84381e-05
-7.27293e-06
4.77241e-05
-7.33787e-06
4.69374e-05
-7.36245e-06
4.6074e-05
-7.34275e-06
4.51302e-05
-7.27532e-06
4.41017e-05
-7.15661e-06
4.29851e-05
-6.98504e-06
4.17805e-05
-6.76265e-06
4.04937e-05
-6.49683e-06
3.91332e-05
-6.19328e-06
3.77071e-05
-5.85415e-06
3.62234e-05
-5.48173e-06
3.46913e-05
-5.08357e-06
3.31231e-05
-4.67149e-06
3.15368e-05
-4.25758e-06
2.99512e-05
-3.84952e-06
2.83832e-05
-3.4527e-06
2.68487e-05
-3.07188e-06
2.53622e-05
-2.71336e-06
2.39382e-05
-2.38242e-06
2.25887e-05
-2.08292e-06
2.13239e-05
-1.81569e-06
2.01514e-05
-1.58132e-06
1.90765e-05
-1.3777e-06
1.81006e-05
-1.20378e-06
1.72228e-05
-1.05546e-06
1.64391e-05
-9.3148e-07
1.57435e-05
-8.26495e-07
1.51289e-05
-7.4017e-07
1.45858e-05
-6.66546e-07
1.4107e-05
-6.07515e-07
1.36807e-05
-5.56258e-07
1.3302e-05
-5.17619e-07
1.29564e-05
-4.83131e-07
1.26442e-05
-4.60909e-07
1.23468e-05
-4.40735e-07
-4.30604e-07
5.35785e-05
-8.72998e-07
5.38461e-05
-1.05251e-06
5.40607e-05
-1.2394e-06
5.42288e-05
-1.42344e-06
5.4366e-05
-1.59344e-06
5.4485e-05
-1.74078e-06
5.45914e-05
-1.86328e-06
5.46864e-05
-1.9646e-06
5.47696e-05
-2.04938e-06
5.48413e-05
-2.1207e-06
5.49024e-05
-2.18e-06
5.49543e-05
-2.22777e-06
5.49979e-05
-2.26442e-06
5.50337e-05
-2.29084e-06
5.50614e-05
-2.30845e-06
5.50808e-05
-2.31905e-06
5.50914e-05
-2.32457e-06
5.50929e-05
-2.32696e-06
5.50853e-05
-2.32811e-06
5.50685e-05
-2.32985e-06
5.50424e-05
-2.33386e-06
5.50072e-05
-2.34171e-06
5.49628e-05
-2.35491e-06
5.49094e-05
-2.3748e-06
5.48469e-05
-2.40256e-06
5.47754e-05
-2.43926e-06
5.46949e-05
-2.48581e-06
5.46055e-05
-2.54297e-06
5.45068e-05
-2.61119e-06
5.43987e-05
-2.69077e-06
5.42807e-05
-2.78196e-06
5.41521e-05
-2.88483e-06
5.40122e-05
-2.9994e-06
5.38601e-05
-3.12553e-06
5.36944e-05
-3.26302e-06
5.35139e-05
-3.41153e-06
5.3317e-05
-3.57064e-06
5.31018e-05
-3.73973e-06
5.28661e-05
-3.91807e-06
5.26077e-05
-4.10462e-06
5.23235e-05
-4.29819e-06
5.20106e-05
-4.4972e-06
5.16652e-05
-4.69984e-06
5.12833e-05
-4.90379e-06
5.08605e-05
-5.10637e-06
5.03919e-05
-5.30431e-06
4.9872e-05
-5.49418e-06
4.92948e-05
-5.67162e-06
4.86536e-05
-5.83201e-06
4.79416e-05
-5.97019e-06
4.71515e-05
-6.08129e-06
4.62761e-05
-6.16042e-06
4.53086e-05
-6.20343e-06
4.42427e-05
-6.20699e-06
4.30756e-05
-6.17081e-06
4.18069e-05
-6.09378e-06
4.04379e-05
-5.97374e-06
3.89699e-05
-5.80733e-06
3.74013e-05
-5.58797e-06
3.57336e-05
-5.31736e-06
3.39743e-05
-5.00336e-06
3.21398e-05
-4.66232e-06
3.02485e-05
-4.30199e-06
2.83197e-05
-3.92535e-06
2.6375e-05
-3.53696e-06
2.44339e-05
-3.14248e-06
2.2517e-05
-2.7546e-06
2.0649e-05
-2.3896e-06
1.88566e-05
-2.05708e-06
1.71645e-05
-1.76062e-06
1.55947e-05
-1.50208e-06
1.41634e-05
-1.28207e-06
1.28814e-05
-1.10039e-06
1.17518e-05
-9.53345e-07
1.077e-05
-8.33939e-07
9.92619e-06
-7.37472e-07
9.20776e-06
-6.59276e-07
8.5996e-06
-5.95612e-07
8.08654e-06
-5.42404e-07
7.65277e-06
-4.9771e-07
7.28506e-06
-4.58782e-07
6.97039e-06
-4.25502e-07
6.69936e-06
-3.95521e-07
6.46218e-06
-3.70333e-07
6.25284e-06
-3.46915e-07
6.06387e-06
-3.28654e-07
5.89127e-06
-3.10528e-07
5.72952e-06
-2.99161e-07
5.57357e-06
-2.84778e-07
-2.79858e-07
5.34359e-05
-1.17704e-06
5.37047e-05
-1.32138e-06
5.3934e-05
-1.46865e-06
5.41251e-05
-1.61451e-06
5.42847e-05
-1.75311e-06
5.4422e-05
-1.87809e-06
5.45438e-05
-1.98502e-06
5.46526e-05
-2.0734e-06
5.47488e-05
-2.14555e-06
5.4832e-05
-2.20396e-06
5.49023e-05
-2.25027e-06
5.49598e-05
-2.28534e-06
5.5005e-05
-2.30963e-06
5.5038e-05
-2.3238e-06
5.50585e-05
-2.32894e-06
5.50661e-05
-2.3266e-06
5.50601e-05
-2.31861e-06
5.50401e-05
-2.30699e-06
5.50058e-05
-2.2938e-06
5.49571e-05
-2.28112e-06
5.48941e-05
-2.27083e-06
5.48169e-05
-2.26451e-06
5.47254e-05
-2.26348e-06
5.46196e-05
-2.26901e-06
5.44994e-05
-2.28232e-06
5.43646e-05
-2.30446e-06
5.4215e-05
-2.33626e-06
5.40503e-05
-2.37829e-06
5.387e-05
-2.43083e-06
5.36732e-05
-2.49398e-06
5.34589e-05
-2.56769e-06
5.32259e-05
-2.65178e-06
5.29724e-05
-2.74596e-06
5.26967e-05
-2.84981e-06
5.23965e-05
-2.96281e-06
5.20693e-05
-3.08432e-06
5.17122e-05
-3.21358e-06
5.13221e-05
-3.34964e-06
5.08955e-05
-3.49143e-06
5.04285e-05
-3.63755e-06
4.99167e-05
-3.78641e-06
4.93554e-05
-3.93593e-06
4.87394e-05
-4.08379e-06
4.80627e-05
-4.22715e-06
4.73196e-05
-4.36321e-06
4.65043e-05
-4.48905e-06
4.56108e-05
-4.60069e-06
4.46324e-05
-4.69316e-06
4.3562e-05
-4.76161e-06
4.23931e-05
-4.80131e-06
4.11203e-05
-4.8085e-06
3.97389e-05
-4.77901e-06
3.82452e-05
-4.70976e-06
3.6635e-05
-4.59678e-06
3.49108e-05
-4.44667e-06
3.30799e-05
-4.26281e-06
3.11521e-05
-4.04597e-06
2.91441e-05
-3.79937e-06
2.70632e-05
-3.50705e-06
2.4925e-05
-3.17918e-06
2.27537e-05
-2.83201e-06
2.05767e-05
-2.4853e-06
1.84245e-05
-2.14981e-06
1.63262e-05
-1.8271e-06
1.43322e-05
-1.54296e-06
1.2481e-05
-1.29126e-06
1.07996e-05
-1.07319e-06
9.306e-06
-8.96e-07
8.01767e-06
-7.68755e-07
6.92823e-06
-6.71181e-07
6.02566e-06
-5.99515e-07
5.287e-06
-5.43401e-07
4.67988e-06
-4.93281e-07
4.17229e-06
-4.45754e-07
3.74037e-06
-4.02015e-07
3.3674e-06
-3.64503e-07
3.04232e-06
-3.34197e-07
2.75664e-06
-3.09934e-07
2.50636e-06
-2.92124e-07
2.2872e-06
-2.78544e-07
2.09539e-06
-2.66973e-07
1.9266e-06
-2.5671e-07
1.77786e-06
-2.4678e-07
1.64491e-06
-2.37389e-07
1.52535e-06
-2.27349e-07
1.41483e-06
-2.18139e-07
1.31252e-06
-2.08222e-07
1.21339e-06
-2.00029e-07
1.11879e-06
-1.90173e-07
-1.93093e-07
5.34648e-05
-1.46981e-06
5.37244e-05
-1.58096e-06
5.39489e-05
-1.6931e-06
5.41391e-05
-1.80479e-06
5.42982e-05
-1.91213e-06
5.44299e-05
-2.00981e-06
5.45385e-05
-2.09368e-06
5.46271e-05
-2.16196e-06
5.46964e-05
-2.21489e-06
5.47462e-05
-2.25376e-06
5.47758e-05
-2.27985e-06
5.47846e-05
-2.29407e-06
5.47721e-05
-2.29718e-06
5.47383e-05
-2.28995e-06
5.46827e-05
-2.27343e-06
5.46052e-05
-2.24904e-06
5.45052e-05
-2.21862e-06
5.43824e-05
-2.18421e-06
5.42366e-05
-2.14802e-06
5.40679e-05
-2.11237e-06
5.38766e-05
-2.0796e-06
5.36637e-05
-2.05156e-06
5.34289e-05
-2.02866e-06
5.3172e-05
-2.01211e-06
5.28928e-05
-2.00313e-06
5.2591e-05
-2.0027e-06
5.22662e-05
-2.01138e-06
5.19174e-05
-2.02949e-06
5.15435e-05
-2.057e-06
5.11433e-05
-2.09369e-06
5.07147e-05
-2.13914e-06
5.02557e-05
-2.19282e-06
4.97638e-05
-2.25403e-06
4.9236e-05
-2.32203e-06
4.86691e-05
-2.39591e-06
4.80595e-05
-2.47472e-06
4.74033e-05
-2.55732e-06
4.66962e-05
-2.64251e-06
4.59336e-05
-2.72889e-06
4.5111e-05
-2.81494e-06
4.42235e-05
-2.89887e-06
4.32661e-05
-2.97856e-06
4.22336e-05
-3.05126e-06
4.11194e-05
-3.11301e-06
3.9918e-05
-3.1618e-06
3.86266e-05
-3.19768e-06
3.72411e-05
-3.2151e-06
3.57573e-05
-3.20943e-06
3.41723e-05
-3.17661e-06
3.24844e-05
-3.11341e-06
3.06952e-05
-3.01933e-06
2.88088e-05
-2.89259e-06
2.68311e-05
-2.73205e-06
2.47763e-05
-2.54196e-06
2.26524e-05
-2.32278e-06
2.04814e-05
-2.09179e-06
1.82916e-05
-1.85619e-06
1.6109e-05
-1.61674e-06
1.39796e-05
-1.3777e-06
1.19476e-05
-1.14716e-06
1.00529e-05
-9.37345e-07
8.33166e-06
-7.64006e-07
6.824e-06
-6.42148e-07
5.57123e-06
-5.74333e-07
4.55056e-06
-5.22289e-07
3.72808e-06
-4.68777e-07
3.05706e-06
-4.02165e-07
2.49287e-06
-3.31812e-07
1.99822e-06
-2.74105e-07
1.5624e-06
-2.35359e-07
1.18261e-06
-2.19726e-07
8.52521e-07
-2.13311e-07
5.65234e-07
-2.05994e-07
3.14145e-07
-1.94665e-07
9.31868e-08
-1.81057e-07
-1.02799e-07
-1.68517e-07
-2.77516e-07
-1.5948e-07
-4.33503e-07
-1.53947e-07
-5.74765e-07
-1.50862e-07
-7.03627e-07
-1.49682e-07
-8.21462e-07
-1.49137e-07
-9.29742e-07
-1.48431e-07
-1.02961e-06
-1.46913e-07
-1.12249e-06
-1.44512e-07
-1.20895e-06
-1.4089e-07
-1.29042e-06
-1.36668e-07
-1.36687e-06
-1.31769e-07
-1.43955e-06
-1.27351e-07
-1.5051e-06
-1.24617e-07
-1.30841e-07
5.34048e-05
-1.68398e-06
5.3575e-05
-1.75121e-06
5.3701e-05
-1.81908e-06
5.37825e-05
-1.8863e-06
5.38207e-05
-1.95029e-06
5.38165e-05
-2.00569e-06
5.37718e-05
-2.04895e-06
5.36889e-05
-2.07905e-06
5.35699e-05
-2.09589e-06
5.34157e-05
-2.09962e-06
5.32268e-05
-2.09087e-06
5.3003e-05
-2.07034e-06
5.27451e-05
-2.03923e-06
5.24538e-05
-1.99861e-06
5.213e-05
-1.94965e-06
5.17748e-05
-1.89385e-06
5.13893e-05
-1.83309e-06
5.09744e-05
-1.76938e-06
5.05313e-05
-1.70495e-06
5.00609e-05
-1.6419e-06
4.95638e-05
-1.58256e-06
4.90422e-05
-1.52995e-06
4.84961e-05
-1.4825e-06
4.79255e-05
-1.44151e-06
4.73303e-05
-1.40799e-06
4.67101e-05
-1.38248e-06
4.60639e-05
-1.36518e-06
4.53904e-05
-1.35598e-06
4.46879e-05
-1.35449e-06
4.39543e-05
-1.3601e-06
4.31872e-05
-1.37204e-06
4.23838e-05
-1.38944e-06
4.15411e-05
-1.41131e-06
4.06557e-05
-1.43666e-06
3.97241e-05
-1.46433e-06
3.87426e-05
-1.49323e-06
3.77074e-05
-1.52209e-06
3.66146e-05
-1.54971e-06
3.54604e-05
-1.57471e-06
3.42414e-05
-1.59589e-06
3.29543e-05
-1.61175e-06
3.15968e-05
-1.62108e-06
3.01674e-05
-1.62189e-06
2.86635e-05
-1.6091e-06
2.70867e-05
-1.58505e-06
2.5439e-05
-1.54992e-06
2.37235e-05
-1.49959e-06
2.19459e-05
-1.43182e-06
2.01155e-05
-1.34624e-06
1.8244e-05
-1.24194e-06
1.63446e-05
-1.11994e-06
1.44378e-05
-9.85771e-07
1.25513e-05
-8.45518e-07
1.07184e-05
-7.09109e-07
8.98573e-06
-5.90078e-07
7.39579e-06
-5.01855e-07
5.99538e-06
-4.55778e-07
4.80474e-06
-4.26101e-07
3.81484e-06
-3.87798e-07
2.99584e-06
-3.28159e-07
2.31025e-06
-2.51755e-07
1.72542e-06
-1.79178e-07
1.21739e-06
-1.34112e-07
7.65362e-07
-1.2231e-07
3.76869e-07
-1.33796e-07
4.50027e-08
-1.3691e-07
-2.37451e-07
-1.19711e-07
-4.79632e-07
-8.96313e-08
-6.89479e-07
-6.42586e-08
-8.72643e-07
-5.21946e-08
-1.03898e-06
-5.33923e-08
-1.1926e-06
-5.96867e-08
-1.33317e-06
-6.54241e-08
-1.46032e-06
-6.75198e-08
-1.57486e-06
-6.65153e-08
-1.67896e-06
-6.44113e-08
-1.77553e-06
-6.29114e-08
-1.86664e-06
-6.2843e-08
-1.95341e-06
-6.40853e-08
-2.03694e-06
-6.61499e-08
-2.1177e-06
-6.83776e-08
-2.19586e-06
-7.02736e-08
-2.27132e-06
-7.14582e-08
-2.34402e-06
-7.1804e-08
-2.41367e-06
-7.12491e-08
-2.48013e-06
-7.02077e-08
-2.54265e-06
-6.9245e-08
-2.60021e-06
-6.97953e-08
-2.65179e-06
-7.30346e-08
-7.85235e-08
5.10718e-05
-1.45828e-06
5.07806e-05
-1.46002e-06
5.04248e-05
-1.46327e-06
5.00047e-05
-1.46621e-06
4.95211e-05
-1.46671e-06
4.89778e-05
-1.46235e-06
4.8379e-05
-1.45013e-06
4.77292e-05
-1.42927e-06
4.70345e-05
-1.40119e-06
4.62997e-05
-1.36484e-06
4.55293e-05
-1.3205e-06
4.47278e-05
-1.26885e-06
4.38994e-05
-1.21083e-06
4.30483e-05
-1.14744e-06
4.21784e-05
-1.07978e-06
4.12937e-05
-1.00915e-06
4.03976e-05
-9.37037e-07
3.94933e-05
-8.6509e-07
3.85834e-05
-7.95044e-07
3.76701e-05
-7.28534e-07
3.67545e-05
-6.66998e-07
3.5836e-05
-6.11445e-07
3.49158e-05
-5.62258e-07
3.39939e-05
-5.19643e-07
3.30696e-05
-4.83738e-07
3.21417e-05
-4.54514e-07
3.12082e-05
-4.31702e-07
3.0267e-05
-4.14784e-07
2.93156e-05
-4.03045e-07
2.83511e-05
-3.95647e-07
2.73708e-05
-3.91687e-07
2.63716e-05
-3.90246e-07
2.53507e-05
-3.90404e-07
2.43053e-05
-3.91269e-07
2.32329e-05
-3.91971e-07
2.21314e-05
-3.91706e-07
2.0999e-05
-3.89723e-07
1.98347e-05
-3.85412e-07
1.86383e-05
-3.78255e-07
1.74104e-05
-3.6801e-07
1.61532e-05
-3.54591e-07
1.48706e-05
-3.38416e-07
1.35688e-05
-3.20121e-07
1.22609e-05
-3.01251e-07
1.09596e-05
-2.83733e-07
9.67857e-06
-2.68868e-07
8.43617e-06
-2.57186e-07
7.25229e-06
-2.47932e-07
6.14571e-06
-2.39656e-07
5.1367e-06
-2.32927e-07
4.22966e-06
-2.12896e-07
3.42448e-06
-1.80595e-07
2.71599e-06
-1.37024e-07
2.09565e-06
-8.8768e-08
1.5531e-06
-4.75283e-08
1.07708e-06
-2.5839e-08
6.48797e-07
-2.74953e-08
2.69489e-07
-4.67936e-08
-5.69685e-08
-6.13398e-08
-3.29141e-07
-5.59869e-08
-5.49325e-07
-3.15716e-08
-7.24604e-07
-3.89862e-09
-8.71772e-07
1.30556e-08
-1.00332e-06
9.23662e-09
-1.13393e-06
-3.17977e-09
-1.25701e-06
-1.38385e-08
-1.36186e-06
-1.4853e-08
-1.44329e-06
-8.20057e-09
-1.50626e-06
-1.29364e-09
-1.55972e-06
1.26674e-09
-1.61223e-06
-8.87387e-10
-1.66659e-06
-5.31875e-09
-1.72267e-06
-9.35114e-09
-1.77844e-06
-1.17458e-08
-1.83228e-06
-1.26735e-08
-1.88377e-06
-1.29268e-08
-1.93346e-06
-1.32151e-08
-1.98245e-06
-1.3857e-08
-2.03165e-06
-1.48852e-08
-2.08161e-06
-1.61882e-08
-2.13244e-06
-1.75507e-08
-2.18392e-06
-1.8789e-08
-2.23562e-06
-1.97601e-08
-2.28701e-06
-2.04094e-08
-2.33753e-06
-2.07338e-08
-2.38678e-06
-2.09541e-08
-2.43438e-06
-2.16531e-08
-2.48009e-06
-2.40835e-08
-2.52436e-06
-2.87641e-08
-3.30588e-08
3.50041e-05
3.3544e-05
3.20808e-05
3.06146e-05
2.91479e-05
2.76855e-05
2.62354e-05
2.48061e-05
2.34049e-05
2.20401e-05
2.07196e-05
1.94507e-05
1.82399e-05
1.70925e-05
1.60127e-05
1.50035e-05
1.40665e-05
1.32014e-05
1.24064e-05
1.16778e-05
1.10108e-05
1.03994e-05
9.83713e-06
9.31749e-06
8.83375e-06
8.37923e-06
7.94753e-06
7.53275e-06
7.1297e-06
6.73406e-06
6.34237e-06
5.95212e-06
5.56172e-06
5.17045e-06
4.77848e-06
4.38677e-06
3.99705e-06
3.61164e-06
3.23338e-06
2.86537e-06
2.51078e-06
2.17236e-06
1.85224e-06
1.55099e-06
1.26726e-06
9.98392e-07
7.41206e-07
4.93275e-07
2.53619e-07
2.06923e-08
-1.92203e-07
-3.72799e-07
-5.09822e-07
-5.9859e-07
-6.46119e-07
-6.71958e-07
-6.99453e-07
-7.46247e-07
-8.07586e-07
-8.63573e-07
-8.95145e-07
-8.99043e-07
-8.85988e-07
-8.76751e-07
-8.79931e-07
-8.93769e-07
-9.08622e-07
-9.16823e-07
-9.18117e-07
-9.1685e-07
-9.17737e-07
-9.23056e-07
-9.32407e-07
-9.44153e-07
-9.56827e-07
-9.69753e-07
-9.82969e-07
-9.96826e-07
-1.01171e-06
-1.0279e-06
-1.04545e-06
-1.06424e-06
-1.084e-06
-1.10441e-06
-1.12514e-06
-1.1461e-06
-1.16775e-06
-1.19183e-06
-1.2206e-06
)
;

boundaryField
{
    fixedWalls
    {
        type            calculated;
        value           uniform 0;
    }
    inflowWall
    {
        type            calculated;
        value           nonuniform List<scalar> 10(-5e-05 -5e-05 -5e-05 -5e-05 -5e-05 -5e-05 -5e-05 -5e-05 -5e-05 -5e-05);
    }
    outflowWall
    {
        type            calculated;
        value           nonuniform List<scalar> 
20
(
1.22105e-05
2.56548e-05
3.44908e-05
4.15601e-05
4.68585e-05
4.991e-05
5.05674e-05
4.9254e-05
4.66836e-05
4.30972e-05
3.78913e-05
3.03641e-05
2.10259e-05
1.20719e-05
5.42282e-06
1.03202e-06
-1.56735e-06
-2.70411e-06
-2.56982e-06
-1.25366e-06
)
;
    }
    frontAndBack
    {
        type            empty;
        value           nonuniform List<scalar> 0();
    }
}


// ************************************************************************* //
