/*--------------------------------*- C++ -*----------------------------------*\
| =========                 |                                                 |
| \\      /  F ield         | OpenFOAM: The Open Source CFD Toolbox           |
|  \\    /   O peration     | Version:  2306                                  |
|   \\  /    A nd           | Website:  www.openfoam.com                      |
|    \\/     M anipulation  |                                                 |
\*---------------------------------------------------------------------------*/
FoamFile
{
    version     2.0;
    format      ascii;
    arch        "LSB;label=32;scalar=64";
    class       surfaceScalarField;
    location    "3.8";
    object      phi;
}
// * * * * * * * * * * * * * * * * * * * * * * * * * * * * * * * * * * * * * //

dimensions      [0 3 -1 0 0 0 0];

oriented        oriented;

internalField   nonuniform List<scalar> 
3680
(
4.9347e-05
6.52964e-07
4.79742e-05
1.37284e-06
4.66981e-05
1.27607e-06
4.52612e-05
1.4369e-06
4.41238e-05
1.13745e-06
4.27204e-05
1.40334e-06
4.17375e-05
9.82935e-07
4.04372e-05
1.3003e-06
3.98079e-05
6.29323e-07
9.83722e-07
3.88242e-05
5.03392e-05
3.1377e-07
5.08679e-05
8.44082e-07
5.11323e-05
1.01175e-06
5.14656e-05
1.10353e-06
5.15933e-05
1.00975e-06
5.1977e-05
1.01966e-06
5.20627e-05
8.97239e-07
5.25153e-05
8.47678e-07
5.25101e-05
6.34524e-07
4.27218e-07
5.30666e-05
5.01633e-05
1.50472e-07
5.05554e-05
4.51932e-07
5.09761e-05
5.91124e-07
5.14198e-05
6.5979e-07
5.18171e-05
6.12475e-07
5.22683e-05
5.6848e-07
5.26955e-05
4.7002e-07
5.31645e-05
3.78695e-07
5.35815e-05
2.17497e-07
4.84026e-09
5.40039e-05
5.00932e-05
5.72501e-08
5.03764e-05
1.68746e-07
5.07341e-05
2.33437e-07
5.11462e-05
2.47669e-07
5.15498e-05
2.08858e-07
5.19724e-05
1.45874e-07
5.23836e-05
5.8882e-08
5.28128e-05
-5.04863e-08
5.32234e-05
-1.93162e-07
-3.64234e-07
5.35925e-05
5.00738e-05
-1.65413e-08
5.02913e-05
-4.87198e-08
5.0611e-05
-8.63537e-08
5.09886e-05
-1.29934e-07
5.13802e-05
-1.82643e-07
5.17742e-05
-2.48145e-07
5.21651e-05
-3.32011e-07
5.25511e-05
-4.36535e-07
5.29204e-05
-5.62462e-07
-7.09545e-07
5.32657e-05
5.00732e-05
-8.96982e-08
5.02829e-05
-2.58435e-07
5.05976e-05
-4.01131e-07
5.0965e-05
-4.97328e-07
5.1344e-05
-5.61635e-07
5.1721e-05
-6.25159e-07
5.20906e-05
-7.0157e-07
5.24512e-05
-7.97152e-07
5.28003e-05
-9.11543e-07
-1.0405e-06
5.31313e-05
5.00942e-05
-1.83878e-07
5.03555e-05
-5.19743e-07
5.0698e-05
-7.43682e-07
5.10678e-05
-8.67111e-07
5.144e-05
-9.33787e-07
5.18035e-05
-9.88644e-07
5.21598e-05
-1.05788e-06
5.25105e-05
-1.14793e-06
5.28507e-05
-1.25167e-06
-1.36096e-06
5.31711e-05
5.01664e-05
-3.50328e-07
5.05179e-05
-8.71204e-07
5.09205e-05
-1.1463e-06
5.12991e-05
-1.24567e-06
5.16476e-05
-1.2823e-06
5.19846e-05
-1.32561e-06
5.23179e-05
-1.39118e-06
5.26385e-05
-1.4686e-06
5.29327e-05
-1.54586e-06
-1.61751e-06
5.31893e-05
5.03676e-05
-7.17911e-07
5.08003e-05
-1.3039e-06
5.10988e-05
-1.44482e-06
5.1276e-05
-1.42289e-06
5.14042e-05
-1.41047e-06
5.15024e-05
-1.42378e-06
5.15531e-05
-1.44188e-06
5.15396e-05
-1.45513e-06
5.14536e-05
-1.45987e-06
-1.45947e-06
5.12956e-05
4.92821e-05
4.79782e-05
4.65334e-05
4.51105e-05
4.37e-05
4.22762e-05
4.08343e-05
3.93792e-05
3.79193e-05
3.64599e-05
1.42437e-08
-1.42437e-08
1.05876e-08
3.65589e-09
-8.00005e-09
1.85876e-08
-3.60889e-08
2.80889e-08
-7.09452e-08
3.48563e-08
-1.11322e-07
4.03772e-08
-1.56855e-07
4.55327e-08
-2.07296e-07
5.04405e-08
-2.62348e-07
5.50523e-08
-3.21678e-07
5.93298e-08
-3.84929e-07
6.32513e-08
-4.51739e-07
6.68096e-08
-5.21748e-07
7.00097e-08
-5.94613e-07
7.28642e-08
-6.70004e-07
7.53917e-08
-7.47621e-07
7.76166e-08
-8.27189e-07
7.95683e-08
-9.08471e-07
8.12823e-08
-9.91271e-07
8.27998e-08
-1.07544e-06
8.41737e-08
-1.16091e-06
8.54685e-08
-1.24767e-06
8.67537e-08
-1.33577e-06
8.8099e-08
-1.42534e-06
8.95733e-08
-1.51658e-06
9.12444e-08
-1.60976e-06
9.31763e-08
-1.70518e-06
9.54209e-08
-1.80319e-06
9.80138e-08
-1.90417e-06
1.00979e-07
-2.00852e-06
1.04342e-07
-2.11667e-06
1.08156e-07
-2.22925e-06
1.1258e-07
-2.34721e-06
1.1796e-07
-2.47211e-06
1.24901e-07
-2.60642e-06
1.34309e-07
-2.75385e-06
1.47428e-07
-2.91966e-06
1.65814e-07
-3.11086e-06
1.912e-07
-3.3361e-06
2.25232e-07
-3.60511e-06
2.69018e-07
-3.92766e-06
3.22544e-07
-4.31172e-06
3.8406e-07
-4.76142e-06
4.49703e-07
-5.27491e-06
5.13491e-07
-5.84331e-06
5.68396e-07
-6.45079e-06
6.07484e-07
-7.07557e-06
6.2478e-07
-7.69194e-06
6.16369e-07
-8.27275e-06
5.80806e-07
-8.79282e-06
5.20079e-07
-9.22832e-06
4.35498e-07
-9.55751e-06
3.29188e-07
-9.76741e-06
2.09902e-07
-9.84546e-06
7.80464e-08
-9.78606e-06
-5.93957e-08
-9.59234e-06
-1.93724e-07
-9.26422e-06
-3.28114e-07
-8.80607e-06
-4.58158e-07
-8.22504e-06
-5.81025e-07
-7.53618e-06
-6.88865e-07
-6.74879e-06
-7.87381e-07
-5.87781e-06
-8.70987e-07
-4.9376e-06
-9.40212e-07
-3.94398e-06
-9.93619e-07
-2.91188e-06
-1.0321e-06
-1.85869e-06
-1.05319e-06
-7.98347e-07
-1.06034e-06
2.56184e-07
-1.05453e-06
1.29264e-06
-1.03646e-06
2.30045e-06
-1.00781e-06
3.26928e-06
-9.68838e-07
4.19249e-06
-9.23206e-07
5.06293e-06
-8.70435e-07
5.87709e-06
-8.14164e-07
6.63004e-06
-7.52955e-07
7.32242e-06
-6.92379e-07
7.95164e-06
-6.29215e-07
8.52157e-06
-5.69934e-07
9.03121e-06
-5.09636e-07
9.48729e-06
-4.5608e-07
9.8896e-06
-4.02308e-07
1.02474e-05
-3.57826e-07
1.05606e-05
-3.13131e-07
1.08407e-05
-2.80185e-07
1.10869e-05
-2.46162e-07
1.13135e-05
-2.26628e-07
1.15168e-05
-2.03321e-07
1.17148e-05
-1.97973e-07
1.19017e-05
-1.86917e-07
-2.04623e-07
-1.10591e-08
-3.18437e-09
-6.47532e-08
5.73499e-08
-1.48035e-07
1.01869e-07
-2.52788e-07
1.32842e-07
-3.74192e-07
1.56261e-07
-5.10002e-07
1.76187e-07
-6.58666e-07
1.94197e-07
-8.18784e-07
2.10558e-07
-9.89013e-07
2.25281e-07
-1.16807e-06
2.38387e-07
-1.35474e-06
2.49918e-07
-1.54788e-06
2.59952e-07
-1.74645e-06
2.68583e-07
-1.94952e-06
2.75933e-07
-2.15628e-06
2.82146e-07
-2.36604e-06
2.87379e-07
-2.57827e-06
2.918e-07
-2.79259e-06
2.95599e-07
-3.00876e-06
2.98975e-07
-3.22674e-06
3.02153e-07
-3.44665e-06
3.0538e-07
-3.66881e-06
3.08911e-07
-3.89371e-06
3.12998e-07
-4.12202e-06
3.17889e-07
-4.35461e-06
3.23833e-07
-4.59251e-06
3.31077e-07
-4.83694e-06
3.39851e-07
-5.08929e-06
3.50358e-07
-5.3511e-06
3.62788e-07
-5.62409e-06
3.77331e-07
-5.91014e-06
3.94213e-07
-6.21133e-06
4.13763e-07
-6.5299e-06
4.36533e-07
-6.86832e-06
4.63318e-07
-7.22909e-06
4.95078e-07
-7.61451e-06
5.32854e-07
-8.02633e-06
5.7763e-07
-8.46518e-06
6.30048e-07
-8.92999e-06
6.90048e-07
-9.41739e-06
7.56414e-07
-9.92116e-06
8.26314e-07
-1.04319e-05
8.94799e-07
-1.0937e-05
9.54811e-07
-1.14209e-05
9.9743e-07
-1.18662e-05
1.01361e-06
-1.22546e-05
9.95944e-07
-1.25684e-05
9.38554e-07
-1.27906e-05
8.38617e-07
-1.2906e-05
6.96152e-07
-1.29012e-05
5.15333e-07
-1.2766e-05
3.00241e-07
-1.24871e-05
5.03122e-08
-1.20744e-05
-2.02823e-07
-1.15273e-05
-4.68996e-07
-1.08437e-05
-7.43081e-07
-1.00232e-05
-1.01416e-06
-9.07415e-06
-1.27719e-06
-8.00599e-06
-1.52632e-06
-6.82734e-06
-1.75968e-06
-5.55516e-06
-1.96104e-06
-4.20053e-06
-2.14202e-06
-2.77853e-06
-2.29298e-06
-1.30403e-06
-2.41471e-06
2.06425e-07
-2.50408e-06
1.73643e-06
-2.56211e-06
3.27439e-06
-2.59115e-06
4.80728e-06
-2.59322e-06
6.32097e-06
-2.56822e-06
7.80455e-06
-2.52004e-06
9.24727e-06
-2.45053e-06
1.06412e-05
-2.36281e-06
1.19786e-05
-2.26057e-06
1.32541e-05
-2.14587e-06
1.44633e-05
-2.02345e-06
1.56044e-05
-1.894e-06
1.66754e-05
-1.76339e-06
1.76767e-05
-1.63052e-06
1.86088e-05
-1.50206e-06
1.94741e-05
-1.37491e-06
2.02748e-05
-1.25678e-06
2.10149e-05
-1.14238e-06
2.16979e-05
-1.04085e-06
2.23291e-05
-9.44346e-07
2.2913e-05
-8.64036e-07
2.34558e-05
-7.88951e-07
2.39624e-05
-7.33256e-07
2.44409e-05
-6.81858e-07
2.48967e-05
-6.5379e-07
2.53375e-05
-6.27698e-07
-6.25106e-07
-4.99684e-08
4.6784e-08
-1.86229e-07
1.9361e-07
-3.6809e-07
2.83731e-07
-5.76687e-07
3.41439e-07
-8.03282e-07
3.82856e-07
-1.04552e-06
4.18421e-07
-1.30196e-06
4.50641e-07
-1.57019e-06
4.78786e-07
-1.8477e-06
5.02792e-07
-2.13217e-06
5.22862e-07
-2.42153e-06
5.39278e-07
-2.71395e-06
5.52371e-07
-3.00789e-06
5.62525e-07
-3.3021e-06
5.70144e-07
-3.59559e-06
5.75635e-07
-3.88762e-06
5.79404e-07
-4.17766e-06
5.81844e-07
-4.46543e-06
5.83363e-07
-4.75077e-06
5.84318e-07
-5.03372e-06
5.85108e-07
-5.3145e-06
5.86158e-07
-5.59345e-06
5.87857e-07
-5.871e-06
5.90549e-07
-6.14765e-06
5.94537e-07
-6.42391e-06
6.00091e-07
-6.70028e-06
6.07453e-07
-6.97724e-06
6.1681e-07
-7.25513e-06
6.28249e-07
-7.53414e-06
6.41795e-07
-7.81424e-06
6.5743e-07
-8.09513e-06
6.75106e-07
-8.3761e-06
6.94735e-07
-8.65611e-06
7.16541e-07
-8.93372e-06
7.40923e-07
-9.20687e-06
7.68237e-07
-9.47274e-06
7.98722e-07
-9.72751e-06
8.32401e-07
-9.96621e-06
8.68745e-07
-1.01825e-05
9.06345e-07
-1.03688e-05
9.42681e-07
-1.05165e-05
9.74041e-07
-1.06152e-05
9.93529e-07
-1.06547e-05
9.94315e-07
-1.06248e-05
9.67488e-07
-1.05151e-05
9.03925e-07
-1.03176e-05
7.98398e-07
-1.00254e-05
6.46411e-07
-9.63446e-06
4.47659e-07
-9.1396e-06
2.01288e-07
-8.53821e-06
-8.60562e-08
-7.83563e-06
-4.02338e-07
-7.03672e-06
-7.48597e-07
-6.12577e-06
-1.11377e-06
-5.11057e-06
-1.4842e-06
-3.99852e-06
-1.85513e-06
-2.79572e-06
-2.21697e-06
-1.50833e-06
-2.56458e-06
-1.42313e-07
-2.89233e-06
1.28328e-06
-3.18527e-06
2.76808e-06
-3.44584e-06
4.29841e-06
-3.67234e-06
5.86079e-06
-3.85536e-06
7.44569e-06
-3.99961e-06
9.03925e-06
-4.09763e-06
1.06329e-05
-4.15579e-06
1.22116e-05
-4.16978e-06
1.37661e-05
-4.14777e-06
1.5285e-05
-4.08712e-06
1.67612e-05
-3.99626e-06
1.81856e-05
-3.87486e-06
1.95541e-05
-3.73133e-06
2.08601e-05
-3.56661e-06
2.21026e-05
-3.3884e-06
2.32776e-05
-3.1984e-06
2.43866e-05
-3.003e-06
2.54274e-05
-2.80423e-06
2.64039e-05
-2.60699e-06
2.73153e-05
-2.41342e-06
2.81671e-05
-2.22671e-06
2.89595e-05
-2.04921e-06
2.96995e-05
-1.88235e-06
3.03877e-05
-1.72908e-06
3.10321e-05
-1.58879e-06
3.16337e-05
-1.46563e-06
3.22013e-05
-1.35656e-06
3.27359e-05
-1.26786e-06
3.32474e-05
-1.19336e-06
3.3736e-05
-1.14239e-06
3.4212e-05
-1.10364e-06
-1.09489e-06
-1.37983e-07
1.84766e-07
-3.91513e-07
4.4714e-07
-6.84288e-07
5.76506e-07
-9.94305e-07
6.51456e-07
-1.31953e-06
7.08079e-07
-1.65738e-06
7.56274e-07
-2.00294e-06
7.96196e-07
-2.35156e-06
8.27412e-07
-2.69932e-06
8.50553e-07
-3.04324e-06
8.66784e-07
-3.38093e-06
8.76963e-07
-3.7105e-06
8.81938e-07
-4.0306e-06
8.82632e-07
-4.34031e-06
8.79853e-07
-4.639e-06
8.74324e-07
-4.9263e-06
8.66697e-07
-5.202e-06
8.57549e-07
-5.46602e-06
8.47386e-07
-5.7184e-06
8.36697e-07
-5.95924e-06
8.2595e-07
-6.18866e-06
8.15578e-07
-6.40675e-06
8.05948e-07
-6.61355e-06
7.97345e-07
-6.80897e-06
7.89962e-07
-6.9928e-06
7.83918e-07
-7.16464e-06
7.7929e-07
-7.32394e-06
7.76116e-07
-7.46993e-06
7.74233e-07
-7.60152e-06
7.73385e-07
-7.71733e-06
7.7324e-07
-7.81564e-06
7.73417e-07
-7.89442e-06
7.73512e-07
-7.95106e-06
7.73186e-07
-7.98243e-06
7.72296e-07
-7.98506e-06
7.70866e-07
-7.95486e-06
7.68514e-07
-7.88702e-06
7.64568e-07
-7.77607e-06
7.57798e-07
-7.61589e-06
7.46157e-07
-7.3997e-06
7.26496e-07
-7.12001e-06
6.94352e-07
-6.77069e-06
6.44203e-07
-6.3468e-06
5.70427e-07
-5.84488e-06
4.65569e-07
-5.261e-06
3.20044e-07
-4.59319e-06
1.30589e-07
-3.84247e-06
-1.0431e-07
-3.01236e-06
-3.82449e-07
-2.10388e-06
-7.07187e-07
-1.11896e-06
-1.07098e-06
-5.54634e-08
-1.46583e-06
1.08248e-06
-1.88654e-06
2.28872e-06
-2.32001e-06
3.56165e-06
-2.75712e-06
4.89858e-06
-3.19206e-06
6.29402e-06
-3.6124e-06
7.74319e-06
-4.01375e-06
9.23531e-06
-4.38444e-06
1.07693e-05
-4.7193e-06
1.23314e-05
-5.00788e-06
1.39132e-05
-5.25419e-06
1.55036e-05
-5.44571e-06
1.70922e-05
-5.58826e-06
1.86676e-05
-5.67307e-06
2.02207e-05
-5.70889e-06
2.17404e-05
-5.68946e-06
2.3219e-05
-5.62638e-06
2.46476e-05
-5.51564e-06
2.60212e-05
-5.36995e-06
2.73333e-05
-5.18694e-06
2.8582e-05
-4.98004e-06
2.9763e-05
-4.74761e-06
3.08773e-05
-4.50267e-06
3.19226e-05
-4.24366e-06
3.2902e-05
-3.98245e-06
3.3815e-05
-3.71717e-06
3.46662e-05
-3.45824e-06
3.54562e-05
-3.20341e-06
3.61909e-05
-2.9614e-06
3.68714e-05
-2.72976e-06
3.75045e-05
-2.51545e-06
3.80917e-05
-2.31624e-06
3.86401e-05
-2.13719e-06
3.91513e-05
-1.97686e-06
3.9633e-05
-1.83819e-06
4.00864e-05
-1.72133e-06
4.05197e-05
-1.62661e-06
4.09341e-05
-1.55678e-06
4.13398e-05
-1.50938e-06
-1.49303e-06
-1.94897e-07
3.79664e-07
-5.65035e-07
8.17278e-07
-9.82731e-07
9.94202e-07
-1.41011e-06
1.07883e-06
-1.83113e-06
1.1291e-06
-2.23714e-06
1.16228e-06
-2.62434e-06
1.1834e-06
-2.99159e-06
1.19466e-06
-3.33707e-06
1.19604e-06
-3.65925e-06
1.18896e-06
-3.95737e-06
1.17508e-06
-4.23125e-06
1.15582e-06
-4.48108e-06
1.13246e-06
-4.7073e-06
1.10607e-06
-4.9105e-06
1.07753e-06
-5.09139e-06
1.04758e-06
-5.25064e-06
1.0168e-06
-5.38887e-06
9.8561e-07
-5.50659e-06
9.54416e-07
-5.60425e-06
9.23611e-07
-5.68218e-06
8.9351e-07
-5.74057e-06
8.64334e-07
-5.7794e-06
8.36179e-07
-5.79847e-06
8.0903e-07
-5.79732e-06
7.82773e-07
-5.77525e-06
7.57213e-07
-5.7314e-06
7.3227e-07
-5.6647e-06
7.0753e-07
-5.57375e-06
6.82435e-07
-5.45687e-06
6.56365e-07
-5.31209e-06
6.28638e-07
-5.1371e-06
5.98519e-07
-4.92916e-06
5.65249e-07
-4.68486e-06
5.27991e-07
-4.40071e-06
4.86713e-07
-4.07279e-06
4.40601e-07
-3.69662e-06
3.88398e-07
-3.26731e-06
3.28481e-07
-2.77968e-06
2.58535e-07
-2.22847e-06
1.75279e-07
-1.60816e-06
7.40477e-08
-9.15447e-07
-4.85136e-08
-1.51118e-07
-1.93902e-07
6.89256e-07
-3.74805e-07
1.60342e-06
-5.94125e-07
2.58857e-06
-8.54556e-07
3.64238e-06
-1.15812e-06
4.76363e-06
-1.5037e-06
5.94704e-06
-1.89059e-06
7.18835e-06
-2.31229e-06
8.48519e-06
-2.76267e-06
9.83154e-06
-3.2329e-06
1.12267e-05
-3.71515e-06
1.26662e-05
-4.19665e-06
1.41459e-05
-4.67175e-06
1.56597e-05
-5.12619e-06
1.72011e-05
-5.55513e-06
1.87607e-05
-5.94413e-06
2.03319e-05
-6.2905e-06
2.19045e-05
-6.58042e-06
2.34673e-05
-6.81702e-06
2.50107e-05
-6.98912e-06
2.65249e-05
-7.10249e-06
2.80008e-05
-7.14888e-06
2.94302e-05
-7.13837e-06
3.08061e-05
-7.06533e-06
3.21229e-05
-6.94319e-06
3.33756e-05
-6.7683e-06
3.45618e-05
-6.55619e-06
3.5679e-05
-6.30408e-06
3.67275e-05
-6.02857e-06
3.77067e-05
-5.72679e-06
3.86192e-05
-5.41523e-06
3.94657e-05
-5.09015e-06
4.02505e-05
-4.76723e-06
4.09749e-05
-4.44152e-06
4.16442e-05
-4.1276e-06
4.22601e-05
-3.81927e-06
4.28287e-05
-3.52997e-06
4.33513e-05
-3.25241e-06
4.38348e-05
-2.99891e-06
4.428e-05
-2.76145e-06
4.46941e-05
-2.55134e-06
4.50775e-05
-2.36027e-06
4.54379e-05
-2.19856e-06
4.57747e-05
-2.05816e-06
4.60965e-05
-1.94837e-06
4.64019e-05
-1.86215e-06
4.67002e-05
-1.80773e-06
-1.78465e-06
-4.22051e-07
8.01715e-07
-9.62485e-07
1.35771e-06
-1.45617e-06
1.48789e-06
-1.89149e-06
1.51416e-06
-2.28994e-06
1.52755e-06
-2.65644e-06
1.52878e-06
-2.98612e-06
1.51308e-06
-3.27277e-06
1.48131e-06
-3.51277e-06
1.43604e-06
-3.70813e-06
1.38432e-06
-3.86175e-06
1.3287e-06
-3.97651e-06
1.27059e-06
-4.05523e-06
1.21117e-06
-4.10053e-06
1.15137e-06
-4.11483e-06
1.09183e-06
-4.10025e-06
1.033e-06
-4.05868e-06
9.75234e-07
-3.99162e-06
9.18554e-07
-3.90028e-06
8.63079e-07
-3.78563e-06
8.08959e-07
-3.64836e-06
7.56237e-07
-3.48889e-06
7.04864e-07
-3.30733e-06
6.54624e-07
-3.10348e-06
6.0518e-07
-2.87687e-06
5.56154e-07
-2.62657e-06
5.06917e-07
-2.35177e-06
4.57472e-07
-2.05122e-06
4.06974e-07
-1.72337e-06
3.54585e-07
-1.36649e-06
2.99491e-07
-9.78612e-07
2.40758e-07
-5.57378e-07
1.77284e-07
-9.99195e-08
1.07791e-07
3.97723e-07
3.03486e-08
9.37421e-07
-5.29845e-08
1.52255e-06
-1.44529e-07
2.15775e-06
-2.46804e-07
2.84733e-06
-3.61098e-07
3.59544e-06
-4.89573e-07
4.40588e-06
-6.35162e-07
5.28087e-06
-8.00939e-07
6.2231e-06
-9.90745e-07
7.23659e-06
-1.2074e-06
8.31907e-06
-1.45728e-06
9.46845e-06
-1.7435e-06
1.06816e-05
-2.06775e-06
1.19547e-05
-2.43122e-06
1.32832e-05
-2.8321e-06
1.46611e-05
-3.26853e-06
1.60831e-05
-3.73427e-06
1.75439e-05
-4.2235e-06
1.90371e-05
-4.7261e-06
2.05568e-05
-5.23481e-06
2.20966e-05
-5.73644e-06
2.36483e-05
-6.22354e-06
2.52039e-05
-6.68178e-06
2.67535e-05
-7.10474e-06
2.82877e-05
-7.47826e-06
2.97961e-05
-7.7989e-06
3.12696e-05
-8.05391e-06
3.26977e-05
-8.24516e-06
3.40726e-05
-8.36404e-06
3.53871e-05
-8.41692e-06
3.66359e-05
-8.39771e-06
3.78148e-05
-8.3173e-06
3.89214e-05
-8.17194e-06
3.99545e-05
-7.97622e-06
4.09139e-05
-7.72779e-06
4.18014e-05
-7.44365e-06
4.26188e-05
-7.12151e-06
4.33697e-05
-6.77949e-06
4.40572e-05
-6.41421e-06
4.46858e-05
-6.04385e-06
4.52588e-05
-5.66321e-06
4.57816e-05
-5.29004e-06
4.62571e-05
-4.91698e-06
4.66908e-05
-4.56128e-06
4.70849e-05
-4.21342e-06
4.74452e-05
-3.89024e-06
4.7773e-05
-3.58022e-06
4.80741e-05
-3.30001e-06
4.8349e-05
-3.03632e-06
4.86036e-05
-2.80595e-06
4.88374e-05
-2.59408e-06
4.90568e-05
-2.41795e-06
4.92601e-05
-2.26152e-06
4.94545e-05
-2.14271e-06
4.96369e-05
-2.04457e-06
4.98153e-05
-1.98612e-06
-1.9546e-06
-2.66733e-07
1.06845e-06
-8.63659e-07
1.95464e-06
-1.48562e-06
2.10985e-06
-2.00682e-06
2.03535e-06
-2.39971e-06
1.92045e-06
-2.66684e-06
1.7959e-06
-2.8258e-06
1.67204e-06
-2.89666e-06
1.55217e-06
-2.89677e-06
1.43616e-06
-2.83709e-06
1.32463e-06
-2.72586e-06
1.21748e-06
-2.56965e-06
1.11438e-06
-2.37407e-06
1.01559e-06
-2.14392e-06
9.21216e-07
-1.88321e-06
8.31125e-07
-1.59526e-06
7.45044e-07
-1.28284e-06
6.62815e-07
-9.47961e-07
5.83679e-07
-5.92264e-07
5.07383e-07
-2.17011e-07
4.33705e-07
1.76973e-07
3.62253e-07
5.89271e-07
2.92566e-07
1.01997e-06
2.23929e-07
1.4695e-06
1.55647e-07
1.93876e-06
8.68975e-08
2.42963e-06
1.60402e-08
2.94187e-06
-5.47652e-08
3.47744e-06
-1.28595e-07
4.03848e-06
-2.06456e-07
4.62707e-06
-2.89103e-07
5.24546e-06
-3.77624e-07
5.89604e-06
-4.73301e-07
6.5812e-06
-5.77362e-07
7.30252e-06
-6.90973e-07
8.06446e-06
-8.1493e-07
8.87075e-06
-9.50814e-07
9.72425e-06
-1.10031e-06
1.06284e-05
-1.26528e-06
1.15864e-05
-1.44757e-06
1.2601e-05
-1.64974e-06
1.36743e-05
-1.87421e-06
1.48077e-05
-2.12414e-06
1.60021e-05
-2.40179e-06
1.72551e-05
-2.71032e-06
1.85636e-05
-3.05196e-06
1.99232e-05
-3.42744e-06
2.13284e-05
-3.83634e-06
2.27725e-05
-4.27626e-06
2.42478e-05
-4.74381e-06
2.57461e-05
-5.2326e-06
2.72581e-05
-5.73552e-06
2.87747e-05
-6.24266e-06
3.02854e-05
-6.74546e-06
3.17806e-05
-7.23166e-06
3.32492e-05
-7.69218e-06
3.46812e-05
-8.11381e-06
3.60655e-05
-8.489e-06
3.73932e-05
-8.80599e-06
3.86551e-05
-9.0608e-06
3.98445e-05
-9.24329e-06
4.09547e-05
-9.3553e-06
4.19823e-05
-9.39169e-06
4.29256e-05
-9.36019e-06
4.37854e-05
-9.25756e-06
4.45632e-05
-9.09511e-06
4.52626e-05
-8.87127e-06
4.58875e-05
-8.60112e-06
4.64433e-05
-8.28362e-06
4.69358e-05
-7.93611e-06
4.73708e-05
-7.55656e-06
4.77547e-05
-7.16334e-06
4.80928e-05
-6.75237e-06
4.83913e-05
-6.34227e-06
4.86544e-05
-5.92633e-06
4.88875e-05
-5.52315e-06
4.90938e-05
-5.12328e-06
4.92779e-05
-4.74539e-06
4.94417e-05
-4.37727e-06
4.95895e-05
-4.03795e-06
4.97218e-05
-3.71255e-06
4.98426e-05
-3.42082e-06
4.99516e-05
-3.14533e-06
5.00526e-05
-2.90697e-06
5.01445e-05
-2.6859e-06
5.02311e-05
-2.50456e-06
5.03103e-05
-2.34077e-06
5.03866e-05
-2.21898e-06
5.04567e-05
-2.11472e-06
5.05253e-05
-2.05463e-06
-2.01478e-06
-1.49737e-06
2.56582e-06
-1.94982e-06
2.40708e-06
-2.11654e-06
2.27657e-06
-2.13423e-06
2.05304e-06
-2.02227e-06
1.80849e-06
-1.80426e-06
1.57789e-06
-1.49932e-06
1.3671e-06
-1.12175e-06
1.1746e-06
-6.84258e-07
9.98665e-07
-1.99052e-07
8.39426e-07
3.24606e-07
6.93818e-07
8.79106e-07
5.59876e-07
1.45785e-06
4.3685e-07
2.05581e-06
3.2325e-07
2.66923e-06
2.17712e-07
3.29502e-06
1.19253e-07
3.93025e-06
2.75817e-08
4.57523e-06
-6.1305e-08
5.22855e-06
-1.45931e-07
5.88912e-06
-2.2687e-07
6.55683e-06
-3.05449e-07
7.23148e-06
-3.82089e-07
7.91429e-06
-4.58885e-07
8.60652e-06
-5.36579e-07
9.30937e-06
-6.15951e-07
1.00234e-05
-6.98027e-07
1.07522e-05
-7.83513e-07
1.14974e-05
-8.73848e-07
1.22613e-05
-9.70281e-07
1.30461e-05
-1.07397e-06
1.38545e-05
-1.18602e-06
1.46889e-05
-1.30771e-06
1.55517e-05
-1.44016e-06
1.64455e-05
-1.58478e-06
1.73732e-05
-1.74261e-06
1.83374e-05
-1.915e-06
1.93404e-05
-2.10328e-06
2.03843e-05
-2.30924e-06
2.14711e-05
-2.53432e-06
2.26019e-05
-2.78057e-06
2.37773e-05
-3.04959e-06
2.49967e-05
-3.34349e-06
2.62582e-05
-3.66338e-06
2.75586e-05
-4.01063e-06
2.88923e-05
-4.38566e-06
3.0253e-05
-4.78818e-06
3.16327e-05
-5.21602e-06
3.30224e-05
-5.66596e-06
3.44121e-05
-6.13349e-06
3.5791e-05
-6.61154e-06
3.71467e-05
-7.09127e-06
3.84681e-05
-7.56399e-06
3.97427e-05
-8.0201e-06
4.096e-05
-8.44898e-06
4.21088e-05
-8.84097e-06
4.31807e-05
-9.18569e-06
4.41674e-05
-9.47571e-06
4.50641e-05
-9.70265e-06
4.58663e-05
-9.86302e-06
4.65742e-05
-9.95119e-06
4.71874e-05
-9.96852e-06
4.77091e-05
-9.91338e-06
4.81447e-05
-9.7958e-06
4.85019e-05
-9.61478e-06
4.87878e-05
-9.38099e-06
4.90114e-05
-9.09485e-06
4.91808e-05
-8.77059e-06
4.93052e-05
-8.40793e-06
4.93922e-05
-8.02312e-06
4.94494e-05
-7.6138e-06
4.94835e-05
-7.1974e-06
4.94997e-05
-6.76861e-06
4.95032e-05
-6.34573e-06
4.9497e-05
-5.92019e-06
4.94851e-05
-5.51119e-06
4.94686e-05
-5.10683e-06
4.94506e-05
-4.7274e-06
4.94309e-05
-4.35759e-06
4.94121e-05
-4.01908e-06
4.93927e-05
-3.69322e-06
4.93753e-05
-3.40344e-06
4.93578e-05
-3.12776e-06
4.93426e-05
-2.89177e-06
4.93268e-05
-2.67015e-06
4.93133e-05
-2.49105e-06
4.92984e-05
-2.32584e-06
4.92851e-05
-2.20573e-06
4.92693e-05
-2.09886e-06
4.92547e-05
-2.0401e-06
-1.99117e-06
-8.97319e-07
3.46314e-06
-7.43531e-07
2.25329e-06
-2.5243e-07
1.78547e-06
4.61231e-07
1.33938e-06
1.33237e-06
9.37354e-07
2.2949e-06
6.15359e-07
3.30255e-06
3.59445e-07
4.3281e-06
1.4905e-07
5.3569e-06
-3.01294e-08
6.37503e-06
-1.78708e-07
7.38353e-06
-3.14681e-07
8.38079e-06
-4.37382e-07
9.36294e-06
-5.45306e-07
1.0329e-05
-6.42767e-07
1.12788e-05
-7.32122e-07
1.22128e-05
-8.14703e-07
1.31321e-05
-8.91736e-07
1.40359e-05
-9.65116e-07
1.49255e-05
-1.03552e-06
1.58022e-05
-1.10364e-06
1.66674e-05
-1.1706e-06
1.75234e-05
-1.2381e-06
1.8372e-05
-1.3075e-06
1.92153e-05
-1.37991e-06
2.00557e-05
-1.45631e-06
2.08956e-05
-1.53788e-06
2.17378e-05
-1.62573e-06
2.25849e-05
-1.72101e-06
2.34396e-05
-1.82492e-06
2.43043e-05
-1.93871e-06
2.51817e-05
-2.06336e-06
2.60739e-05
-2.19993e-06
2.69832e-05
-2.34944e-06
2.79114e-05
-2.51304e-06
2.88605e-05
-2.69167e-06
2.98319e-05
-2.88639e-06
3.08267e-05
-3.09813e-06
3.18456e-05
-3.32808e-06
3.28884e-05
-3.57717e-06
3.39544e-05
-3.84657e-06
3.50421e-05
-4.13724e-06
3.61489e-05
-4.45033e-06
3.72705e-05
-4.785e-06
3.84014e-05
-5.14154e-06
3.95346e-05
-5.51884e-06
4.06617e-05
-5.91528e-06
4.17732e-05
-6.32752e-06
4.28588e-05
-6.75155e-06
4.39067e-05
-7.1814e-06
4.49056e-05
-7.61044e-06
4.58446e-05
-8.03024e-06
4.67133e-05
-8.4327e-06
4.7502e-05
-8.80875e-06
4.82031e-05
-9.15006e-06
4.88103e-05
-9.44819e-06
4.93207e-05
-9.69614e-06
4.97328e-05
-9.88781e-06
5.00488e-05
-1.00186e-05
5.02719e-05
-1.00861e-05
5.04092e-05
-1.00886e-05
5.04685e-05
-1.00278e-05
5.04604e-05
-9.90526e-06
5.03941e-05
-9.72955e-06
5.02819e-05
-9.50257e-06
5.01333e-05
-9.23235e-06
4.99593e-05
-8.92085e-06
4.97676e-05
-8.57893e-06
4.95669e-05
-8.20722e-06
4.93624e-05
-7.81864e-06
4.91599e-05
-7.41124e-06
4.89622e-05
-6.99968e-06
4.87721e-05
-6.57858e-06
4.85909e-05
-6.16452e-06
4.84193e-05
-5.74851e-06
4.82576e-05
-5.34955e-06
4.81053e-05
-4.95455e-06
4.7963e-05
-4.58503e-06
4.78287e-05
-4.22334e-06
4.77036e-05
-3.894e-06
4.75849e-05
-3.57454e-06
4.74745e-05
-3.29301e-06
4.73686e-05
-3.0218e-06
4.72699e-05
-2.79309e-06
4.71735e-05
-2.57375e-06
4.70832e-05
-2.40074e-06
4.69925e-05
-2.23519e-06
4.69064e-05
-2.1196e-06
4.68167e-05
-2.00913e-06
4.67292e-05
-1.95262e-06
-1.89752e-06
3.6603e-06
-1.97155e-07
6.38849e-06
-4.74901e-07
8.80257e-06
-6.2861e-07
1.09273e-05
-7.85385e-07
1.28057e-05
-9.41018e-07
1.45019e-05
-1.08079e-06
1.60605e-05
-1.19916e-06
1.74985e-05
-1.28895e-06
1.88423e-05
-1.37398e-06
2.01135e-05
-1.44993e-06
2.13162e-05
-1.51732e-06
2.2457e-05
-1.57818e-06
2.35448e-05
-1.63315e-06
2.45853e-05
-1.68321e-06
2.55825e-05
-1.72933e-06
2.65403e-05
-1.77253e-06
2.74622e-05
-1.81365e-06
2.83508e-05
-1.85376e-06
2.92092e-05
-1.89387e-06
3.00405e-05
-1.93493e-06
3.08479e-05
-1.97803e-06
3.16343e-05
-2.02445e-06
3.24022e-05
-2.07544e-06
3.31545e-05
-2.13219e-06
3.38939e-05
-2.19577e-06
3.46233e-05
-2.26726e-06
3.53453e-05
-2.34768e-06
3.60622e-05
-2.438e-06
3.67766e-05
-2.53925e-06
3.74906e-05
-2.65271e-06
3.82061e-05
-2.77889e-06
3.89246e-05
-2.91843e-06
3.96474e-05
-3.07222e-06
4.03753e-05
-3.24101e-06
4.11091e-05
-3.4254e-06
4.18487e-05
-3.62598e-06
4.25938e-05
-3.84326e-06
4.33434e-05
-4.07773e-06
4.4096e-05
-4.32976e-06
4.48491e-05
-4.59965e-06
4.55993e-05
-4.88742e-06
4.63418e-05
-5.1928e-06
4.70716e-05
-5.51483e-06
4.77824e-05
-5.85231e-06
4.84668e-05
-6.20325e-06
4.91166e-05
-6.56511e-06
4.97232e-05
-6.93417e-06
5.02778e-05
-7.30608e-06
5.07715e-05
-7.67513e-06
5.11964e-05
-8.03537e-06
5.15459e-05
-8.37973e-06
5.18147e-05
-8.70145e-06
5.19992e-05
-8.99323e-06
5.20981e-05
-9.24906e-06
5.2113e-05
-9.46304e-06
5.20479e-05
-9.631e-06
5.19088e-05
-9.74875e-06
5.17045e-05
-9.81433e-06
5.14442e-05
-9.82583e-06
5.11391e-05
-9.78348e-06
5.08001e-05
-9.68877e-06
5.04395e-05
-9.54463e-06
5.00649e-05
-9.35493e-06
4.96858e-05
-9.12351e-06
4.93082e-05
-8.8547e-06
4.89387e-05
-8.55137e-06
4.85791e-05
-8.21938e-06
4.82332e-05
-7.86127e-06
4.78999e-05
-7.48534e-06
4.75813e-05
-7.09266e-06
4.72749e-05
-6.6933e-06
4.69818e-05
-6.28541e-06
4.66987e-05
-5.88145e-06
4.64266e-05
-5.47637e-06
4.61627e-05
-5.08573e-06
4.59083e-05
-4.70007e-06
4.56614e-05
-4.33812e-06
4.54228e-05
-3.98481e-06
4.51918e-05
-3.66295e-06
4.49683e-05
-3.35109e-06
4.47525e-05
-3.07722e-06
4.45432e-05
-2.81244e-06
4.43414e-05
-2.5913e-06
4.4144e-05
-2.37636e-06
4.39535e-05
-2.2103e-06
4.37643e-05
-2.04596e-06
4.35807e-05
-1.93598e-06
4.33935e-05
-1.82191e-06
4.32089e-05
-1.76804e-06
-1.70836e-06
3.86183e-05
8.72805e-09
3.85889e-05
-4.45542e-07
3.87309e-05
-7.70642e-07
3.89596e-05
-1.014e-06
3.92368e-05
-1.21824e-06
3.95568e-05
-1.40084e-06
3.99209e-05
-1.56326e-06
4.03307e-05
-1.69869e-06
4.07659e-05
-1.80923e-06
4.12162e-05
-1.90019e-06
4.16749e-05
-1.97604e-06
4.21364e-05
-2.0397e-06
4.25967e-05
-2.09345e-06
4.30526e-05
-2.13908e-06
4.35015e-05
-2.17827e-06
4.39416e-05
-2.21262e-06
4.43717e-05
-2.24367e-06
4.47909e-05
-2.27296e-06
4.5199e-05
-2.30197e-06
4.55962e-05
-2.33218e-06
4.59832e-05
-2.36498e-06
4.63605e-05
-2.40177e-06
4.6729e-05
-2.44392e-06
4.70895e-05
-2.49275e-06
4.74432e-05
-2.54946e-06
4.77911e-05
-2.61516e-06
4.81343e-05
-2.69082e-06
4.84737e-05
-2.77739e-06
4.88101e-05
-2.87572e-06
4.9144e-05
-2.98659e-06
4.94757e-05
-3.1106e-06
4.98056e-05
-3.24827e-06
5.01334e-05
-3.40009e-06
5.04589e-05
-3.56645e-06
5.07812e-05
-3.74771e-06
5.10993e-05
-3.94406e-06
5.14117e-05
-4.15566e-06
5.17164e-05
-4.3825e-06
5.20112e-05
-4.6245e-06
5.22929e-05
-4.88134e-06
5.2558e-05
-5.15252e-06
5.28023e-05
-5.43713e-06
5.30214e-05
-5.73397e-06
5.32104e-05
-6.04127e-06
5.3364e-05
-6.35684e-06
5.34769e-05
-6.67796e-06
5.3544e-05
-7.00128e-06
5.35607e-05
-7.32278e-06
5.35234e-05
-7.63785e-06
5.34295e-05
-7.94152e-06
5.32783e-05
-8.22846e-06
5.30702e-05
-8.4934e-06
5.28078e-05
-8.73086e-06
5.24949e-05
-8.93608e-06
5.21377e-05
-9.10586e-06
5.17434e-05
-9.23676e-06
5.13203e-05
-9.32561e-06
5.08766e-05
-9.37062e-06
5.04204e-05
-9.36959e-06
4.99587e-05
-9.32181e-06
4.94966e-05
-9.22673e-06
4.90382e-05
-9.08614e-06
4.85846e-05
-8.90141e-06
4.81372e-05
-8.67604e-06
4.76946e-05
-8.41213e-06
4.72567e-05
-8.1135e-06
4.68204e-05
-7.78306e-06
4.6385e-05
-7.42594e-06
4.59474e-05
-7.04774e-06
4.55088e-05
-6.654e-06
4.50665e-05
-6.25101e-06
4.46236e-05
-5.84247e-06
4.41779e-05
-5.43579e-06
4.37342e-05
-5.03271e-06
4.32908e-05
-4.64231e-06
4.28535e-05
-4.26277e-06
4.24203e-05
-3.90494e-06
4.19977e-05
-3.56213e-06
4.15828e-05
-3.2481e-06
4.11819e-05
-2.95015e-06
4.07913e-05
-2.68661e-06
4.04161e-05
-2.43729e-06
4.00519e-05
-2.22711e-06
3.97021e-05
-2.02655e-06
3.93621e-05
-1.8703e-06
3.90332e-05
-1.71707e-06
3.87117e-05
-1.61444e-06
3.83956e-05
-1.50586e-06
3.80833e-05
-1.45574e-06
-1.39154e-06
5.2989e-05
8.63446e-08
5.28963e-05
-3.52858e-07
5.28684e-05
-7.42691e-07
5.28931e-05
-1.03871e-06
5.29395e-05
-1.26468e-06
5.29886e-05
-1.44986e-06
5.30365e-05
-1.61116e-06
5.30909e-05
-1.75308e-06
5.31564e-05
-1.87481e-06
5.32327e-05
-1.9764e-06
5.33163e-05
-2.05972e-06
5.34042e-05
-2.12759e-06
5.34937e-05
-2.18294e-06
5.3583e-05
-2.22836e-06
5.36707e-05
-2.26599e-06
5.37559e-05
-2.29776e-06
5.38376e-05
-2.32544e-06
5.39154e-05
-2.35077e-06
5.39889e-05
-2.37543e-06
5.40578e-05
-2.40108e-06
5.41221e-05
-2.42928e-06
5.41819e-05
-2.46153e-06
5.42372e-05
-2.49926e-06
5.42883e-05
-2.54385e-06
5.43353e-05
-2.5965e-06
5.43785e-05
-2.65832e-06
5.4418e-05
-2.73028e-06
5.44538e-05
-2.81323e-06
5.4486e-05
-2.90789e-06
5.45143e-05
-3.01489e-06
5.45384e-05
-3.13474e-06
5.4558e-05
-3.26788e-06
5.45725e-05
-3.41461e-06
5.45812e-05
-3.57516e-06
5.45832e-05
-3.74966e-06
5.45773e-05
-3.93817e-06
5.45623e-05
-4.14063e-06
5.45366e-05
-4.35685e-06
5.44987e-05
-4.58653e-06
5.44465e-05
-4.82915e-06
5.4378e-05
-5.08404e-06
5.4291e-05
-5.35016e-06
5.41833e-05
-5.62625e-06
5.40525e-05
-5.91043e-06
5.38962e-05
-6.20058e-06
5.37127e-05
-6.49443e-06
5.35004e-05
-6.789e-06
5.32583e-05
-7.0807e-06
5.29861e-05
-7.36571e-06
5.26843e-05
-7.63968e-06
5.23541e-05
-7.89821e-06
5.19972e-05
-8.13658e-06
5.16166e-05
-8.35022e-06
5.12152e-05
-8.53465e-06
5.07954e-05
-8.68608e-06
5.03594e-05
-8.8008e-06
4.99093e-05
-8.87548e-06
4.9446e-05
-8.90733e-06
4.89698e-05
-8.89333e-06
4.84788e-05
-8.83085e-06
4.79709e-05
-8.7188e-06
4.7443e-05
-8.55824e-06
4.68924e-05
-8.35085e-06
4.63158e-05
-8.09944e-06
4.57106e-05
-7.80695e-06
4.50766e-05
-7.4795e-06
4.44141e-05
-7.12055e-06
4.3725e-05
-6.73679e-06
4.30115e-05
-6.33425e-06
4.22784e-05
-5.92087e-06
4.15295e-05
-5.5021e-06
4.0772e-05
-5.085e-06
4.00106e-05
-4.67436e-06
3.92538e-05
-4.27597e-06
3.8505e-05
-3.89349e-06
3.77728e-05
-3.53053e-06
3.7058e-05
-3.19016e-06
3.63694e-05
-2.8735e-06
3.57048e-05
-2.58358e-06
3.50728e-05
-2.31812e-06
3.44676e-05
-2.0814e-06
3.38977e-05
-1.86736e-06
3.33533e-05
-1.68269e-06
3.28426e-05
-1.5159e-06
3.23528e-05
-1.38053e-06
3.18926e-05
-1.25684e-06
3.14463e-05
-1.16817e-06
3.10231e-05
-1.08267e-06
3.06061e-05
-1.03866e-06
-9.82503e-07
5.43241e-05
-2.3391e-07
5.45056e-05
-5.34376e-07
5.46097e-05
-8.46753e-07
5.46971e-05
-1.12613e-06
5.47841e-05
-1.35169e-06
5.48646e-05
-1.5303e-06
5.49311e-05
-1.67765e-06
5.49825e-05
-1.80451e-06
5.5023e-05
-1.91534e-06
5.50574e-05
-2.01077e-06
5.50883e-05
-2.09066e-06
5.51166e-05
-2.15583e-06
5.51417e-05
-2.20811e-06
5.51632e-05
-2.24985e-06
5.51805e-05
-2.28332e-06
5.51934e-05
-2.31061e-06
5.52016e-05
-2.3336e-06
5.52049e-05
-2.35408e-06
5.52032e-05
-2.37375e-06
5.51964e-05
-2.39428e-06
5.51844e-05
-2.41729e-06
5.51672e-05
-2.44435e-06
5.51448e-05
-2.47688e-06
5.51173e-05
-2.51629e-06
5.50845e-05
-2.56376e-06
5.50467e-05
-2.62043e-06
5.50036e-05
-2.68721e-06
5.49553e-05
-2.76494e-06
5.49017e-05
-2.85428e-06
5.48426e-05
-2.95579e-06
5.47778e-05
-3.06991e-06
5.47069e-05
-3.19704e-06
5.46297e-05
-3.33737e-06
5.45456e-05
-3.4911e-06
5.44542e-05
-3.65825e-06
5.43549e-05
-3.83882e-06
5.42469e-05
-4.03267e-06
5.41296e-05
-4.23953e-06
5.4002e-05
-4.45899e-06
5.38634e-05
-4.69049e-06
5.37126e-05
-4.93323e-06
5.35485e-05
-5.18614e-06
5.33701e-05
-5.44783e-06
5.31761e-05
-5.7164e-06
5.29652e-05
-5.98971e-06
5.2736e-05
-6.2652e-06
5.24869e-05
-6.53995e-06
5.22165e-05
-6.81026e-06
5.1923e-05
-7.0722e-06
5.16045e-05
-7.32117e-06
5.1259e-05
-7.55268e-06
5.08843e-05
-7.76189e-06
5.04783e-05
-7.94429e-06
5.00387e-05
-8.09501e-06
4.95623e-05
-8.2097e-06
4.90456e-05
-8.28411e-06
4.84848e-05
-8.31462e-06
4.78752e-05
-8.29777e-06
4.72124e-05
-8.23052e-06
4.64924e-05
-8.11082e-06
4.5713e-05
-7.93944e-06
4.4874e-05
-7.71919e-06
4.3976e-05
-7.45286e-06
4.30192e-05
-7.14269e-06
4.20057e-05
-6.79341e-06
4.0941e-05
-6.41483e-06
3.9834e-05
-6.01357e-06
3.86943e-05
-5.59709e-06
3.75323e-05
-5.17224e-06
3.63578e-05
-4.74632e-06
3.51813e-05
-4.32564e-06
3.40143e-05
-3.91797e-06
3.28682e-05
-3.52829e-06
3.17541e-05
-3.16184e-06
3.06804e-05
-2.81982e-06
2.96552e-05
-2.50532e-06
2.8683e-05
-2.21797e-06
2.77695e-05
-1.95997e-06
2.6915e-05
-1.72909e-06
2.61231e-05
-1.52624e-06
2.53895e-05
-1.34781e-06
2.47163e-05
-1.19415e-06
2.40949e-05
-1.06128e-06
2.35282e-05
-9.4928e-07
2.30028e-05
-8.55078e-07
2.25238e-05
-7.77806e-07
2.20723e-05
-7.16756e-07
2.16577e-05
-6.67984e-07
2.12553e-05
-6.3635e-07
-6.09396e-07
5.39216e-05
-5.63025e-07
5.41752e-05
-7.87997e-07
5.43571e-05
-1.02866e-06
5.44912e-05
-1.26016e-06
5.46015e-05
-1.46205e-06
5.46998e-05
-1.62857e-06
5.47869e-05
-1.76475e-06
5.48611e-05
-1.8787e-06
5.49222e-05
-1.97649e-06
5.49723e-05
-2.06082e-06
5.50139e-05
-2.13225e-06
5.5049e-05
-2.19092e-06
5.50785e-05
-2.23762e-06
5.51025e-05
-2.27385e-06
5.51207e-05
-2.30154e-06
5.51328e-05
-2.32273e-06
5.51386e-05
-2.33939e-06
5.51379e-05
-2.35338e-06
5.51306e-05
-2.36647e-06
5.51167e-05
-2.38038e-06
5.50962e-05
-2.39673e-06
5.5069e-05
-2.41713e-06
5.50351e-05
-2.44307e-06
5.49948e-05
-2.47593e-06
5.49479e-05
-2.51692e-06
5.48946e-05
-2.56715e-06
5.4835e-05
-2.62754e-06
5.4769e-05
-2.69892e-06
5.46965e-05
-2.78186e-06
5.46176e-05
-2.87686e-06
5.4532e-05
-2.98427e-06
5.44393e-05
-3.10439e-06
5.43393e-05
-3.23734e-06
5.42314e-05
-3.38321e-06
5.41151e-05
-3.54191e-06
5.39896e-05
-3.71335e-06
5.38541e-05
-3.89721e-06
5.37078e-05
-4.09313e-06
5.35493e-05
-4.3005e-06
5.33773e-05
-4.51856e-06
5.31904e-05
-4.74628e-06
5.29866e-05
-4.98236e-06
5.27639e-05
-5.2251e-06
5.25198e-05
-5.47233e-06
5.22515e-05
-5.72144e-06
5.19557e-05
-5.96939e-06
5.16285e-05
-6.21274e-06
5.12656e-05
-6.44735e-06
5.0862e-05
-6.6686e-06
5.04122e-05
-6.87138e-06
4.99103e-05
-7.05075e-06
4.93502e-05
-7.20182e-06
4.87263e-05
-7.32036e-06
4.80335e-05
-7.40222e-06
4.72677e-05
-7.44393e-06
4.64249e-05
-7.44133e-06
4.5501e-05
-7.39073e-06
4.44915e-05
-7.28817e-06
4.33919e-05
-7.13099e-06
4.22007e-05
-6.91963e-06
4.09224e-05
-6.66111e-06
3.95655e-05
-6.36225e-06
3.81386e-05
-6.02603e-06
3.66494e-05
-5.65344e-06
3.51067e-05
-5.25071e-06
3.35216e-05
-4.82972e-06
3.19123e-05
-4.40434e-06
3.02989e-05
-3.98361e-06
2.86996e-05
-3.57301e-06
2.71308e-05
-3.17751e-06
2.56084e-05
-2.80328e-06
2.41475e-05
-2.45701e-06
2.27619e-05
-2.14267e-06
2.14624e-05
-1.86241e-06
2.02585e-05
-1.61588e-06
1.91558e-05
-1.40258e-06
1.81572e-05
-1.21945e-06
1.72619e-05
-1.06466e-06
1.64666e-05
-9.33745e-07
1.57652e-05
-8.24839e-07
1.51501e-05
-7.32718e-07
1.46129e-05
-6.56918e-07
1.41437e-05
-5.92093e-07
1.37344e-05
-5.3996e-07
1.33738e-05
-4.94544e-07
1.30562e-05
-4.60169e-07
1.27687e-05
-4.29274e-07
1.25097e-05
-4.08963e-07
1.22635e-05
-3.90163e-07
-3.80003e-07
5.35781e-05
-8.75426e-07
5.38456e-05
-1.05551e-06
5.406e-05
-1.24308e-06
5.42278e-05
-1.42791e-06
5.43645e-05
-1.59881e-06
5.44831e-05
-1.74713e-06
5.4589e-05
-1.87068e-06
5.46835e-05
-1.97315e-06
5.47662e-05
-2.05919e-06
5.48372e-05
-2.13189e-06
5.48977e-05
-2.19269e-06
5.49489e-05
-2.24209e-06
5.49917e-05
-2.28049e-06
5.50266e-05
-2.30878e-06
5.50535e-05
-2.32839e-06
5.50719e-05
-2.34114e-06
5.50815e-05
-2.34897e-06
5.5082e-05
-2.35384e-06
5.50731e-05
-2.35763e-06
5.50549e-05
-2.36218e-06
5.50274e-05
-2.36916e-06
5.49904e-05
-2.3802e-06
5.49442e-05
-2.39681e-06
5.48886e-05
-2.42036e-06
5.48237e-05
-2.45206e-06
5.47496e-05
-2.49301e-06
5.46662e-05
-2.54412e-06
5.45734e-05
-2.60619e-06
5.44712e-05
-2.67958e-06
5.4359e-05
-2.7647e-06
5.42365e-05
-2.86173e-06
5.41029e-05
-2.97079e-06
5.39573e-05
-3.09182e-06
5.37988e-05
-3.22471e-06
5.36261e-05
-3.36918e-06
5.34377e-05
-3.5249e-06
5.32318e-05
-3.69132e-06
5.30064e-05
-3.86779e-06
5.27593e-05
-4.05341e-06
5.24878e-05
-4.24706e-06
5.21888e-05
-4.4473e-06
5.18589e-05
-4.65239e-06
5.1494e-05
-4.8602e-06
5.10898e-05
-5.06817e-06
5.06415e-05
-5.27307e-06
5.01435e-05
-5.47147e-06
4.95901e-05
-5.65928e-06
4.89745e-05
-5.83174e-06
4.82895e-05
-5.98365e-06
4.75278e-05
-6.10969e-06
4.66818e-05
-6.20472e-06
4.5744e-05
-6.26406e-06
4.47075e-05
-6.2838e-06
4.35676e-05
-6.26237e-06
4.23236e-05
-6.19988e-06
4.09761e-05
-6.09382e-06
3.95267e-05
-5.94139e-06
3.79739e-05
-5.73538e-06
3.63173e-05
-5.47436e-06
3.45617e-05
-5.16401e-06
3.27225e-05
-4.82192e-06
3.0818e-05
-4.45776e-06
2.88686e-05
-4.07664e-06
2.68961e-05
-3.68089e-06
2.49205e-05
-3.27512e-06
2.29627e-05
-2.87191e-06
2.10475e-05
-2.4892e-06
1.92031e-05
-2.13916e-06
1.74567e-05
-1.82665e-06
1.58325e-05
-1.5533e-06
1.43491e-05
-1.31986e-06
1.30192e-05
-1.12709e-06
1.18485e-05
-9.72008e-07
1.08328e-05
-8.46736e-07
9.9628e-06
-7.45854e-07
9.22519e-06
-6.64967e-07
8.60496e-06
-5.99221e-07
8.0853e-06
-5.44995e-07
7.65045e-06
-4.98901e-07
7.28513e-06
-4.5952e-07
6.97711e-06
-4.24694e-07
6.71481e-06
-3.9462e-07
6.4902e-06
-3.67484e-07
6.29494e-06
-3.44694e-07
6.12401e-06
-3.23614e-07
5.97081e-06
-3.06976e-07
5.83173e-06
-2.90188e-07
5.70115e-06
-2.78387e-07
5.57413e-06
-2.63148e-07
-2.55137e-07
5.34351e-05
-1.17924e-06
5.37037e-05
-1.32413e-06
5.39326e-05
-1.47201e-06
5.41233e-05
-1.61858e-06
5.42825e-05
-1.75799e-06
5.44193e-05
-1.8839e-06
5.45404e-05
-1.99182e-06
5.46486e-05
-2.0813e-06
5.4744e-05
-2.15466e-06
5.48265e-05
-2.21439e-06
5.4896e-05
-2.26215e-06
5.49527e-05
-2.29878e-06
5.49969e-05
-2.32474e-06
5.50289e-05
-2.34069e-06
5.50482e-05
-2.34773e-06
5.50545e-05
-2.34741e-06
5.50471e-05
-2.34157e-06
5.50255e-05
-2.33226e-06
5.49894e-05
-2.32152e-06
5.49386e-05
-2.31145e-06
5.48734e-05
-2.30388e-06
5.47935e-05
-2.30039e-06
5.46991e-05
-2.30236e-06
5.45899e-05
-2.31114e-06
5.44657e-05
-2.32792e-06
5.43265e-05
-2.35382e-06
5.4172e-05
-2.38961e-06
5.40018e-05
-2.4359e-06
5.38151e-05
-2.49292e-06
5.36112e-05
-2.56081e-06
5.33889e-05
-2.63945e-06
5.31468e-05
-2.7287e-06
5.28832e-05
-2.82818e-06
5.2596e-05
-2.93748e-06
5.22827e-05
-3.05597e-06
5.19409e-05
-3.183e-06
5.15672e-05
-3.31767e-06
5.11584e-05
-3.45899e-06
5.07107e-05
-3.60566e-06
5.02198e-05
-3.7562e-06
4.96812e-05
-3.90869e-06
4.90896e-05
-4.06084e-06
4.84394e-05
-4.20992e-06
4.77241e-05
-4.35292e-06
4.6938e-05
-4.48694e-06
4.60749e-05
-4.60843e-06
4.51283e-05
-4.71259e-06
4.40906e-05
-4.79413e-06
4.2955e-05
-4.84798e-06
4.17149e-05
-4.86961e-06
4.03652e-05
-4.85506e-06
3.89011e-05
-4.79997e-06
3.73187e-05
-4.70135e-06
3.56167e-05
-4.56038e-06
3.3801e-05
-4.38416e-06
3.18811e-05
-4.17391e-06
2.98734e-05
-3.93375e-06
2.77868e-05
-3.64875e-06
2.56331e-05
-3.32069e-06
2.34359e-05
-2.96679e-06
2.1222e-05
-2.60796e-06
1.90234e-05
-2.25921e-06
1.6868e-05
-1.9212e-06
1.48061e-05
-1.61905e-06
1.28827e-05
-1.35165e-06
1.11289e-05
-1.11811e-06
9.56598e-06
-9.26315e-07
8.21309e-06
-7.86281e-07
7.07052e-06
-6.84083e-07
6.12603e-06
-6.08809e-07
5.35769e-06
-5.51516e-07
4.73137e-06
-5.00775e-07
4.21137e-06
-4.5201e-07
3.77131e-06
-4.06679e-07
3.39318e-06
-3.6772e-07
3.06489e-06
-3.36672e-07
2.77766e-06
-3.11999e-07
2.52727e-06
-2.94606e-07
2.30976e-06
-2.81381e-07
2.12068e-06
-2.70444e-07
1.95641e-06
-2.60427e-07
1.81306e-06
-2.51264e-07
1.68777e-06
-2.42197e-07
1.57648e-06
-2.33408e-07
1.47708e-06
-2.24212e-07
1.38556e-06
-2.15459e-07
1.30066e-06
-2.05287e-07
1.21747e-06
-1.95198e-07
1.13677e-06
-1.82442e-07
-1.80083e-07
5.34636e-05
-1.47171e-06
5.37228e-05
-1.58333e-06
5.39468e-05
-1.69603e-06
5.41366e-05
-1.80836e-06
5.4295e-05
-1.91643e-06
5.44261e-05
-2.01493e-06
5.4534e-05
-2.09971e-06
5.46216e-05
-2.16899e-06
5.469e-05
-2.22304e-06
5.47388e-05
-2.26313e-06
5.47672e-05
-2.29055e-06
5.47746e-05
-2.3062e-06
5.47607e-05
-2.31081e-06
5.47251e-05
-2.30516e-06
5.46677e-05
-2.2903e-06
5.45879e-05
-2.26766e-06
5.44854e-05
-2.23906e-06
5.43597e-05
-2.20657e-06
5.42106e-05
-2.17242e-06
5.40381e-05
-2.13894e-06
5.38427e-05
-2.10846e-06
5.36249e-05
-2.0826e-06
5.33845e-05
-2.06196e-06
5.31212e-05
-2.04786e-06
5.28348e-05
-2.04154e-06
5.2525e-05
-2.04393e-06
5.21909e-05
-2.05559e-06
5.18319e-05
-2.07682e-06
5.14465e-05
-2.10756e-06
5.10333e-05
-2.14758e-06
5.05902e-05
-2.1964e-06
5.0115e-05
-2.2535e-06
4.96049e-05
-2.31807e-06
4.90568e-05
-2.38938e-06
4.84672e-05
-2.46636e-06
4.78323e-05
-2.54808e-06
4.71478e-05
-2.63318e-06
4.64093e-05
-2.7205e-06
4.5612e-05
-2.80833e-06
4.4751e-05
-2.89521e-06
4.38211e-05
-2.97887e-06
4.28175e-05
-3.05715e-06
4.1734e-05
-3.12642e-06
4.0563e-05
-3.18199e-06
3.93013e-05
-3.22519e-06
3.7945e-05
-3.25218e-06
3.64898e-05
-3.25733e-06
3.49317e-05
-3.23605e-06
3.32681e-05
-3.18439e-06
3.14988e-05
-3.10035e-06
2.96277e-05
-2.98394e-06
2.76584e-05
-2.83062e-06
2.56027e-05
-2.64568e-06
2.34738e-05
-2.43145e-06
2.12826e-05
-2.19303e-06
1.90615e-05
-1.9528e-06
1.68355e-05
-1.70778e-06
1.46474e-05
-1.46058e-06
1.25449e-05
-1.21827e-06
1.05716e-05
-9.93465e-07
8.76619e-06
-8.02529e-07
7.16941e-06
-6.62423e-07
5.83558e-06
-5.87372e-07
4.75069e-06
-5.34163e-07
3.88176e-06
-4.82709e-07
3.17998e-06
-4.16334e-07
2.59614e-06
-3.42472e-07
2.08937e-06
-2.79512e-07
1.64274e-06
-2.37457e-07
1.25405e-06
-2.20117e-07
9.17109e-07
-2.14576e-07
6.24537e-07
-2.08202e-07
3.6954e-07
-1.97013e-07
1.45796e-07
-1.82934e-07
-5.20696e-08
-1.69855e-07
-2.28086e-07
-1.60656e-07
-3.84576e-07
-1.55509e-07
-5.26044e-07
-1.53138e-07
-6.54673e-07
-1.52752e-07
-7.72006e-07
-1.53111e-07
-8.79203e-07
-1.53229e-07
-9.77672e-07
-1.52795e-07
-1.06836e-06
-1.51508e-07
-1.15243e-06
-1.49335e-07
-1.23071e-06
-1.4594e-07
-1.30465e-06
-1.41513e-07
-1.37446e-06
-1.35476e-07
-1.44118e-06
-1.28477e-07
-1.50166e-06
-1.21968e-07
-1.23586e-07
5.3403e-05
-1.68546e-06
5.35728e-05
-1.75307e-06
5.36981e-05
-1.82137e-06
5.37788e-05
-1.88911e-06
5.38162e-05
-1.95376e-06
5.3811e-05
-2.00976e-06
5.37651e-05
-2.05377e-06
5.36808e-05
-2.08468e-06
5.35601e-05
-2.10241e-06
5.34041e-05
-2.1071e-06
5.3213e-05
-2.0994e-06
5.29868e-05
-2.08006e-06
5.27261e-05
-2.05004e-06
5.24315e-05
-2.01058e-06
5.2104e-05
-1.96281e-06
5.17445e-05
-1.90822e-06
5.13542e-05
-1.84867e-06
5.09338e-05
-1.7862e-06
5.04844e-05
-1.72301e-06
5.00067e-05
-1.66125e-06
4.95017e-05
-1.60349e-06
4.89712e-05
-1.55207e-06
4.84149e-05
-1.5057e-06
4.78331e-05
-1.46601e-06
4.72254e-05
-1.43387e-06
4.65913e-05
-1.4098e-06
4.59297e-05
-1.39398e-06
4.52391e-05
-1.38626e-06
4.45178e-05
-1.38622e-06
4.37634e-05
-1.39323e-06
4.29735e-05
-1.40646e-06
4.2145e-05
-1.425e-06
4.12747e-05
-1.44779e-06
4.03591e-05
-1.4738e-06
3.93945e-05
-1.50177e-06
3.8377e-05
-1.53057e-06
3.73026e-05
-1.55879e-06
3.61674e-05
-1.58523e-06
3.49674e-05
-1.60836e-06
3.36992e-05
-1.627e-06
3.23598e-05
-1.63943e-06
3.09471e-05
-1.6445e-06
2.94598e-05
-1.63916e-06
2.78957e-05
-1.61789e-06
2.62578e-05
-1.58721e-06
2.45482e-05
-1.5426e-06
2.27715e-05
-1.48064e-06
2.09355e-05
-1.40002e-06
1.90514e-05
-1.30026e-06
1.71316e-05
-1.18057e-06
1.51933e-05
-1.04571e-06
1.32641e-05
-9.01335e-07
1.13754e-05
-7.56983e-07
9.56968e-06
-6.25771e-07
7.90065e-06
-5.24004e-07
6.40898e-06
-4.61124e-07
5.13783e-06
-4.36633e-07
4.0805e-06
-4.03247e-07
3.21069e-06
-3.48451e-07
2.48874e-06
-2.71515e-07
1.87818e-06
-1.91969e-07
1.35376e-06
-1.38006e-07
8.8598e-07
-1.19591e-07
4.83795e-07
-1.31978e-07
1.40812e-07
-1.39726e-07
-1.50393e-07
-1.25128e-07
-3.98958e-07
-9.39072e-08
-6.13067e-07
-6.54026e-08
-7.99451e-07
-5.10727e-08
-9.67729e-07
-5.18384e-08
-1.12348e-06
-5.88295e-08
-1.2662e-06
-6.54795e-08
-1.39513e-06
-6.80789e-08
-1.5109e-06
-6.71675e-08
-1.61574e-06
-6.5016e-08
-1.71283e-06
-6.35683e-08
-1.80456e-06
-6.37699e-08
-1.8922e-06
-6.55033e-08
-1.97681e-06
-6.81444e-08
-2.0589e-06
-7.10164e-08
-2.13855e-06
-7.35848e-08
-2.21574e-06
-7.5603e-08
-2.29036e-06
-7.68839e-08
-2.36234e-06
-7.73549e-08
-2.4314e-06
-7.68804e-08
-2.49736e-06
-7.55534e-08
-2.5593e-06
-7.35385e-08
-2.61584e-06
-7.19338e-08
-2.66571e-06
-7.21075e-08
-7.4691e-08
5.10692e-05
-1.45912e-06
5.07772e-05
-1.46108e-06
5.04204e-05
-1.46458e-06
4.99991e-05
-1.46781e-06
4.9514e-05
-1.46866e-06
4.89689e-05
-1.46467e-06
4.83681e-05
-1.45289e-06
4.77158e-05
-1.43244e-06
4.70182e-05
-1.40484e-06
4.62801e-05
-1.369e-06
4.55059e-05
-1.32519e-06
4.47e-05
-1.27409e-06
4.38665e-05
-1.21658e-06
4.30096e-05
-1.15368e-06
4.21333e-05
-1.0865e-06
4.12414e-05
-1.01629e-06
4.03373e-05
-9.44566e-07
3.9424e-05
-8.72966e-07
3.85042e-05
-8.03227e-07
3.758e-05
-7.3699e-07
3.66522e-05
-6.75685e-07
3.57204e-05
-6.20279e-07
3.47858e-05
-5.71163e-07
3.38484e-05
-5.28603e-07
3.29073e-05
-4.92759e-07
3.19611e-05
-4.63594e-07
3.10079e-05
-4.40809e-07
3.00455e-05
-4.23858e-07
2.90713e-05
-4.11997e-07
2.80824e-05
-4.04359e-07
2.7076e-05
-4.00015e-07
2.6049e-05
-3.9801e-07
2.49986e-05
-3.97391e-07
2.3922e-05
-3.97226e-07
2.28169e-05
-3.96621e-07
2.16811e-05
-3.94746e-07
2.05131e-05
-3.90856e-07
1.93123e-05
-3.84355e-07
1.80787e-05
-3.74801e-07
1.68138e-05
-3.62062e-07
1.55206e-05
-3.46235e-07
1.42041e-05
-3.28036e-07
1.28733e-05
-3.08406e-07
1.1545e-05
-2.89525e-07
1.0231e-05
-2.73274e-07
8.94913e-06
-2.60693e-07
7.72003e-06
-2.51542e-07
6.56448e-06
-2.44478e-07
5.50148e-06
-2.37258e-07
4.54663e-06
-2.25717e-07
3.69776e-06
-1.96832e-07
2.95122e-06
-1.54798e-07
2.29839e-06
-1.04157e-07
1.7292e-06
-5.65786e-08
1.23154e-06
-2.63401e-08
7.92169e-07
-2.17571e-08
3.95736e-07
-4.02001e-08
5.27325e-08
-6.02444e-08
-2.34275e-07
-6.14442e-08
-4.66695e-07
-3.9094e-08
-6.4997e-07
-8.69426e-09
-8.01131e-07
1.31559e-08
-9.33111e-07
1.23888e-08
-1.06507e-06
-2.08832e-11
-1.19168e-06
-1.31113e-08
-1.30115e-06
-1.56572e-08
-1.38593e-06
-9.13196e-09
-1.44999e-06
-1.34292e-09
-1.50293e-06
1.86593e-09
-1.55465e-06
-1.13768e-10
-1.60868e-06
-4.80371e-09
-1.66495e-06
-9.21052e-09
-1.72121e-06
-1.18196e-08
-1.77558e-06
-1.27935e-08
-1.82757e-06
-1.30267e-08
-1.87781e-06
-1.33324e-08
-1.9275e-06
-1.40741e-08
-1.97773e-06
-1.52751e-08
-2.02909e-06
-1.67838e-08
-2.08173e-06
-1.8378e-08
-2.13545e-06
-1.98678e-08
-2.18989e-06
-2.11568e-08
-2.24459e-06
-2.21807e-08
-2.29903e-06
-2.2918e-08
-2.35258e-06
-2.33365e-08
-2.40461e-06
-2.35173e-08
-2.45432e-06
-2.38349e-08
-2.50092e-06
-2.53262e-08
-2.54447e-06
-2.85559e-08
-3.15643e-08
3.50008e-05
3.35397e-05
3.20751e-05
3.06073e-05
2.91386e-05
2.7674e-05
2.62211e-05
2.47886e-05
2.33838e-05
2.20148e-05
2.06896e-05
1.94155e-05
1.81989e-05
1.70453e-05
1.59588e-05
1.49425e-05
1.39979e-05
1.31249e-05
1.23217e-05
1.15847e-05
1.0909e-05
1.02887e-05
9.71759e-06
9.18898e-06
8.69622e-06
8.23263e-06
7.79182e-06
7.36796e-06
6.95597e-06
6.55161e-06
6.15159e-06
5.75358e-06
5.35619e-06
4.95896e-06
4.56234e-06
4.1676e-06
3.77674e-06
3.39239e-06
3.01758e-06
2.65552e-06
2.30929e-06
1.98125e-06
1.67284e-06
1.38332e-06
1.11005e-06
8.49353e-07
5.97811e-07
3.53333e-07
1.16076e-07
-1.09641e-07
-3.06473e-07
-4.61271e-07
-5.65428e-07
-6.22007e-07
-6.48347e-07
-6.70104e-07
-7.10304e-07
-7.70549e-07
-8.31993e-07
-8.71087e-07
-8.79781e-07
-8.66625e-07
-8.54236e-07
-8.54257e-07
-8.67369e-07
-8.83026e-07
-8.92158e-07
-8.93501e-07
-8.91635e-07
-8.91749e-07
-8.96552e-07
-9.05763e-07
-9.17582e-07
-9.30376e-07
-9.43403e-07
-9.56735e-07
-9.70809e-07
-9.86084e-07
-1.00287e-06
-1.02125e-06
-1.04111e-06
-1.06227e-06
-1.08445e-06
-1.10737e-06
-1.13071e-06
-1.15422e-06
-1.17806e-06
-1.20338e-06
-1.23194e-06
)
;

boundaryField
{
    fixedWalls
    {
        type            calculated;
        value           uniform 0;
    }
    inflowWall
    {
        type            calculated;
        value           nonuniform List<scalar> 10(-5e-05 -5e-05 -5e-05 -5e-05 -5e-05 -5e-05 -5e-05 -5e-05 -5e-05 -5e-05);
    }
    outflowWall
    {
        type            calculated;
        value           nonuniform List<scalar> 
20
(
1.21064e-05
2.5758e-05
3.46818e-05
4.1738e-05
4.69918e-05
4.99852e-05
5.05854e-05
4.92311e-05
4.66355e-05
4.30197e-05
3.77665e-05
3.0197e-05
2.08822e-05
1.20341e-05
5.44927e-06
1.06171e-06
-1.55815e-06
-2.7146e-06
-2.5876e-06
-1.2635e-06
)
;
    }
    frontAndBack
    {
        type            empty;
        value           nonuniform List<scalar> 0();
    }
}


// ************************************************************************* //
