/*--------------------------------*- C++ -*----------------------------------*\
| =========                 |                                                 |
| \\      /  F ield         | OpenFOAM: The Open Source CFD Toolbox           |
|  \\    /   O peration     | Version:  2306                                  |
|   \\  /    A nd           | Website:  www.openfoam.com                      |
|    \\/     M anipulation  |                                                 |
\*---------------------------------------------------------------------------*/
FoamFile
{
    version     2.0;
    format      ascii;
    arch        "LSB;label=32;scalar=64";
    class       volVectorField;
    location    "6.5";
    object      U;
}
// * * * * * * * * * * * * * * * * * * * * * * * * * * * * * * * * * * * * * //

dimensions      [0 1 -1 0 0 0 0];

internalField   nonuniform List<vector> 
1900
(
(0.984275 0.00729035 0)
(0.961757 0.0216831 0)
(0.952324 0.0181789 0)
(0.918695 0.0253032 0)
(0.903402 0.015447 0)
(0.863049 0.0257491 0)
(0.852227 0.0116096 0)
(0.811911 0.0267295 0)
(0.80957 0.00458318 0)
(0.770358 0.0259894 0)
(1.00256 0.0115599 0)
(1.00446 0.0258633 0)
(1.01943 0.028969 0)
(1.02197 0.0304626 0)
(1.03486 0.0280151 0)
(1.03395 0.0284326 0)
(1.04403 0.0258042 0)
(1.04275 0.0251215 0)
(1.05113 0.0207075 0)
(1.05219 0.0162619 0)
(1.00048 0.00388823 0)
(1.00419 0.0111584 0)
(1.01255 0.0140059 0)
(1.02112 0.015797 0)
(1.03153 0.0147277 0)
(1.04052 0.0144401 0)
(1.04997 0.0124055 0)
(1.05837 0.0109699 0)
(1.06684 0.00736519 0)
(1.07466 0.00322389 0)
(1.00007 0.00207868 0)
(1.00313 0.00584741 0)
(1.00888 0.00806298 0)
(1.01648 0.00904703 0)
(1.02527 0.0085729 0)
(1.0343 0.0074794 0)
(1.04323 0.00570727 0)
(1.05179 0.00355398 0)
(1.05996 0.000739307 0)
(1.06763 -0.00276178 0)
(1.00003 0.000426188 0)
(1.00261 0.00117752 0)
(1.00738 0.00144386 0)
(1.01402 0.00116773 0)
(1.02191 0.000274299 0)
(1.03035 -0.00108277 0)
(1.03879 -0.00286891 0)
(1.04691 -0.00505972 0)
(1.05459 -0.00770294 0)
(1.06174 -0.0108575 0)
(1.00003 -0.00105884 0)
(1.00255 -0.00302131 0)
(1.0072 -0.0047391 0)
(1.01366 -0.00617241 0)
(1.02133 -0.00746673 0)
(1.02949 -0.00882216 0)
(1.03759 -0.0104244 0)
(1.04533 -0.0123832 0)
(1.0526 -0.0147389 0)
(1.05938 -0.017462 0)
(1.00003 -0.00270871 0)
(1.00303 -0.00742636 0)
(1.00836 -0.0110482 0)
(1.01546 -0.0134795 0)
(1.02347 -0.0150975 0)
(1.03164 -0.0164511 0)
(1.03951 -0.0179448 0)
(1.04691 -0.0197564 0)
(1.05384 -0.0218786 0)
(1.06034 -0.0242215 0)
(1.00004 -0.00476737 0)
(1.00441 -0.0122273 0)
(1.01138 -0.0169064 0)
(1.0198 -0.0193318 0)
(1.0284 -0.0206515 0)
(1.03641 -0.0218139 0)
(1.04362 -0.0232673 0)
(1.0501 -0.0250383 0)
(1.05599 -0.0269853 0)
(1.06131 -0.0289746 0)
(1.00006 -0.0121174 0)
(1.00722 -0.0259473 0)
(1.01558 -0.0314213 0)
(1.02288 -0.0325656 0)
(1.02795 -0.0326439 0)
(1.03075 -0.0330123 0)
(1.03178 -0.0337829 0)
(1.03148 -0.034692 0)
(1.03009 -0.0355242 0)
(1.02762 -0.0362195 0)
(0.980777 -0.0091631 0)
(0.964588 -0.0188201 0)
(0.945464 -0.0220435 0)
(0.920803 -0.0221811 0)
(0.892023 -0.0217328 0)
(0.861723 -0.0215689 0)
(0.831502 -0.0215973 0)
(0.801839 -0.0215826 0)
(0.772667 -0.0214007 0)
(0.743744 -0.0210668 0)
(0.000207229 -0.000110031 0)
(0.000342868 -2.06283e-05 0)
(7.62497e-05 2.84317e-05 0)
(-0.000412391 5.7778e-05 0)
(-0.00106457 7.58385e-05 0)
(-0.00183775 9.3403e-05 0)
(-0.00271865 0.000113959 0)
(-0.00370245 0.000136459 0)
(-0.00478401 0.000159688 0)
(-0.00595705 0.000182943 0)
(-0.00721456 0.000205796 0)
(-0.00854903 0.000227945 0)
(-0.00995285 0.000249147 0)
(-0.0114185 0.000269204 0)
(-0.0129386 0.000287967 0)
(-0.0145062 0.000305347 0)
(-0.0161148 0.0003213 0)
(-0.0177583 0.000335805 0)
(-0.0194309 0.000348836 0)
(-0.0211277 0.000360399 0)
(-0.0228444 0.00037053 0)
(-0.0245775 0.000379294 0)
(-0.0263245 0.000386788 0)
(-0.0280841 0.000393128 0)
(-0.029856 0.000398434 0)
(-0.0316411 0.000402866 0)
(-0.0334416 0.000406642 0)
(-0.0352613 0.000410016 0)
(-0.0371055 0.000413241 0)
(-0.0389808 0.000416561 0)
(-0.0408955 0.000420164 0)
(-0.0428592 0.000424128 0)
(-0.0448826 0.00042842 0)
(-0.0469777 0.00043302 0)
(-0.0491581 0.000438164 0)
(-0.0514397 0.000444579 0)
(-0.0538414 0.000453731 0)
(-0.0563861 0.000468237 0)
(-0.059102 0.000492409 0)
(-0.062024 0.000532878 0)
(-0.0651959 0.000599491 0)
(-0.0686719 0.000706105 0)
(-0.0725188 0.000870172 0)
(-0.076814 0.00111023 0)
(-0.0816399 0.00144196 0)
(-0.0870726 0.00187398 0)
(-0.0931686 0.00240279 0)
(-0.099949 0.0030106 0)
(-0.107388 0.00366387 0)
(-0.115398 0.0043109 0)
(-0.123815 0.00488373 0)
(-0.132401 0.00531683 0)
(-0.140862 0.00555811 0)
(-0.148864 0.00557806 0)
(-0.156052 0.00536753 0)
(-0.162092 0.0049622 0)
(-0.166707 0.00442317 0)
(-0.169639 0.00376621 0)
(-0.170638 0.00295208 0)
(-0.169615 0.00196443 0)
(-0.166548 0.000903239 0)
(-0.161378 -0.000193357 0)
(-0.154134 -0.00129333 0)
(-0.144925 -0.00235144 0)
(-0.133863 -0.00334645 0)
(-0.121131 -0.0042565 0)
(-0.106911 -0.00504242 0)
(-0.0913886 -0.00572175 0)
(-0.0748792 -0.00624725 0)
(-0.0573985 -0.00669215 0)
(-0.0395585 -0.00692003 0)
(-0.0210269 -0.00710154 0)
(-0.00280085 -0.00711689 0)
(0.016008 -0.00710026 0)
(0.03384 -0.00691961 0)
(0.0522673 -0.00676002 0)
(0.0690681 -0.00643041 0)
(0.0866419 -0.00618161 0)
(0.101966 -0.00576359 0)
(0.118439 -0.00548866 0)
(0.132011 -0.00504055 0)
(0.147376 -0.00479943 0)
(0.159067 -0.00437533 0)
(0.173595 -0.00422041 0)
(0.183336 -0.00387007 0)
(0.197674 -0.00384555 0)
(0.205264 -0.00360764 0)
(0.220723 -0.00379207 0)
(0.225385 -0.00367498 0)
(0.244529 -0.00443887 0)
(5.97391e-05 -0.000514985 0)
(-0.000534234 0.000150281 0)
(-0.00204127 0.000724088 0)
(-0.00396731 0.0011286 0)
(-0.00627854 0.00140781 0)
(-0.00890179 0.00163009 0)
(-0.0117996 0.00183149 0)
(-0.0149434 0.00201991 0)
(-0.0183039 0.00219531 0)
(-0.0218532 0.00235668 0)
(-0.0255644 0.00250319 0)
(-0.0294118 0.00263458 0)
(-0.033371 0.00275106 0)
(-0.0374195 0.00285312 0)
(-0.0415369 0.00294151 0)
(-0.0457049 0.0030171 0)
(-0.0499078 0.00308088 0)
(-0.0541322 0.0031338 0)
(-0.0583669 0.00317688 0)
(-0.0626033 0.00321151 0)
(-0.0668353 0.00323937 0)
(-0.0710598 0.00326233 0)
(-0.0752761 0.00328246 0)
(-0.0794865 0.00330192 0)
(-0.083696 0.00332297 0)
(-0.0879122 0.00334812 0)
(-0.0921453 0.00338011 0)
(-0.0964084 0.0034219 0)
(-0.100717 0.0034764 0)
(-0.10509 0.00354659 0)
(-0.109546 0.00363528 0)
(-0.114107 0.00374517 0)
(-0.118796 0.00387886 0)
(-0.123634 0.0040393 0)
(-0.128647 0.00423036 0)
(-0.133855 0.00445695 0)
(-0.139282 0.00472491 0)
(-0.144947 0.00504117 0)
(-0.150865 0.00541389 0)
(-0.157045 0.00585213 0)
(-0.163488 0.00636565 0)
(-0.170183 0.00696396 0)
(-0.177105 0.00765333 0)
(-0.184212 0.00843094 0)
(-0.191435 0.00927859 0)
(-0.198676 0.0101597 0)
(-0.205802 0.0110167 0)
(-0.212647 0.0117771 0)
(-0.219021 0.0123615 0)
(-0.224713 0.0126861 0)
(-0.229485 0.0126546 0)
(-0.233086 0.0122009 0)
(-0.235271 0.0112922 0)
(-0.235812 0.00993097 0)
(-0.234468 0.00808664 0)
(-0.231071 0.00579345 0)
(-0.225558 0.00311096 0)
(-0.217875 0.000169956 0)
(-0.207979 -0.00298197 0)
(-0.195861 -0.00624173 0)
(-0.18149 -0.00953172 0)
(-0.165064 -0.0127415 0)
(-0.146541 -0.0158412 0)
(-0.126257 -0.0186983 0)
(-0.104217 -0.0212799 0)
(-0.0807334 -0.0235867 0)
(-0.0560466 -0.0255698 0)
(-0.0301509 -0.027251 0)
(-0.0038675 -0.0285491 0)
(0.0237155 -0.0295601 0)
(0.0506313 -0.030139 0)
(0.0791167 -0.0305223 0)
(0.10557 -0.0304549 0)
(0.134267 -0.0303083 0)
(0.159518 -0.0296965 0)
(0.18789 -0.0291472 0)
(0.211286 -0.0281276 0)
(0.23901 -0.0273193 0)
(0.260021 -0.0260419 0)
(0.287039 -0.0251333 0)
(0.305249 -0.0237467 0)
(0.331789 -0.0228929 0)
(0.346863 -0.0215333 0)
(0.373447 -0.0208835 0)
(0.385101 -0.0196724 0)
(0.412558 -0.0193775 0)
(0.420528 -0.0184231 0)
(0.449971 -0.0186765 0)
(0.454001 -0.0181026 0)
(0.486615 -0.0192628 0)
(-0.00016305 0.000433756 0)
(-0.0019611 0.00231071 0)
(-0.0054581 0.00353513 0)
(-0.00943059 0.00435515 0)
(-0.0138431 0.00499516 0)
(-0.0185935 0.00556172 0)
(-0.0236398 0.00608048 0)
(-0.0289417 0.00655131 0)
(-0.0344456 0.00696957 0)
(-0.040099 0.00733358 0)
(-0.0458544 0.00764328 0)
(-0.0516692 0.00790068 0)
(-0.0575061 0.00810928 0)
(-0.0633339 0.00827326 0)
(-0.0691265 0.00839721 0)
(-0.074863 0.00848598 0)
(-0.0805272 0.00854453 0)
(-0.0861069 0.00857795 0)
(-0.0915932 0.00859148 0)
(-0.0969806 0.00859033 0)
(-0.102267 0.00857975 0)
(-0.107452 0.00856503 0)
(-0.11254 0.00855157 0)
(-0.117536 0.0085447 0)
(-0.122446 0.00854959 0)
(-0.127277 0.00857144 0)
(-0.132039 0.00861563 0)
(-0.136741 0.00868741 0)
(-0.14139 0.00879143 0)
(-0.145996 0.00893177 0)
(-0.150564 0.00911165 0)
(-0.155099 0.0093332 0)
(-0.159601 0.00959737 0)
(-0.164066 0.00990414 0)
(-0.168485 0.010253 0)
(-0.172844 0.010643 0)
(-0.177124 0.0110717 0)
(-0.181296 0.0115344 0)
(-0.185325 0.0120254 0)
(-0.18916 0.0125367 0)
(-0.192743 0.013058 0)
(-0.196 0.0135776 0)
(-0.198847 0.0140819 0)
(-0.201186 0.0145501 0)
(-0.202905 0.0149411 0)
(-0.203883 0.0152026 0)
(-0.203976 0.0152649 0)
(-0.203034 0.0150508 0)
(-0.200906 0.0144855 0)
(-0.197486 0.0135146 0)
(-0.192608 0.0120179 0)
(-0.186169 0.00994502 0)
(-0.178029 0.00724869 0)
(-0.168267 0.00396103 0)
(-0.156693 0.000114656 0)
(-0.143428 -0.00422744 0)
(-0.128319 -0.00905987 0)
(-0.111481 -0.0141833 0)
(-0.092758 -0.0195217 0)
(-0.0726101 -0.0248209 0)
(-0.0506634 -0.0300833 0)
(-0.0275973 -0.0351105 0)
(-0.00291244 -0.0399035 0)
(0.0227132 -0.044242 0)
(0.0495565 -0.048173 0)
(0.0772067 -0.0515474 0)
(0.105213 -0.0544293 0)
(0.134277 -0.0567357 0)
(0.162596 -0.0585032 0)
(0.192536 -0.0597219 0)
(0.220316 -0.0603509 0)
(0.250566 -0.0606075 0)
(0.277054 -0.0602323 0)
(0.307103 -0.0596516 0)
(0.331665 -0.0584484 0)
(0.361175 -0.0572345 0)
(0.383308 -0.0554253 0)
(0.412136 -0.0538181 0)
(0.431461 -0.0516407 0)
(0.459672 -0.0498905 0)
(0.475929 -0.0475773 0)
(0.503792 -0.0459259 0)
(0.51682 -0.0436888 0)
(0.544793 -0.0423642 0)
(0.55451 -0.0403931 0)
(0.583224 -0.0396198 0)
(0.589609 -0.0381008 0)
(0.619827 -0.0381283 0)
(0.622887 -0.0372753 0)
(0.655417 -0.0383869 0)
(-0.00092324 0.00123525 0)
(-0.00480638 0.00513422 0)
(-0.0107343 0.0076181 0)
(-0.0168106 0.00928385 0)
(-0.0232126 0.0105222 0)
(-0.0298892 0.0115055 0)
(-0.0367545 0.0123066 0)
(-0.0437111 0.0129626 0)
(-0.0506683 0.0134876 0)
(-0.0575544 0.0138935 0)
(-0.064314 0.0141927 0)
(-0.0709034 0.0143971 0)
(-0.0772904 0.0145182 0)
(-0.0834527 0.0145675 0)
(-0.0893751 0.0145562 0)
(-0.0950485 0.0144946 0)
(-0.100469 0.0143927 0)
(-0.105634 0.0142596 0)
(-0.110547 0.0141036 0)
(-0.115211 0.0139329 0)
(-0.119631 0.0137549 0)
(-0.123812 0.0135768 0)
(-0.127759 0.0134049 0)
(-0.131479 0.0132453 0)
(-0.134974 0.0131029 0)
(-0.138249 0.0129822 0)
(-0.141304 0.0128872 0)
(-0.144137 0.0128217 0)
(-0.146746 0.0127879 0)
(-0.149125 0.0127866 0)
(-0.151262 0.012817 0)
(-0.153145 0.0128765 0)
(-0.154755 0.0129605 0)
(-0.156068 0.0130626 0)
(-0.157055 0.0131756 0)
(-0.157682 0.0132928 0)
(-0.157909 0.0134059 0)
(-0.157692 0.013502 0)
(-0.156977 0.0135674 0)
(-0.155704 0.0135864 0)
(-0.153801 0.0135402 0)
(-0.151185 0.0134098 0)
(-0.147767 0.0131773 0)
(-0.143475 0.0128289 0)
(-0.1382 0.0123032 0)
(-0.131864 0.011545 0)
(-0.124354 0.0104869 0)
(-0.115579 0.00905721 0)
(-0.105395 0.00712783 0)
(-0.0939533 0.00467678 0)
(-0.0809969 0.00165926 0)
(-0.0666806 -0.00194732 0)
(-0.0508141 -0.00621899 0)
(-0.0337047 -0.0111175 0)
(-0.0149019 -0.0166218 0)
(0.00502548 -0.0225472 0)
(0.0265501 -0.0288166 0)
(0.0489333 -0.0352196 0)
(0.0730013 -0.0417864 0)
(0.0975906 -0.0482452 0)
(0.123789 -0.0546403 0)
(0.150267 -0.0606557 0)
(0.178085 -0.0663901 0)
(0.20605 -0.0714671 0)
(0.234831 -0.0760972 0)
(0.263845 -0.0799739 0)
(0.292878 -0.0832567 0)
(0.322398 -0.0857341 0)
(0.350925 -0.0875354 0)
(0.380442 -0.0885925 0)
(0.407754 -0.0889516 0)
(0.436807 -0.0887143 0)
(0.462284 -0.0878014 0)
(0.490529 -0.086488 0)
(0.513671 -0.0845507 0)
(0.540913 -0.0824494 0)
(0.561361 -0.0797869 0)
(0.587573 -0.0772215 0)
(0.605101 -0.0741483 0)
(0.630418 -0.0714464 0)
(0.644915 -0.0682647 0)
(0.669631 -0.0657356 0)
(0.681077 -0.0627193 0)
(0.705618 -0.0606458 0)
(0.714056 -0.0580387 0)
(0.738962 -0.0566855 0)
(0.744467 -0.0547165 0)
(0.770363 -0.0543491 0)
(0.773009 -0.0532501 0)
(0.800573 -0.0541389 0)
(-0.00128045 0.00694318 0)
(-0.00687524 0.0138096 0)
(-0.0155056 0.0164456 0)
(-0.0240055 0.0176088 0)
(-0.0325143 0.0184447 0)
(-0.0407854 0.0192273 0)
(-0.0486901 0.0199077 0)
(-0.0561873 0.020409 0)
(-0.0632472 0.0207122 0)
(-0.0698376 0.0208432 0)
(-0.0759409 0.0208306 0)
(-0.0815517 0.0206994 0)
(-0.0866741 0.020472 0)
(-0.0913189 0.0201677 0)
(-0.0955011 0.0198034 0)
(-0.0992384 0.0193937 0)
(-0.10255 0.0189512 0)
(-0.105454 0.0184861 0)
(-0.107969 0.0180064 0)
(-0.11011 0.0175204 0)
(-0.111892 0.0170354 0)
(-0.113328 0.0165576 0)
(-0.114427 0.0160919 0)
(-0.115198 0.0156424 0)
(-0.115643 0.0152117 0)
(-0.115764 0.014801 0)
(-0.115556 0.014411 0)
(-0.115014 0.0140433 0)
(-0.114128 0.0136962 0)
(-0.112882 0.0133663 0)
(-0.111261 0.0130488 0)
(-0.109242 0.0127368 0)
(-0.106799 0.0124213 0)
(-0.103901 0.0120912 0)
(-0.100509 0.0117353 0)
(-0.0965867 0.0113464 0)
(-0.0920951 0.0109165 0)
(-0.0869838 0.0104233 0)
(-0.0812035 0.00984656 0)
(-0.0746999 0.00916647 0)
(-0.0674052 0.00835915 0)
(-0.0592438 0.00739792 0)
(-0.0501028 0.0062354 0)
(-0.040033 0.00483708 0)
(-0.0288638 0.00317694 0)
(-0.0165858 0.00121749 0)
(-0.00306662 -0.00111082 0)
(0.0116021 -0.0038478 0)
(0.0276322 -0.00708492 0)
(0.0447202 -0.0108745 0)
(0.0633565 -0.0152961 0)
(0.0830309 -0.0202931 0)
(0.104246 -0.025922 0)
(0.126221 -0.0320327 0)
(0.149788 -0.0386685 0)
(0.173806 -0.0456542 0)
(0.199459 -0.0529971 0)
(0.225188 -0.0603922 0)
(0.252538 -0.0679198 0)
(0.279646 -0.0751997 0)
(0.308251 -0.0823561 0)
(0.336324 -0.0889672 0)
(0.365637 -0.0952076 0)
(0.394191 -0.100648 0)
(0.423582 -0.105522 0)
(0.452095 -0.109445 0)
(0.480896 -0.112674 0)
(0.508849 -0.114893 0)
(0.536404 -0.116371 0)
(0.56335 -0.116889 0)
(0.589092 -0.116689 0)
(0.614707 -0.115666 0)
(0.638189 -0.114003 0)
(0.662297 -0.111721 0)
(0.683211 -0.108911 0)
(0.705785 -0.10573 0)
(0.723956 -0.102141 0)
(0.745112 -0.0984583 0)
(0.760478 -0.0944744 0)
(0.780457 -0.0906801 0)
(0.793043 -0.0866622 0)
(0.812185 -0.0831177 0)
(0.822072 -0.0793878 0)
(0.8408 -0.0764159 0)
(0.848091 -0.0732551 0)
(0.866886 -0.071145 0)
(0.871676 -0.0688027 0)
(0.891063 -0.0678238 0)
(0.893406 -0.0665336 0)
(0.913935 -0.0669554 0)
(-0.00367217 0.00682933 0)
(-0.0134841 0.0172806 0)
(-0.02453 0.0220102 0)
(-0.0336441 0.0246751 0)
(-0.0419048 0.0262675 0)
(-0.0495086 0.027111 0)
(-0.0564159 0.027384 0)
(-0.0625028 0.0272724 0)
(-0.0676786 0.0269127 0)
(-0.0719474 0.0263769 0)
(-0.0753672 0.0257116 0)
(-0.0779997 0.0249502 0)
(-0.0799072 0.024121 0)
(-0.0811494 0.0232466 0)
(-0.0817816 0.0223448 0)
(-0.0818545 0.0214297 0)
(-0.0814141 0.0205125 0)
(-0.0805014 0.0196009 0)
(-0.079149 0.0186984 0)
(-0.077387 0.0178103 0)
(-0.0752393 0.0169407 0)
(-0.0727256 0.016092 0)
(-0.0698596 0.015264 0)
(-0.0666514 0.0144577 0)
(-0.0631061 0.0136707 0)
(-0.0592217 0.0128994 0)
(-0.0549875 0.0121395 0)
(-0.0504019 0.0113944 0)
(-0.0454454 0.0106578 0)
(-0.0400991 0.00992172 0)
(-0.0343407 0.00917797 0)
(-0.0281432 0.00841687 0)
(-0.0214766 0.00762693 0)
(-0.0143039 0.00679344 0)
(-0.00657434 0.00589649 0)
(0.00175367 0.00491011 0)
(0.0106888 0.00381485 0)
(0.0202965 0.00260435 0)
(0.0306318 0.00126028 0)
(0.0417314 -0.000241828 0)
(0.0536748 -0.00193364 0)
(0.066464 -0.00383538 0)
(0.080245 -0.005981 0)
(0.094905 -0.00841307 0)
(0.110695 -0.0111871 0)
(0.127494 -0.0143241 0)
(0.145553 -0.0178796 0)
(0.164568 -0.0218928 0)
(0.184981 -0.0264291 0)
(0.20621 -0.0314347 0)
(0.228936 -0.0370175 0)
(0.252269 -0.0431116 0)
(0.277147 -0.0497907 0)
(0.302301 -0.0568838 0)
(0.328994 -0.0644575 0)
(0.355582 -0.0722473 0)
(0.383665 -0.0803216 0)
(0.411229 -0.0883273 0)
(0.440182 -0.0963622 0)
(0.468196 -0.104016 0)
(0.49744 -0.111426 0)
(0.525331 -0.118147 0)
(0.554235 -0.124371 0)
(0.581408 -0.129648 0)
(0.609325 -0.134235 0)
(0.635218 -0.137706 0)
(0.661555 -0.140385 0)
(0.685712 -0.141887 0)
(0.70999 -0.142594 0)
(0.732114 -0.142172 0)
(0.754012 -0.141034 0)
(0.773986 -0.138909 0)
(0.793336 -0.136212 0)
(0.811204 -0.132735 0)
(0.827971 -0.128869 0)
(0.843909 -0.124472 0)
(0.858156 -0.119875 0)
(0.872438 -0.115013 0)
(0.884294 -0.110122 0)
(0.897261 -0.105229 0)
(0.906885 -0.100444 0)
(0.918914 -0.0959083 0)
(0.926464 -0.0915759 0)
(0.937952 -0.0877318 0)
(0.943562 -0.0841431 0)
(0.954913 -0.0812773 0)
(0.958666 -0.078678 0)
(0.970282 -0.0770428 0)
(0.97218 -0.0756464 0)
(0.984455 -0.0754757 0)
(-0.00179936 0.0288007 0)
(-0.0095763 0.0405535 0)
(-0.0240565 0.040493 0)
(-0.0354442 0.0380638 0)
(-0.0444647 0.0362012 0)
(-0.0508753 0.0346992 0)
(-0.0549795 0.0332102 0)
(-0.0571781 0.0316597 0)
(-0.0578335 0.0300578 0)
(-0.057226 0.0284301 0)
(-0.0555452 0.0267976 0)
(-0.0529417 0.0251754 0)
(-0.0495426 0.0235811 0)
(-0.0454563 0.0220262 0)
(-0.0407738 0.0205169 0)
(-0.0355729 0.0190573 0)
(-0.0299195 0.017649 0)
(-0.0238731 0.0162903 0)
(-0.0174652 0.0149694 0)
(-0.0107385 0.0136904 0)
(-0.00371989 0.012454 0)
(0.00357072 0.0112568 0)
(0.0111187 0.0100948 0)
(0.0189195 0.00896467 0)
(0.0269691 0.00786198 0)
(0.0352741 0.00677643 0)
(0.0438768 0.00569147 0)
(0.0527524 0.00458822 0)
(0.0619355 0.00346213 0)
(0.0714563 0.00231029 0)
(0.081343 0.00112361 0)
(0.0916304 -0.000112636 0)
(0.102355 -0.00141431 0)
(0.113555 -0.00279915 0)
(0.12527 -0.00428453 0)
(0.137541 -0.00589062 0)
(0.150401 -0.00764459 0)
(0.163903 -0.0095687 0)
(0.178129 -0.0116839 0)
(0.193065 -0.0140123 0)
(0.20883 -0.0165847 0)
(0.225359 -0.019425 0)
(0.24284 -0.0225696 0)
(0.261115 -0.0260242 0)
(0.280463 -0.0298369 0)
(0.300601 -0.0340333 0)
(0.321925 -0.0386674 0)
(0.343949 -0.0437405 0)
(0.367233 -0.0493123 0)
(0.391042 -0.0553427 0)
(0.416124 -0.0618959 0)
(0.441466 -0.0688797 0)
(0.468037 -0.0763447 0)
(0.494504 -0.0841155 0)
(0.522094 -0.0922285 0)
(0.549132 -0.100427 0)
(0.577142 -0.10875 0)
(0.604103 -0.116871 0)
(0.631861 -0.124852 0)
(0.658051 -0.132313 0)
(0.684868 -0.139364 0)
(0.709616 -0.145592 0)
(0.734842 -0.151175 0)
(0.757558 -0.15569 0)
(0.780651 -0.159395 0)
(0.800894 -0.161878 0)
(0.821476 -0.163488 0)
(0.839006 -0.16383 0)
(0.856907 -0.163346 0)
(0.87171 -0.161662 0)
(0.886962 -0.159291 0)
(0.899214 -0.155877 0)
(0.911995 -0.151984 0)
(0.921999 -0.147265 0)
(0.932571 -0.142306 0)
(0.940696 -0.136766 0)
(0.949355 -0.131226 0)
(0.955992 -0.125348 0)
(0.963021 -0.119685 0)
(0.968546 -0.11391 0)
(0.974188 -0.108528 0)
(0.978944 -0.103234 0)
(0.983387 -0.0984728 0)
(0.987677 -0.0939748 0)
(0.991044 -0.0901098 0)
(0.995131 -0.0866678 0)
(0.997467 -0.083923 0)
(1.00158 -0.0817539 0)
(1.00284 -0.0803113 0)
(1.00717 -0.0795963 0)
(-0.0195882 0.0082748 0)
(-0.0378196 0.0318979 0)
(-0.041028 0.0392152 0)
(-0.0431397 0.0399976 0)
(-0.0420482 0.0383308 0)
(-0.0386242 0.0355713 0)
(-0.0333249 0.0325057 0)
(-0.0264973 0.0294665 0)
(-0.0183885 0.0265486 0)
(-0.0092985 0.0238243 0)
(0.000604622 0.0212668 0)
(0.0111417 0.0188575 0)
(0.0221626 0.0165922 0)
(0.0335527 0.0144641 0)
(0.0452247 0.0124632 0)
(0.0571043 0.0105806 0)
(0.0691355 0.00880931 0)
(0.0812407 0.00714885 0)
(0.0934624 0.00559455 0)
(0.105743 0.00412106 0)
(0.118065 0.00270429 0)
(0.130427 0.00132761 0)
(0.142827 -1.83102e-05 0)
(0.155281 -0.00134494 0)
(0.167789 -0.00266228 0)
(0.180365 -0.00398158 0)
(0.193058 -0.00531215 0)
(0.20587 -0.00667139 0)
(0.218847 -0.0080764 0)
(0.232034 -0.00954314 0)
(0.245466 -0.0110849 0)
(0.259182 -0.0127199 0)
(0.273224 -0.0144639 0)
(0.287632 -0.0163382 0)
(0.302455 -0.0183589 0)
(0.317723 -0.0205471 0)
(0.333498 -0.0229138 0)
(0.34979 -0.0254863 0)
(0.366687 -0.0282866 0)
(0.384159 -0.0313419 0)
(0.402321 -0.0346724 0)
(0.42109 -0.0383036 0)
(0.440624 -0.0422568 0)
(0.460766 -0.0465537 0)
(0.481728 -0.0512196 0)
(0.503249 -0.0562719 0)
(0.525613 -0.0617349 0)
(0.548414 -0.0676067 0)
(0.572022 -0.0739063 0)
(0.595856 -0.0805994 0)
(0.6204 -0.0876928 0)
(0.644859 -0.0951073 0)
(0.669872 -0.102833 0)
(0.694395 -0.110733 0)
(0.719273 -0.118782 0)
(0.743168 -0.126781 0)
(0.7672 -0.134707 0)
(0.789717 -0.142302 0)
(0.812188 -0.149564 0)
(0.832614 -0.156189 0)
(0.85289 -0.16223 0)
(0.870644 -0.167355 0)
(0.888255 -0.171697 0)
(0.902963 -0.174909 0)
(0.917673 -0.177229 0)
(0.929214 -0.178302 0)
(0.941029 -0.178482 0)
(0.949529 -0.177407 0)
(0.958683 -0.175542 0)
(0.964485 -0.172512 0)
(0.971376 -0.168887 0)
(0.974948 -0.164269 0)
(0.980046 -0.15931 0)
(0.981889 -0.153572 0)
(0.985655 -0.147764 0)
(0.986235 -0.1414 0)
(0.989063 -0.135226 0)
(0.98877 -0.128703 0)
(0.990965 -0.122599 0)
(0.990096 -0.116324 0)
(0.99187 -0.110659 0)
(0.990632 -0.104972 0)
(0.992111 -0.100051 0)
(0.99064 -0.0952273 0)
(0.991873 -0.0912923 0)
(0.990247 -0.0875536 0)
(0.991215 -0.0847979 0)
(0.989462 -0.0823201 0)
(0.990073 -0.0808932 0)
(0.988187 -0.0798106 0)
(-0.0189537 0.107859 0)
(-0.0181857 0.0727309 0)
(-0.0113642 0.0580312 0)
(0.00107669 0.0461417 0)
(0.0173469 0.0363361 0)
(0.0357518 0.0288095 0)
(0.0553566 0.0229066 0)
(0.0753903 0.018075 0)
(0.0957321 0.0139313 0)
(0.115765 0.0102942 0)
(0.135662 0.00708997 0)
(0.155294 0.00426977 0)
(0.174569 0.00176131 0)
(0.193463 -0.000498445 0)
(0.211974 -0.00255267 0)
(0.230085 -0.00443203 0)
(0.247817 -0.00616004 0)
(0.265147 -0.00775887 0)
(0.28213 -0.00924761 0)
(0.298753 -0.0106482 0)
(0.315024 -0.0119868 0)
(0.330989 -0.0132882 0)
(0.346668 -0.0145737 0)
(0.362115 -0.0158631 0)
(0.377343 -0.0171745 0)
(0.392408 -0.0185229 0)
(0.407352 -0.0199212 0)
(0.422223 -0.02138 0)
(0.437059 -0.022913 0)
(0.451916 -0.024542 0)
(0.466831 -0.0262834 0)
(0.481858 -0.0281588 0)
(0.497036 -0.0301821 0)
(0.512411 -0.0323749 0)
(0.528019 -0.0347493 0)
(0.543898 -0.0373276 0)
(0.560083 -0.0401208 0)
(0.576598 -0.0431534 0)
(0.593476 -0.0464368 0)
(0.61072 -0.049996 0)
(0.628364 -0.053839 0)
(0.646379 -0.0579891 0)
(0.664802 -0.0624505 0)
(0.68356 -0.0672439 0)
(0.702698 -0.0723687 0)
(0.722086 -0.0778414 0)
(0.741778 -0.0836555 0)
(0.76156 -0.0898147 0)
(0.781513 -0.0962972 0)
(0.801316 -0.103082 0)
(0.8211 -0.110127 0)
(0.840411 -0.117378 0)
(0.85947 -0.124767 0)
(0.877661 -0.132202 0)
(0.895355 -0.139598 0)
(0.911741 -0.14682 0)
(0.927425 -0.153776 0)
(0.941369 -0.160296 0)
(0.954507 -0.166308 0)
(0.965515 -0.171615 0)
(0.975763 -0.1762 0)
(0.983574 -0.179849 0)
(0.990855 -0.182632 0)
(0.995485 -0.184323 0)
(1 -0.185102 0)
(1.00174 -0.184726 0)
(1.00393 -0.183503 0)
(1.00325 -0.181155 0)
(1.0037 -0.178115 0)
(1.00121 -0.174053 0)
(1.00053 -0.169533 0)
(0.99677 -0.164148 0)
(0.995508 -0.158582 0)
(0.990975 -0.152326 0)
(0.989553 -0.14617 0)
(0.984589 -0.139491 0)
(0.983289 -0.133175 0)
(0.978107 -0.126478 0)
(0.977083 -0.120376 0)
(0.971782 -0.114009 0)
(0.971096 -0.108437 0)
(0.96569 -0.102688 0)
(0.965335 -0.0979047 0)
(0.959784 -0.0930117 0)
(0.959712 -0.0892255 0)
(0.953933 -0.0853775 0)
(0.954056 -0.082752 0)
(0.947932 -0.0800949 0)
(0.948118 -0.0787481 0)
(0.941503 -0.0773848 0)
(0.0697881 0.00704135 0)
(0.0896776 0.00653884 0)
(0.153251 0.0060948 0)
(0.198039 0.00293792 0)
(0.23674 -0.00132798 0)
(0.27189 -0.00540927 0)
(0.304343 -0.00892133 0)
(0.333895 -0.0118817 0)
(0.361387 -0.0144038 0)
(0.386997 -0.0165642 0)
(0.411156 -0.0184464 0)
(0.434032 -0.0201007 0)
(0.455729 -0.021567 0)
(0.476357 -0.0228766 0)
(0.49602 -0.0240541 0)
(0.514799 -0.0251177 0)
(0.532767 -0.0260873 0)
(0.549983 -0.026982 0)
(0.566504 -0.0278289 0)
(0.582389 -0.0286479 0)
(0.597682 -0.0294568 0)
(0.612445 -0.030276 0)
(0.626725 -0.0311249 0)
(0.640586 -0.0320237 0)
(0.654071 -0.0329887 0)
(0.667243 -0.0340375 0)
(0.680148 -0.0351849 0)
(0.692844 -0.0364463 0)
(0.705366 -0.0378344 0)
(0.717771 -0.0393659 0)
(0.730088 -0.0410536 0)
(0.742372 -0.0429141 0)
(0.754648 -0.044959 0)
(0.766959 -0.0472059 0)
(0.77932 -0.0496655 0)
(0.791767 -0.0523552 0)
(0.804301 -0.0552831 0)
(0.81695 -0.058466 0)
(0.829699 -0.0619095 0)
(0.842564 -0.06563 0)
(0.855515 -0.0696287 0)
(0.86855 -0.0739201 0)
(0.88162 -0.0784993 0)
(0.894701 -0.0833772 0)
(0.907729 -0.0885412 0)
(0.920649 -0.0939971 0)
(0.933377 -0.0997212 0)
(0.945828 -0.105709 0)
(0.957909 -0.111918 0)
(0.969493 -0.118326 0)
(0.980495 -0.124866 0)
(0.990738 -0.131495 0)
(1.00018 -0.13812 0)
(1.00858 -0.144675 0)
(1.01598 -0.151043 0)
(1.02209 -0.157138 0)
(1.02708 -0.162833 0)
(1.03058 -0.168034 0)
(1.03299 -0.17263 0)
(1.03377 -0.176528 0)
(1.03366 -0.179655 0)
(1.03188 -0.181929 0)
(1.02959 -0.183342 0)
(1.02562 -0.183813 0)
(1.0217 -0.183422 0)
(1.01608 -0.182076 0)
(1.01116 -0.179958 0)
(1.00444 -0.176935 0)
(0.99915 -0.17331 0)
(0.991813 -0.168876 0)
(0.986627 -0.16407 0)
(0.97898 -0.158572 0)
(0.974222 -0.152963 0)
(0.966427 -0.146772 0)
(0.96227 -0.140739 0)
(0.954356 -0.134213 0)
(0.950858 -0.12811 0)
(0.942768 -0.121578 0)
(0.939926 -0.115726 0)
(0.931558 -0.109483 0)
(0.929343 -0.104162 0)
(0.920573 -0.0984591 0)
(0.91895 -0.0939086 0)
(0.90964 -0.0889606 0)
(0.908571 -0.0853781 0)
(0.898564 -0.0813586 0)
(0.897995 -0.0788964 0)
(0.887105 -0.0759328 0)
(0.886942 -0.0746862 0)
(0.874949 -0.0728506 0)
(0.773438 -0.00911026 0)
(0.774929 -0.0204879 0)
(0.7757 -0.0266629 0)
(0.777305 -0.0303208 0)
(0.780867 -0.0329335 0)
(0.78616 -0.0350963 0)
(0.792903 -0.0369377 0)
(0.800468 -0.038421 0)
(0.808625 -0.0395677 0)
(0.817168 -0.0404105 0)
(0.825917 -0.0410277 0)
(0.834741 -0.0414886 0)
(0.843543 -0.0418366 0)
(0.852248 -0.0420981 0)
(0.860804 -0.0422912 0)
(0.869169 -0.0424314 0)
(0.877313 -0.0425346 0)
(0.885216 -0.0426182 0)
(0.892864 -0.0427018 0)
(0.900257 -0.042805 0)
(0.907398 -0.0429468 0)
(0.914299 -0.0431469 0)
(0.920974 -0.0434244 0)
(0.927444 -0.0437986 0)
(0.93373 -0.0442865 0)
(0.939857 -0.0449059 0)
(0.945848 -0.0456731 0)
(0.951726 -0.0466031 0)
(0.957511 -0.0477086 0)
(0.963226 -0.0490014 0)
(0.968884 -0.0504918 0)
(0.974506 -0.0521904 0)
(0.980099 -0.0541063 0)
(0.985678 -0.0562496 0)
(0.991239 -0.0586282 0)
(0.996791 -0.0612508 0)
(1.00232 -0.0641235 0)
(1.00783 -0.067253 0)
(1.01329 -0.0706429 0)
(1.0187 -0.074298 0)
(1.02401 -0.0782182 0)
(1.02921 -0.0824052 0)
(1.03424 -0.0868532 0)
(1.03906 -0.091559 0)
(1.04362 -0.0965087 0)
(1.04786 -0.101691 0)
(1.0517 -0.107079 0)
(1.05511 -0.112651 0)
(1.05797 -0.118364 0)
(1.06025 -0.124182 0)
(1.06184 -0.130042 0)
(1.0627 -0.135896 0)
(1.06275 -0.141659 0)
(1.06197 -0.14727 0)
(1.0603 -0.152628 0)
(1.05774 -0.157669 0)
(1.0543 -0.162282 0)
(1.04999 -0.166412 0)
(1.04492 -0.169953 0)
(1.03905 -0.172869 0)
(1.03265 -0.175072 0)
(1.02557 -0.176548 0)
(1.01826 -0.177239 0)
(1.01036 -0.177157 0)
(1.00259 -0.176287 0)
(0.994228 -0.174654 0)
(0.986397 -0.172299 0)
(0.977778 -0.169235 0)
(0.970114 -0.165576 0)
(0.96128 -0.161291 0)
(0.953879 -0.156579 0)
(0.944734 -0.151329 0)
(0.937622 -0.145858 0)
(0.928013 -0.139929 0)
(0.921205 -0.134016 0)
(0.910969 -0.127704 0)
(0.904511 -0.121673 0)
(0.893505 -0.115276 0)
(0.8875 -0.109446 0)
(0.875603 -0.103246 0)
(0.870206 -0.0979174 0)
(0.857293 -0.092163 0)
(0.852691 -0.0875973 0)
(0.838597 -0.0824906 0)
(0.834982 -0.0789019 0)
(0.819469 -0.0745943 0)
(0.817021 -0.072144 0)
(0.79976 -0.0687282 0)
(0.79863 -0.0675042 0)
(0.7792 -0.064997 0)
(1.05704 0.00841175 0)
(1.06012 6.73996e-05 0)
(1.0608 -0.00704649 0)
(1.06003 -0.0126583 0)
(1.05912 -0.0172424 0)
(1.05878 -0.021206 0)
(1.05915 -0.0247247 0)
(1.06008 -0.0278083 0)
(1.06134 -0.030453 0)
(1.06279 -0.0326766 0)
(1.06434 -0.0345225 0)
(1.06593 -0.0360441 0)
(1.06755 -0.0372933 0)
(1.06916 -0.0383155 0)
(1.07076 -0.0391498 0)
(1.07231 -0.0398306 0)
(1.0738 -0.0403901 0)
(1.07522 -0.0408592 0)
(1.07655 -0.0412682 0)
(1.07778 -0.0416469 0)
(1.07892 -0.0420243 0)
(1.07996 -0.0424278 0)
(1.0809 -0.0428839 0)
(1.08176 -0.0434172 0)
(1.08254 -0.0440507 0)
(1.08324 -0.0448057 0)
(1.08388 -0.0457017 0)
(1.08446 -0.0467558 0)
(1.08498 -0.0479827 0)
(1.08546 -0.0493949 0)
(1.08589 -0.0510035 0)
(1.08627 -0.0528178 0)
(1.08661 -0.0548461 0)
(1.08689 -0.0570948 0)
(1.08712 -0.0595696 0)
(1.08728 -0.0622745 0)
(1.08737 -0.0652134 0)
(1.08736 -0.0683881 0)
(1.08725 -0.0718003 0)
(1.08701 -0.075449 0)
(1.08662 -0.0793324 0)
(1.08605 -0.0834455 0)
(1.08528 -0.0877816 0)
(1.08427 -0.0923297 0)
(1.08299 -0.0970758 0)
(1.08142 -0.102 0)
(1.07951 -0.107079 0)
(1.07723 -0.112283 0)
(1.07455 -0.117575 0)
(1.07146 -0.122913 0)
(1.0679 -0.128249 0)
(1.06389 -0.133527 0)
(1.05938 -0.138684 0)
(1.0544 -0.143657 0)
(1.04892 -0.148373 0)
(1.04299 -0.152768 0)
(1.0366 -0.156766 0)
(1.02981 -0.160311 0)
(1.0226 -0.163327 0)
(1.01506 -0.165776 0)
(1.00718 -0.167584 0)
(0.998992 -0.168733 0)
(0.99051 -0.169161 0)
(0.981715 -0.168881 0)
(0.972652 -0.167845 0)
(0.963181 -0.166106 0)
(0.953474 -0.16364 0)
(0.943178 -0.160526 0)
(0.93273 -0.156762 0)
(0.921431 -0.152433 0)
(0.910185 -0.147561 0)
(0.897746 -0.142225 0)
(0.885751 -0.136504 0)
(0.872123 -0.130445 0)
(0.85958 -0.124206 0)
(0.844806 -0.11775 0)
(0.832046 -0.111353 0)
(0.816209 -0.104831 0)
(0.803662 -0.0986368 0)
(0.786823 -0.0923578 0)
(0.774981 -0.0867027 0)
(0.757108 -0.0809202 0)
(0.746494 -0.0760855 0)
(0.727377 -0.070969 0)
(0.718533 -0.0671707 0)
(0.697714 -0.062806 0)
(0.691232 -0.0602046 0)
(0.66796 -0.0566 0)
(0.66455 -0.0552964 0)
(0.637752 -0.0523781 0)
(1.08182 -0.00312226 0)
(1.08779 -0.0106659 0)
(1.09209 -0.0179624 0)
(1.09477 -0.0240159 0)
(1.0963 -0.0286831 0)
(1.09729 -0.0322891 0)
(1.09814 -0.0351919 0)
(1.099 -0.0376186 0)
(1.09988 -0.0396619 0)
(1.10072 -0.0413493 0)
(1.10147 -0.0426945 0)
(1.10213 -0.0437226 0)
(1.1027 -0.0444726 0)
(1.10318 -0.0449906 0)
(1.10358 -0.0453227 0)
(1.10391 -0.0455116 0)
(1.10416 -0.0455959 0)
(1.10432 -0.0456111 0)
(1.1044 -0.0455901 0)
(1.10439 -0.0455644 0)
(1.10428 -0.0455637 0)
(1.10408 -0.0456162 0)
(1.10379 -0.045748 0)
(1.1034 -0.045983 0)
(1.10293 -0.046343 0)
(1.10237 -0.0468475 0)
(1.10172 -0.0475137 0)
(1.101 -0.0483564 0)
(1.10019 -0.049388 0)
(1.09931 -0.0506188 0)
(1.09834 -0.0520572 0)
(1.0973 -0.0537096 0)
(1.09617 -0.0555811 0)
(1.09495 -0.0576752 0)
(1.09363 -0.0599946 0)
(1.09222 -0.0625408 0)
(1.09069 -0.0653149 0)
(1.08905 -0.0683166 0)
(1.08727 -0.0715448 0)
(1.08535 -0.0749965 0)
(1.08327 -0.0786675 0)
(1.08102 -0.0825509 0)
(1.07859 -0.0866377 0)
(1.07595 -0.0909153 0)
(1.07309 -0.0953682 0)
(1.06999 -0.0999758 0)
(1.06663 -0.104714 0)
(1.06299 -0.109553 0)
(1.05906 -0.114458 0)
(1.05481 -0.119387 0)
(1.05022 -0.124293 0)
(1.04527 -0.129121 0)
(1.03992 -0.133815 0)
(1.03416 -0.138309 0)
(1.02795 -0.142541 0)
(1.02125 -0.146443 0)
(1.01403 -0.149954 0)
(1.00625 -0.153009 0)
(0.997852 -0.155551 0)
(0.988802 -0.157523 0)
(0.979038 -0.15887 0)
(0.96852 -0.159545 0)
(0.957173 -0.159497 0)
(0.944963 -0.1587 0)
(0.931812 -0.157126 0)
(0.917708 -0.154796 0)
(0.9026 -0.151713 0)
(0.886503 -0.147947 0)
(0.86944 -0.143511 0)
(0.851423 -0.138499 0)
(0.832607 -0.132925 0)
(0.812907 -0.126917 0)
(0.792705 -0.120506 0)
(0.771698 -0.113862 0)
(0.750661 -0.107026 0)
(0.728835 -0.100172 0)
(0.707635 -0.0933341 0)
(0.685472 -0.0866539 0)
(0.664802 -0.080182 0)
(0.642661 -0.0739926 0)
(0.623202 -0.0681976 0)
(0.601231 -0.0627324 0)
(0.583655 -0.0578513 0)
(0.561668 -0.0532315 0)
(0.546672 -0.0494198 0)
(0.523998 -0.0456406 0)
(0.512474 -0.0430043 0)
(0.487785 -0.0399543 0)
(0.48114 -0.0385999 0)
(0.452185 -0.0360714 0)
(1.07461 -0.00703334 0)
(1.08069 -0.011948 0)
(1.08564 -0.0170506 0)
(1.08939 -0.0218067 0)
(1.09208 -0.0258679 0)
(1.09403 -0.0291859 0)
(1.09555 -0.0318945 0)
(1.09687 -0.0341534 0)
(1.09808 -0.0360702 0)
(1.09919 -0.0376933 0)
(1.10019 -0.0390371 0)
(1.10107 -0.0401101 0)
(1.10181 -0.0409306 0)
(1.10242 -0.0415283 0)
(1.10291 -0.0419403 0)
(1.10329 -0.042206 0)
(1.10356 -0.0423632 0)
(1.10371 -0.0424478 0)
(1.10375 -0.0424932 0)
(1.10366 -0.0425312 0)
(1.10346 -0.042592 0)
(1.10313 -0.0427041 0)
(1.10269 -0.0428936 0)
(1.10213 -0.0431842 0)
(1.10146 -0.0435969 0)
(1.10068 -0.0441505 0)
(1.09979 -0.0448607 0)
(1.0988 -0.0457416 0)
(1.0977 -0.0468048 0)
(1.09651 -0.0480599 0)
(1.09521 -0.0495139 0)
(1.09382 -0.0511725 0)
(1.09231 -0.0530391 0)
(1.09069 -0.0551163 0)
(1.08896 -0.0574055 0)
(1.0871 -0.0599073 0)
(1.0851 -0.0626213 0)
(1.08296 -0.0655463 0)
(1.08066 -0.0686798 0)
(1.07818 -0.0720182 0)
(1.07551 -0.0755554 0)
(1.07262 -0.0792837 0)
(1.06951 -0.0831923 0)
(1.06614 -0.0872675 0)
(1.06248 -0.0914917 0)
(1.05852 -0.0958433 0)
(1.0542 -0.100296 0)
(1.0495 -0.104819 0)
(1.04437 -0.109375 0)
(1.03875 -0.11392 0)
(1.03261 -0.118405 0)
(1.02587 -0.122772 0)
(1.01847 -0.126959 0)
(1.01033 -0.130901 0)
(1.00136 -0.13453 0)
(0.99148 -0.137776 0)
(0.980605 -0.140572 0)
(0.968632 -0.142853 0)
(0.955494 -0.144561 0)
(0.941098 -0.145642 0)
(0.9254 -0.146046 0)
(0.908329 -0.14572 0)
(0.889868 -0.144621 0)
(0.869971 -0.142711 0)
(0.848656 -0.139979 0)
(0.825919 -0.136445 0)
(0.801838 -0.13216 0)
(0.776491 -0.127194 0)
(0.750039 -0.121622 0)
(0.722643 -0.115531 0)
(0.694522 -0.109003 0)
(0.665852 -0.102148 0)
(0.636881 -0.0950612 0)
(0.607783 -0.0878971 0)
(0.578888 -0.0807596 0)
(0.550317 -0.0738109 0)
(0.522507 -0.0671059 0)
(0.495363 -0.0607858 0)
(0.469498 -0.0548316 0)
(0.444409 -0.0493739 0)
(0.421119 -0.0443305 0)
(0.398387 -0.0398462 0)
(0.378107 -0.035789 0)
(0.357631 -0.0323139 0)
(0.340673 -0.0292552 0)
(0.321788 -0.0267347 0)
(0.308597 -0.0246492 0)
(0.289768 -0.0229374 0)
(0.281653 -0.0218507 0)
(0.259708 -0.0206819 0)
(1.06829 -0.014481 0)
(1.07415 -0.018456 0)
(1.07921 -0.0225569 0)
(1.0834 -0.0265099 0)
(1.08675 -0.030074 0)
(1.08939 -0.0331223 0)
(1.09154 -0.0356556 0)
(1.09337 -0.0377464 0)
(1.095 -0.0394763 0)
(1.0965 -0.0409028 0)
(1.09786 -0.0420568 0)
(1.09907 -0.0429541 0)
(1.10013 -0.0436098 0)
(1.10101 -0.0440455 0)
(1.10173 -0.0442914 0)
(1.10229 -0.0443825 0)
(1.10268 -0.0443565 0)
(1.10291 -0.0442507 0)
(1.10297 -0.0441012 0)
(1.10286 -0.0439426 0)
(1.10258 -0.0438074 0)
(1.10213 -0.0437263 0)
(1.10152 -0.0437267 0)
(1.10074 -0.0438329 0)
(1.0998 -0.0440656 0)
(1.09871 -0.044442 0)
(1.09747 -0.0449772 0)
(1.09607 -0.0456841 0)
(1.09453 -0.0465732 0)
(1.09284 -0.047653 0)
(1.091 -0.0489296 0)
(1.089 -0.0504072 0)
(1.08684 -0.052088 0)
(1.08451 -0.0539729 0)
(1.08198 -0.0560612 0)
(1.07926 -0.0583518 0)
(1.07631 -0.0608417 0)
(1.07312 -0.0635277 0)
(1.06965 -0.0664046 0)
(1.06589 -0.0694662 0)
(1.0618 -0.0727037 0)
(1.05734 -0.0761066 0)
(1.05247 -0.0796604 0)
(1.04715 -0.0833481 0)
(1.04133 -0.0871473 0)
(1.03495 -0.0910324 0)
(1.02795 -0.0949719 0)
(1.02026 -0.0989299 0)
(1.0118 -0.102864 0)
(1.0025 -0.106727 0)
(0.99226 -0.110462 0)
(0.980997 -0.114004 0)
(0.968607 -0.117286 0)
(0.954984 -0.120235 0)
(0.940022 -0.122779 0)
(0.923615 -0.124844 0)
(0.905665 -0.126364 0)
(0.886083 -0.127274 0)
(0.864803 -0.127525 0)
(0.841776 -0.127076 0)
(0.816995 -0.125895 0)
(0.790478 -0.123952 0)
(0.762288 -0.121225 0)
(0.732495 -0.117697 0)
(0.701229 -0.113383 0)
(0.668604 -0.108333 0)
(0.634827 -0.10263 0)
(0.600113 -0.0963802 0)
(0.564806 -0.0897013 0)
(0.529238 -0.0827375 0)
(0.493814 -0.0756333 0)
(0.458873 -0.0685201 0)
(0.424783 -0.0615189 0)
(0.391811 -0.0547634 0)
(0.360322 -0.0483574 0)
(0.330584 -0.0424125 0)
(0.30293 -0.0370166 0)
(0.277466 -0.0322474 0)
(0.254404 -0.0281074 0)
(0.233577 -0.024607 0)
(0.215119 -0.0216654 0)
(0.198558 -0.0192677 0)
(0.184119 -0.0172666 0)
(0.170958 -0.0156817 0)
(0.159719 -0.0143145 0)
(0.148864 -0.013308 0)
(0.14017 -0.0123811 0)
(0.130289 -0.0118852 0)
(0.12447 -0.0113988 0)
(0.11295 -0.0114044 0)
(1.06566 -0.0204739 0)
(1.0714 -0.0236693 0)
(1.07652 -0.0269224 0)
(1.08096 -0.0300878 0)
(1.08471 -0.0330191 0)
(1.08784 -0.0356046 0)
(1.09045 -0.0377963 0)
(1.09268 -0.0396054 0)
(1.09464 -0.0410735 0)
(1.09639 -0.0422447 0)
(1.09794 -0.0431517 0)
(1.09929 -0.0438155 0)
(1.10042 -0.0442519 0)
(1.10132 -0.044479 0)
(1.10198 -0.0445211 0)
(1.10238 -0.0444084 0)
(1.10254 -0.0441761 0)
(1.10243 -0.0438611 0)
(1.10206 -0.043501 0)
(1.10143 -0.0431319 0)
(1.10054 -0.0427887 0)
(1.09939 -0.042504 0)
(1.09798 -0.0423069 0)
(1.09632 -0.042222 0)
(1.09442 -0.0422688 0)
(1.09227 -0.0424625 0)
(1.08989 -0.0428158 0)
(1.08726 -0.0433394 0)
(1.08439 -0.0440415 0)
(1.08127 -0.0449284 0)
(1.07789 -0.0460038 0)
(1.07425 -0.0472698 0)
(1.07031 -0.048726 0)
(1.06607 -0.0503707 0)
(1.0615 -0.0522003 0)
(1.05656 -0.05421 0)
(1.05123 -0.0563936 0)
(1.04546 -0.0587436 0)
(1.03921 -0.0612509 0)
(1.03243 -0.063905 0)
(1.02506 -0.0666924 0)
(1.01706 -0.0695981 0)
(1.00835 -0.0726023 0)
(0.998874 -0.0756828 0)
(0.988546 -0.0788109 0)
(0.97729 -0.0819544 0)
(0.965018 -0.0850744 0)
(0.95164 -0.0881295 0)
(0.937061 -0.0910728 0)
(0.921186 -0.0938522 0)
(0.903916 -0.0964052 0)
(0.885156 -0.0986661 0)
(0.864808 -0.100563 0)
(0.842785 -0.102029 0)
(0.818998 -0.102994 0)
(0.793388 -0.103399 0)
(0.765903 -0.103187 0)
(0.736534 -0.102314 0)
(0.705296 -0.100742 0)
(0.672233 -0.0984427 0)
(0.63747 -0.0954063 0)
(0.601181 -0.0916368 0)
(0.563603 -0.0871534 0)
(0.525049 -0.0820141 0)
(0.485878 -0.0763231 0)
(0.446388 -0.0701773 0)
(0.407014 -0.0637096 0)
(0.368106 -0.0570426 0)
(0.330314 -0.050356 0)
(0.294093 -0.0437978 0)
(0.260059 -0.0375746 0)
(0.228715 -0.0319093 0)
(0.200422 -0.0270022 0)
(0.175215 -0.0229002 0)
(0.153206 -0.0196005 0)
(0.134229 -0.0170197 0)
(0.118012 -0.0150132 0)
(0.104197 -0.0134252 0)
(0.092405 -0.0121204 0)
(0.0821933 -0.0110304 0)
(0.0732687 -0.0100983 0)
(0.0652967 -0.00931009 0)
(0.0581772 -0.00860772 0)
(0.0516287 -0.0079959 0)
(0.0457274 -0.00740933 0)
(0.0401135 -0.00692521 0)
(0.0351687 -0.00648716 0)
(0.0302137 -0.00633907 0)
(0.0265345 -0.00624493 0)
(0.0210221 -0.00680038 0)
(1.06639 -0.0266926 0)
(1.07195 -0.0292252 0)
(1.07694 -0.0317642 0)
(1.08128 -0.0342431 0)
(1.08497 -0.0365787 0)
(1.08803 -0.0386865 0)
(1.0905 -0.0405022 0)
(1.09249 -0.0419996 0)
(1.09405 -0.0431856 0)
(1.09525 -0.0440838 0)
(1.09609 -0.044719 0)
(1.09656 -0.0451112 0)
(1.09667 -0.0452769 0)
(1.09637 -0.0452323 0)
(1.09567 -0.0449989 0)
(1.09456 -0.0446039 0)
(1.09302 -0.0440808 0)
(1.09106 -0.0434662 0)
(1.08869 -0.0427988 0)
(1.08591 -0.0421169 0)
(1.08272 -0.0414581 0)
(1.07914 -0.0408568 0)
(1.07517 -0.0403449 0)
(1.07082 -0.0399479 0)
(1.06612 -0.0396851 0)
(1.06105 -0.039571 0)
(1.05563 -0.0396167 0)
(1.04985 -0.0398291 0)
(1.04369 -0.0402123 0)
(1.03714 -0.0407675 0)
(1.03019 -0.0414939 0)
(1.02281 -0.0423884 0)
(1.01498 -0.0434467 0)
(1.00665 -0.0446624 0)
(0.997801 -0.0460282 0)
(0.988374 -0.0475352 0)
(0.978322 -0.0491732 0)
(0.967589 -0.0509304 0)
(0.956116 -0.0527933 0)
(0.943837 -0.0547467 0)
(0.930685 -0.0567729 0)
(0.916586 -0.0588521 0)
(0.901464 -0.0609609 0)
(0.885241 -0.0630732 0)
(0.867836 -0.0651566 0)
(0.849167 -0.067176 0)
(0.82915 -0.0690874 0)
(0.807708 -0.0708484 0)
(0.784756 -0.0724065 0)
(0.760229 -0.0737026 0)
(0.734074 -0.0746716 0)
(0.706252 -0.0752508 0)
(0.676737 -0.0753788 0)
(0.645531 -0.0750044 0)
(0.612654 -0.0740818 0)
(0.578178 -0.0725829 0)
(0.542199 -0.0704893 0)
(0.504905 -0.067805 0)
(0.466526 -0.0645254 0)
(0.427309 -0.0606348 0)
(0.387611 -0.0561256 0)
(0.347877 -0.0510346 0)
(0.308639 -0.0454367 0)
(0.270545 -0.0395729 0)
(0.234252 -0.0337914 0)
(0.200333 -0.028422 0)
(0.16934 -0.0237556 0)
(0.141543 -0.0198775 0)
(0.117577 -0.0168526 0)
(0.0973505 -0.0145214 0)
(0.0804778 -0.012639 0)
(0.0663581 -0.0110661 0)
(0.054369 -0.00973604 0)
(0.0438144 -0.00862466 0)
(0.0344462 -0.00781225 0)
(0.0260892 -0.00725223 0)
(0.0186582 -0.00679568 0)
(0.0121049 -0.00635115 0)
(0.00632582 -0.00588 0)
(0.00119409 -0.00538649 0)
(-0.00338925 -0.00488987 0)
(-0.00753225 -0.00442248 0)
(-0.011293 -0.00399266 0)
(-0.0147559 -0.00361837 0)
(-0.0179316 -0.00329196 0)
(-0.020901 -0.00307008 0)
(-0.0235757 -0.00298796 0)
(-0.0260623 -0.00316124 0)
(-0.0282617 -0.00353977 0)
(-0.0309623 -0.00438241 0)
(1.06602 -0.0309456 0)
(1.07 -0.0328913 0)
(1.07316 -0.03481 0)
(1.07544 -0.0366746 0)
(1.0768 -0.0384302 0)
(1.07727 -0.0400095 0)
(1.07688 -0.0413516 0)
(1.07569 -0.0424174 0)
(1.07375 -0.0431942 0)
(1.07112 -0.0436886 0)
(1.06782 -0.043916 0)
(1.06387 -0.0438936 0)
(1.0593 -0.0436372 0)
(1.0541 -0.043164 0)
(1.0483 -0.0424944 0)
(1.04191 -0.0416556 0)
(1.03495 -0.0406804 0)
(1.02747 -0.039608 0)
(1.01948 -0.0384794 0)
(1.01101 -0.0373376 0)
(1.00209 -0.0362218 0)
(0.992753 -0.0351686 0)
(0.983006 -0.034207 0)
(0.972873 -0.0333643 0)
(0.962374 -0.0326648 0)
(0.951514 -0.0321266 0)
(0.94029 -0.0317594 0)
(0.92869 -0.0315649 0)
(0.916699 -0.031539 0)
(0.90429 -0.0316732 0)
(0.891437 -0.031957 0)
(0.878102 -0.0323782 0)
(0.864249 -0.0329245 0)
(0.84983 -0.0335827 0)
(0.834799 -0.03434 0)
(0.8191 -0.035182 0)
(0.80268 -0.0360951 0)
(0.785477 -0.0370632 0)
(0.767435 -0.0380709 0)
(0.748486 -0.0390992 0)
(0.728578 -0.0401306 0)
(0.70764 -0.0411426 0)
(0.685628 -0.0421148 0)
(0.662475 -0.0430202 0)
(0.638154 -0.0438349 0)
(0.612608 -0.0445248 0)
(0.585848 -0.0450581 0)
(0.557848 -0.0453844 0)
(0.528617 -0.0454386 0)
(0.498199 -0.0451525 0)
(0.466675 -0.0444619 0)
(0.434151 -0.0433115 0)
(0.40078 -0.0416617 0)
(0.366752 -0.0394994 0)
(0.332322 -0.0368437 0)
(0.297798 -0.0337508 0)
(0.263525 -0.0303378 0)
(0.229978 -0.0267777 0)
(0.197713 -0.0232628 0)
(0.16732 -0.0199568 0)
(0.139389 -0.0169669 0)
(0.114429 -0.0143141 0)
(0.0929014 -0.0120883 0)
(0.0745746 -0.0102184 0)
(0.0589835 -0.00863182 0)
(0.0456003 -0.00729292 0)
(0.0339758 -0.00624131 0)
(0.0235633 -0.0055539 0)
(0.0142674 -0.00526864 0)
(0.00610595 -0.00516765 0)
(-0.000962131 -0.00492442 0)
(-0.00708044 -0.00437783 0)
(-0.0123667 -0.00362421 0)
(-0.0169949 -0.00289792 0)
(-0.021083 -0.0023576 0)
(-0.0247264 -0.00205327 0)
(-0.0280269 -0.00193364 0)
(-0.0310409 -0.00191693 0)
(-0.033791 -0.00191469 0)
(-0.0362939 -0.00187719 0)
(-0.0385679 -0.00179014 0)
(-0.0406424 -0.00166257 0)
(-0.0425433 -0.00150656 0)
(-0.0442937 -0.00134526 0)
(-0.0459014 -0.0012074 0)
(-0.0473856 -0.00115605 0)
(-0.04874 -0.00124848 0)
(-0.0500494 -0.00155431 0)
(-0.0514777 -0.00207006 0)
(-0.0530244 -0.00272902 0)
(1.02397 -0.0368214 0)
(1.01904 -0.0373888 0)
(1.01278 -0.0379484 0)
(1.0052 -0.0384857 0)
(0.996316 -0.0389587 0)
(0.986194 -0.0393145 0)
(0.97492 -0.039506 0)
(0.962606 -0.0394978 0)
(0.949356 -0.0392658 0)
(0.935288 -0.0388014 0)
(0.920515 -0.0381091 0)
(0.905144 -0.0372021 0)
(0.889267 -0.036097 0)
(0.872975 -0.0348138 0)
(0.856347 -0.0333751 0)
(0.839469 -0.0318085 0)
(0.822413 -0.0301457 0)
(0.805253 -0.0284248 0)
(0.788046 -0.0266854 0)
(0.770849 -0.0249684 0)
(0.75369 -0.0233103 0)
(0.73661 -0.0217444 0)
(0.719607 -0.0202953 0)
(0.702682 -0.0189854 0)
(0.685835 -0.0178338 0)
(0.669059 -0.0168529 0)
(0.652335 -0.0160471 0)
(0.635635 -0.0154134 0)
(0.61892 -0.0149425 0)
(0.602143 -0.0146205 0)
(0.585257 -0.0144307 0)
(0.568208 -0.0143549 0)
(0.550942 -0.0143746 0)
(0.533407 -0.0144712 0)
(0.515549 -0.0146262 0)
(0.497317 -0.0148211 0)
(0.478664 -0.0150376 0)
(0.459548 -0.0152576 0)
(0.439933 -0.0154629 0)
(0.419789 -0.0156354 0)
(0.399099 -0.0157579 0)
(0.377853 -0.0158132 0)
(0.356062 -0.0157866 0)
(0.333742 -0.0156634 0)
(0.310954 -0.0154354 0)
(0.287749 -0.0150922 0)
(0.264303 -0.0146367 0)
(0.240739 -0.0140476 0)
(0.217233 -0.0133119 0)
(0.194009 -0.0124313 0)
(0.171332 -0.0114214 0)
(0.149492 -0.0103049 0)
(0.128783 -0.00910842 0)
(0.109449 -0.00785561 0)
(0.0917038 -0.00654008 0)
(0.0756688 -0.00527542 0)
(0.0612519 -0.004126 0)
(0.0483423 -0.00316593 0)
(0.0368147 -0.00249863 0)
(0.0265426 -0.00221274 0)
(0.0173426 -0.00230781 0)
(0.00897942 -0.00264069 0)
(0.00161569 -0.00300344 0)
(-0.00480574 -0.00301648 0)
(-0.0103053 -0.0025348 0)
(-0.0149056 -0.00171586 0)
(-0.0187329 -0.000885784 0)
(-0.0219742 -0.000365186 0)
(-0.0248156 -0.00020831 0)
(-0.0274343 -0.00028968 0)
(-0.0298826 -0.000435297 0)
(-0.0320913 -0.000481165 0)
(-0.0339798 -0.000408172 0)
(-0.0355474 -0.000289587 0)
(-0.036856 -0.000199675 0)
(-0.0380056 -0.00017813 0)
(-0.0390811 -0.000230056 0)
(-0.0401298 -0.000309657 0)
(-0.0411646 -0.000374971 0)
(-0.0421725 -0.000407326 0)
(-0.0431313 -0.000405352 0)
(-0.0440229 -0.000376488 0)
(-0.0448368 -0.000327645 0)
(-0.0455703 -0.000267491 0)
(-0.0462292 -0.000214778 0)
(-0.0468334 -0.000208762 0)
(-0.0474223 -0.000301023 0)
(-0.0481156 -0.00055453 0)
(-0.0491204 -0.000963576 0)
(-0.0502756 -0.0013549 0)
(0.71486 -0.020657 0)
(0.685901 -0.0202335 0)
(0.656836 -0.0198224 0)
(0.627686 -0.0194176 0)
(0.598513 -0.0189952 0)
(0.569397 -0.0185244 0)
(0.540467 -0.0179772 0)
(0.511894 -0.01733 0)
(0.483842 -0.016559 0)
(0.456487 -0.0156517 0)
(0.429999 -0.01461 0)
(0.404535 -0.0134493 0)
(0.380235 -0.012194 0)
(0.357214 -0.0108728 0)
(0.335568 -0.00951741 0)
(0.315363 -0.00816109 0)
(0.296642 -0.00683845 0)
(0.279411 -0.00558367 0)
(0.263645 -0.00442815 0)
(0.249283 -0.00339719 0)
(0.236234 -0.00250934 0)
(0.224386 -0.00177424 0)
(0.213607 -0.00119556 0)
(0.203759 -0.000760897 0)
(0.19471 -0.000447746 0)
(0.186327 -0.000234692 0)
(0.178481 -0.000104809 0)
(0.171047 -4.40172e-05 0)
(0.163911 -3.88958e-05 0)
(0.156972 -7.58197e-05 0)
(0.150142 -0.000141322 0)
(0.143351 -0.000222678 0)
(0.136542 -0.000308313 0)
(0.129672 -0.000387841 0)
(0.122714 -0.000452076 0)
(0.115653 -0.000492984 0)
(0.108487 -0.000503817 0)
(0.101224 -0.000479215 0)
(0.0938854 -0.000415461 0)
(0.0865017 -0.000310727 0)
(0.0791119 -0.000165441 0)
(0.0717623 1.72329e-05 0)
(0.064505 0.000231047 0)
(0.0573937 0.000465862 0)
(0.0504833 0.0007074 0)
(0.0438206 0.00093407 0)
(0.0374442 0.00111338 0)
(0.0313686 0.0011949 0)
(0.0255948 0.00113965 0)
(0.0201125 0.000930414 0)
(0.0149028 0.00057607 0)
(0.00995215 0.000117004 0)
(0.0052679 -0.000368483 0)
(0.000861896 -0.000772829 0)
(-0.00325352 -0.00100934 0)
(-0.00690477 -0.00109281 0)
(-0.00994202 -0.000952682 0)
(-0.0122999 -0.000604476 0)
(-0.0139972 -0.000142028 0)
(-0.0151712 0.000302824 0)
(-0.0160385 0.000605084 0)
(-0.0168715 0.000736244 0)
(-0.0178251 0.000747713 0)
(-0.0188869 0.000680966 0)
(-0.0198614 0.000607796 0)
(-0.0205481 0.00054705 0)
(-0.0208716 0.000495211 0)
(-0.0209122 0.00042552 0)
(-0.0208499 0.000313652 0)
(-0.0208545 0.000174009 0)
(-0.0209991 6.61188e-05 0)
(-0.0212354 2.5985e-05 0)
(-0.0214594 4.55722e-05 0)
(-0.0216053 9.02453e-05 0)
(-0.021668 0.000126261 0)
(-0.0216877 0.000136648 0)
(-0.0217171 0.000122425 0)
(-0.0217914 9.29466e-05 0)
(-0.0219182 6.00521e-05 0)
(-0.0220844 3.28937e-05 0)
(-0.0222689 1.60585e-05 0)
(-0.0224515 1.01309e-05 0)
(-0.022615 1.41054e-05 0)
(-0.022747 2.60189e-05 0)
(-0.0228425 4.17915e-05 0)
(-0.0229119 5.10395e-05 0)
(-0.0229921 3.24548e-05 0)
(-0.0231812 -5.02943e-05 0)
(-0.023678 -0.000207987 0)
(-0.0245123 -0.000353574 0)
)
;

boundaryField
{
    fixedWalls
    {
        type            noSlip;
    }
    inflowWall
    {
        type            fixedValue;
        value           uniform (1 0 0);
    }
    outflowWall
    {
        type            zeroGradient;
    }
    frontAndBack
    {
        type            empty;
    }
}


// ************************************************************************* //
