/*--------------------------------*- C++ -*----------------------------------*\
| =========                 |                                                 |
| \\      /  F ield         | OpenFOAM: The Open Source CFD Toolbox           |
|  \\    /   O peration     | Version:  2306                                  |
|   \\  /    A nd           | Website:  www.openfoam.com                      |
|    \\/     M anipulation  |                                                 |
\*---------------------------------------------------------------------------*/
FoamFile
{
    version     2.0;
    format      ascii;
    arch        "LSB;label=32;scalar=64";
    class       volScalarField;
    location    "0.07";
    object      p;
}
// * * * * * * * * * * * * * * * * * * * * * * * * * * * * * * * * * * * * * //

dimensions      [0 2 -2 0 0 0 0];

internalField   nonuniform List<scalar> 
475
(
3.16392
2.44366
1.97699
1.63688
1.26912
2.5847
2.29175
1.97304
1.68693
1.42254
2.47978
2.2873
2.02163
1.7653
1.5461
2.62415
2.33813
2.04403
1.80014
1.60156
3.21532
2.50149
2.06643
1.79624
1.58705
1.0676
1.09068
1.13721
1.18615
1.22156
1.23715
1.23266
1.21199
1.18057
1.14331
1.10378
1.06419
1.02566
0.988579
0.952964
0.918619
0.88529
0.852732
0.820733
0.789127
0.757787
0.726624
0.695573
0.664592
0.633653
0.602736
0.571831
0.540931
0.510032
0.479131
0.448229
0.417324
0.386418
0.355509
0.324599
0.293687
0.262774
0.231861
0.200947
0.170033
0.139118
0.108203
0.077288
0.0463728
0.0154576
1.04676
1.07504
1.11788
1.16229
1.19624
1.21307
1.21173
1.1952
1.16805
1.1346
1.09813
1.06078
1.02377
0.987669
0.952624
0.918589
0.88541
0.852909
0.820917
0.789293
0.757927
0.726736
0.695661
0.664659
0.633702
0.602772
0.571857
0.54095
0.510045
0.47914
0.448235
0.417329
0.38642
0.355511
0.3246
0.293688
0.262775
0.231861
0.200947
0.170033
0.139118
0.108203
0.0772881
0.0463729
0.0154576
0.983174
1.04597
1.09811
1.14724
1.18418
1.20232
1.20151
1.18557
1.15936
1.12718
1.09214
1.05619
1.0204
0.985294
0.951008
0.917528
0.88474
0.852506
0.820689
0.789176
0.757877
0.726725
0.69567
0.664678
0.633724
0.602794
0.571876
0.540966
0.510058
0.479151
0.448243
0.417335
0.386425
0.355514
0.324602
0.293689
0.262776
0.231862
0.200948
0.170033
0.139118
0.108203
0.0772882
0.046373
0.0154577
0.893744
1.00584
1.07932
1.13622
1.17588
1.19379
1.1916
1.17461
1.14834
1.11704
1.08347
1.04922
1.01507
0.981389
0.948256
0.915651
0.883504
0.85172
0.82021
0.788899
0.75773
0.726658
0.695649
0.664682
0.633741
0.602815
0.571898
0.540985
0.510075
0.479165
0.448254
0.417343
0.386431
0.355519
0.324606
0.293692
0.262778
0.231864
0.200949
0.170034
0.139119
0.108204
0.0772884
0.0463731
0.0154577
0.612592
0.947958
1.07471
1.13632
1.17236
1.18555
1.17939
1.16021
1.13368
1.10359
1.07205
1.04009
1.00813
0.976311
0.944678
0.913214
0.881897
0.850695
0.819582
0.788534
0.757533
0.726564
0.695616
0.664683
0.633759
0.602839
0.571923
0.541009
0.510095
0.479181
0.448268
0.417354
0.386439
0.355525
0.32461
0.293696
0.262781
0.231866
0.20095
0.170035
0.13912
0.108204
0.0772887
0.0463732
0.0154578
0.982344
1.05981
1.13201
1.16661
1.18123
1.1803
1.16625
1.1437
1.11692
1.08844
1.05937
1.03007
1.00056
0.970816
0.940814
0.910589
0.880166
0.849592
0.818905
0.788139
0.757319
0.726461
0.69558
0.664683
0.633777
0.602865
0.57195
0.541034
0.510117
0.479199
0.448282
0.417365
0.386448
0.355531
0.324615
0.293699
0.262783
0.231867
0.200952
0.170036
0.13912
0.108205
0.077289
0.0463734
0.0154578
1.22494
1.18859
1.19968
1.20064
1.1907
1.17378
1.15158
1.12633
1.10005
1.0737
1.04735
1.02073
0.993591
0.965781
0.937297
0.9082
0.878593
0.848589
0.81829
0.787782
0.757126
0.72637
0.695548
0.664685
0.633795
0.60289
0.571976
0.541057
0.510137
0.479216
0.448295
0.417375
0.386456
0.355538
0.32462
0.293702
0.262786
0.231869
0.200953
0.170037
0.139121
0.108205
0.0772893
0.0463735
0.0154579
1.37846
1.2925
1.25177
1.22056
1.19082
1.16258
1.13564
1.10992
1.08534
1.0615
1.03773
1.01344
0.988222
0.961942
0.934628
0.906392
0.877404
0.847833
0.81783
0.787516
0.756985
0.726306
0.695529
0.66469
0.633812
0.602911
0.571998
0.541077
0.510154
0.47923
0.448306
0.417384
0.386463
0.355542
0.324623
0.293705
0.262788
0.231871
0.200954
0.170038
0.139121
0.108205
0.0772895
0.0463736
0.0154579
1.44394
1.33529
1.26476
1.21471
1.17595
1.14466
1.11835
1.09513
1.0736
1.0526
1.0312
1.00875
0.984938
0.959692
0.933117
0.905406
0.876782
0.847459
0.817619
0.787408
0.75694
0.726297
0.69554
0.66471
0.633835
0.602933
0.572017
0.541093
0.510167
0.47924
0.448314
0.41739
0.386467
0.355546
0.324626
0.293707
0.262789
0.231872
0.200955
0.170038
0.139122
0.108206
0.0772896
0.0463737
0.0154578
1.42076
1.30097
1.22217
1.17136
1.1375
1.11349
1.09477
1.07835
1.0623
1.04539
1.02685
1.0063
0.983692
0.959167
0.932998
0.905497
0.876966
0.847668
0.817818
0.787581
0.757083
0.726411
0.695628
0.664777
0.633884
0.602969
0.572043
0.541112
0.51018
0.479249
0.448321
0.417394
0.38647
0.355548
0.324627
0.293708
0.262789
0.231872
0.200955
0.170038
0.139122
0.108206
0.0772895
0.0463736
0.0154578
)
;

boundaryField
{
    fixedWalls
    {
        type            zeroGradient;
    }
    inflowWall
    {
        type            zeroGradient;
    }
    outflowWall
    {
        type            fixedValue;
        value           uniform 0;
    }
    frontAndBack
    {
        type            empty;
    }
}


// ************************************************************************* //
