/*--------------------------------*- C++ -*----------------------------------*\
| =========                 |                                                 |
| \\      /  F ield         | OpenFOAM: The Open Source CFD Toolbox           |
|  \\    /   O peration     | Version:  2306                                  |
|   \\  /    A nd           | Website:  www.openfoam.com                      |
|    \\/     M anipulation  |                                                 |
\*---------------------------------------------------------------------------*/
FoamFile
{
    version     2.0;
    format      ascii;
    arch        "LSB;label=32;scalar=64";
    class       surfaceScalarField;
    location    "6";
    object      phi;
}
// * * * * * * * * * * * * * * * * * * * * * * * * * * * * * * * * * * * * * //

dimensions      [0 3 -1 0 0 0 0];

oriented        oriented;

internalField   nonuniform List<scalar> 
3680
(
4.93468e-05
6.53173e-07
4.7974e-05
1.37281e-06
4.66973e-05
1.27676e-06
4.526e-05
1.43731e-06
4.41212e-05
1.13876e-06
4.27169e-05
1.40432e-06
4.17315e-05
9.85403e-07
4.04288e-05
1.30269e-06
3.97937e-05
6.35108e-07
9.90106e-07
3.88036e-05
5.03392e-05
3.13934e-07
5.08676e-05
8.44414e-07
5.11318e-05
1.01255e-06
5.14645e-05
1.10465e-06
5.15917e-05
1.01154e-06
5.19739e-05
1.02213e-06
5.20584e-05
9.00912e-07
5.25082e-05
8.52878e-07
5.25017e-05
6.41665e-07
4.36704e-07
5.30551e-05
5.01633e-05
1.50664e-07
5.05552e-05
4.52441e-07
5.09756e-05
5.92151e-07
5.1419e-05
6.61272e-07
5.18159e-05
6.14703e-07
5.22665e-05
5.71437e-07
5.26933e-05
4.74114e-07
5.31621e-05
3.84115e-07
5.35786e-05
2.25213e-07
1.88118e-08
5.39965e-05
5.00932e-05
5.74502e-08
5.03763e-05
1.69368e-07
5.07339e-05
2.34578e-07
5.11457e-05
2.49388e-07
5.15492e-05
2.11276e-07
5.19714e-05
1.49191e-07
5.23823e-05
6.32433e-08
5.28103e-05
-4.39145e-08
5.32202e-05
-1.84664e-07
-3.53024e-07
5.3592e-05
5.00738e-05
-1.63373e-08
5.02912e-05
-4.80572e-08
5.0611e-05
-8.52095e-08
5.09886e-05
-1.28172e-07
5.138e-05
-1.80175e-07
5.17739e-05
-2.44724e-07
5.21646e-05
-3.27391e-07
5.25509e-05
-4.30274e-07
5.29206e-05
-5.54382e-07
-6.99212e-07
5.32668e-05
5.00732e-05
-8.95067e-08
5.02829e-05
-2.57815e-07
5.05978e-05
-4.00046e-07
5.09653e-05
-4.95665e-07
5.13444e-05
-5.59281e-07
5.17216e-05
-6.21947e-07
5.20915e-05
-6.97262e-07
5.24527e-05
-7.91467e-07
5.28024e-05
-9.04168e-07
-1.03107e-06
5.31343e-05
5.00942e-05
-1.83715e-07
5.03556e-05
-5.19214e-07
5.06983e-05
-7.42743e-07
5.10683e-05
-8.65685e-07
5.14408e-05
-9.31766e-07
5.18047e-05
-9.85878e-07
5.21616e-05
-1.05417e-06
5.25132e-05
-1.14305e-06
5.28544e-05
-1.24532e-06
-1.35283e-06
5.31761e-05
5.01665e-05
-3.50206e-07
5.05181e-05
-8.7081e-07
5.09209e-05
-1.14559e-06
5.12998e-05
-1.24459e-06
5.16488e-05
-1.28077e-06
5.19865e-05
-1.32349e-06
5.23206e-05
-1.38834e-06
5.26424e-05
-1.46483e-06
5.2938e-05
-1.54094e-06
-1.61118e-06
5.31964e-05
5.03676e-05
-7.1784e-07
5.08005e-05
-1.30367e-06
5.10993e-05
-1.44443e-06
5.1277e-05
-1.4223e-06
5.14059e-05
-1.40962e-06
5.1505e-05
-1.42259e-06
5.15569e-05
-1.44029e-06
5.15451e-05
-1.45301e-06
5.14613e-05
-1.4571e-06
-1.45589e-06
5.1306e-05
4.92822e-05
4.79785e-05
4.65341e-05
4.51118e-05
4.37021e-05
4.22795e-05
4.08393e-05
3.93863e-05
3.79292e-05
3.64733e-05
1.43297e-08
-1.43297e-08
1.06532e-08
3.67643e-09
-8.14219e-09
1.87954e-08
-3.67149e-08
2.85727e-08
-7.22644e-08
3.55495e-08
-1.13495e-07
4.12303e-08
-1.60005e-07
4.65101e-08
-2.11539e-07
5.15344e-08
-2.67806e-07
5.62667e-08
-3.28471e-07
6.0665e-08
-3.9317e-07
6.46995e-08
-4.61527e-07
6.83567e-08
-5.33163e-07
7.16362e-08
-6.07709e-07
7.45457e-08
-6.84808e-07
7.70994e-08
-7.64125e-07
7.93166e-08
-8.45345e-07
8.12202e-08
-9.28178e-07
8.28334e-08
-1.01236e-06
8.41808e-08
-1.09766e-06
8.5297e-08
-1.18388e-06
8.62243e-08
-1.27089e-06
8.70111e-08
-1.3586e-06
8.77104e-08
-1.44698e-06
8.83781e-08
-1.53605e-06
8.90732e-08
-1.62591e-06
8.98615e-08
-1.71673e-06
9.08177e-08
-1.80875e-06
9.20202e-08
-1.9023e-06
9.35461e-08
-1.99777e-06
9.5471e-08
-2.09563e-06
9.78642e-08
-2.19642e-06
1.00787e-07
-2.30072e-06
1.04295e-07
-2.40918e-06
1.08461e-07
-2.52256e-06
1.13387e-07
-2.64179e-06
1.19227e-07
-2.76798e-06
1.26187e-07
-2.90253e-06
1.3455e-07
-3.04722e-06
1.44691e-07
-3.2043e-06
1.57085e-07
-3.37661e-06
1.72311e-07
-3.56765e-06
1.91035e-07
-3.78154e-06
2.13886e-07
-4.02275e-06
2.41216e-07
-4.29556e-06
2.72808e-07
-4.60326e-06
3.07703e-07
-4.94731e-06
3.44044e-07
-5.32651e-06
3.79204e-07
-5.73645e-06
4.09942e-07
-6.16895e-06
4.32501e-07
-6.61184e-06
4.42884e-07
-7.04995e-06
4.38113e-07
-7.46647e-06
4.16523e-07
-7.84388e-06
3.77404e-07
-8.1637e-06
3.19823e-07
-8.41137e-06
2.47665e-07
-8.57506e-06
1.63692e-07
-8.64203e-06
6.69684e-08
-8.60361e-06
-3.84134e-08
-8.46039e-06
-1.43221e-07
-8.20949e-06
-2.50901e-07
-7.85251e-06
-3.56981e-07
-7.39285e-06
-4.59663e-07
-6.83931e-06
-5.5354e-07
-6.19887e-06
-6.40435e-07
-5.48154e-06
-7.1733e-07
-4.69881e-06
-7.82735e-07
-3.86066e-06
-8.38147e-07
-2.98097e-06
-8.79691e-07
-2.06982e-06
-9.11151e-07
-1.14253e-06
-9.27289e-07
-2.05282e-07
-9.37247e-07
7.26967e-07
-9.32249e-07
1.65148e-06
-9.24517e-07
2.55311e-06
-9.01629e-07
3.43357e-06
-8.80453e-07
4.27786e-06
-8.44295e-07
5.09283e-06
-8.14967e-07
5.86351e-06
-7.70686e-07
6.6022e-06
-7.38684e-07
7.29344e-06
-6.91237e-07
7.95519e-06
-6.61753e-07
8.57085e-06
-6.15662e-07
9.16428e-06
-5.93433e-07
9.71718e-06
-5.52899e-07
1.02595e-05
-5.42274e-07
1.07706e-05
-5.11113e-07
1.12887e-05
-5.1814e-07
1.17897e-05
-5.00974e-07
-5.47489e-07
-1.11295e-08
-3.20008e-09
-6.52173e-08
5.77641e-08
-1.49387e-07
1.02965e-07
-2.55499e-07
1.34685e-07
-3.78684e-07
1.58735e-07
-5.16564e-07
1.7911e-07
-6.67476e-07
1.97423e-07
-8.29938e-07
2.13996e-07
-1.00254e-06
2.28866e-07
-1.18391e-06
2.42042e-07
-1.37276e-06
2.53547e-07
-1.56784e-06
2.63431e-07
-1.76797e-06
2.71774e-07
-1.97211e-06
2.78681e-07
-2.17928e-06
2.84274e-07
-2.38866e-06
2.88691e-07
-2.59951e-06
2.92073e-07
-2.81124e-06
2.94565e-07
-3.02337e-06
2.9631e-07
-3.23555e-06
2.97474e-07
-3.44756e-06
2.98237e-07
-3.65934e-06
2.98788e-07
-3.87095e-06
2.99324e-07
-4.08261e-06
3.00041e-07
-4.29468e-06
3.01136e-07
-4.50763e-06
3.02813e-07
-4.7221e-06
3.05292e-07
-4.93888e-06
3.08792e-07
-5.15884e-06
3.1351e-07
-5.383e-06
3.19632e-07
-5.61245e-06
3.27313e-07
-5.84834e-06
3.36673e-07
-6.09184e-06
3.47803e-07
-6.34416e-06
3.6078e-07
-6.60648e-06
3.75706e-07
-6.87996e-06
3.92704e-07
-7.16566e-06
4.11885e-07
-7.46446e-06
4.33354e-07
-7.77698e-06
4.57213e-07
-8.10342e-06
4.83524e-07
-8.44341e-06
5.12294e-07
-8.79582e-06
5.43449e-07
-9.15865e-06
5.76715e-07
-9.52869e-06
6.11253e-07
-9.9011e-06
6.4522e-07
-1.02694e-05
6.75964e-07
-1.06251e-05
6.99781e-07
-1.09583e-05
7.12393e-07
-1.12578e-05
7.09411e-07
-1.15118e-05
6.86515e-07
-1.17076e-05
6.38695e-07
-1.18326e-05
5.63137e-07
-1.18747e-05
4.58661e-07
-1.18248e-05
3.27414e-07
-1.16732e-05
1.68301e-07
-1.14069e-05
-1.86288e-08
-1.10339e-05
-2.09345e-07
-1.05499e-05
-4.17035e-07
-9.9531e-06
-6.35209e-07
-9.24219e-06
-8.54134e-07
-8.42154e-06
-1.07154e-06
-7.49837e-06
-1.28016e-06
-6.47811e-06
-1.47992e-06
-5.37239e-06
-1.65927e-06
-4.19027e-06
-1.82255e-06
-2.94279e-06
-1.96481e-06
-1.64201e-06
-2.08352e-06
-3.006e-07
-2.17956e-06
1.06885e-06
-2.24914e-06
2.45596e-06
-2.29826e-06
3.85016e-06
-2.32149e-06
5.24201e-06
-2.32909e-06
6.61964e-06
-2.30988e-06
7.97766e-06
-2.28254e-06
9.30519e-06
-2.22916e-06
1.06004e-05
-2.17567e-06
1.18538e-05
-2.09766e-06
1.30671e-05
-2.02831e-06
1.42323e-05
-1.93585e-06
1.53547e-05
-1.86109e-06
1.64273e-05
-1.76389e-06
1.74593e-05
-1.69368e-06
1.84441e-05
-1.60054e-06
1.93949e-05
-1.54416e-06
2.03049e-05
-1.46289e-06
2.11921e-05
-1.4295e-06
2.20484e-05
-1.36746e-06
2.28985e-05
-1.36822e-06
2.37307e-05
-1.33316e-06
-1.37313e-06
-5.04993e-08
4.72992e-08
-1.87774e-07
1.95038e-07
-3.71128e-07
2.8632e-07
-5.81637e-07
3.45193e-07
-8.10365e-07
3.87463e-07
-1.05484e-06
4.23582e-07
-1.31339e-06
4.55978e-07
-1.58344e-06
4.84043e-07
-1.86232e-06
5.07743e-07
-2.14754e-06
5.27267e-07
-2.43686e-06
5.4287e-07
-2.7283e-06
5.54864e-07
-3.02014e-06
5.63616e-07
-3.31097e-06
5.69507e-07
-3.59961e-06
5.72923e-07
-3.88516e-06
5.7424e-07
-4.16691e-06
5.73823e-07
-4.44437e-06
5.72019e-07
-4.71716e-06
5.69105e-07
-4.98511e-06
5.65425e-07
-5.2482e-06
5.61321e-07
-5.50653e-06
5.57115e-07
-5.76032e-06
5.53117e-07
-6.00989e-06
5.49614e-07
-6.25562e-06
5.46864e-07
-6.49792e-06
5.45113e-07
-6.73724e-06
5.44612e-07
-6.97404e-06
5.45589e-07
-7.20873e-06
5.48202e-07
-7.44166e-06
5.52563e-07
-7.67306e-06
5.58716e-07
-7.90301e-06
5.66624e-07
-8.13138e-06
5.76167e-07
-8.35776e-06
5.87164e-07
-8.58149e-06
5.99435e-07
-8.80159e-06
6.12808e-07
-9.01673e-06
6.27021e-07
-9.2251e-06
6.41724e-07
-9.42438e-06
6.56489e-07
-9.61164e-06
6.70793e-07
-9.78331e-06
6.8396e-07
-9.93506e-06
6.95198e-07
-1.00619e-05
7.03516e-07
-1.01581e-05
7.07494e-07
-1.02173e-05
7.0446e-07
-1.02327e-05
6.91303e-07
-1.01967e-05
6.63801e-07
-1.01017e-05
6.17367e-07
-9.93985e-06
5.47591e-07
-9.70565e-06
4.52312e-07
-9.39351e-06
3.26555e-07
-8.99859e-06
1.68219e-07
-8.51361e-06
-2.63207e-08
-7.94424e-06
-2.41955e-07
-7.28626e-06
-4.89682e-07
-6.54478e-06
-7.60107e-07
-5.70562e-06
-1.0485e-06
-4.77833e-06
-1.34432e-06
-3.76679e-06
-1.64675e-06
-2.67663e-06
-1.9443e-06
-1.51149e-06
-2.23668e-06
-2.7829e-07
-2.51336e-06
1.01249e-06
-2.7707e-06
2.35448e-06
-3.00126e-06
3.74137e-06
-3.20944e-06
5.15964e-06
-3.38308e-06
6.60424e-06
-3.52813e-06
8.06198e-06
-3.63729e-06
9.52764e-06
-3.71479e-06
1.09888e-05
-3.7594e-06
1.24387e-05
-3.77143e-06
1.38675e-05
-3.75791e-06
1.52702e-05
-3.71258e-06
1.66385e-05
-3.65085e-06
1.79695e-05
-3.56012e-06
1.92574e-05
-3.46356e-06
2.0501e-05
-3.34131e-06
2.16974e-05
-3.22467e-06
2.28468e-05
-3.08527e-06
2.3949e-05
-2.96323e-06
2.50053e-05
-2.8202e-06
2.6018e-05
-2.70643e-06
2.69893e-05
-2.57178e-06
2.79241e-05
-2.47899e-06
2.88245e-05
-2.3633e-06
2.96984e-05
-2.30341e-06
3.05475e-05
-2.21659e-06
3.13807e-05
-2.20141e-06
3.21992e-05
-2.15161e-06
-2.1979e-06
-1.3875e-07
1.86049e-07
-3.93618e-07
4.49907e-07
-6.88012e-07
5.80713e-07
-9.9966e-07
6.56842e-07
-1.32629e-06
7.14096e-07
-1.66502e-06
7.62309e-07
-2.01079e-06
8.01744e-07
-2.35882e-06
8.32075e-07
-2.70506e-06
8.53988e-07
-3.04646e-06
8.68663e-07
-3.38051e-06
8.76924e-07
-3.70532e-06
8.79673e-07
-4.01953e-06
8.77826e-07
-4.32221e-06
8.72182e-07
-4.61274e-06
8.63456e-07
-4.89079e-06
8.52294e-07
-5.15623e-06
8.39263e-07
-5.40906e-06
8.24843e-07
-5.6494e-06
8.09447e-07
-5.87746e-06
7.93489e-07
-6.0935e-06
7.77352e-07
-6.29776e-06
7.61379e-07
-6.49051e-06
7.45869e-07
-6.67198e-06
7.31082e-07
-6.84233e-06
7.17211e-07
-7.00161e-06
7.04394e-07
-7.14977e-06
6.92773e-07
-7.28668e-06
6.82504e-07
-7.41206e-06
6.73579e-07
-7.52543e-06
6.65929e-07
-7.62612e-06
6.59406e-07
-7.71325e-06
6.53755e-07
-7.78569e-06
6.48609e-07
-7.84202e-06
6.43495e-07
-7.88051e-06
6.37922e-07
-7.89917e-06
6.31476e-07
-7.89578e-06
6.23628e-07
-7.86766e-06
6.13599e-07
-7.81173e-06
6.00559e-07
-7.72453e-06
5.83595e-07
-7.60214e-06
5.61577e-07
-7.44011e-06
5.33161e-07
-7.23322e-06
4.96624e-07
-6.97732e-06
4.51599e-07
-6.66743e-06
3.94566e-07
-6.29868e-06
3.22554e-07
-5.86649e-06
2.31608e-07
-5.36687e-06
1.17748e-07
-4.79476e-06
-2.4513e-08
-4.15336e-06
-1.89092e-07
-3.43908e-06
-3.87728e-07
-2.65292e-06
-6.17937e-07
-1.79744e-06
-8.81798e-07
-8.67469e-07
-1.17193e-06
1.32526e-07
-1.48968e-06
1.19832e-06
-1.8259e-06
2.32717e-06
-2.17735e-06
3.51496e-06
-2.53212e-06
4.75964e-06
-2.89143e-06
6.05457e-06
-3.23924e-06
7.39664e-06
-3.57875e-06
8.77605e-06
-3.89276e-06
1.01917e-05
-4.18636e-06
1.1632e-05
-4.4415e-06
1.30915e-05
-4.66897e-06
1.456e-05
-4.85161e-06
1.60318e-05
-4.99992e-06
1.74959e-05
-5.1014e-06
1.89474e-05
-5.16628e-06
2.03754e-05
-5.18741e-06
2.17768e-05
-5.17277e-06
2.31409e-05
-5.12203e-06
2.44675e-05
-5.03918e-06
2.57471e-05
-4.93048e-06
2.6982e-05
-4.79499e-06
2.81643e-05
-4.64593e-06
2.92987e-05
-4.47569e-06
3.03792e-05
-4.30509e-06
3.1412e-05
-4.11814e-06
3.2393e-05
-3.94419e-06
3.33299e-05
-3.75717e-06
3.42199e-05
-3.59641e-06
3.50721e-05
-3.42396e-06
3.58842e-05
-3.29112e-06
3.66668e-05
-3.14588e-06
3.74175e-05
-3.05412e-06
3.81483e-05
-2.94733e-06
3.88561e-05
-2.90921e-06
3.95571e-05
-2.85266e-06
-2.88536e-06
-1.95825e-07
3.81874e-07
-5.66934e-07
8.21016e-07
-9.85403e-07
9.99182e-07
-1.41293e-06
1.08437e-06
-1.83323e-06
1.13439e-06
-2.23759e-06
1.16667e-06
-2.6223e-06
1.18645e-06
-2.98628e-06
1.19606e-06
-3.32781e-06
1.19552e-06
-3.64548e-06
1.18633e-06
-3.93868e-06
1.17013e-06
-4.2074e-06
1.14839e-06
-4.45197e-06
1.1224e-06
-4.67303e-06
1.09324e-06
-4.87139e-06
1.06181e-06
-5.04793e-06
1.02884e-06
-5.2036e-06
9.94934e-07
-5.3393e-06
9.60541e-07
-5.45583e-06
9.25977e-07
-5.55394e-06
8.91595e-07
-5.63428e-06
8.57694e-07
-5.69739e-06
8.24493e-07
-5.74367e-06
7.92148e-07
-5.77337e-06
7.6078e-07
-5.78658e-06
7.30421e-07
-5.78318e-06
7.00997e-07
-5.76282e-06
6.7241e-07
-5.72507e-06
6.4475e-07
-5.66928e-06
6.17786e-07
-5.59458e-06
5.91231e-07
-5.49991e-06
5.64741e-07
-5.38401e-06
5.37854e-07
-5.24539e-06
5.0999e-07
-5.08234e-06
4.8044e-07
-4.8928e-06
4.4838e-07
-4.67459e-06
4.13269e-07
-4.42551e-06
3.7455e-07
-4.14298e-06
3.31068e-07
-3.82411e-06
2.81686e-07
-3.46575e-06
2.25236e-07
-3.06435e-06
1.60183e-07
-2.61616e-06
8.49682e-08
-2.11526e-06
-4.27523e-09
-1.56292e-06
-1.00745e-07
-9.53306e-07
-2.15046e-07
-2.83495e-07
-3.47257e-07
4.49376e-07
-5.01263e-07
1.24612e-06
-6.78993e-07
2.10541e-06
-8.83809e-07
3.03155e-06
-1.11523e-06
4.02201e-06
-1.37819e-06
5.07368e-06
-1.66961e-06
6.18382e-06
-1.99193e-06
7.34892e-06
-2.33703e-06
8.56588e-06
-2.70664e-06
9.82891e-06
-3.08892e-06
1.11365e-05
-3.48496e-06
1.24827e-05
-3.87833e-06
1.3864e-05
-4.27271e-06
1.52734e-05
-4.64867e-06
1.67064e-05
-5.01168e-06
1.81544e-05
-5.34079e-06
1.96123e-05
-5.64422e-06
2.10715e-05
-5.90074e-06
2.25249e-05
-6.12235e-06
2.39634e-05
-6.29015e-06
2.53815e-05
-6.41801e-06
2.67699e-05
-6.48982e-06
2.8125e-05
-6.52134e-06
2.94377e-05
-6.50015e-06
3.07074e-05
-6.44248e-06
3.19254e-05
-6.34002e-06
3.30943e-05
-6.20801e-06
3.4206e-05
-6.04225e-06
3.52665e-05
-5.85541e-06
3.62682e-05
-5.64769e-06
3.722e-05
-5.42743e-06
3.81146e-05
-5.1997e-06
3.89633e-05
-4.96691e-06
3.97589e-05
-4.73973e-06
4.05149e-05
-4.51315e-06
4.12231e-05
-4.30469e-06
4.18996e-05
-4.10041e-06
4.25347e-05
-3.92625e-06
4.31466e-05
-3.7578e-06
4.37239e-05
-3.63141e-06
4.4287e-05
-3.51041e-06
4.48221e-05
-3.44427e-06
4.53514e-05
-3.38202e-06
-3.3946e-06
-4.21885e-07
8.03759e-07
-9.61885e-07
1.36102e-06
-1.45458e-06
1.49188e-06
-1.88803e-06
1.51781e-06
-2.28366e-06
1.53003e-06
-2.64668e-06
1.52969e-06
-2.97257e-06
1.51235e-06
-3.25545e-06
1.47894e-06
-3.49198e-06
1.43205e-06
-3.68441e-06
1.37876e-06
-3.83584e-06
1.32157e-06
-3.94939e-06
1.26194e-06
-4.0281e-06
1.2011e-06
-4.07482e-06
1.13997e-06
-4.0922e-06
1.0792e-06
-4.08263e-06
1.01926e-06
-4.04822e-06
9.60532e-07
-3.99089e-06
9.03202e-07
-3.91213e-06
8.47221e-07
-3.81325e-06
7.92717e-07
-3.69532e-06
7.39762e-07
-3.55916e-06
6.88332e-07
-3.40531e-06
6.38298e-07
-3.23408e-06
5.89555e-07
-3.04554e-06
5.41879e-07
-2.83947e-06
4.94929e-07
-2.61526e-06
4.48193e-07
-2.3724e-06
4.01893e-07
-2.10995e-06
3.55332e-07
-1.82674e-06
3.08024e-07
-1.52148e-06
2.59481e-07
-1.19266e-06
2.09038e-07
-8.38576e-07
1.55904e-07
-4.57216e-07
9.90801e-08
-4.59881e-08
3.71519e-08
3.96899e-07
-2.96183e-08
8.72708e-07
-1.01259e-07
1.38463e-06
-1.80852e-07
1.93539e-06
-2.69074e-07
2.52771e-06
-3.67084e-07
3.1644e-06
-4.76514e-07
3.84796e-06
-5.98583e-07
4.57863e-06
-7.3495e-07
5.36413e-06
-8.86242e-07
6.20503e-06
-1.05595e-06
7.10312e-06
-1.24535e-06
8.0594e-06
-1.45754e-06
9.07375e-06
-1.69334e-06
1.01459e-05
-1.95598e-06
1.12746e-05
-2.24392e-06
1.2457e-05
-2.56057e-06
1.36892e-05
-2.9018e-06
1.49671e-05
-3.26984e-06
1.62858e-05
-3.65578e-06
1.76404e-05
-4.06115e-06
1.90244e-05
-4.47295e-06
2.04322e-05
-4.89279e-06
2.18576e-05
-5.30374e-06
2.32935e-05
-5.70854e-06
2.47326e-05
-6.08781e-06
2.61672e-05
-6.4463e-06
2.75896e-05
-6.7632e-06
2.89919e-05
-7.04652e-06
3.03666e-05
-7.27544e-06
3.17065e-05
-7.46217e-06
3.30042e-05
-7.58785e-06
3.4255e-05
-7.66888e-06
3.54531e-05
-7.68794e-06
3.65967e-05
-7.6649e-06
3.76808e-05
-7.58427e-06
3.87068e-05
-7.46848e-06
3.96706e-05
-7.30382e-06
4.05766e-05
-7.11404e-06
4.14213e-05
-6.88691e-06
4.22119e-05
-6.64602e-06
4.29447e-05
-6.38047e-06
4.36295e-05
-6.11226e-06
4.42617e-05
-5.8319e-06
4.48534e-05
-5.55861e-06
4.53984e-05
-5.28476e-06
4.59111e-05
-5.02577e-06
4.6383e-05
-4.77666e-06
4.68307e-05
-4.54813e-06
4.72434e-05
-4.33895e-06
4.76398e-05
-4.15413e-06
4.80059e-05
-3.99754e-06
4.83629e-05
-3.86742e-06
4.86931e-05
-3.77444e-06
4.90198e-05
-3.7087e-06
-3.69617e-06
-2.66597e-07
1.07036e-06
-8.61043e-07
1.95546e-06
-1.47959e-06
2.11043e-06
-1.99704e-06
2.03526e-06
-2.3863e-06
1.91929e-06
-2.65039e-06
1.79378e-06
-2.80721e-06
1.66917e-06
-2.8772e-06
1.54894e-06
-2.87779e-06
1.43263e-06
-2.82015e-06
1.32111e-06
-2.71267e-06
1.21409e-06
-2.56213e-06
1.11139e-06
-2.37433e-06
1.01331e-06
-2.1543e-06
9.19936e-07
-1.90624e-06
8.31137e-07
-1.63372e-06
7.46736e-07
-1.3397e-06
6.66514e-07
-1.02668e-06
5.90181e-07
-6.96438e-07
5.16982e-07
-3.50605e-07
4.46885e-07
9.62324e-09
3.79534e-07
3.83512e-07
3.14443e-07
7.70525e-07
2.51285e-07
1.17049e-06
1.89586e-07
1.5836e-06
1.28769e-07
2.01063e-06
6.78997e-08
2.45328e-06
5.54422e-09
2.91066e-06
-5.54825e-08
3.38479e-06
-1.18797e-07
3.87731e-06
-1.84495e-07
4.38986e-06
-2.53072e-07
4.9243e-06
-3.25406e-07
5.48257e-06
-4.0236e-07
6.06661e-06
-4.84961e-07
6.67781e-06
-5.74051e-07
7.31867e-06
-6.70477e-07
7.99258e-06
-7.75167e-07
8.70135e-06
-8.89623e-07
9.44725e-06
-1.01497e-06
1.02327e-05
-1.1525e-06
1.10596e-05
-1.30347e-06
1.19302e-05
-1.46921e-06
1.28466e-05
-1.65127e-06
1.38109e-05
-1.85062e-06
1.48241e-05
-2.06912e-06
1.58868e-05
-2.30804e-06
1.69986e-05
-2.56935e-06
1.81585e-05
-2.85326e-06
1.93641e-05
-3.16158e-06
2.06128e-05
-3.49259e-06
2.18998e-05
-3.84762e-06
2.32204e-05
-4.22239e-06
2.45678e-05
-4.61724e-06
2.5936e-05
-5.02395e-06
2.73165e-05
-5.44161e-06
2.87021e-05
-5.85861e-06
3.00836e-05
-6.27422e-06
3.14535e-05
-6.6737e-06
3.28022e-05
-7.05723e-06
3.41223e-05
-7.40796e-06
3.54045e-05
-7.72846e-06
3.66422e-05
-8.00087e-06
3.78276e-05
-8.23194e-06
3.89556e-05
-8.40346e-06
4.00207e-05
-8.52729e-06
4.10194e-05
-8.58655e-06
4.19498e-05
-8.59926e-06
4.28111e-05
-8.54918e-06
4.36045e-05
-8.45836e-06
4.43307e-05
-8.3104e-06
4.49936e-05
-8.13139e-06
4.55944e-05
-7.90468e-06
4.61396e-05
-7.65925e-06
4.66303e-05
-7.37757e-06
4.70745e-05
-7.09024e-06
4.74724e-05
-6.77838e-06
4.78334e-05
-6.47322e-06
4.81559e-05
-6.15443e-06
4.84504e-05
-5.85309e-06
4.87133e-05
-5.54761e-06
4.89559e-05
-5.26843e-06
4.91724e-05
-4.99312e-06
4.93753e-05
-4.75106e-06
4.9556e-05
-4.51961e-06
4.97286e-05
-4.32673e-06
4.98813e-05
-4.15027e-06
5.00302e-05
-4.01631e-06
5.01598e-05
-3.90403e-06
5.02877e-05
-3.8366e-06
-3.79946e-06
-1.49228e-06
2.56263e-06
-1.94208e-06
2.40527e-06
-2.10674e-06
2.27509e-06
-2.12308e-06
2.0516e-06
-2.01104e-06
1.80725e-06
-1.79462e-06
1.57735e-06
-1.49307e-06
1.36762e-06
-1.12099e-06
1.17685e-06
-6.90919e-07
1.00256e-06
-2.15388e-07
8.45583e-07
2.96421e-07
7.02284e-07
8.36514e-07
5.71297e-07
1.39817e-06
4.51654e-07
1.97625e-06
3.41857e-07
2.56678e-06
2.40601e-07
3.16654e-06
1.46977e-07
3.77256e-06
6.04963e-08
4.38289e-06
-2.01509e-08
4.99838e-06
-9.85052e-08
5.61676e-06
-1.71502e-07
6.23747e-06
-2.41169e-07
6.86051e-06
-3.086e-07
7.4863e-06
-3.74501e-07
8.11535e-06
-4.39471e-07
8.7479e-06
-5.03777e-07
9.38562e-06
-5.69817e-07
1.00289e-05
-6.37704e-07
1.06811e-05
-7.07703e-07
1.13433e-05
-7.81023e-07
1.20174e-05
-8.58628e-07
1.27056e-05
-9.41191e-07
1.34098e-05
-1.02967e-06
1.41323e-05
-1.12485e-06
1.48752e-05
-1.22781e-06
1.56404e-05
-1.33932e-06
1.64305e-05
-1.46055e-06
1.72475e-05
-1.59219e-06
1.80935e-05
-1.73555e-06
1.897e-05
-1.89152e-06
1.9879e-05
-2.06145e-06
2.08216e-05
-2.24612e-06
2.17993e-05
-2.44687e-06
2.28125e-05
-2.66447e-06
2.3862e-05
-2.9001e-06
2.49472e-05
-3.15438e-06
2.60674e-05
-3.42818e-06
2.722e-05
-3.72195e-06
2.84025e-05
-4.03578e-06
2.96103e-05
-4.3694e-06
3.08391e-05
-4.72137e-06
3.20818e-05
-5.09036e-06
3.33323e-05
-5.47285e-06
3.45817e-05
-5.8667e-06
3.58227e-05
-6.26488e-06
3.70444e-05
-6.66337e-06
3.82393e-05
-7.05352e-06
3.93966e-05
-7.43144e-06
4.0509e-05
-7.78616e-06
4.15667e-05
-8.11492e-06
4.25642e-05
-8.40541e-06
4.34934e-05
-8.65775e-06
4.43517e-05
-8.8591e-06
4.51338e-05
-9.01407e-06
4.584e-05
-9.10966e-06
4.64688e-05
-9.15605e-06
4.7022e-05
-9.13978e-06
4.75018e-05
-9.07909e-06
4.79135e-05
-8.9609e-06
4.8262e-05
-8.80683e-06
4.85528e-05
-8.60116e-06
4.87925e-05
-8.37113e-06
4.89863e-05
-8.09851e-06
4.9142e-05
-7.81495e-06
4.92632e-05
-7.49872e-06
4.9358e-05
-7.18507e-06
4.94279e-05
-6.84825e-06
4.94812e-05
-6.52649e-06
4.95166e-05
-6.18989e-06
4.95428e-05
-5.8793e-06
4.9556e-05
-5.56076e-06
4.95651e-05
-5.2775e-06
4.95638e-05
-4.99181e-06
4.95618e-05
-4.74907e-06
4.95503e-05
-4.50817e-06
4.95401e-05
-4.31648e-06
4.95197e-05
-4.12995e-06
4.95011e-05
-3.99769e-06
4.94705e-05
-3.87339e-06
4.94414e-05
-3.80749e-06
-3.74789e-06
-8.94052e-07
3.45669e-06
-7.41316e-07
2.25253e-06
-2.53339e-07
1.78711e-06
4.55222e-07
1.34304e-06
1.31913e-06
9.43341e-07
2.27232e-06
6.24165e-07
3.26839e-06
3.71551e-07
4.27985e-06
1.65392e-07
5.29347e-06
-1.10618e-08
6.29306e-06
-1.54003e-07
7.28212e-06
-2.86779e-07
8.2566e-06
-4.03177e-07
9.21292e-06
-5.04668e-07
1.01502e-05
-5.95421e-07
1.10681e-05
-6.77313e-07
1.19667e-05
-7.516e-07
1.28466e-05
-8.19438e-07
1.37087e-05
-8.8221e-07
1.45516e-05
-9.4141e-07
1.53776e-05
-9.97472e-07
1.61878e-05
-1.05143e-06
1.69837e-05
-1.1045e-06
1.77669e-05
-1.15771e-06
1.85392e-05
-1.21177e-06
1.93028e-05
-1.26738e-06
2.00596e-05
-1.32659e-06
2.08118e-05
-1.3899e-06
2.15621e-05
-1.45802e-06
2.23128e-05
-1.53166e-06
2.3066e-05
-1.61183e-06
2.38241e-05
-1.69933e-06
2.45895e-05
-1.79509e-06
2.53644e-05
-1.8997e-06
2.61507e-05
-2.0141e-06
2.69503e-05
-2.13894e-06
2.7765e-05
-2.27524e-06
2.85963e-05
-2.42352e-06
2.94456e-05
-2.58485e-06
3.03138e-05
-2.75971e-06
3.12015e-05
-2.94921e-06
3.21091e-05
-3.15366e-06
3.30362e-05
-3.37404e-06
3.39822e-05
-3.61043e-06
3.4946e-05
-3.86386e-06
3.59256e-05
-4.13396e-06
3.69181e-05
-4.42073e-06
3.79196e-05
-4.72348e-06
3.89258e-05
-5.04194e-06
3.99306e-05
-5.37423e-06
4.09281e-05
-5.7189e-06
4.19105e-05
-6.07276e-06
4.28706e-05
-6.43292e-06
4.37987e-05
-6.79475e-06
4.46872e-05
-7.15347e-06
4.55271e-05
-7.50319e-06
4.63115e-05
-7.83792e-06
4.70318e-05
-8.15177e-06
4.76836e-05
-8.43796e-06
4.82604e-05
-8.69168e-06
4.8761e-05
-8.90602e-06
4.9182e-05
-9.07876e-06
4.95261e-05
-9.20326e-06
4.97932e-05
-9.28116e-06
4.99895e-05
-9.30596e-06
5.01178e-05
-9.28427e-06
5.01872e-05
-9.20917e-06
5.0202e-05
-9.09393e-06
5.01723e-05
-8.93124e-06
5.01039e-05
-8.73841e-06
5.00059e-05
-8.50316e-06
4.9884e-05
-8.24922e-06
4.97452e-05
-7.95972e-06
4.95947e-05
-7.66446e-06
4.94366e-05
-7.34062e-06
4.92757e-05
-7.02416e-06
4.91128e-05
-6.68533e-06
4.89527e-05
-6.36645e-06
4.8793e-05
-6.03019e-06
4.86393e-05
-5.72557e-06
4.84859e-05
-5.40732e-06
4.83398e-05
-5.13143e-06
4.81924e-05
-4.84441e-06
4.80527e-05
-4.60936e-06
4.79089e-05
-4.36439e-06
4.77723e-05
-4.17988e-06
4.76279e-05
-3.98554e-06
4.74892e-05
-3.85896e-06
4.73378e-05
-3.72198e-06
4.71894e-05
-3.65917e-06
-3.58096e-06
3.64726e-06
-1.90572e-07
6.36617e-06
-4.66378e-07
8.77017e-06
-6.16899e-07
1.08833e-05
-7.70123e-07
1.27486e-05
-9.21924e-07
1.44302e-05
-1.0574e-06
1.59727e-05
-1.17101e-06
1.73937e-05
-1.25557e-06
1.87172e-05
-1.33458e-06
1.99674e-05
-1.40421e-06
2.11455e-05
-1.46486e-06
2.22603e-05
-1.51795e-06
2.332e-05
-1.56435e-06
2.43296e-05
-1.60506e-06
2.52934e-05
-1.64107e-06
2.62149e-05
-1.67317e-06
2.70977e-05
-1.70223e-06
2.79446e-05
-1.7291e-06
2.8758e-05
-1.75484e-06
2.9541e-05
-1.78045e-06
3.02964e-05
-1.80682e-06
3.10269e-05
-1.83495e-06
3.1735e-05
-1.86581e-06
3.24236e-05
-1.90038e-06
3.30958e-05
-1.93957e-06
3.37537e-05
-1.98449e-06
3.43998e-05
-2.03601e-06
3.50366e-05
-2.09487e-06
3.56666e-05
-2.16167e-06
3.6292e-05
-2.23716e-06
3.69147e-05
-2.32204e-06
3.75368e-05
-2.41725e-06
3.81601e-05
-2.52294e-06
3.87858e-05
-2.63978e-06
3.94151e-05
-2.76832e-06
4.00491e-05
-2.90918e-06
4.06883e-05
-3.06273e-06
4.1333e-05
-3.22955e-06
4.19832e-05
-3.4099e-06
4.26383e-05
-3.60429e-06
4.32974e-05
-3.81276e-06
4.3959e-05
-4.03569e-06
4.46214e-05
-4.2728e-06
4.52817e-05
-4.52419e-06
4.59368e-05
-4.78904e-06
4.6583e-05
-5.06689e-06
4.72158e-05
-5.35628e-06
4.78301e-05
-5.65626e-06
4.84203e-05
-5.96441e-06
4.89803e-05
-6.27891e-06
4.95037e-05
-6.59616e-06
4.99841e-05
-6.91337e-06
5.04151e-05
-7.2257e-06
5.07911e-05
-7.52952e-06
5.1107e-05
-7.81906e-06
5.13594e-05
-8.09028e-06
5.15449e-05
-8.33728e-06
5.16632e-05
-8.55632e-06
5.17138e-05
-8.74229e-06
5.17003e-05
-8.89253e-06
5.16251e-05
-9.00355e-06
5.14954e-05
-9.07355e-06
5.13155e-05
-9.10129e-06
5.10952e-05
-9.08566e-06
5.08393e-05
-9.02832e-06
5.05591e-05
-8.92901e-06
5.02587e-05
-8.79351e-06
4.99476e-05
-8.62009e-06
4.96276e-05
-8.41849e-06
4.93078e-05
-8.18328e-06
4.89876e-05
-7.92909e-06
4.86738e-05
-7.64588e-06
4.8364e-05
-7.35468e-06
4.80627e-05
-7.03927e-06
4.77669e-05
-6.72838e-06
4.74791e-05
-6.39752e-06
4.71968e-05
-6.08422e-06
4.69204e-05
-5.75375e-06
4.6649e-05
-5.45415e-06
4.63803e-05
-5.13863e-06
4.61162e-05
-4.86739e-06
4.58513e-05
-4.57951e-06
4.55911e-05
-4.34911e-06
4.53257e-05
-4.09904e-06
4.50652e-05
-3.91933e-06
4.47942e-05
-3.71457e-06
4.45278e-05
-3.59258e-06
4.42436e-05
-3.43777e-06
4.39616e-05
-3.37709e-06
-3.27921e-06
3.85931e-05
1.99251e-08
3.85573e-05
-4.3059e-07
3.86913e-05
-7.50888e-07
3.89108e-05
-9.89614e-07
3.91778e-05
-1.18896e-06
3.94865e-05
-1.36611e-06
3.98381e-05
-1.52256e-06
4.02337e-05
-1.65125e-06
4.0653e-05
-1.75389e-06
4.10867e-05
-1.83789e-06
4.15273e-05
-1.90543e-06
4.19694e-05
-1.96006e-06
4.2409e-05
-2.00392e-06
4.28427e-05
-2.0388e-06
4.3268e-05
-2.06633e-06
4.36829e-05
-2.08809e-06
4.40862e-05
-2.10553e-06
4.44772e-05
-2.12008e-06
4.48555e-05
-2.13314e-06
4.52212e-05
-2.14614e-06
4.55747e-05
-2.16037e-06
4.59168e-05
-2.17704e-06
4.62483e-05
-2.19735e-06
4.65704e-05
-2.22245e-06
4.68842e-05
-2.25335e-06
4.71907e-05
-2.29103e-06
4.74911e-05
-2.33637e-06
4.77864e-05
-2.39014e-06
4.80777e-05
-2.45299e-06
4.8366e-05
-2.52551e-06
4.86523e-05
-2.60828e-06
4.89368e-05
-2.70179e-06
4.92202e-05
-2.80639e-06
4.95029e-05
-2.92246e-06
4.97849e-05
-3.05032e-06
5.0066e-05
-3.19028e-06
5.03458e-05
-3.34256e-06
5.06237e-05
-3.50737e-06
5.08985e-05
-3.68478e-06
5.11691e-05
-3.87485e-06
5.14338e-05
-4.07746e-06
5.16906e-05
-4.29245e-06
5.19372e-05
-4.5194e-06
5.21708e-05
-4.7578e-06
5.23885e-05
-5.00679e-06
5.25871e-05
-5.26543e-06
5.2763e-05
-5.53225e-06
5.29125e-05
-5.80574e-06
5.30319e-05
-6.08375e-06
5.31171e-05
-6.36414e-06
5.31649e-05
-6.64395e-06
5.31719e-05
-6.9204e-06
5.31359e-05
-7.18968e-06
5.30549e-05
-7.44855e-06
5.29285e-05
-7.69262e-06
5.27569e-05
-7.91867e-06
5.25417e-05
-8.12213e-06
5.22857e-05
-8.3003e-06
5.19922e-05
-8.44885e-06
5.16665e-05
-8.56678e-06
5.13134e-05
-8.65044e-06
5.09392e-05
-8.69932e-06
5.05484e-05
-8.71055e-06
5.01475e-05
-8.68468e-06
4.97392e-05
-8.62004e-06
4.93288e-05
-8.51866e-06
4.89162e-05
-8.38083e-06
4.85052e-05
-8.20913e-06
4.80927e-05
-8.00597e-06
4.76826e-05
-7.77323e-06
4.72697e-05
-7.51615e-06
4.68584e-05
-7.23455e-06
4.64415e-05
-6.9378e-06
4.60247e-05
-6.6225e-06
4.56002e-05
-6.30393e-06
4.51753e-05
-5.9726e-06
4.4742e-05
-5.65094e-06
4.43086e-05
-5.32033e-06
4.38674e-05
-5.01297e-06
4.34268e-05
-4.69794e-06
4.29798e-05
-4.42042e-06
4.25333e-05
-4.13304e-06
4.20824e-05
-3.8982e-06
4.16304e-05
-3.64707e-06
4.11759e-05
-3.46483e-06
4.07163e-05
-3.25496e-06
4.02559e-05
-3.13213e-06
3.97826e-05
-2.96449e-06
3.93093e-05
-2.90382e-06
-2.78191e-06
5.29771e-05
9.7872e-08
5.288e-05
-3.33525e-07
5.28487e-05
-7.19581e-07
5.28701e-05
-1.01096e-06
5.29127e-05
-1.2316e-06
5.29574e-05
-1.41083e-06
5.30005e-05
-1.56564e-06
5.30498e-05
-1.70053e-06
5.31106e-05
-1.8147e-06
5.31809e-05
-1.90824e-06
5.32584e-05
-1.98287e-06
5.33396e-05
-2.04132e-06
5.34221e-05
-2.08643e-06
5.35041e-05
-2.12073e-06
5.35841e-05
-2.14636e-06
5.36612e-05
-2.16518e-06
5.37346e-05
-2.17893e-06
5.38038e-05
-2.18924e-06
5.38683e-05
-2.19771e-06
5.39281e-05
-2.20591e-06
5.3983e-05
-2.21531e-06
5.40333e-05
-2.2273e-06
5.40791e-05
-2.24318e-06
5.41208e-05
-2.26415e-06
5.41587e-05
-2.29127e-06
5.41932e-05
-2.3255e-06
5.42245e-05
-2.36769e-06
5.4253e-05
-2.41858e-06
5.42788e-05
-2.4788e-06
5.43021e-05
-2.54887e-06
5.43231e-05
-2.62924e-06
5.43416e-05
-2.72027e-06
5.43575e-05
-2.82227e-06
5.43705e-05
-2.93547e-06
5.43802e-05
-3.06008e-06
5.43862e-05
-3.19623e-06
5.43876e-05
-3.34403e-06
5.43838e-05
-3.50349e-06
5.43736e-05
-3.67458e-06
5.43559e-05
-3.85717e-06
5.43295e-05
-4.05105e-06
5.42929e-05
-4.25586e-06
5.42446e-05
-4.47113e-06
5.4183e-05
-4.69619e-06
5.41064e-05
-4.93021e-06
5.40131e-05
-5.17212e-06
5.39014e-05
-5.42058e-06
5.37697e-05
-5.67399e-06
5.36164e-05
-5.93049e-06
5.34401e-05
-6.18784e-06
5.324e-05
-6.44381e-06
5.30152e-05
-6.69564e-06
5.27658e-05
-6.94023e-06
5.24916e-05
-7.17439e-06
5.21937e-05
-7.39468e-06
5.18728e-05
-7.59781e-06
5.15308e-05
-7.78015e-06
5.11691e-05
-7.93855e-06
5.07898e-05
-8.06956e-06
5.03939e-05
-8.17086e-06
4.99828e-05
-8.23937e-06
4.95569e-05
-8.27346e-06
4.91167e-05
-8.27031e-06
4.86612e-05
-8.22923e-06
4.81894e-05
-8.14824e-06
4.76998e-05
-8.02897e-06
4.719e-05
-7.87108e-06
4.66592e-05
-7.67834e-06
4.61044e-05
-7.45112e-06
4.55259e-05
-7.19473e-06
4.49215e-05
-6.91176e-06
4.42949e-05
-6.60802e-06
4.36436e-05
-6.28645e-06
4.29743e-05
-5.95322e-06
4.22837e-05
-5.61333e-06
4.15821e-05
-5.27097e-06
4.08645e-05
-4.93332e-06
4.01444e-05
-4.60025e-06
3.94142e-05
-4.2828e-06
3.869e-05
-3.97373e-06
3.79604e-05
-3.69081e-06
3.72432e-05
-3.41581e-06
3.65231e-05
-3.17813e-06
3.58189e-05
-2.94288e-06
3.51125e-05
-2.75839e-06
3.44216e-05
-2.56407e-06
3.37281e-05
-2.43863e-06
3.3045e-05
-2.28143e-06
3.23601e-05
-2.21888e-06
-2.08797e-06
5.43157e-05
-2.21383e-07
5.44993e-05
-5.17109e-07
5.4604e-05
-8.24301e-07
5.46915e-05
-1.09844e-06
5.47786e-05
-1.31874e-06
5.48596e-05
-1.49175e-06
5.49268e-05
-1.6329e-06
5.49792e-05
-1.75296e-06
5.50209e-05
-1.85635e-06
5.50564e-05
-1.94373e-06
5.50885e-05
-2.01496e-06
5.51179e-05
-2.07077e-06
5.51445e-05
-2.11296e-06
5.51675e-05
-2.14378e-06
5.51866e-05
-2.16545e-06
5.52015e-05
-2.18003e-06
5.52119e-05
-2.18934e-06
5.52177e-05
-2.19509e-06
5.52189e-05
-2.19892e-06
5.52154e-05
-2.20242e-06
5.52072e-05
-2.20709e-06
5.51943e-05
-2.2144e-06
5.51768e-05
-2.22569e-06
5.51549e-05
-2.24217e-06
5.51285e-05
-2.26493e-06
5.50979e-05
-2.29491e-06
5.50632e-05
-2.33295e-06
5.50243e-05
-2.37974e-06
5.49814e-05
-2.43589e-06
5.49345e-05
-2.50189e-06
5.48833e-05
-2.57811e-06
5.48279e-05
-2.66486e-06
5.4768e-05
-2.76237e-06
5.47034e-05
-2.87082e-06
5.46336e-05
-2.99033e-06
5.45584e-05
-3.12099e-06
5.44772e-05
-3.26281e-06
5.43894e-05
-3.41575e-06
5.42946e-05
-3.57971e-06
5.41919e-05
-3.75451e-06
5.40807e-05
-3.93985e-06
5.39602e-05
-4.13534e-06
5.38295e-05
-4.34046e-06
5.36879e-05
-4.55452e-06
5.35343e-05
-4.77664e-06
5.33679e-05
-5.0057e-06
5.31876e-05
-5.24032e-06
5.29925e-05
-5.47886e-06
5.27814e-05
-5.7194e-06
5.25533e-05
-5.95973e-06
5.23069e-05
-6.19744e-06
5.20409e-05
-6.42965e-06
5.17539e-05
-6.65318e-06
5.14441e-05
-6.86462e-06
5.11099e-05
-7.06049e-06
5.07493e-05
-7.23725e-06
5.03606e-05
-7.3914e-06
4.99415e-05
-7.51943e-06
4.94899e-05
-7.61796e-06
4.9003e-05
-7.68398e-06
4.84783e-05
-7.71461e-06
4.79122e-05
-7.70739e-06
4.73021e-05
-7.66021e-06
4.66447e-05
-7.57183e-06
4.59384e-05
-7.44192e-06
4.51816e-05
-7.27221e-06
4.43753e-05
-7.06478e-06
4.352e-05
-6.823e-06
4.26177e-05
-6.5489e-06
4.16706e-05
-6.24759e-06
4.06835e-05
-5.92462e-06
3.96623e-05
-5.58681e-06
3.86136e-05
-5.2378e-06
3.75456e-05
-4.88523e-06
3.64643e-05
-4.53202e-06
3.53791e-05
-4.18578e-06
3.42944e-05
-3.84862e-06
3.32216e-05
-3.52747e-06
3.21617e-05
-3.22284e-06
3.11276e-05
-2.93968e-06
3.01143e-05
-2.67751e-06
2.9137e-05
-2.43846e-06
2.81826e-05
-2.22376e-06
2.72702e-05
-2.03047e-06
2.63772e-05
-1.86545e-06
2.55288e-05
-1.71558e-06
2.46915e-05
-1.60134e-06
2.38986e-05
-1.48853e-06
2.31075e-05
-1.42778e-06
-1.33662e-06
5.39199e-05
-5.49227e-07
5.4174e-05
-7.71192e-07
5.43572e-05
-1.00751e-06
5.44927e-05
-1.23399e-06
5.46047e-05
-1.43069e-06
5.47046e-05
-1.59173e-06
5.47937e-05
-1.72199e-06
5.48702e-05
-1.82943e-06
5.49339e-05
-1.92004e-06
5.49867e-05
-1.99654e-06
5.50312e-05
-2.05948e-06
5.50695e-05
-2.109e-06
5.51023e-05
-2.14581e-06
5.51299e-05
-2.17138e-06
5.5152e-05
-2.18757e-06
5.51684e-05
-2.19638e-06
5.51788e-05
-2.19972e-06
5.51831e-05
-2.19938e-06
5.51812e-05
-2.19709e-06
5.51733e-05
-2.19447e-06
5.51593e-05
-2.1931e-06
5.51393e-05
-2.19443e-06
5.51135e-05
-2.19986e-06
5.50819e-05
-2.21062e-06
5.50448e-05
-2.22783e-06
5.50023e-05
-2.25239e-06
5.49545e-05
-2.28512e-06
5.49014e-05
-2.32669e-06
5.48432e-05
-2.37769e-06
5.47799e-05
-2.43855e-06
5.47113e-05
-2.50955e-06
5.46374e-05
-2.59093e-06
5.45579e-05
-2.68284e-06
5.44724e-05
-2.78538e-06
5.43807e-05
-2.89861e-06
5.42822e-05
-3.02251e-06
5.41764e-05
-3.15702e-06
5.40627e-05
-3.30201e-06
5.39403e-05
-3.4573e-06
5.38084e-05
-3.62258e-06
5.3666e-05
-3.79748e-06
5.35121e-05
-3.98148e-06
5.33456e-05
-4.17392e-06
5.3165e-05
-4.37396e-06
5.29689e-05
-4.58055e-06
5.27556e-05
-4.79239e-06
5.25232e-05
-5.00788e-06
5.22695e-05
-5.22512e-06
5.1992e-05
-5.44193e-06
5.16881e-05
-5.65583e-06
5.13546e-05
-5.86393e-06
5.09879e-05
-6.06297e-06
5.05841e-05
-6.24938e-06
5.01389e-05
-6.41946e-06
4.96479e-05
-6.56945e-06
4.91064e-05
-6.69575e-06
4.851e-05
-6.79501e-06
4.78547e-05
-6.86417e-06
4.71371e-05
-6.90032e-06
4.63541e-05
-6.90099e-06
4.5503e-05
-6.86355e-06
4.45813e-05
-6.78563e-06
4.35866e-05
-6.6655e-06
4.25177e-05
-6.50295e-06
4.13759e-05
-6.30013e-06
4.01653e-05
-6.06156e-06
3.88923e-05
-5.7918e-06
3.75639e-05
-5.49461e-06
3.61882e-05
-5.1732e-06
3.47734e-05
-4.83279e-06
3.33295e-05
-4.48074e-06
3.1868e-05
-4.1253e-06
3.04031e-05
-3.77292e-06
2.89474e-05
-3.42951e-06
2.75139e-05
-3.09854e-06
2.61132e-05
-2.78507e-06
2.47563e-05
-2.49169e-06
2.34518e-05
-2.22304e-06
2.22076e-05
-1.97855e-06
2.10294e-05
-1.76148e-06
1.992e-05
-1.56816e-06
1.88833e-05
-1.40179e-06
1.79154e-05
-1.25582e-06
1.70194e-05
-1.13447e-06
1.61827e-05
-1.02876e-06
1.54125e-05
-9.45353e-07
1.46848e-05
-8.73687e-07
1.4019e-05
-8.22725e-07
1.3375e-05
-7.83717e-07
-7.58266e-07
5.35799e-05
-8.62333e-07
5.3848e-05
-1.03929e-06
5.40637e-05
-1.22316e-06
5.42333e-05
-1.40365e-06
5.43723e-05
-1.56966e-06
5.44932e-05
-1.71266e-06
5.46018e-05
-1.8305e-06
5.4699e-05
-1.92671e-06
5.47849e-05
-2.00586e-06
5.48593e-05
-2.071e-06
5.49234e-05
-2.12356e-06
5.49784e-05
-2.16402e-06
5.50254e-05
-2.1928e-06
5.50648e-05
-2.21074e-06
5.50964e-05
-2.21923e-06
5.512e-05
-2.22001e-06
5.51353e-05
-2.215e-06
5.5142e-05
-2.20608e-06
5.514e-05
-2.19511e-06
5.51294e-05
-2.18382e-06
5.51102e-05
-2.17389e-06
5.50826e-05
-2.16684e-06
5.50468e-05
-2.16406e-06
5.5003e-05
-2.16681e-06
5.49513e-05
-2.17615e-06
5.48919e-05
-2.19296e-06
5.48248e-05
-2.21803e-06
5.47501e-05
-2.25202e-06
5.46679e-05
-2.29548e-06
5.45781e-05
-2.34873e-06
5.44804e-05
-2.41186e-06
5.43745e-05
-2.485e-06
5.42598e-05
-2.56819e-06
5.41358e-05
-2.66138e-06
5.40017e-05
-2.76448e-06
5.38565e-05
-2.87734e-06
5.36992e-05
-2.99973e-06
5.35286e-05
-3.13138e-06
5.33432e-05
-3.27191e-06
5.31415e-05
-3.42087e-06
5.29217e-05
-3.57766e-06
5.26817e-05
-3.74154e-06
5.24194e-05
-3.9116e-06
5.21322e-05
-4.08674e-06
5.18172e-05
-4.2656e-06
5.14714e-05
-4.4466e-06
5.10914e-05
-4.62783e-06
5.06734e-05
-4.80709e-06
5.02134e-05
-4.98193e-06
4.9707e-05
-5.14947e-06
4.91494e-05
-5.30635e-06
4.85354e-05
-5.44892e-06
4.78594e-05
-5.57342e-06
4.7116e-05
-5.67609e-06
4.62998e-05
-5.75324e-06
4.54055e-05
-5.80145e-06
4.44284e-05
-5.81785e-06
4.33648e-05
-5.80057e-06
4.22136e-05
-5.74918e-06
4.09748e-05
-5.66217e-06
3.96496e-05
-5.53834e-06
3.82401e-05
-5.37615e-06
3.67476e-05
-5.17298e-06
3.51757e-05
-4.9311e-06
3.35323e-05
-4.65665e-06
3.18295e-05
-4.35882e-06
3.00819e-05
-4.04418e-06
2.83047e-05
-3.7174e-06
2.65157e-05
-3.38423e-06
2.47322e-05
-3.04924e-06
2.29706e-05
-2.71918e-06
2.12487e-05
-2.40338e-06
1.95856e-05
-2.10979e-06
1.79989e-05
-1.84289e-06
1.6505e-05
-1.60461e-06
1.51166e-05
-1.39667e-06
1.38433e-05
-1.21839e-06
1.26888e-05
-1.06858e-06
1.16539e-05
-9.43584e-07
1.07326e-05
-8.40229e-07
9.91814e-06
-7.53684e-07
9.19874e-06
-6.82386e-07
8.56409e-06
-6.21176e-07
8.00039e-06
-5.70763e-07
7.49685e-06
-5.25225e-07
7.04149e-06
-4.89997e-07
6.62509e-06
-4.57284e-07
6.24352e-06
-4.41158e-07
5.88584e-06
-4.26041e-07
-4.3365e-07
5.34393e-05
-1.16732e-06
5.37093e-05
-1.3093e-06
5.394e-05
-1.45383e-06
5.41328e-05
-1.5965e-06
5.42946e-05
-1.73145e-06
5.44343e-05
-1.85237e-06
5.45587e-05
-1.95486e-06
5.46703e-05
-2.03837e-06
5.47696e-05
-2.10512e-06
5.48562e-05
-2.1576e-06
5.49301e-05
-2.19744e-06
5.49916e-05
-2.2255e-06
5.50411e-05
-2.24228e-06
5.50787e-05
-2.24841e-06
5.51044e-05
-2.24493e-06
5.51178e-05
-2.23336e-06
5.51183e-05
-2.2155e-06
5.51056e-05
-2.19342e-06
5.50796e-05
-2.1691e-06
5.50402e-05
-2.14442e-06
5.49876e-05
-2.12126e-06
5.4922e-05
-2.10132e-06
5.4844e-05
-2.08599e-06
5.47536e-05
-2.07642e-06
5.46509e-05
-2.07344e-06
5.45359e-05
-2.07792e-06
5.44085e-05
-2.0907e-06
5.42689e-05
-2.11237e-06
5.41167e-05
-2.14328e-06
5.39515e-05
-2.18356e-06
5.37728e-05
-2.23317e-06
5.35798e-05
-2.29199e-06
5.33714e-05
-2.35982e-06
5.31465e-05
-2.43642e-06
5.29034e-05
-2.52147e-06
5.26407e-05
-2.61458e-06
5.23563e-05
-2.71531e-06
5.2048e-05
-2.82314e-06
5.17136e-05
-2.93746e-06
5.13503e-05
-3.05756e-06
5.09552e-05
-3.18258e-06
5.05252e-05
-3.31154e-06
5.00568e-05
-3.44324e-06
4.95463e-05
-3.57623e-06
4.89896e-05
-3.70884e-06
4.83821e-05
-3.83915e-06
4.77193e-05
-3.96501e-06
4.69966e-05
-4.08433e-06
4.62092e-05
-4.19462e-06
4.53524e-05
-4.29263e-06
4.44208e-05
-4.37476e-06
4.34093e-05
-4.4374e-06
4.23129e-05
-4.47703e-06
4.11274e-05
-4.49058e-06
3.98494e-05
-4.47523e-06
3.84766e-05
-4.42864e-06
3.7007e-05
-4.3483e-06
3.54401e-05
-4.23369e-06
3.37816e-05
-4.09061e-06
3.20376e-05
-3.91818e-06
3.02167e-05
-3.71741e-06
2.83328e-05
-3.49223e-06
2.63959e-05
-3.23608e-06
2.44206e-05
-2.95582e-06
2.24264e-05
-2.66249e-06
2.04356e-05
-2.36804e-06
1.84737e-05
-2.08228e-06
1.65637e-05
-1.80733e-06
1.47363e-05
-1.55682e-06
1.30225e-05
-1.33546e-06
1.1444e-05
-1.14076e-06
1.00159e-05
-9.75217e-07
8.74797e-06
-8.41869e-07
7.64366e-06
-7.38576e-07
6.69263e-06
-6.5358e-07
5.88276e-06
-5.86803e-07
5.19588e-06
-5.3151e-07
4.61037e-06
-4.8306e-07
4.10575e-06
-4.38969e-07
3.66458e-06
-3.99058e-07
3.27419e-06
-3.6329e-07
2.92406e-06
-3.32264e-07
2.6076e-06
-3.04708e-07
2.31741e-06
-2.80575e-07
2.05141e-06
-2.59227e-07
1.80445e-06
-2.43038e-07
1.57838e-06
-2.3121e-07
1.36861e-06
-2.31392e-07
1.17883e-06
-2.36258e-07
-2.70165e-07
5.34702e-05
-1.46143e-06
5.37314e-05
-1.57051e-06
5.39578e-05
-1.6802e-06
5.41503e-05
-1.78903e-06
5.4312e-05
-1.89307e-06
5.44467e-05
-1.98713e-06
5.45588e-05
-2.06697e-06
5.46512e-05
-2.13076e-06
5.47248e-05
-2.17873e-06
5.47794e-05
-2.21214e-06
5.48142e-05
-2.23224e-06
5.48288e-05
-2.24011e-06
5.4823e-05
-2.23649e-06
5.47967e-05
-2.22213e-06
5.47498e-05
-2.19804e-06
5.46821e-05
-2.16568e-06
5.45934e-05
-2.12675e-06
5.44836e-05
-2.08362e-06
5.43528e-05
-2.03831e-06
5.42012e-05
-1.99288e-06
5.40293e-05
-1.94937e-06
5.38378e-05
-1.9098e-06
5.36277e-05
-1.8759e-06
5.33993e-05
-1.84801e-06
5.31524e-05
-1.82656e-06
5.2887e-05
-1.81252e-06
5.2603e-05
-1.8067e-06
5.23001e-05
-1.80948e-06
5.19778e-05
-1.82094e-06
5.16352e-05
-1.84093e-06
5.12711e-05
-1.86914e-06
5.08843e-05
-1.90518e-06
5.04731e-05
-1.94856e-06
5.00354e-05
-1.99875e-06
4.95691e-05
-2.05515e-06
4.90716e-05
-2.11712e-06
4.85403e-05
-2.18395e-06
4.7972e-05
-2.25488e-06
4.73636e-05
-2.32907e-06
4.67116e-05
-2.40556e-06
4.60124e-05
-2.48333e-06
4.5262e-05
-2.56123e-06
4.44568e-05
-2.63795e-06
4.35925e-05
-2.71195e-06
4.2665e-05
-2.78138e-06
4.16698e-05
-2.8439e-06
4.06021e-05
-2.89737e-06
3.94588e-05
-2.94097e-06
3.82368e-05
-2.97269e-06
3.6933e-05
-2.98885e-06
3.55448e-05
-2.98655e-06
3.40706e-05
-2.96313e-06
3.25098e-05
-2.91622e-06
3.08633e-05
-2.84407e-06
2.91343e-05
-2.74623e-06
2.73287e-05
-2.62311e-06
2.54548e-05
-2.47432e-06
2.35233e-05
-2.30219e-06
2.15471e-05
-2.11443e-06
1.95468e-05
-1.91791e-06
1.75452e-05
-1.71584e-06
1.55649e-05
-1.51194e-06
1.36403e-05
-1.31141e-06
1.1805e-05
-1.12054e-06
1.0089e-05
-9.46465e-07
8.51771e-06
-7.9678e-07
7.11473e-06
-6.79292e-07
5.908e-06
-6.00607e-07
4.88813e-06
-5.36953e-07
4.03651e-06
-4.83846e-07
3.32477e-06
-4.29015e-07
2.72128e-06
-3.71723e-07
2.1962e-06
-3.16788e-07
1.72947e-06
-2.7185e-07
1.31395e-06
-2.38065e-07
9.46385e-07
-2.19234e-07
6.21909e-07
-2.07034e-07
3.35304e-07
-1.96455e-07
8.12876e-08
-1.84953e-07
-1.45399e-07
-1.72371e-07
-3.49347e-07
-1.59342e-07
-5.34575e-07
-1.47037e-07
-7.03842e-07
-1.3544e-07
-8.60108e-07
-1.24309e-07
-1.00484e-06
-1.1449e-07
-1.13931e-06
-1.08573e-07
-1.26205e-06
-1.08469e-07
-1.37538e-06
-1.18061e-07
-1.47422e-06
-1.37418e-07
-1.71764e-07
5.34124e-05
-1.67745e-06
5.3585e-05
-1.74304e-06
5.37137e-05
-1.80897e-06
5.37986e-05
-1.87391e-06
5.38405e-05
-1.93497e-06
5.3841e-05
-1.98762e-06
5.38016e-05
-2.02756e-06
5.37249e-05
-2.05408e-06
5.36131e-05
-2.06697e-06
5.34674e-05
-2.06634e-06
5.32878e-05
-2.05267e-06
5.3075e-05
-2.0273e-06
5.28296e-05
-1.99114e-06
5.25527e-05
-1.94524e-06
5.22455e-05
-1.89082e-06
5.19093e-05
-1.82948e-06
5.15456e-05
-1.76303e-06
5.11556e-05
-1.69364e-06
5.07407e-05
-1.62342e-06
5.03023e-05
-1.55446e-06
4.98415e-05
-1.4886e-06
4.93595e-05
-1.42776e-06
4.88586e-05
-1.37497e-06
4.83385e-05
-1.32799e-06
4.77996e-05
-1.28762e-06
4.72419e-05
-1.25478e-06
4.6665e-05
-1.2298e-06
4.60682e-05
-1.21268e-06
4.54504e-05
-1.20316e-06
4.48103e-05
-1.2008e-06
4.41461e-05
-1.20498e-06
4.34559e-05
-1.21501e-06
4.27375e-05
-1.23017e-06
4.19885e-05
-1.24968e-06
4.12061e-05
-1.27276e-06
4.03876e-05
-1.2986e-06
3.953e-05
-1.32634e-06
3.86302e-05
-1.35512e-06
3.76851e-05
-1.38403e-06
3.66917e-05
-1.41211e-06
3.56468e-05
-1.43841e-06
3.45474e-05
-1.4619e-06
3.33911e-05
-1.48156e-06
3.21754e-05
-1.49633e-06
3.0899e-05
-1.50495e-06
2.95595e-05
-1.50442e-06
2.81567e-05
-1.49459e-06
2.66927e-05
-1.47689e-06
2.51684e-05
-1.44847e-06
2.35872e-05
-1.40764e-06
2.19541e-05
-1.35344e-06
2.02762e-05
-1.28522e-06
1.85637e-05
-1.20373e-06
1.68281e-05
-1.1085e-06
1.50845e-05
-1.00256e-06
1.33516e-05
-8.90269e-07
1.16542e-05
-7.76922e-07
1.00219e-05
-6.6982e-07
8.48387e-06
-5.76446e-07
7.0691e-06
-5.0314e-07
5.81132e-06
-4.58062e-07
4.71747e-06
-4.18084e-07
3.78261e-06
-3.76556e-07
2.98853e-06
-3.26464e-07
2.31001e-06
-2.67944e-07
1.72278e-06
-2.09552e-07
1.20699e-06
-1.63494e-07
7.41782e-07
-1.35403e-07
3.34638e-07
-1.29809e-07
-1.92645e-08
-1.29944e-07
-3.2455e-07
-1.23729e-07
-5.89619e-07
-1.06654e-07
-8.20941e-07
-8.54653e-08
-1.02489e-06
-6.79026e-08
-1.20509e-06
-5.7862e-08
-1.36882e-06
-5.55004e-08
-1.51887e-06
-5.69933e-08
-1.65598e-06
-5.93363e-08
-1.78079e-06
-6.01428e-08
-1.89431e-06
-5.8859e-08
-1.9978e-06
-5.58524e-08
-2.09294e-06
-5.18969e-08
-2.181e-06
-4.73748e-08
-2.2626e-06
-4.27089e-08
-2.33828e-06
-3.8814e-08
-2.40909e-06
-3.77588e-08
-2.47563e-06
-4.19307e-08
-2.53923e-06
-5.44568e-08
-2.60079e-06
-7.58569e-08
-9.93074e-08
5.10831e-05
-1.45458e-06
5.07954e-05
-1.45538e-06
5.0444e-05
-1.45752e-06
5.00292e-05
-1.45912e-06
4.95523e-05
-1.45811e-06
4.90168e-05
-1.4521e-06
4.84271e-05
-1.43783e-06
4.77882e-05
-1.41521e-06
4.71062e-05
-1.38499e-06
4.63862e-05
-1.34634e-06
4.56332e-05
-1.2996e-06
4.48514e-05
-1.24558e-06
4.40455e-05
-1.18521e-06
4.32198e-05
-1.11955e-06
4.23787e-05
-1.04971e-06
4.15263e-05
-9.77058e-07
4.06663e-05
-9.03074e-07
3.98021e-05
-8.29436e-07
3.89365e-05
-7.57824e-07
3.80719e-05
-6.89855e-07
3.72102e-05
-6.26898e-07
3.63525e-05
-5.70041e-07
3.54975e-05
-5.19928e-07
3.46461e-05
-4.76591e-07
3.37984e-05
-4.39945e-07
3.29535e-05
-4.09892e-07
3.211e-05
-3.8623e-07
3.12658e-05
-3.68571e-07
3.0419e-05
-3.56344e-07
2.95671e-05
-3.48839e-07
2.87074e-05
-3.45285e-07
2.78373e-05
-3.44897e-07
2.6954e-05
-3.46911e-07
2.60549e-05
-3.50598e-07
2.51374e-05
-3.55261e-07
2.41991e-05
-3.60241e-07
2.32376e-05
-3.64912e-07
2.22512e-05
-3.68696e-07
2.12382e-05
-3.71056e-07
2.01976e-05
-3.71523e-07
1.91289e-05
-3.69695e-07
1.80323e-05
-3.65286e-07
1.69089e-05
-3.58114e-07
1.57607e-05
-3.48192e-07
1.45915e-05
-3.35715e-07
1.34083e-05
-3.21243e-07
1.22195e-05
-3.05817e-07
1.1033e-05
-2.9031e-07
9.8599e-06
-2.75403e-07
8.71374e-06
-2.61474e-07
7.6089e-06
-2.48603e-07
6.55964e-06
-2.35962e-07
5.57852e-06
-2.22604e-07
4.67902e-06
-2.0901e-07
3.86231e-06
-1.85848e-07
3.12782e-06
-1.55779e-07
2.47206e-06
-1.21158e-07
1.8888e-06
-8.6566e-08
1.371e-06
-5.86394e-08
9.09482e-07
-4.16244e-08
4.90664e-07
-3.92429e-08
1.19705e-07
-4.71256e-08
-2.03041e-07
-5.38112e-08
-4.79331e-07
-5.01737e-08
-7.11713e-07
-3.55622e-08
-9.05035e-07
-1.62302e-08
-1.06738e-06
-1.15112e-09
-1.20706e-06
4.27714e-09
-1.3372e-06
3.343e-10
-1.45971e-06
-7.43722e-09
-1.57086e-06
-1.25807e-08
-1.66587e-06
-1.16448e-08
-1.744e-06
-7.33666e-09
-1.80887e-06
-3.0278e-09
-1.86585e-06
-8.77198e-10
-1.91965e-06
-1.7057e-09
-1.97242e-06
-4.22565e-09
-2.0248e-06
-6.95413e-09
-2.07601e-06
-8.9339e-09
-2.12497e-06
-9.89867e-09
-2.17085e-06
-9.96877e-09
-2.21334e-06
-9.40485e-09
-2.25239e-06
-8.33088e-09
-2.28817e-06
-6.92425e-09
-2.32133e-06
-5.65159e-09
-2.35358e-06
-5.51534e-09
-2.38742e-06
-8.09304e-09
-2.42614e-06
-1.57303e-08
-2.47316e-06
-2.88406e-08
-4.09928e-08
3.50187e-05
3.35633e-05
3.21058e-05
3.06467e-05
2.91886e-05
2.77365e-05
2.62986e-05
2.48834e-05
2.34984e-05
2.21521e-05
2.08525e-05
1.96069e-05
1.84217e-05
1.73021e-05
1.62524e-05
1.52754e-05
1.43723e-05
1.35429e-05
1.2785e-05
1.20952e-05
1.14683e-05
1.08982e-05
1.03783e-05
9.90173e-06
9.46178e-06
9.05189e-06
8.66566e-06
8.29709e-06
7.94075e-06
7.59191e-06
7.24662e-06
6.90173e-06
6.55482e-06
6.20422e-06
5.84896e-06
5.48872e-06
5.1238e-06
4.75511e-06
4.38405e-06
4.01253e-06
3.64283e-06
3.27755e-06
2.91943e-06
2.57124e-06
2.23553e-06
1.91428e-06
1.60847e-06
1.31816e-06
1.04275e-06
7.81279e-07
5.32676e-07
2.96715e-07
7.41102e-08
-1.34899e-07
-3.20747e-07
-4.76526e-07
-5.97684e-07
-6.8425e-07
-7.4289e-07
-7.84514e-07
-8.23757e-07
-8.70883e-07
-9.24694e-07
-9.74868e-07
-1.01043e-06
-1.02666e-06
-1.02781e-06
-1.02353e-06
-1.0232e-06
-1.03064e-06
-1.04322e-06
-1.05486e-06
-1.0622e-06
-1.06523e-06
-1.0661e-06
-1.06781e-06
-1.07204e-06
-1.07899e-06
-1.08792e-06
-1.09782e-06
-1.10779e-06
-1.1172e-06
-1.12553e-06
-1.13245e-06
-1.1381e-06
-1.14362e-06
-1.15171e-06
-1.16744e-06
-1.19628e-06
)
;

boundaryField
{
    fixedWalls
    {
        type            calculated;
        value           uniform 0;
    }
    inflowWall
    {
        type            calculated;
        value           nonuniform List<scalar> 10(-5e-05 -5e-05 -5e-05 -5e-05 -5e-05 -5e-05 -5e-05 -5e-05 -5e-05 -5e-05);
    }
    outflowWall
    {
        type            calculated;
        value           nonuniform List<scalar> 
20
(
1.23372e-05
2.45563e-05
3.3024e-05
4.02446e-05
4.58607e-05
4.93213e-05
5.0391e-05
4.93898e-05
4.70225e-05
4.36598e-05
3.8812e-05
3.16662e-05
2.23561e-05
1.27966e-05
5.56123e-06
1.01534e-06
-1.57262e-06
-2.67325e-06
-2.53147e-06
-1.23727e-06
)
;
    }
    frontAndBack
    {
        type            empty;
        value           nonuniform List<scalar> 0();
    }
}


// ************************************************************************* //
