/*--------------------------------*- C++ -*----------------------------------*\
| =========                 |                                                 |
| \\      /  F ield         | OpenFOAM: The Open Source CFD Toolbox           |
|  \\    /   O peration     | Version:  2306                                  |
|   \\  /    A nd           | Website:  www.openfoam.com                      |
|    \\/     M anipulation  |                                                 |
\*---------------------------------------------------------------------------*/
FoamFile
{
    version     2.0;
    format      ascii;
    arch        "LSB;label=32;scalar=64";
    class       volVectorField;
    location    "8.4";
    object      U;
}
// * * * * * * * * * * * * * * * * * * * * * * * * * * * * * * * * * * * * * //

dimensions      [0 1 -1 0 0 0 0];

internalField   nonuniform List<vector> 
1900
(
(0.984273 0.0072911 0)
(0.961758 0.0216822 0)
(0.95232 0.0181806 0)
(0.918694 0.0253026 0)
(0.903394 0.0154501 0)
(0.863043 0.0257489 0)
(0.85221 0.0116149 0)
(0.811895 0.0267306 0)
(0.809536 0.00459321 0)
(0.770319 0.0259961 0)
(1.00256 0.0115602 0)
(1.00446 0.025864 0)
(1.01943 0.0289708 0)
(1.02197 0.0304652 0)
(1.03486 0.0280191 0)
(1.03394 0.028438 0)
(1.04402 0.0258123 0)
(1.04273 0.0251332 0)
(1.05111 0.0207246 0)
(1.05217 0.0162872 0)
(1.00048 0.00388884 0)
(1.00419 0.0111596 0)
(1.01255 0.0140085 0)
(1.02112 0.0158006 0)
(1.03153 0.0147334 0)
(1.04052 0.0144477 0)
(1.04996 0.0124167 0)
(1.05836 0.0109851 0)
(1.06683 0.00738677 0)
(1.07465 0.00325263 0)
(1.00007 0.00207922 0)
(1.00313 0.00584898 0)
(1.00888 0.00806586 0)
(1.01648 0.00905143 0)
(1.02527 0.00857934 0)
(1.0343 0.00748836 0)
(1.04323 0.0057195 0)
(1.05178 0.00357023 0)
(1.05995 0.000760659 0)
(1.06762 -0.00273382 0)
(1.00003 0.00042674 0)
(1.00261 0.00117931 0)
(1.00738 0.00144698 0)
(1.01402 0.0011726 0)
(1.02191 0.000281221 0)
(1.03035 -0.00107306 0)
(1.03879 -0.00285586 0)
(1.04691 -0.00504221 0)
(1.05459 -0.00768001 0)
(1.06174 -0.0108274 0)
(1.00003 -0.0010583 0)
(1.00255 -0.00301957 0)
(1.0072 -0.00473605 0)
(1.01366 -0.00616771 0)
(1.02133 -0.00746005 0)
(1.02949 -0.00881291 0)
(1.03759 -0.010412 0)
(1.04533 -0.0123666 0)
(1.05261 -0.0147172 0)
(1.05939 -0.0174342 0)
(1.00003 -0.00270822 0)
(1.00303 -0.00742481 0)
(1.00836 -0.0110455 0)
(1.01546 -0.0134754 0)
(1.02347 -0.0150916 0)
(1.03164 -0.0164429 0)
(1.03952 -0.0179337 0)
(1.04692 -0.0197418 0)
(1.05385 -0.0218596 0)
(1.06035 -0.0241972 0)
(1.00004 -0.00476695 0)
(1.00441 -0.0122259 0)
(1.01138 -0.0169041 0)
(1.0198 -0.0193283 0)
(1.02841 -0.0206465 0)
(1.03642 -0.0218071 0)
(1.04363 -0.0232581 0)
(1.05011 -0.0250262 0)
(1.056 -0.0269697 0)
(1.06133 -0.0289546 0)
(1.00006 -0.0121171 0)
(1.00722 -0.0259465 0)
(1.01559 -0.0314198 0)
(1.02288 -0.0325632 0)
(1.02795 -0.0326406 0)
(1.03076 -0.0330077 0)
(1.03178 -0.0337767 0)
(1.0315 -0.0346838 0)
(1.03011 -0.0355137 0)
(1.02764 -0.036206 0)
(0.980777 -0.00916301 0)
(0.964588 -0.0188198 0)
(0.945466 -0.022043 0)
(0.920805 -0.0221803 0)
(0.892028 -0.0217316 0)
(0.86173 -0.0215672 0)
(0.831513 -0.0215951 0)
(0.801855 -0.0215795 0)
(0.77269 -0.0213966 0)
(0.743775 -0.0210615 0)
(0.00020721 -0.000110157 0)
(0.000341712 -2.06275e-05 0)
(7.31242e-05 2.89007e-05 0)
(-0.000417386 5.81907e-05 0)
(-0.00107159 7.62516e-05 0)
(-0.00184684 9.38949e-05 0)
(-0.00272998 0.000114571 0)
(-0.00371625 0.000137215 0)
(-0.00480054 0.000160603 0)
(-0.00597655 0.000184028 0)
(-0.00723723 0.000207056 0)
(-0.00857505 0.000229385 0)
(-0.00998234 0.000250771 0)
(-0.0114515 0.000271016 0)
(-0.0129751 0.000289971 0)
(-0.0145462 0.00030755 0)
(-0.016158 0.000323716 0)
(-0.0178044 0.000338448 0)
(-0.0194797 0.000351723 0)
(-0.0211787 0.000363547 0)
(-0.0228968 0.000373954 0)
(-0.0246305 0.000383011 0)
(-0.026377 0.000390812 0)
(-0.0281347 0.000397472 0)
(-0.0299028 0.000403118 0)
(-0.0316819 0.000407904 0)
(-0.0334736 0.000412034 0)
(-0.0352809 0.000415758 0)
(-0.0371083 0.00041934 0)
(-0.0389617 0.000423057 0)
(-0.0408484 0.000427166 0)
(-0.0427772 0.000431853 0)
(-0.0447578 0.000437205 0)
(-0.0468015 0.000443299 0)
(-0.0489207 0.00045041 0)
(-0.0511298 0.000459192 0)
(-0.0534457 0.000470741 0)
(-0.0558884 0.000486815 0)
(-0.0584811 0.00051027 0)
(-0.0612521 0.00054548 0)
(-0.0642351 0.000599021 0)
(-0.0674718 0.000680454 0)
(-0.071013 0.000802562 0)
(-0.0749191 0.000980234 0)
(-0.0792573 0.0012281 0)
(-0.0840949 0.00155765 0)
(-0.0894904 0.00197345 0)
(-0.0954819 0.00247007 0)
(-0.102075 0.00302949 0)
(-0.109231 0.00361825 0)
(-0.116852 0.00418608 0)
(-0.124771 0.00467479 0)
(-0.132761 0.00502866 0)
(-0.140547 0.00520572 0)
(-0.14782 0.00517861 0)
(-0.154249 0.00494554 0)
(-0.159531 0.00454272 0)
(-0.163424 0.0040253 0)
(-0.165686 0.0033757 0)
(-0.166111 0.00257919 0)
(-0.164603 0.00164091 0)
(-0.161136 0.000636634 0)
(-0.155652 -0.000409204 0)
(-0.148219 -0.00144484 0)
(-0.138897 -0.00244883 0)
(-0.127846 -0.00338949 0)
(-0.115193 -0.00424037 0)
(-0.101124 -0.00499414 0)
(-0.085886 -0.00561098 0)
(-0.0695314 -0.0061645 0)
(-0.0525881 -0.00649566 0)
(-0.0347925 -0.00679429 0)
(-0.0170906 -0.00690563 0)
(0.00138132 -0.00698796 0)
(0.0190623 -0.00690054 0)
(0.0375437 -0.00684243 0)
(0.054491 -0.00658548 0)
(0.0724749 -0.00642471 0)
(0.0882031 -0.00605769 0)
(0.105388 -0.0058557 0)
(0.119553 -0.00543508 0)
(0.135881 -0.00525224 0)
(0.148281 -0.0048347 0)
(0.163983 -0.00472506 0)
(0.174476 -0.00436672 0)
(0.190194 -0.00437865 0)
(0.198481 -0.00412855 0)
(0.215607 -0.00435156 0)
(0.220747 -0.00422629 0)
(0.242072 -0.00508432 0)
(5.87696e-05 -0.000513659 0)
(-0.000538124 0.000153565 0)
(-0.00204967 0.00072808 0)
(-0.00398059 0.00113247 0)
(-0.00629644 0.00141161 0)
(-0.00892431 0.00163407 0)
(-0.0118267 0.00183578 0)
(-0.0149752 0.00202458 0)
(-0.0183404 0.00220033 0)
(-0.0218941 0.002362 0)
(-0.0256093 0.00250873 0)
(-0.0294599 0.00264024 0)
(-0.0334216 0.00275672 0)
(-0.0374713 0.00285864 0)
(-0.0415884 0.00294672 0)
(-0.0457544 0.00302183 0)
(-0.049953 0.00308494 0)
(-0.0541704 0.00313698 0)
(-0.0583951 0.0031789 0)
(-0.0626179 0.00321206 0)
(-0.066832 0.00323806 0)
(-0.0710336 0.00325866 0)
(-0.0752211 0.00327582 0)
(-0.0793958 0.00329156 0)
(-0.0835614 0.003308 0)
(-0.0877241 0.00332745 0)
(-0.0918927 0.00335241 0)
(-0.0960784 0.00338559 0)
(-0.100295 0.00342974 0)
(-0.104558 0.00348764 0)
(-0.108886 0.00356204 0)
(-0.113298 0.00365553 0)
(-0.117814 0.00377054 0)
(-0.122456 0.0039097 0)
(-0.127244 0.0040763 0)
(-0.1322 0.00427443 0)
(-0.137344 0.0045086 0)
(-0.142695 0.00478369 0)
(-0.148268 0.0051055 0)
(-0.154072 0.00548036 0)
(-0.16011 0.00591522 0)
(-0.166375 0.00641749 0)
(-0.172851 0.00699364 0)
(-0.179504 0.00764542 0)
(-0.186284 0.00836477 0)
(-0.193117 0.00913048 0)
(-0.199899 0.00990498 0)
(-0.206496 0.0106358 0)
(-0.212751 0.0112591 0)
(-0.218482 0.0117031 0)
(-0.223483 0.0118837 0)
(-0.22753 0.0117261 0)
(-0.23039 0.011175 0)
(-0.231842 0.0102114 0)
(-0.231664 0.00881725 0)
(-0.229645 0.00697943 0)
(-0.225624 0.00471686 0)
(-0.219611 0.00211645 0)
(-0.211456 -0.000729455 0)
(-0.201218 -0.00374155 0)
(-0.18877 -0.00686529 0)
(-0.174283 -0.00997819 0)
(-0.157672 -0.0130573 0)
(-0.139248 -0.0159774 0)
(-0.11895 -0.0186847 0)
(-0.0971426 -0.0211381 0)
(-0.0739006 -0.0233137 0)
(-0.0493837 -0.0252228 0)
(-0.0242007 -0.0267831 0)
(0.00234055 -0.0280786 0)
(0.0285427 -0.0289436 0)
(0.0564333 -0.0296317 0)
(0.0825304 -0.0298499 0)
(0.111086 -0.0300004 0)
(0.136263 -0.0296406 0)
(0.16495 -0.0293831 0)
(0.188517 -0.0285703 0)
(0.216969 -0.0280234 0)
(0.238335 -0.0268987 0)
(0.266458 -0.0262164 0)
(0.285134 -0.0249262 0)
(0.313124 -0.0242654 0)
(0.328697 -0.0229507 0)
(0.357058 -0.022468 0)
(0.369163 -0.0212591 0)
(0.398726 -0.0211207 0)
(0.40703 -0.0201392 0)
(0.438924 -0.0205664 0)
(0.443128 -0.0199577 0)
(0.478541 -0.021372 0)
(-0.000164258 0.000437218 0)
(-0.00196671 0.0023185 0)
(-0.00546983 0.00354426 0)
(-0.00944782 0.00436454 0)
(-0.0138652 0.00500455 0)
(-0.0186199 0.00557116 0)
(-0.0236698 0.00609003 0)
(-0.0289746 0.00656087 0)
(-0.03448 0.00697889 0)
(-0.0401335 0.00734228 0)
(-0.0458873 0.00765094 0)
(-0.0516981 0.00790683 0)
(-0.0575287 0.00811339 0)
(-0.0633472 0.00827475 0)
(-0.0691272 0.00839544 0)
(-0.0748475 0.00848029 0)
(-0.0804913 0.00853422 0)
(-0.0860461 0.00856221 0)
(-0.0915027 0.00856937 0)
(-0.0968548 0.0085607 0)
(-0.1021 0.00854123 0)
(-0.107238 0.00851605 0)
(-0.112271 0.00849026 0)
(-0.117204 0.00846888 0)
(-0.122042 0.00845683 0)
(-0.126794 0.00845895 0)
(-0.131466 0.0084802 0)
(-0.136068 0.0085255 0)
(-0.140607 0.00859934 0)
(-0.145092 0.00870571 0)
(-0.14953 0.00884794 0)
(-0.153925 0.00902841 0)
(-0.158278 0.00924839 0)
(-0.162589 0.00950816 0)
(-0.166851 0.00980748 0)
(-0.171053 0.0101458 0)
(-0.17518 0.0105211 0)
(-0.179209 0.0109289 0)
(-0.183109 0.0113633 0)
(-0.186841 0.0118164 0)
(-0.190352 0.0122783 0)
(-0.19358 0.0127383 0)
(-0.196452 0.0131846 0)
(-0.198884 0.0136018 0)
(-0.200778 0.0139617 0)
(-0.202026 0.0142254 0)
(-0.202503 0.0143416 0)
(-0.202073 0.0142497 0)
(-0.200596 0.0138825 0)
(-0.197951 0.0131827 0)
(-0.193997 0.0120613 0)
(-0.18862 0.0104496 0)
(-0.181677 0.00828476 0)
(-0.173139 0.00555984 0)
(-0.162947 0.00227748 0)
(-0.151083 -0.00149008 0)
(-0.137457 -0.00576156 0)
(-0.122219 -0.0104238 0)
(-0.105032 -0.0153918 0)
(-0.0864027 -0.0204621 0)
(-0.0659456 -0.0255803 0)
(-0.0443291 -0.0305537 0)
(-0.0210161 -0.0354032 0)
(0.00322764 -0.0398974 0)
(0.0289089 -0.0440676 0)
(0.0554108 -0.0477459 0)
(0.0825734 -0.0509859 0)
(0.110757 -0.0536881 0)
(0.138501 -0.0559036 0)
(0.167903 -0.0575854 0)
(0.195366 -0.0586839 0)
(0.225481 -0.059428 0)
(0.251899 -0.0595064 0)
(0.282222 -0.0594137 0)
(0.306915 -0.0586166 0)
(0.33709 -0.057861 0)
(0.359509 -0.0563885 0)
(0.389355 -0.0551892 0)
(0.409064 -0.0532652 0)
(0.438606 -0.0518665 0)
(0.455287 -0.0497209 0)
(0.484759 -0.0483701 0)
(0.498194 -0.0462209 0)
(0.528028 -0.0451599 0)
(0.538088 -0.04321 0)
(0.568897 -0.0426857 0)
(0.575527 -0.0411416 0)
(0.608065 -0.0414364 0)
(0.611251 -0.0405467 0)
(0.646315 -0.0419939 0)
(-0.000924306 0.00124366 0)
(-0.00481104 0.00514834 0)
(-0.0107437 0.00763344 0)
(-0.016824 0.00929844 0)
(-0.0232285 0.0105356 0)
(-0.029906 0.0115176 0)
(-0.0367704 0.0123174 0)
(-0.0437241 0.0129716 0)
(-0.0506763 0.0134943 0)
(-0.057555 0.0138972 0)
(-0.0643047 0.0141927 0)
(-0.0708816 0.0143926 0)
(-0.0772536 0.0145083 0)
(-0.083398 0.0145514 0)
(-0.0892999 0.0145328 0)
(-0.0949502 0.0144631 0)
(-0.100344 0.0143522 0)
(-0.105482 0.0142089 0)
(-0.110365 0.0140417 0)
(-0.114996 0.0138583 0)
(-0.119381 0.0136662 0)
(-0.123526 0.0134721 0)
(-0.127436 0.0132823 0)
(-0.131117 0.0131027 0)
(-0.134575 0.012938 0)
(-0.137812 0.0127926 0)
(-0.140831 0.0126704 0)
(-0.143632 0.012575 0)
(-0.146212 0.0125089 0)
(-0.148568 0.0124732 0)
(-0.15069 0.0124679 0)
(-0.152569 0.0124912 0)
(-0.154187 0.0125395 0)
(-0.155525 0.0126073 0)
(-0.156557 0.012688 0)
(-0.157253 0.0127756 0)
(-0.157579 0.0128636 0)
(-0.157495 0.0129396 0)
(-0.156954 0.0129902 0)
(-0.155902 0.0130002 0)
(-0.154277 0.0129522 0)
(-0.152005 0.0128284 0)
(-0.149008 0.0126123 0)
(-0.145212 0.0122906 0)
(-0.140528 0.0118234 0)
(-0.134871 0.0111645 0)
(-0.12814 0.0102592 0)
(-0.120252 0.0090517 0)
(-0.11108 0.00743944 0)
(-0.10065 0.00538363 0)
(-0.0888317 0.00282038 0)
(-0.0756757 -0.000262411 0)
(-0.0610338 -0.00394029 0)
(-0.0451067 -0.00819637 0)
(-0.0276274 -0.0130795 0)
(-0.0089344 -0.0184361 0)
(0.0113863 -0.0242437 0)
(0.0325448 -0.0302373 0)
(0.0554418 -0.0364755 0)
(0.0788809 -0.0427024 0)
(0.104034 -0.0489833 0)
(0.129442 -0.0549877 0)
(0.156378 -0.0608478 0)
(0.183426 -0.0661567 0)
(0.21152 -0.0711077 0)
(0.239815 -0.0753766 0)
(0.268402 -0.0791473 0)
(0.297478 -0.0821627 0)
(0.325808 -0.084555 0)
(0.355189 -0.0862286 0)
(0.382544 -0.0872108 0)
(0.411793 -0.0876139 0)
(0.437528 -0.0873039 0)
(0.466293 -0.0866118 0)
(0.489862 -0.0852147 0)
(0.517925 -0.0836813 0)
(0.538914 -0.0814674 0)
(0.566215 -0.0793964 0)
(0.584339 -0.0766641 0)
(0.610978 -0.0743776 0)
(0.626068 -0.0714276 0)
(0.652308 -0.069243 0)
(0.664296 -0.0663588 0)
(0.690541 -0.064577 0)
(0.699429 -0.0620208 0)
(0.726205 -0.0609331 0)
(0.732038 -0.0589602 0)
(0.759963 -0.0588671 0)
(0.762789 -0.0577452 0)
(0.792539 -0.05896 0)
(-0.0012816 0.00695314 0)
(-0.00687818 0.0138265 0)
(-0.0155094 0.0164632 0)
(-0.0240087 0.0176242 0)
(-0.0325148 0.018457 0)
(-0.0407811 0.0192363 0)
(-0.048679 0.0199131 0)
(-0.0561679 0.0204104 0)
(-0.0632177 0.0207089 0)
(-0.0697968 0.0208347 0)
(-0.0758877 0.0208162 0)
(-0.0814855 0.0206786 0)
(-0.0865946 0.020444 0)
(-0.0912262 0.0201319 0)
(-0.0953957 0.019759 0)
(-0.0991211 0.0193402 0)
(-0.102422 0.018888 0)
(-0.105318 0.0184127 0)
(-0.107827 0.017922 0)
(-0.109966 0.0174243 0)
(-0.11175 0.0169268 0)
(-0.113193 0.0164354 0)
(-0.114305 0.015955 0)
(-0.115095 0.0154898 0)
(-0.115569 0.0150425 0)
(-0.115727 0.0146143 0)
(-0.115569 0.0142059 0)
(-0.11509 0.0138188 0)
(-0.114281 0.013452 0)
(-0.113131 0.0131026 0)
(-0.111623 0.0127669 0)
(-0.10974 0.0124391 0)
(-0.107457 0.0121113 0)
(-0.104747 0.0117738 0)
(-0.101575 0.011416 0)
(-0.097903 0.0110302 0)
(-0.0937012 0.0106137 0)
(-0.0889198 0.0101435 0)
(-0.0835157 0.00960011 0)
(-0.0774386 0.00896459 0)
(-0.0706277 0.00821417 0)
(-0.0630187 0.0073249 0)
(-0.0545178 0.00625852 0)
(-0.0451225 0.00498375 0)
(-0.0347303 0.00347252 0)
(-0.0233023 0.00170073 0)
(-0.0107149 -0.000388079 0)
(0.00297203 -0.00283019 0)
(0.017933 -0.00570793 0)
(0.0339804 -0.00905444 0)
(0.0514573 -0.012964 0)
(0.06998 -0.0174033 0)
(0.0900396 -0.0224432 0)
(0.110887 -0.0279735 0)
(0.133366 -0.0340419 0)
(0.156293 -0.0404723 0)
(0.180958 -0.0473535 0)
(0.205689 -0.0543599 0)
(0.232173 -0.0616034 0)
(0.258386 -0.0687029 0)
(0.286282 -0.0758117 0)
(0.313603 -0.0824855 0)
(0.342402 -0.0889325 0)
(0.370394 -0.0946809 0)
(0.3995 -0.0999888 0)
(0.427681 -0.10442 0)
(0.456453 -0.108261 0)
(0.484336 -0.111139 0)
(0.512121 -0.113338 0)
(0.539263 -0.114594 0)
(0.565465 -0.115153 0)
(0.59153 -0.114885 0)
(0.615657 -0.113957 0)
(0.640442 -0.112392 0)
(0.662127 -0.110239 0)
(0.685572 -0.107697 0)
(0.704578 -0.104655 0)
(0.726765 -0.101509 0)
(0.742969 -0.0979435 0)
(0.764111 -0.0945828 0)
(0.777487 -0.0908555 0)
(0.797905 -0.0876527 0)
(0.80849 -0.0840997 0)
(0.828599 -0.0814006 0)
(0.836461 -0.0783258 0)
(0.856741 -0.0764505 0)
(0.861946 -0.0741324 0)
(0.882928 -0.0733872 0)
(0.885498 -0.0720926 0)
(0.90774 -0.0727867 0)
(-0.00367116 0.00684089 0)
(-0.0134799 0.017297 0)
(-0.0245213 0.0220257 0)
(-0.0336302 0.0246863 0)
(-0.0418841 0.0262735 0)
(-0.0494797 0.0271118 0)
(-0.0563782 0.0273799 0)
(-0.0624563 0.0272634 0)
(-0.0676242 0.0268985 0)
(-0.0718862 0.0263576 0)
(-0.075301 0.0256868 0)
(-0.0779306 0.0249198 0)
(-0.0798382 0.0240849 0)
(-0.0810837 0.0232048 0)
(-0.0817232 0.022297 0)
(-0.0818076 0.0213758 0)
(-0.0813839 0.0204526 0)
(-0.0804939 0.0195356 0)
(-0.0791706 0.0186277 0)
(-0.0774453 0.0177343 0)
(-0.0753428 0.0168595 0)
(-0.0728835 0.0160057 0)
(-0.0700825 0.0151731 0)
(-0.066951 0.0143624 0)
(-0.0634952 0.0135717 0)
(-0.0597156 0.0127977 0)
(-0.0556044 0.0120366 0)
(-0.0511579 0.0112894 0)
(-0.0463624 0.0105525 0)
(-0.0411997 0.00981846 0)
(-0.0356495 0.00908007 0)
(-0.0296872 0.00832871 0)
(-0.0232853 0.00755431 0)
(-0.0164108 0.00674398 0)
(-0.00901921 0.00588082 0)
(-0.00105204 0.00493962 0)
(0.00747321 0.00389821 0)
(0.0166302 0.00275404 0)
(0.0264688 0.00149194 0)
(0.0370229 8.89671e-05 0)
(0.0483663 -0.00148523 0)
(0.0605069 -0.0032504 0)
(0.0735623 -0.00523886 0)
(0.0874683 -0.00748167 0)
(0.102416 -0.0100308 0)
(0.118309 -0.0129047 0)
(0.135405 -0.0161524 0)
(0.15341 -0.0198021 0)
(0.172771 -0.0239211 0)
(0.192921 -0.0284763 0)
(0.214568 -0.0335589 0)
(0.236797 -0.0391101 0)
(0.260633 -0.0452298 0)
(0.284732 -0.0517625 0)
(0.31049 -0.0588087 0)
(0.336127 -0.06611 0)
(0.363427 -0.0737827 0)
(0.390189 -0.0814647 0)
(0.418554 -0.0892981 0)
(0.445951 -0.0968523 0)
(0.474838 -0.10431 0)
(0.502334 -0.111191 0)
(0.531143 -0.117728 0)
(0.558172 -0.12342 0)
(0.586276 -0.128562 0)
(0.612288 -0.132662 0)
(0.639086 -0.136081 0)
(0.663606 -0.138361 0)
(0.688583 -0.139914 0)
(0.711273 -0.140338 0)
(0.734048 -0.140076 0)
(0.754739 -0.138792 0)
(0.77508 -0.136928 0)
(0.793764 -0.134226 0)
(0.811571 -0.131093 0)
(0.828383 -0.127361 0)
(0.84366 -0.123363 0)
(0.858845 -0.119037 0)
(0.871672 -0.1146 0)
(0.885554 -0.110114 0)
(0.896054 -0.105645 0)
(0.909008 -0.101406 0)
(0.917312 -0.0972696 0)
(0.929743 -0.0936405 0)
(0.935961 -0.0901553 0)
(0.948289 -0.0874569 0)
(0.95248 -0.0848988 0)
(0.965126 -0.0834199 0)
(0.967265 -0.0820322 0)
(0.980642 -0.0820412 0)
(-0.00179948 0.028806 0)
(-0.00957129 0.0405628 0)
(-0.0240395 0.040501 0)
(-0.0354172 0.0380667 0)
(-0.0444288 0.0361981 0)
(-0.0508325 0.0346911 0)
(-0.0549323 0.0331981 0)
(-0.0571296 0.0316446 0)
(-0.057787 0.03004 0)
(-0.0571854 0.02841 0)
(-0.0555144 0.0267755 0)
(-0.0529255 0.0251516 0)
(-0.0495464 0.0235561 0)
(-0.0454858 0.0220005 0)
(-0.0408354 0.0204909 0)
(-0.0356735 0.0190318 0)
(-0.0300657 0.0176247 0)
(-0.0240752 0.0162696 0)
(-0.0177309 0.0149521 0)
(-0.0110782 0.0136773 0)
(-0.00414483 0.0124461 0)
(0.00304853 0.0112552 0)
(0.0104879 0.0101005 0)
(0.0181643 0.00897844 0)
(0.0260761 0.00788445 0)
(0.034225 0.0068118 0)
(0.0426431 0.00574475 0)
(0.051324 0.00466513 0)
(0.0602859 0.00356569 0)
(0.0695601 0.00244323 0)
(0.0791728 0.00129061 0)
(0.0891569 9.50556e-05 0)
(0.0995457 -0.00115774 0)
(0.110378 -0.00248407 0)
(0.121685 -0.00390056 0)
(0.133519 -0.00542322 0)
(0.145894 -0.00707953 0)
(0.158869 -0.00889078 0)
(0.172525 -0.0108758 0)
(0.186846 -0.0130542 0)
(0.20195 -0.015455 0)
(0.217766 -0.0180998 0)
(0.234488 -0.0210228 0)
(0.25195 -0.0242327 0)
(0.270446 -0.0277702 0)
(0.28967 -0.0316526 0)
(0.310062 -0.035936 0)
(0.331099 -0.0406156 0)
(0.35341 -0.0457584 0)
(0.376204 -0.0513224 0)
(0.400333 -0.0573853 0)
(0.424694 -0.0638545 0)
(0.450401 -0.0708114 0)
(0.475995 -0.0780848 0)
(0.502885 -0.0857527 0)
(0.529232 -0.0935568 0)
(0.556772 -0.101582 0)
(0.583279 -0.10949 0)
(0.610848 -0.117389 0)
(0.63686 -0.124876 0)
(0.663796 -0.132103 0)
(0.688657 -0.138621 0)
(0.714316 -0.144645 0)
(0.737424 -0.1497 0)
(0.761237 -0.154084 0)
(0.782112 -0.157312 0)
(0.803647 -0.159774 0)
(0.821979 -0.160993 0)
(0.840983 -0.161448 0)
(0.856672 -0.160683 0)
(0.873092 -0.159252 0)
(0.886238 -0.15672 0)
(0.900179 -0.153693 0)
(0.911027 -0.149754 0)
(0.922698 -0.145535 0)
(0.931584 -0.140635 0)
(0.941243 -0.135682 0)
(0.948544 -0.130292 0)
(0.956456 -0.125063 0)
(0.962552 -0.119633 0)
(0.968953 -0.114546 0)
(0.974203 -0.109479 0)
(0.979279 -0.104898 0)
(0.98401 -0.100541 0)
(0.987878 -0.0967714 0)
(0.992381 -0.0934183 0)
(0.995077 -0.090714 0)
(0.999605 -0.088615 0)
(1.00106 -0.087184 0)
(1.00583 -0.0865488 0)
(-0.0195792 0.00828215 0)
(-0.0377993 0.0318964 0)
(-0.0410013 0.0392105 0)
(-0.0431087 0.0399904 0)
(-0.0420169 0.0383217 0)
(-0.0385971 0.0355618 0)
(-0.0333066 0.0324966 0)
(-0.0264939 0.0294592 0)
(-0.0184035 0.0265423 0)
(-0.00933962 0.0238208 0)
(0.000533925 0.021266 0)
(0.0110334 0.0188611 0)
(0.0220104 0.0166014 0)
(0.0333491 0.01448 0)
(0.0449629 0.0124865 0)
(0.0567742 0.0106121 0)
(0.0687341 0.00884925 0)
(0.0807458 0.00719852 0)
(0.0928708 0.00565785 0)
(0.105042 0.00420184 0)
(0.117242 0.00280464 0)
(0.129467 0.00145038 0)
(0.141718 0.000129364 0)
(0.154001 -0.00116896 0)
(0.166334 -0.00245545 0)
(0.178712 -0.00374137 0)
(0.191179 -0.00503557 0)
(0.203751 -0.00635264 0)
(0.216461 -0.00770809 0)
(0.229355 -0.00911788 0)
(0.242466 -0.0105947 0)
(0.255832 -0.0121558 0)
(0.269494 -0.0138157 0)
(0.283489 -0.0155946 0)
(0.297865 -0.0175071 0)
(0.31265 -0.0195744 0)
(0.327909 -0.021804 0)
(0.343643 -0.0242215 0)
(0.35995 -0.0268482 0)
(0.376787 -0.0297095 0)
(0.394287 -0.0328254 0)
(0.412346 -0.0362187 0)
(0.431151 -0.0399111 0)
(0.450516 -0.0439213 0)
(0.470695 -0.0482751 0)
(0.49139 -0.0529851 0)
(0.512944 -0.0580801 0)
(0.534905 -0.0635544 0)
(0.557726 -0.0694369 0)
(0.580763 -0.0756924 0)
(0.604607 -0.0823454 0)
(0.628381 -0.089318 0)
(0.652858 -0.0966276 0)
(0.676885 -0.104139 0)
(0.701466 -0.111862 0)
(0.725127 -0.119599 0)
(0.749168 -0.127362 0)
(0.77176 -0.134887 0)
(0.794576 -0.142211 0)
(0.815397 -0.14901 0)
(0.836346 -0.15537 0)
(0.854784 -0.160923 0)
(0.873352 -0.165835 0)
(0.888964 -0.169706 0)
(0.904831 -0.172804 0)
(0.917401 -0.174707 0)
(0.930477 -0.175801 0)
(0.940029 -0.175646 0)
(0.95044 -0.174746 0)
(0.957213 -0.172641 0)
(0.965275 -0.169946 0)
(0.96967 -0.166176 0)
(0.9758 -0.162042 0)
(0.978284 -0.15702 0)
(0.982922 -0.151892 0)
(0.983958 -0.146088 0)
(0.987503 -0.140436 0)
(0.987498 -0.134317 0)
(0.990275 -0.128585 0)
(0.989555 -0.122575 0)
(0.991798 -0.117156 0)
(0.990605 -0.111622 0)
(0.992459 -0.106846 0)
(0.990959 -0.102094 0)
(0.992487 -0.0982333 0)
(0.990781 -0.0945166 0)
(0.991963 -0.0917915 0)
(0.9901 -0.0893136 0)
(0.990833 -0.0878955 0)
(0.988822 -0.0868122 0)
(-0.0189411 0.107831 0)
(-0.0181786 0.0727222 0)
(-0.0113606 0.0580271 0)
(0.00106855 0.0461395 0)
(0.0173212 0.0363362 0)
(0.0357017 0.0288136 0)
(0.0552789 0.0229158 0)
(0.0752713 0.0180917 0)
(0.0955804 0.0139571 0)
(0.115559 0.0103308 0)
(0.135411 0.00713772 0)
(0.154981 0.00432911 0)
(0.174189 0.00183289 0)
(0.193007 -0.00041263 0)
(0.211436 -0.00245032 0)
(0.229452 -0.00431093 0)
(0.247086 -0.00601791 0)
(0.264298 -0.00759346 0)
(0.28116 -0.00905612 0)
(0.297647 -0.0104269 0)
(0.313774 -0.0117315 0)
(0.329573 -0.012995 0)
(0.345082 -0.0142379 0)
(0.360331 -0.0154799 0)
(0.375362 -0.0167385 0)
(0.390202 -0.018031 0)
(0.404901 -0.0193695 0)
(0.41951 -0.0207645 0)
(0.434063 -0.0222265 0)
(0.448614 -0.0237754 0)
(0.4632 -0.0254265 0)
(0.477874 -0.0272008 0)
(0.492673 -0.0291115 0)
(0.507643 -0.0311794 0)
(0.522822 -0.0334155 0)
(0.538245 -0.0358412 0)
(0.55395 -0.0384662 0)
(0.569957 -0.041314 0)
(0.586309 -0.0443953 0)
(0.603 -0.0477345 0)
(0.62008 -0.0513393 0)
(0.63751 -0.0552326 0)
(0.655346 -0.0594187 0)
(0.673504 -0.0639177 0)
(0.692057 -0.0687302 0)
(0.710858 -0.0738717 0)
(0.730005 -0.0793386 0)
(0.749261 -0.0851362 0)
(0.768762 -0.0912502 0)
(0.788157 -0.0976647 0)
(0.807647 -0.104349 0)
(0.826736 -0.111258 0)
(0.845728 -0.118343 0)
(0.863947 -0.125519 0)
(0.881862 -0.132724 0)
(0.898573 -0.139829 0)
(0.914792 -0.146769 0)
(0.929361 -0.153372 0)
(0.943336 -0.159589 0)
(0.955233 -0.16521 0)
(0.966562 -0.170235 0)
(0.975442 -0.174426 0)
(0.983951 -0.177864 0)
(0.989717 -0.180283 0)
(0.995493 -0.181877 0)
(0.998308 -0.182348 0)
(1.00168 -0.182023 0)
(1.00193 -0.18056 0)
(1.0034 -0.178427 0)
(1.00159 -0.175214 0)
(1.00173 -0.171534 0)
(0.998429 -0.166896 0)
(0.997789 -0.162051 0)
(0.993477 -0.156402 0)
(0.992508 -0.150826 0)
(0.987573 -0.144604 0)
(0.986601 -0.138725 0)
(0.981301 -0.132344 0)
(0.980524 -0.126553 0)
(0.975 -0.120379 0)
(0.974509 -0.115012 0)
(0.968809 -0.10936 0)
(0.968618 -0.104699 0)
(0.962719 -0.099832 0)
(0.962785 -0.0961103 0)
(0.956615 -0.0922424 0)
(0.956847 -0.0896454 0)
(0.950293 -0.0869447 0)
(0.950547 -0.0856078 0)
(0.943465 -0.0841929 0)
(0.0697576 0.00704015 0)
(0.0896313 0.00654457 0)
(0.153179 0.00610783 0)
(0.197935 0.00295987 0)
(0.236603 -0.0012956 0)
(0.271713 -0.0053649 0)
(0.304127 -0.00886353 0)
(0.333628 -0.0118088 0)
(0.361075 -0.0143149 0)
(0.386623 -0.0164578 0)
(0.410722 -0.0183217 0)
(0.433528 -0.0199562 0)
(0.455149 -0.0214014 0)
(0.475694 -0.0226878 0)
(0.495269 -0.02384 0)
(0.513951 -0.0248754 0)
(0.531815 -0.0258142 0)
(0.548917 -0.0266741 0)
(0.565317 -0.0274834 0)
(0.581069 -0.0282615 0)
(0.596222 -0.0290257 0)
(0.610832 -0.0297958 0)
(0.62495 -0.0305911 0)
(0.638635 -0.0314312 0)
(0.651935 -0.0323328 0)
(0.664906 -0.0333126 0)
(0.677596 -0.0343846 0)
(0.690064 -0.0355644 0)
(0.702346 -0.0368632 0)
(0.714496 -0.0382972 0)
(0.726544 -0.0398776 0)
(0.738545 -0.0416207 0)
(0.750521 -0.0435367 0)
(0.762522 -0.0456429 0)
(0.774557 -0.0479485 0)
(0.78667 -0.0504711 0)
(0.798859 -0.0532176 0)
(0.811156 -0.0562052 0)
(0.823551 -0.0594385 0)
(0.836061 -0.0629346 0)
(0.848661 -0.0666944 0)
(0.861355 -0.0707335 0)
(0.874101 -0.075047 0)
(0.88688 -0.079648 0)
(0.899638 -0.0845241 0)
(0.912328 -0.0896841 0)
(0.924882 -0.0951062 0)
(0.937216 -0.100791 0)
(0.949261 -0.106702 0)
(0.960888 -0.112825 0)
(0.972039 -0.119101 0)
(0.982531 -0.125498 0)
(0.992345 -0.131934 0)
(1.00123 -0.138357 0)
(1.00925 -0.144662 0)
(1.01607 -0.150773 0)
(1.02191 -0.156577 0)
(1.02631 -0.161981 0)
(1.02973 -0.166881 0)
(1.03153 -0.171178 0)
(1.03251 -0.174802 0)
(1.03175 -0.177653 0)
(1.0305 -0.179722 0)
(1.02744 -0.180903 0)
(1.02442 -0.181275 0)
(1.01951 -0.180709 0)
(1.0153 -0.179396 0)
(1.00905 -0.177158 0)
(1.00425 -0.174317 0)
(0.997143 -0.170613 0)
(0.992283 -0.16652 0)
(0.98467 -0.161653 0)
(0.980121 -0.156654 0)
(0.97221 -0.150973 0)
(0.968202 -0.145438 0)
(0.96007 -0.139299 0)
(0.956704 -0.133584 0)
(0.948324 -0.127322 0)
(0.945621 -0.121757 0)
(0.936904 -0.115676 0)
(0.934841 -0.110554 0)
(0.925666 -0.104925 0)
(0.924201 -0.100503 0)
(0.914424 -0.095557 0)
(0.913503 -0.0920508 0)
(0.902961 -0.0879817 0)
(0.902513 -0.0855597 0)
(0.891014 -0.0825141 0)
(0.890926 -0.0812851 0)
(0.878253 -0.0793489 0)
(0.773376 -0.00908649 0)
(0.774848 -0.0204512 0)
(0.7756 -0.0266143 0)
(0.777183 -0.0302604 0)
(0.780719 -0.0328613 0)
(0.785983 -0.0350112 0)
(0.792692 -0.0368389 0)
(0.800221 -0.0383064 0)
(0.808337 -0.0394367 0)
(0.816835 -0.0402608 0)
(0.825536 -0.0408574 0)
(0.834308 -0.041295 0)
(0.843053 -0.0416172 0)
(0.851699 -0.0418503 0)
(0.86019 -0.0420127 0)
(0.868487 -0.0421194 0)
(0.876558 -0.0421862 0)
(0.884383 -0.0422303 0)
(0.891948 -0.042271 0)
(0.899254 -0.0423277 0)
(0.906301 -0.042419 0)
(0.913104 -0.0425643 0)
(0.919674 -0.0427825 0)
(0.926034 -0.0430922 0)
(0.932204 -0.0435104 0)
(0.938209 -0.0440533 0)
(0.944071 -0.0447365 0)
(0.949816 -0.0455752 0)
(0.955463 -0.0465814 0)
(0.961035 -0.0477669 0)
(0.966546 -0.0491412 0)
(0.972018 -0.0507143 0)
(0.977459 -0.0524944 0)
(0.982884 -0.0544913 0)
(0.988293 -0.056712 0)
(0.993696 -0.0591656 0)
(0.999081 -0.0618573 0)
(1.00445 -0.0647947 0)
(1.00979 -0.0679806 0)
(1.01509 -0.0714213 0)
(1.02031 -0.0751163 0)
(1.02544 -0.0790694 0)
(1.03042 -0.083275 0)
(1.03524 -0.0877329 0)
(1.03983 -0.0924301 0)
(1.04416 -0.0973603 0)
(1.04814 -0.102499 0)
(1.05174 -0.10783 0)
(1.05485 -0.113315 0)
(1.05746 -0.118927 0)
(1.05944 -0.124609 0)
(1.06078 -0.130322 0)
(1.06137 -0.135988 0)
(1.06119 -0.141559 0)
(1.06019 -0.146939 0)
(1.05833 -0.152073 0)
(1.05564 -0.156852 0)
(1.05207 -0.161227 0)
(1.04775 -0.165091 0)
(1.0426 -0.168406 0)
(1.03687 -0.171078 0)
(1.03039 -0.173088 0)
(1.02363 -0.17437 0)
(1.01617 -0.174921 0)
(1.00881 -0.174719 0)
(1.00072 -0.173771 0)
(0.993154 -0.172111 0)
(0.984684 -0.169734 0)
(0.97721 -0.166754 0)
(0.968448 -0.163116 0)
(0.961224 -0.159037 0)
(0.952112 -0.154366 0)
(0.9452 -0.149457 0)
(0.935594 -0.144018 0)
(0.929024 -0.138583 0)
(0.91875 -0.13266 0)
(0.912563 -0.127014 0)
(0.901447 -0.120894 0)
(0.895725 -0.115354 0)
(0.883609 -0.109316 0)
(0.878484 -0.104188 0)
(0.86521 -0.0984902 0)
(0.860849 -0.0940505 0)
(0.846229 -0.0889107 0)
(0.842811 -0.0853934 0)
(0.826595 -0.0809818 0)
(0.824292 -0.0785676 0)
(0.80615 -0.074996 0)
(0.805104 -0.0737885 0)
(0.784631 -0.0710882 0)
(1.05701 0.00844839 0)
(1.06008 0.000116627 0)
(1.06076 -0.00698488 0)
(1.05997 -0.0125838 0)
(1.05905 -0.0171541 0)
(1.0587 -0.0211027 0)
(1.05906 -0.0246053 0)
(1.05997 -0.0276714 0)
(1.06122 -0.0302969 0)
(1.06265 -0.0324995 0)
(1.06418 -0.0343221 0)
(1.06576 -0.035818 0)
(1.06736 -0.037039 0)
(1.06895 -0.0380307 0)
(1.07053 -0.0388319 0)
(1.07206 -0.0394771 0)
(1.07353 -0.0399981 0)
(1.07492 -0.0404255 0)
(1.07622 -0.0407894 0)
(1.07743 -0.0411193 0)
(1.07853 -0.0414439 0)
(1.07954 -0.0417903 0)
(1.08046 -0.0421845 0)
(1.08129 -0.0426507 0)
(1.08203 -0.0432112 0)
(1.08271 -0.0438866 0)
(1.08331 -0.0446959 0)
(1.08386 -0.0456557 0)
(1.08436 -0.0467807 0)
(1.08481 -0.0480831 0)
(1.08521 -0.0495734 0)
(1.08557 -0.0512607 0)
(1.08589 -0.0531528 0)
(1.08617 -0.055256 0)
(1.08639 -0.0575757 0)
(1.08655 -0.0601161 0)
(1.08665 -0.062881 0)
(1.08667 -0.0658726 0)
(1.0866 -0.0690928 0)
(1.08641 -0.0725415 0)
(1.08609 -0.0762178 0)
(1.08561 -0.0801181 0)
(1.08495 -0.0842371 0)
(1.08408 -0.088566 0)
(1.08297 -0.0930931 0)
(1.08159 -0.0978026 0)
(1.0799 -0.102674 0)
(1.07788 -0.107681 0)
(1.07549 -0.112794 0)
(1.07272 -0.117976 0)
(1.06951 -0.123183 0)
(1.06587 -0.12837 0)
(1.06177 -0.133477 0)
(1.0572 -0.138451 0)
(1.05216 -0.14322 0)
(1.04667 -0.147729 0)
(1.04071 -0.1519 0)
(1.03434 -0.155683 0)
(1.02755 -0.159 0)
(1.02041 -0.161814 0)
(1.0129 -0.164049 0)
(1.00508 -0.165686 0)
(0.996953 -0.166654 0)
(0.988512 -0.166961 0)
(0.979813 -0.166548 0)
(0.970717 -0.165457 0)
(0.96142 -0.163649 0)
(0.951549 -0.161199 0)
(0.941579 -0.158091 0)
(0.930757 -0.154411 0)
(0.920052 -0.150172 0)
(0.908111 -0.145442 0)
(0.896683 -0.140294 0)
(0.883508 -0.134754 0)
(0.871502 -0.128992 0)
(0.857059 -0.122939 0)
(0.844757 -0.116906 0)
(0.829061 -0.110655 0)
(0.816856 -0.104704 0)
(0.799909 -0.0985543 0)
(0.788277 -0.0930291 0)
(0.770002 -0.0872442 0)
(0.759476 -0.0824524 0)
(0.739639 -0.0772242 0)
(0.730794 -0.0734176 0)
(0.708925 -0.0688559 0)
(0.702401 -0.0662298 0)
(0.677739 -0.0623608 0)
(0.674299 -0.0610413 0)
(0.645772 -0.0577977 0)
(1.08181 -0.00308409 0)
(1.08777 -0.0106171 0)
(1.09207 -0.0179017 0)
(1.09475 -0.0239418 0)
(1.09628 -0.0285939 0)
(1.09727 -0.0321832 0)
(1.09813 -0.0350678 0)
(1.09899 -0.0374746 0)
(1.09987 -0.0394964 0)
(1.10071 -0.0411606 0)
(1.10147 -0.0424809 0)
(1.10213 -0.0434822 0)
(1.1027 -0.0442035 0)
(1.10319 -0.0446904 0)
(1.10359 -0.044989 0)
(1.10393 -0.0451418 0)
(1.10418 -0.0451872 0)
(1.10435 -0.0451603 0)
(1.10444 -0.0450939 0)
(1.10444 -0.0450192 0)
(1.10434 -0.0449657 0)
(1.10415 -0.044961 0)
(1.10386 -0.0450309 0)
(1.10349 -0.045199 0)
(1.10303 -0.0454865 0)
(1.10249 -0.0459123 0)
(1.10186 -0.0464933 0)
(1.10116 -0.0472437 0)
(1.10038 -0.0481759 0)
(1.09952 -0.0492997 0)
(1.09859 -0.0506232 0)
(1.09758 -0.0521527 0)
(1.09649 -0.053893 0)
(1.09532 -0.0558476 0)
(1.09406 -0.0580189 0)
(1.0927 -0.0604088 0)
(1.09124 -0.0630183 0)
(1.08967 -0.0658474 0)
(1.08797 -0.0688957 0)
(1.08614 -0.0721609 0)
(1.08417 -0.0756398 0)
(1.08203 -0.0793268 0)
(1.07972 -0.0832147 0)
(1.07722 -0.0872928 0)
(1.07451 -0.0915482 0)
(1.07158 -0.0959633 0)
(1.0684 -0.100518 0)
(1.06496 -0.105186 0)
(1.06125 -0.109937 0)
(1.05723 -0.114735 0)
(1.05289 -0.119539 0)
(1.04821 -0.124302 0)
(1.04317 -0.128971 0)
(1.03774 -0.133489 0)
(1.03188 -0.137795 0)
(1.02558 -0.141828 0)
(1.01879 -0.145527 0)
(1.01148 -0.14883 0)
(1.0036 -0.15168 0)
(0.995123 -0.154022 0)
(0.98598 -0.155801 0)
(0.976147 -0.156971 0)
(0.965541 -0.15748 0)
(0.954146 -0.157297 0)
(0.941868 -0.156381 0)
(0.928704 -0.154739 0)
(0.914576 -0.152355 0)
(0.899495 -0.149287 0)
(0.883452 -0.145538 0)
(0.866445 -0.141202 0)
(0.848602 -0.136277 0)
(0.82982 -0.130887 0)
(0.810465 -0.125037 0)
(0.790184 -0.118887 0)
(0.769768 -0.112461 0)
(0.748376 -0.105936 0)
(0.727504 -0.0993448 0)
(0.705422 -0.0928304 0)
(0.684773 -0.086454 0)
(0.662325 -0.0802766 0)
(0.642598 -0.0744446 0)
(0.619911 -0.0688543 0)
(0.601831 -0.0638388 0)
(0.578716 -0.0589878 0)
(0.563085 -0.055 0)
(0.538865 -0.0509204 0)
(0.526722 -0.0481267 0)
(0.500024 -0.044723 0)
(0.492972 -0.0432769 0)
(0.461445 -0.0403254 0)
(1.07461 -0.00699645 0)
(1.08069 -0.0118993 0)
(1.08564 -0.0169883 0)
(1.08939 -0.0217302 0)
(1.09209 -0.0257768 0)
(1.09404 -0.0290793 0)
(1.09557 -0.0317712 0)
(1.09689 -0.0340118 0)
(1.0981 -0.0359088 0)
(1.09923 -0.0375103 0)
(1.10024 -0.0388307 0)
(1.10112 -0.0398783 0)
(1.10187 -0.0406713 0)
(1.10249 -0.0412392 0)
(1.10299 -0.041619 0)
(1.10338 -0.0418497 0)
(1.10366 -0.0419692 0)
(1.10383 -0.0420128 0)
(1.10388 -0.042014 0)
(1.10381 -0.0420042 0)
(1.10363 -0.0420134 0)
(1.10332 -0.0420696 0)
(1.1029 -0.0421986 0)
(1.10236 -0.0424239 0)
(1.10172 -0.0427661 0)
(1.10096 -0.0432434 0)
(1.10011 -0.0438714 0)
(1.09915 -0.0446634 0)
(1.0981 -0.0456308 0)
(1.09694 -0.0467828 0)
(1.09569 -0.0481264 0)
(1.09435 -0.0496668 0)
(1.09289 -0.0514076 0)
(1.09134 -0.0533511 0)
(1.08967 -0.0554988 0)
(1.08788 -0.0578513 0)
(1.08597 -0.0604085 0)
(1.08391 -0.0631696 0)
(1.0817 -0.0661327 0)
(1.07933 -0.069295 0)
(1.07678 -0.0726515 0)
(1.07402 -0.0761962 0)
(1.07105 -0.0799198 0)
(1.06784 -0.0838111 0)
(1.06436 -0.0878549 0)
(1.0606 -0.0920332 0)
(1.0565 -0.0963231 0)
(1.05205 -0.100698 0)
(1.04721 -0.105126 0)
(1.04192 -0.10957 0)
(1.03615 -0.113985 0)
(1.02983 -0.118321 0)
(1.02291 -0.122524 0)
(1.01531 -0.126533 0)
(1.00697 -0.130283 0)
(0.9978 -0.133712 0)
(0.987719 -0.136752 0)
(0.976639 -0.139342 0)
(0.964481 -0.141421 0)
(0.951162 -0.142934 0)
(0.93662 -0.143833 0)
(0.920789 -0.144067 0)
(0.903633 -0.143593 0)
(0.88511 -0.14237 0)
(0.86521 -0.14037 0)
(0.843925 -0.137587 0)
(0.821289 -0.134046 0)
(0.797353 -0.129799 0)
(0.772225 -0.124912 0)
(0.746034 -0.119461 0)
(0.718962 -0.113523 0)
(0.691181 -0.107195 0)
(0.662909 -0.100554 0)
(0.634304 -0.0937318 0)
(0.605656 -0.0868182 0)
(0.577069 -0.07998 0)
(0.548969 -0.0732751 0)
(0.521274 -0.066871 0)
(0.494621 -0.0607571 0)
(0.468503 -0.0550902 0)
(0.444015 -0.0497868 0)
(0.419849 -0.0450093 0)
(0.398078 -0.0406236 0)
(0.375842 -0.0367989 0)
(0.357269 -0.033389 0)
(0.336363 -0.0305055 0)
(0.32167 -0.0281134 0)
(0.300534 -0.0260543 0)
(0.291384 -0.0247777 0)
(0.266591 -0.0232502 0)
(1.06829 -0.0144427 0)
(1.07415 -0.0184083 0)
(1.07922 -0.0224986 0)
(1.08341 -0.0264396 0)
(1.08677 -0.0299906 0)
(1.08942 -0.0330245 0)
(1.09157 -0.0355419 0)
(1.0934 -0.0376151 0)
(1.09505 -0.0393256 0)
(1.09655 -0.0407307 0)
(1.09792 -0.0418615 0)
(1.09915 -0.0427336 0)
(1.10021 -0.0433619 0)
(1.10111 -0.0437682 0)
(1.10184 -0.0439821 0)
(1.10241 -0.0440389 0)
(1.10282 -0.0439758 0)
(1.10307 -0.0438301 0)
(1.10315 -0.0436377 0)
(1.10306 -0.0434326 0)
(1.1028 -0.0432474 0)
(1.10238 -0.0431121 0)
(1.10179 -0.0430541 0)
(1.10104 -0.0430974 0)
(1.10014 -0.0432622 0)
(1.09909 -0.0435657 0)
(1.09789 -0.0440223 0)
(1.09655 -0.0446444 0)
(1.09506 -0.0454423 0)
(1.09343 -0.0464241 0)
(1.09165 -0.0475957 0)
(1.08973 -0.0489612 0)
(1.08765 -0.0505229 0)
(1.0854 -0.0522814 0)
(1.08298 -0.0542366 0)
(1.08036 -0.0563871 0)
(1.07754 -0.0587308 0)
(1.07448 -0.0612645 0)
(1.07118 -0.0639843 0)
(1.06759 -0.0668845 0)
(1.06369 -0.0699583 0)
(1.05945 -0.0731962 0)
(1.05484 -0.0765867 0)
(1.0498 -0.0801146 0)
(1.04429 -0.0837617 0)
(1.03827 -0.0875052 0)
(1.03168 -0.0913186 0)
(1.02445 -0.0951701 0)
(1.01651 -0.0990237 0)
(1.0078 -0.102837 0)
(0.998229 -0.106561 0)
(0.987717 -0.11014 0)
(0.97617 -0.113512 0)
(0.963494 -0.11661 0)
(0.949585 -0.119366 0)
(0.934346 -0.121711 0)
(0.917674 -0.123577 0)
(0.899486 -0.124902 0)
(0.879695 -0.125627 0)
(0.858251 -0.12571 0)
(0.835111 -0.125112 0)
(0.810283 -0.123805 0)
(0.783784 -0.121761 0)
(0.755684 -0.118965 0)
(0.726058 -0.115406 0)
(0.695032 -0.111105 0)
(0.662731 -0.106116 0)
(0.629354 -0.100521 0)
(0.595131 -0.0944221 0)
(0.56037 -0.0879321 0)
(0.525411 -0.0811864 0)
(0.490599 -0.0743222 0)
(0.456296 -0.0674603 0)
(0.422795 -0.0607189 0)
(0.390421 -0.0542154 0)
(0.359424 -0.0480552 0)
(0.330162 -0.0423258 0)
(0.302785 -0.037129 0)
(0.277591 -0.0325035 0)
(0.2545 -0.0284957 0)
(0.233739 -0.0250521 0)
(0.214907 -0.022187 0)
(0.198306 -0.0197672 0)
(0.18309 -0.0178299 0)
(0.169986 -0.0161634 0)
(0.15735 -0.0149197 0)
(0.147159 -0.0137924 0)
(0.135692 -0.0131581 0)
(0.128892 -0.0125697 0)
(0.115669 -0.0125252 0)
(1.06567 -0.020439 0)
(1.07141 -0.0236261 0)
(1.07654 -0.0268696 0)
(1.08098 -0.0300239 0)
(1.08474 -0.0329426 0)
(1.08787 -0.035514 0)
(1.09049 -0.0376902 0)
(1.09273 -0.0394821 0)
(1.0947 -0.0409314 0)
(1.09646 -0.0420819 0)
(1.09803 -0.0429665 0)
(1.09939 -0.0436059 0)
(1.10054 -0.0440161 0)
(1.10145 -0.044215 0)
(1.10213 -0.0442268 0)
(1.10255 -0.0440817 0)
(1.10272 -0.0438146 0)
(1.10264 -0.0434625 0)
(1.1023 -0.0430624 0)
(1.1017 -0.0426504 0)
(1.10085 -0.0422611 0)
(1.09973 -0.0419264 0)
(1.09836 -0.0416754 0)
(1.09675 -0.0415326 0)
(1.0949 -0.0415171 0)
(1.09282 -0.041644 0)
(1.09051 -0.0419254 0)
(1.08796 -0.0423715 0)
(1.08518 -0.0429904 0)
(1.08216 -0.0437878 0)
(1.0789 -0.0447679 0)
(1.07538 -0.0459322 0)
(1.07159 -0.0472811 0)
(1.0675 -0.0488126 0)
(1.06311 -0.0505238 0)
(1.05837 -0.0524101 0)
(1.05326 -0.0544663 0)
(1.04774 -0.0566854 0)
(1.04177 -0.0590598 0)
(1.03531 -0.0615797 0)
(1.0283 -0.0642341 0)
(1.0207 -0.0670092 0)
(1.01244 -0.0698889 0)
(1.00347 -0.0728533 0)
(0.993703 -0.0758786 0)
(0.983076 -0.078936 0)
(0.971509 -0.0819927 0)
(0.958915 -0.0850105 0)
(0.945207 -0.0879494 0)
(0.930293 -0.0907622 0)
(0.914085 -0.0933964 0)
(0.896487 -0.0957907 0)
(0.877411 -0.097882 0)
(0.856764 -0.0996028 0)
(0.834468 -0.10089 0)
(0.810444 -0.101678 0)
(0.784642 -0.101914 0)
(0.757025 -0.101546 0)
(0.727592 -0.100535 0)
(0.69637 -0.0988482 0)
(0.663415 -0.0964619 0)
(0.628869 -0.0933718 0)
(0.592902 -0.089584 0)
(0.555759 -0.0851251 0)
(0.517739 -0.0800572 0)
(0.479185 -0.0744806 0)
(0.440395 -0.0684903 0)
(0.40179 -0.0622133 0)
(0.363721 -0.0557734 0)
(0.326795 -0.0493373 0)
(0.291437 -0.0430469 0)
(0.258207 -0.0370927 0)
(0.227562 -0.0316705 0)
(0.199824 -0.0269562 0)
(0.17504 -0.022986 0)
(0.15329 -0.0197648 0)
(0.134437 -0.0172139 0)
(0.118192 -0.0152148 0)
(0.104273 -0.0136142 0)
(0.0922728 -0.0123016 0)
(0.0818663 -0.0111842 0)
(0.0726488 -0.0102343 0)
(0.0644599 -0.00939175 0)
(0.0569534 -0.0086615 0)
(0.0501883 -0.00797228 0)
(0.0437566 -0.00740861 0)
(0.0380681 -0.00690521 0)
(0.0323784 -0.00673979 0)
(0.0281957 -0.00666164 0)
(0.0219477 -0.00733313 0)
(1.06641 -0.0266621 0)
(1.07197 -0.0291872 0)
(1.07696 -0.0317176 0)
(1.08132 -0.0341864 0)
(1.08502 -0.0365104 0)
(1.08808 -0.0386051 0)
(1.09057 -0.0404064 0)
(1.09256 -0.0418878 0)
(1.09414 -0.0430562 0)
(1.09535 -0.0439351 0)
(1.09621 -0.0445494 0)
(1.0967 -0.0449191 0)
(1.09683 -0.0450604 0)
(1.09656 -0.04499 0)
(1.09589 -0.044729 0)
(1.0948 -0.0443048 0)
(1.0933 -0.0437507 0)
(1.09138 -0.0431032 0)
(1.08906 -0.0424006 0)
(1.08633 -0.0416814 0)
(1.0832 -0.0409826 0)
(1.07969 -0.0403386 0)
(1.0758 -0.0397805 0)
(1.07155 -0.0393342 0)
(1.06694 -0.0390187 0)
(1.06199 -0.0388481 0)
(1.0567 -0.0388329 0)
(1.05106 -0.03898 0)
(1.04507 -0.0392934 0)
(1.0387 -0.0397743 0)
(1.03196 -0.0404219 0)
(1.02481 -0.0412335 0)
(1.01723 -0.0422051 0)
(1.00919 -0.0433307 0)
(1.00065 -0.0446039 0)
(0.991574 -0.0460164 0)
(0.981915 -0.047559 0)
(0.971617 -0.049221 0)
(0.960628 -0.0509906 0)
(0.948885 -0.0528539 0)
(0.936327 -0.0547954 0)
(0.922883 -0.0567976 0)
(0.908485 -0.0588399 0)
(0.893057 -0.0608991 0)
(0.876524 -0.0629478 0)
(0.858808 -0.0649546 0)
(0.839831 -0.0668817 0)
(0.819515 -0.0686898 0)
(0.797782 -0.0703356 0)
(0.774562 -0.0717665 0)
(0.749798 -0.0729247 0)
(0.723444 -0.0737495 0)
(0.695471 -0.0741827 0)
(0.665859 -0.0741693 0)
(0.634623 -0.0736633 0)
(0.601793 -0.072625 0)
(0.567454 -0.0710311 0)
(0.531715 -0.0688673 0)
(0.494773 -0.0661375 0)
(0.456852 -0.0628343 0)
(0.418212 -0.058947 0)
(0.379222 -0.0544839 0)
(0.340313 -0.0494894 0)
(0.302007 -0.0440595 0)
(0.264907 -0.0384331 0)
(0.229626 -0.0329284 0)
(0.19669 -0.0278378 0)
(0.166608 -0.0234115 0)
(0.139621 -0.0197125 0)
(0.11628 -0.0167978 0)
(0.0964569 -0.0145255 0)
(0.0797929 -0.0126748 0)
(0.0657467 -0.0111265 0)
(0.053758 -0.0098122 0)
(0.0431877 -0.00870329 0)
(0.0337843 -0.00786917 0)
(0.0253834 -0.00727266 0)
(0.0178774 -0.00678477 0)
(0.0112336 -0.00631951 0)
(0.00534512 -0.00584245 0)
(0.000108063 -0.00533971 0)
(-0.0046013 -0.00482526 0)
(-0.00885651 -0.00430867 0)
(-0.0127628 -0.00382376 0)
(-0.0163324 -0.00338925 0)
(-0.0196476 -0.00308896 0)
(-0.0226207 -0.00297116 0)
(-0.0253661 -0.00317966 0)
(-0.0277509 -0.0036537 0)
(-0.0307354 -0.00466541 0)
(1.06604 -0.0309204 0)
(1.07003 -0.03286 0)
(1.0732 -0.0347716 0)
(1.07548 -0.0366278 0)
(1.07686 -0.0383739 0)
(1.07734 -0.0399423 0)
(1.07697 -0.0412723 0)
(1.0758 -0.0423245 0)
(1.07388 -0.0430866 0)
(1.07127 -0.0435649 0)
(1.068 -0.0437749 0)
(1.0641 -0.0437336 0)
(1.05956 -0.0434571 0)
(1.05441 -0.0429622 0)
(1.04866 -0.0422699 0)
(1.04233 -0.0414071 0)
(1.03544 -0.0404071 0)
(1.02804 -0.0393085 0)
(1.02014 -0.0381529 0)
(1.01177 -0.0369827 0)
(1.00297 -0.0358378 0)
(0.993755 -0.0347538 0)
(0.984155 -0.0337606 0)
(0.974183 -0.0328833 0)
(0.963863 -0.032146 0)
(0.953202 -0.0315666 0)
(0.942201 -0.0311553 0)
(0.930848 -0.030914 0)
(0.91913 -0.0308391 0)
(0.907023 -0.0309223 0)
(0.894502 -0.0311537 0)
(0.881534 -0.0315213 0)
(0.868083 -0.0320134 0)
(0.854105 -0.0326173 0)
(0.839558 -0.0333211 0)
(0.824388 -0.0341115 0)
(0.808547 -0.0349759 0)
(0.791974 -0.0358996 0)
(0.774618 -0.0368686 0)
(0.756413 -0.037866 0)
(0.73731 -0.0388755 0)
(0.717241 -0.0398772 0)
(0.696161 -0.0408525 0)
(0.674005 -0.0417772 0)
(0.650743 -0.0426296 0)
(0.626316 -0.0433805 0)
(0.60072 -0.0440018 0)
(0.573933 -0.0444544 0)
(0.545949 -0.0446847 0)
(0.516792 -0.0446315 0)
(0.486519 -0.0442337 0)
(0.455213 -0.0434359 0)
(0.422991 -0.0421919 0)
(0.390008 -0.0404727 0)
(0.356467 -0.038275 0)
(0.322625 -0.0356264 0)
(0.288789 -0.0325906 0)
(0.255317 -0.0292866 0)
(0.222676 -0.025877 0)
(0.191387 -0.0225304 0)
(0.162005 -0.0193926 0)
(0.135054 -0.0165447 0)
(0.111009 -0.0140271 0)
(0.0901996 -0.0119043 0)
(0.0723799 -0.0101191 0)
(0.0571296 -0.00860007 0)
(0.0439693 -0.00731857 0)
(0.0324904 -0.00630318 0)
(0.022181 -0.00561276 0)
(0.0129652 -0.00528107 0)
(0.00485493 -0.00511776 0)
(-0.00219999 -0.00484391 0)
(-0.00832943 -0.00431725 0)
(-0.0136364 -0.00361314 0)
(-0.0182926 -0.00292523 0)
(-0.0224141 -0.00239321 0)
(-0.0260834 -0.00207105 0)
(-0.0294067 -0.00192058 0)
(-0.0324361 -0.0018743 0)
(-0.0352005 -0.00185078 0)
(-0.0377144 -0.00179061 0)
(-0.0399986 -0.00167186 0)
(-0.0420701 -0.00149589 0)
(-0.0439566 -0.00129244 0)
(-0.0456676 -0.00110625 0)
(-0.0472232 -0.00102052 0)
(-0.0486221 -0.00111614 0)
(-0.049965 -0.00147959 0)
(-0.0514423 -0.00209955 0)
(-0.0531053 -0.00288657 0)
(1.024 -0.0368044 0)
(1.01908 -0.0373676 0)
(1.01284 -0.0379223 0)
(1.00527 -0.0384539 0)
(0.996409 -0.0389205 0)
(0.98631 -0.0392689 0)
(0.975065 -0.0394522 0)
(0.962785 -0.0394347 0)
(0.949575 -0.0391924 0)
(0.935553 -0.0387169 0)
(0.920835 -0.0380127 0)
(0.905526 -0.0370929 0)
(0.889721 -0.0359746 0)
(0.873509 -0.0346777 0)
(0.856973 -0.0332251 0)
(0.840198 -0.0316442 0)
(0.823258 -0.0299676 0)
(0.806226 -0.0282329 0)
(0.789163 -0.0264802 0)
(0.772122 -0.0247501 0)
(0.755139 -0.0230795 0)
(0.738248 -0.0215008 0)
(0.721459 -0.0200395 0)
(0.704766 -0.0187161 0)
(0.688172 -0.0175496 0)
(0.67167 -0.0165527 0)
(0.655244 -0.0157302 0)
(0.638865 -0.0150793 0)
(0.622498 -0.0145913 0)
(0.606097 -0.0142527 0)
(0.589616 -0.0140473 0)
(0.573002 -0.0139574 0)
(0.556204 -0.0139651 0)
(0.539168 -0.0140523 0)
(0.521843 -0.0142015 0)
(0.504178 -0.0143952 0)
(0.486126 -0.0146163 0)
(0.467644 -0.0148477 0)
(0.448694 -0.0150725 0)
(0.429243 -0.0152738 0)
(0.409271 -0.0154354 0)
(0.388761 -0.0155409 0)
(0.367718 -0.0155761 0)
(0.346145 -0.0155258 0)
(0.324091 -0.0153811 0)
(0.301583 -0.0151299 0)
(0.278753 -0.0147728 0)
(0.255719 -0.0142965 0)
(0.23262 -0.0136831 0)
(0.209636 -0.0129274 0)
(0.186992 -0.0120376 0)
(0.164943 -0.0110321 0)
(0.143762 -0.00993208 0)
(0.123716 -0.00876599 0)
(0.105024 -0.00754299 0)
(0.0878725 -0.00628803 0)
(0.0723467 -0.00509353 0)
(0.0583538 -0.00402428 0)
(0.0457901 -0.00315296 0)
(0.0345427 -0.0025673 0)
(0.0244967 -0.00232825 0)
(0.0154496 -0.00240866 0)
(0.00725184 -0.00268295 0)
(2.02985e-05 -0.00294781 0)
(-0.00629105 -0.00288741 0)
(-0.0117016 -0.00240204 0)
(-0.0162603 -0.00164057 0)
(-0.0200809 -0.000885363 0)
(-0.0233304 -0.000408736 0)
(-0.0261793 -0.000251206 0)
(-0.0287943 -0.000306962 0)
(-0.0312252 -0.000432627 0)
(-0.0334187 -0.000472438 0)
(-0.0353064 -0.000409267 0)
(-0.036888 -0.000298747 0)
(-0.0382161 -0.000206627 0)
(-0.0393757 -0.000171495 0)
(-0.0404476 -0.000205886 0)
(-0.0414786 -0.000272507 0)
(-0.0424851 -0.000330401 0)
(-0.0434558 -0.000354391 0)
(-0.0443661 -0.000336695 0)
(-0.0451907 -0.000280845 0)
(-0.0459158 -0.000202472 0)
(-0.0465419 -0.000127572 0)
(-0.0470917 -0.000105536 0)
(-0.047617 -0.000202302 0)
(-0.0482608 -0.000492243 0)
(-0.0492628 -0.000966465 0)
(-0.0504785 -0.00142537 0)
(0.714903 -0.0206501 0)
(0.685957 -0.0202248 0)
(0.65691 -0.0198115 0)
(0.627781 -0.0194041 0)
(0.598634 -0.0189787 0)
(0.569549 -0.0185044 0)
(0.540657 -0.0179534 0)
(0.512129 -0.0173018 0)
(0.484128 -0.0165258 0)
(0.456831 -0.015613 0)
(0.43041 -0.0145658 0)
(0.405021 -0.0133998 0)
(0.380803 -0.0121396 0)
(0.357874 -0.0108143 0)
(0.336325 -0.00945567 0)
(0.316227 -0.0080971 0)
(0.297618 -0.00677322 0)
(0.280506 -0.00551814 0)
(0.264865 -0.00436292 0)
(0.250633 -0.00333257 0)
(0.23772 -0.00244501 0)
(0.226014 -0.00170982 0)
(0.215382 -0.00113011 0)
(0.205688 -0.000696226 0)
(0.196796 -0.000385904 0)
(0.188575 -0.000176908 0)
(0.180896 -5.15201e-05 0)
(0.173635 4.60294e-06 0)
(0.166677 4.69138e-06 0)
(0.159922 -3.80369e-05 0)
(0.15328 -0.000110545 0)
(0.14668 -0.000200513 0)
(0.140063 -0.000296751 0)
(0.133385 -0.00038926 0)
(0.126615 -0.000469215 0)
(0.119735 -0.000528892 0)
(0.112738 -0.000561716 0)
(0.10563 -0.000562335 0)
(0.0984255 -0.000526759 0)
(0.09115 -0.000452569 0)
(0.0838371 -0.000339131 0)
(0.0765277 -0.000188024 0)
(0.0692694 -3.22953e-06 0)
(0.0621125 0.000208143 0)
(0.055111 0.000435986 0)
(0.0483138 0.000664992 0)
(0.0417672 0.000872993 0)
(0.0354986 0.00101934 0)
(0.0295218 0.00106268 0)
(0.0238387 0.000976087 0)
(0.0184415 0.000751896 0)
(0.0133156 0.000405831 0)
(0.00845591 -1.78395e-05 0)
(0.00387738 -0.000442434 0)
(-0.000419859 -0.000768783 0)
(-0.00438978 -0.000949921 0)
(-0.00787205 -0.000980431 0)
(-0.0107591 -0.000813221 0)
(-0.0130042 -0.000472663 0)
(-0.0146465 -4.84708e-05 0)
(-0.0158201 0.000340809 0)
(-0.0167289 0.00059426 0)
(-0.0176054 0.00070128 0)
(-0.0185761 0.000703 0)
(-0.0196125 0.000642773 0)
(-0.0205425 0.00057145 0)
(-0.0212007 0.000512344 0)
(-0.0215264 0.000465528 0)
(-0.021596 0.000407744 0)
(-0.0215645 0.000309405 0)
(-0.0215807 0.000186541 0)
(-0.0217168 8.78082e-05 0)
(-0.021936 4.6532e-05 0)
(-0.0221482 5.78639e-05 0)
(-0.0222928 9.37843e-05 0)
(-0.0223599 0.00012489 0)
(-0.0223809 0.000135399 0)
(-0.0224032 0.000123633 0)
(-0.0224616 9.68081e-05 0)
(-0.0225668 6.56256e-05 0)
(-0.0227074 4.01757e-05 0)
(-0.0228595 2.68969e-05 0)
(-0.022996 2.83224e-05 0)
(-0.0230943 4.26643e-05 0)
(-0.0231434 6.43007e-05 0)
(-0.0231534 7.96819e-05 0)
(-0.0231679 6.25551e-05 0)
(-0.0233012 -2.78707e-05 0)
(-0.0237785 -0.00020381 0)
(-0.0246502 -0.00036952 0)
)
;

boundaryField
{
    fixedWalls
    {
        type            noSlip;
    }
    inflowWall
    {
        type            fixedValue;
        value           uniform (1 0 0);
    }
    outflowWall
    {
        type            zeroGradient;
    }
    frontAndBack
    {
        type            empty;
    }
}


// ************************************************************************* //
