/*--------------------------------*- C++ -*----------------------------------*\
| =========                 |                                                 |
| \\      /  F ield         | OpenFOAM: The Open Source CFD Toolbox           |
|  \\    /   O peration     | Version:  2306                                  |
|   \\  /    A nd           | Website:  www.openfoam.com                      |
|    \\/     M anipulation  |                                                 |
\*---------------------------------------------------------------------------*/
FoamFile
{
    version     2.0;
    format      ascii;
    arch        "LSB;label=32;scalar=64";
    class       volVectorField;
    location    "4.03";
    object      U;
}
// * * * * * * * * * * * * * * * * * * * * * * * * * * * * * * * * * * * * * //

dimensions      [0 1 -1 0 0 0 0];

internalField   nonuniform List<vector> 
1900
(
(0.984284 0.00728552 0)
(0.961751 0.0216888 0)
(0.952347 0.0181676 0)
(0.9187 0.0253068 0)
(0.903451 0.0154269 0)
(0.863084 0.0257502 0)
(0.852331 0.011575 0)
(0.812015 0.0267219 0)
(0.809782 0.00451844 0)
(0.770607 0.0259465 0)
(1.00256 0.011558 0)
(1.00445 0.0258589 0)
(1.01944 0.0289575 0)
(1.02198 0.0304464 0)
(1.03489 0.0279897 0)
(1.03398 0.0283978 0)
(1.04409 0.0257528 0)
(1.04283 0.0250468 0)
(1.05126 0.0205969 0)
(1.05236 0.0160985 0)
(1.00048 0.00388429 0)
(1.00419 0.0111508 0)
(1.01255 0.0139892 0)
(1.02113 0.0157741 0)
(1.03155 0.0146913 0)
(1.04055 0.0143915 0)
(1.05 0.0123343 0)
(1.05841 0.0108737 0)
(1.0669 0.007229 0)
(1.07474 0.00304292 0)
(1.00007 0.00207519 0)
(1.00313 0.00583743 0)
(1.00888 0.00804461 0)
(1.01649 0.00901905 0)
(1.02528 0.00853186 0)
(1.03432 0.00742249 0)
(1.04325 0.00562969 0)
(1.05181 0.00345144 0)
(1.05999 0.000604882 0)
(1.06766 -0.00293686 0)
(1.00003 0.000422711 0)
(1.00261 0.00116607 0)
(1.00738 0.00142411 0)
(1.01402 0.00113673 0)
(1.02192 0.000230357 0)
(1.03035 -0.00114463 0)
(1.03879 -0.00295189 0)
(1.04691 -0.0051716 0)
(1.05459 -0.00784963 0)
(1.06173 -0.0110509 0)
(1.00003 -0.00106232 0)
(1.00255 -0.00303234 0)
(1.0072 -0.00475851 0)
(1.01366 -0.00620227 0)
(1.02132 -0.00750922 0)
(1.02948 -0.00888103 0)
(1.03758 -0.0105038 0)
(1.04531 -0.0124891 0)
(1.05257 -0.0148774 0)
(1.05934 -0.0176396 0)
(1.00003 -0.00271188 0)
(1.00303 -0.00743619 0)
(1.00836 -0.0110656 0)
(1.01545 -0.013506 0)
(1.02346 -0.0151354 0)
(1.03162 -0.0165033 0)
(1.03948 -0.0180153 0)
(1.04687 -0.0198497 0)
(1.05379 -0.0219998 0)
(1.06026 -0.0243762 0)
(1.00004 -0.00477006 0)
(1.00441 -0.0122356 0)
(1.01137 -0.0169212 0)
(1.01979 -0.0193542 0)
(1.02839 -0.0206833 0)
(1.03638 -0.0218577 0)
(1.04358 -0.0233259 0)
(1.05004 -0.0251153 0)
(1.05591 -0.027085 0)
(1.0612 -0.0291018 0)
(1.00006 -0.0121191 0)
(1.00721 -0.0259529 0)
(1.01558 -0.0314311 0)
(1.02287 -0.0325806 0)
(1.02793 -0.0326653 0)
(1.03071 -0.0330418 0)
(1.03172 -0.0338223 0)
(1.0314 -0.0347441 0)
(1.02998 -0.0355915 0)
(1.02746 -0.0363057 0)
(0.980777 -0.00916362 0)
(0.964585 -0.0188218 0)
(0.945456 -0.0220466 0)
(0.920786 -0.0221862 0)
(0.891993 -0.0217403 0)
(0.861676 -0.0215794 0)
(0.83143 -0.0216118 0)
(0.801735 -0.0216023 0)
(0.772521 -0.0214267 0)
(0.743543 -0.0211009 0)
(0.000206925 -0.000108716 0)
(0.00034525 -1.97194e-05 0)
(8.50763e-05 2.72138e-05 0)
(-0.000394648 5.58673e-05 0)
(-0.00103483 7.32601e-05 0)
(-0.00179407 9.01992e-05 0)
(-0.00265924 0.000110103 0)
(-0.00362552 0.000131784 0)
(-0.00468764 0.000153988 0)
(-0.00583928 0.000176036 0)
(-0.00707349 0.000197554 0)
(-0.00838302 0.000218293 0)
(-0.00976054 0.000238024 0)
(-0.0111989 0.00025655 0)
(-0.0126912 0.000273709 0)
(-0.014231 0.000289387 0)
(-0.0158123 0.000303517 0)
(-0.0174298 0.000316077 0)
(-0.0190787 0.000327066 0)
(-0.0207551 0.000336529 0)
(-0.0224564 0.000344562 0)
(-0.024181 0.000351293 0)
(-0.0259289 0.000356852 0)
(-0.0277013 0.000361344 0)
(-0.0295012 0.000364836 0)
(-0.0313326 0.000367322 0)
(-0.0332014 0.000368625 0)
(-0.0351144 0.00036828 0)
(-0.0370794 0.000365444 0)
(-0.0391049 0.000358824 0)
(-0.0411999 0.000346709 0)
(-0.0433746 0.000327322 0)
(-0.0456419 0.000299707 0)
(-0.0480205 0.000265112 0)
(-0.0505393 0.000228497 0)
(-0.0532422 0.00020022 0)
(-0.0561938 0.000197755 0)
(-0.0594847 0.000246987 0)
(-0.0632353 0.000382295 0)
(-0.0675946 0.000644307 0)
(-0.0727338 0.00107362 0)
(-0.0788288 0.00169955 0)
(-0.0860332 0.00252578 0)
(-0.0944416 0.00351793 0)
(-0.10405 0.00460058 0)
(-0.114729 0.00566706 0)
(-0.12621 0.0065983 0)
(-0.138104 0.00728139 0)
(-0.149934 0.00763061 0)
(-0.16119 0.00761303 0)
(-0.171375 0.00724925 0)
(-0.180018 0.00660867 0)
(-0.186692 0.005788 0)
(-0.191094 0.00484638 0)
(-0.193003 0.00372632 0)
(-0.19231 0.0024454 0)
(-0.189011 0.00107117 0)
(-0.183108 -0.000326782 0)
(-0.174679 -0.00169699 0)
(-0.16387 -0.00299678 0)
(-0.150879 -0.00418898 0)
(-0.135951 -0.00525229 0)
(-0.119324 -0.00615809 0)
(-0.101287 -0.00689778 0)
(-0.0821396 -0.00746497 0)
(-0.062142 -0.00785268 0)
(-0.0416998 -0.00805494 0)
(-0.0209331 -0.00812312 0)
(-0.000337221 -0.00804847 0)
(0.0201852 -0.00785923 0)
(0.0399849 -0.00754389 0)
(0.0594031 -0.00715005 0)
(0.0776472 -0.00665817 0)
(0.0953371 -0.00613223 0)
(0.111521 -0.00554398 0)
(0.127106 -0.00497888 0)
(0.140941 -0.00438289 0)
(0.154284 -0.00384652 0)
(0.165704 -0.00328985 0)
(0.176892 -0.00282392 0)
(0.186007 -0.00234271 0)
(0.195315 -0.0019825 0)
(0.202355 -0.00160475 0)
(0.21022 -0.0013778 0)
(0.215469 -0.00112327 0)
(0.222505 -0.00105469 0)
(0.226192 -0.000932263 0)
(0.233235 -0.00105392 0)
(0.235325 -0.00101747 0)
(0.243803 -0.00146476 0)
(6.2327e-05 -0.000518502 0)
(-0.00052234 0.000139729 0)
(-0.00201147 0.00070765 0)
(-0.00391285 0.00110793 0)
(-0.00619486 0.00138344 0)
(-0.00878506 0.00160238 0)
(-0.0116472 0.0018007 0)
(-0.014754 0.00198606 0)
(-0.0180771 0.00215841 0)
(-0.0215894 0.00231697 0)
(-0.0252655 0.00246115 0)
(-0.0290814 0.0025908 0)
(-0.0330146 0.00270631 0)
(-0.0370446 0.00280833 0)
(-0.0411535 0.00289777 0)
(-0.0453254 0.00297567 0)
(-0.0495474 0.00304323 0)
(-0.0538094 0.00310177 0)
(-0.058104 0.00315279 0)
(-0.0624272 0.00319826 0)
(-0.0667781 0.00324062 0)
(-0.0711598 0.00328257 0)
(-0.0755788 0.00332692 0)
(-0.0800451 0.00337659 0)
(-0.0845723 0.00343463 0)
(-0.0891775 0.00350415 0)
(-0.0938813 0.00358822 0)
(-0.0987075 0.00368966 0)
(-0.103683 0.00381117 0)
(-0.108837 0.00395559 0)
(-0.114202 0.00412648 0)
(-0.119813 0.00432945 0)
(-0.125707 0.00457405 0)
(-0.131923 0.00487552 0)
(-0.138506 0.0052548 0)
(-0.145499 0.00573857 0)
(-0.152942 0.00635793 0)
(-0.160865 0.00714503 0)
(-0.169277 0.00812651 0)
(-0.178159 0.00931409 0)
(-0.187453 0.0106928 0)
(-0.19705 0.0122099 0)
(-0.206788 0.0137704 0)
(-0.216442 0.0152382 0)
(-0.225733 0.0164506 0)
(-0.234339 0.0172427 0)
(-0.24192 0.0174773 0)
(-0.248129 0.0170595 0)
(-0.252622 0.0159381 0)
(-0.255083 0.0141337 0)
(-0.255225 0.0117069 0)
(-0.252808 0.0087133 0)
(-0.247717 0.00524615 0)
(-0.240033 0.00143411 0)
(-0.229636 -0.00257415 0)
(-0.216598 -0.00666122 0)
(-0.200909 -0.0107244 0)
(-0.18274 -0.0146475 0)
(-0.162186 -0.0183621 0)
(-0.139523 -0.0217604 0)
(-0.114911 -0.0247467 0)
(-0.0886919 -0.0273501 0)
(-0.0610869 -0.0295508 0)
(-0.0323947 -0.0313167 0)
(-0.00299316 -0.0326403 0)
(0.027151 -0.0335093 0)
(0.0572059 -0.0339553 0)
(0.0876327 -0.0340021 0)
(0.117138 -0.033669 0)
(0.146927 -0.0330172 0)
(0.175042 -0.0320399 0)
(0.203432 -0.0308419 0)
(0.229445 -0.0293897 0)
(0.255886 -0.0278284 0)
(0.279294 -0.0260886 0)
(0.303483 -0.0243511 0)
(0.323982 -0.0225039 0)
(0.345877 -0.0207589 0)
(0.363342 -0.0189507 0)
(0.38312 -0.0173315 0)
(0.397537 -0.0156763 0)
(0.415569 -0.0142899 0)
(0.426997 -0.0128745 0)
(0.443845 -0.0118063 0)
(0.452365 -0.0106939 0)
(0.468776 -0.0100147 0)
(0.474452 -0.00924778 0)
(0.491345 -0.00902575 0)
(0.494181 -0.00862724 0)
(0.512586 -0.00896354 0)
(-0.000158179 0.000424185 0)
(-0.00193855 0.00228358 0)
(-0.00540769 0.00349401 0)
(-0.00934824 0.00430158 0)
(-0.0137263 0.00493191 0)
(-0.0184417 0.00549207 0)
(-0.0234546 0.00600664 0)
(-0.0287278 0.00647516 0)
(-0.0342097 0.00689318 0)
(-0.0398506 0.00725957 0)
(-0.0456057 0.00757477 0)
(-0.051435 0.00784108 0)
(-0.0573041 0.00806238 0)
(-0.0631844 0.00824327 0)
(-0.0690527 0.00838879 0)
(-0.0748912 0.00850424 0)
(-0.0806866 0.00859513 0)
(-0.0864298 0.00866744 0)
(-0.0921156 0.00872779 0)
(-0.0977419 0.00878295 0)
(-0.103311 0.00883986 0)
(-0.108826 0.00890555 0)
(-0.114297 0.00898694 0)
(-0.11973 0.00909074 0)
(-0.125137 0.00922353 0)
(-0.130527 0.00939174 0)
(-0.135912 0.00960135 0)
(-0.141299 0.00985737 0)
(-0.146696 0.0101639 0)
(-0.152107 0.0105243 0)
(-0.15753 0.0109413 0)
(-0.162958 0.0114175 0)
(-0.168378 0.0119562 0)
(-0.173769 0.0125623 0)
(-0.179103 0.0132432 0)
(-0.18434 0.0140057 0)
(-0.189425 0.0148538 0)
(-0.194287 0.0157856 0)
(-0.198832 0.0167877 0)
(-0.202946 0.0178304 0)
(-0.20649 0.0188627 0)
(-0.2093 0.0198089 0)
(-0.211197 0.0205607 0)
(-0.211982 0.0209719 0)
(-0.211454 0.0208812 0)
(-0.209411 0.020133 0)
(-0.205679 0.0186193 0)
(-0.200133 0.0163012 0)
(-0.19262 0.0131059 0)
(-0.183077 0.00907367 0)
(-0.171538 0.00428699 0)
(-0.1579 -0.00114115 0)
(-0.14223 -0.00714827 0)
(-0.124583 -0.0135491 0)
(-0.104766 -0.0201421 0)
(-0.0831705 -0.0266725 0)
(-0.0596793 -0.033043 0)
(-0.0346938 -0.0390889 0)
(-0.00807046 -0.0447498 0)
(0.0197941 -0.0498237 0)
(0.0490182 -0.0543207 0)
(0.0790264 -0.0581028 0)
(0.109686 -0.0612344 0)
(0.140922 -0.0636216 0)
(0.172115 -0.0653394 0)
(0.203751 -0.0662962 0)
(0.234532 -0.0666388 0)
(0.265754 -0.0663279 0)
(0.295252 -0.065457 0)
(0.325325 -0.0640496 0)
(0.352842 -0.0621879 0)
(0.381233 -0.0599419 0)
(0.406246 -0.0573702 0)
(0.432629 -0.0545779 0)
(0.4548 -0.0515898 0)
(0.479066 -0.0485333 0)
(0.498226 -0.0453932 0)
(0.520474 -0.042322 0)
(0.536586 -0.0392595 0)
(0.557081 -0.0363839 0)
(0.570195 -0.0335826 0)
(0.589344 -0.0310677 0)
(0.599564 -0.0286666 0)
(0.617891 -0.0266394 0)
(0.625342 -0.0247408 0)
(0.643474 -0.0233009 0)
(0.648284 -0.0219818 0)
(0.666931 -0.0212178 0)
(0.669203 -0.0205493 0)
(0.689115 -0.020544 0)
(-0.000918113 0.00120391 0)
(-0.00478331 0.00507638 0)
(-0.0106845 0.007542 0)
(-0.0167342 0.00919476 0)
(-0.0231133 0.0104259 0)
(-0.029775 0.0114082 0)
(-0.0366362 0.0122134 0)
(-0.0436016 0.0128781 0)
(-0.0505825 0.0134167 0)
(-0.0575087 0.0138414 0)
(-0.0643263 0.0141649 0)
(-0.0709924 0.0143995 0)
(-0.0774753 0.0145571 0)
(-0.0837527 0.0146495 0)
(-0.0898093 0.0146878 0)
(-0.0956358 0.014683 0)
(-0.101227 0.0146452 0)
(-0.10658 0.0145842 0)
(-0.111696 0.0145098 0)
(-0.116577 0.0144314 0)
(-0.121224 0.0143579 0)
(-0.125643 0.0142975 0)
(-0.129834 0.0142573 0)
(-0.1338 0.0142432 0)
(-0.137538 0.01426 0)
(-0.141045 0.0143115 0)
(-0.144314 0.0144004 0)
(-0.147335 0.0145271 0)
(-0.150093 0.01469 0)
(-0.152567 0.0148858 0)
(-0.154732 0.0151097 0)
(-0.156553 0.0153561 0)
(-0.15799 0.0156192 0)
(-0.158992 0.015895 0)
(-0.159504 0.0161829 0)
(-0.159457 0.0164813 0)
(-0.158776 0.0167828 0)
(-0.157371 0.0170728 0)
(-0.155141 0.0173241 0)
(-0.151967 0.017492 0)
(-0.147718 0.0175142 0)
(-0.142262 0.017315 0)
(-0.135494 0.016802 0)
(-0.127297 0.0158249 0)
(-0.117584 0.0142352 0)
(-0.10626 0.0118765 0)
(-0.0932256 0.00865574 0)
(-0.0786676 0.00452817 0)
(-0.0624412 -0.000463959 0)
(-0.044648 -0.00630444 0)
(-0.0253319 -0.0129435 0)
(-0.00447211 -0.0202062 0)
(0.0179515 -0.0278972 0)
(0.0415928 -0.0357402 0)
(0.066771 -0.0436832 0)
(0.0929561 -0.0515152 0)
(0.12057 -0.0591541 0)
(0.14894 -0.066356 0)
(0.178522 -0.0730992 0)
(0.208556 -0.0790385 0)
(0.239415 -0.0843164 0)
(0.270529 -0.0886881 0)
(0.301886 -0.0922488 0)
(0.333288 -0.0947974 0)
(0.36427 -0.0964899 0)
(0.395204 -0.0971884 0)
(0.424987 -0.097086 0)
(0.454767 -0.0961011 0)
(0.482646 -0.0944327 0)
(0.510732 -0.0920435 0)
(0.536171 -0.0891327 0)
(0.562214 -0.0857001 0)
(0.58486 -0.0819287 0)
(0.608703 -0.0778442 0)
(0.628379 -0.0735976 0)
(0.650054 -0.0692336 0)
(0.666731 -0.0648607 0)
(0.686427 -0.0605424 0)
(0.700184 -0.0563363 0)
(0.718214 -0.0523288 0)
(0.729198 -0.0485182 0)
(0.745968 -0.0450252 0)
(0.754363 -0.0417797 0)
(0.770348 -0.0389531 0)
(0.776349 -0.0363952 0)
(0.792077 -0.0343515 0)
(0.795872 -0.0325739 0)
(0.811916 -0.0314112 0)
(0.813669 -0.0304915 0)
(0.830631 -0.030297 0)
(-0.00127368 0.00690367 0)
(-0.00685611 0.0137358 0)
(-0.0154763 0.0163523 0)
(-0.023973 0.0175079 0)
(-0.0324921 0.018347 0)
(-0.0407883 0.0191419 0)
(-0.0487324 0.0198418 0)
(-0.0562822 0.0203683 0)
(-0.0634065 0.0207017 0)
(-0.0700714 0.0208678 0)
(-0.076257 0.0208953 0)
(-0.0819554 0.020809 0)
(-0.0871682 0.0206309 0)
(-0.0919029 0.0203806 0)
(-0.0961717 0.0200748 0)
(-0.0999888 0.0197282 0)
(-0.103369 0.0193532 0)
(-0.106327 0.0189598 0)
(-0.108875 0.0185574 0)
(-0.111024 0.018155 0)
(-0.112784 0.0177607 0)
(-0.114161 0.0173812 0)
(-0.115158 0.0170212 0)
(-0.115775 0.0166834 0)
(-0.116008 0.0163685 0)
(-0.115847 0.0160764 0)
(-0.115279 0.0158063 0)
(-0.114287 0.0155538 0)
(-0.11285 0.0153112 0)
(-0.110941 0.0150691 0)
(-0.108527 0.014816 0)
(-0.10557 0.0145396 0)
(-0.102023 0.0142271 0)
(-0.0978301 0.0138688 0)
(-0.0929337 0.0134618 0)
(-0.08727 0.0130014 0)
(-0.0807612 0.0124663 0)
(-0.073327 0.0118336 0)
(-0.0648777 0.0110718 0)
(-0.0553145 0.0101352 0)
(-0.0445214 0.008955 0)
(-0.03238 0.0074322 0)
(-0.018904 0.00546281 0)
(-0.00397791 0.00296456 0)
(0.0123986 -0.000181457 0)
(0.0301735 -0.00406297 0)
(0.0494578 -0.00875923 0)
(0.0699779 -0.0143395 0)
(0.0920019 -0.0207928 0)
(0.115214 -0.0280248 0)
(0.139753 -0.0359112 0)
(0.165218 -0.0443241 0)
(0.191986 -0.0531429 0)
(0.21941 -0.0621185 0)
(0.248047 -0.0711585 0)
(0.2771 -0.0799847 0)
(0.307215 -0.0885271 0)
(0.337461 -0.0964867 0)
(0.368501 -0.103836 0)
(0.399345 -0.110273 0)
(0.430598 -0.115853 0)
(0.461343 -0.120319 0)
(0.492027 -0.123788 0)
(0.521933 -0.126047 0)
(0.551261 -0.127282 0)
(0.579673 -0.127337 0)
(0.606988 -0.126451 0)
(0.633411 -0.124515 0)
(0.658233 -0.121802 0)
(0.682368 -0.118238 0)
(0.704409 -0.114115 0)
(0.726144 -0.109379 0)
(0.745289 -0.10432 0)
(0.76468 -0.0988939 0)
(0.780955 -0.0933663 0)
(0.798193 -0.0876972 0)
(0.811727 -0.0821164 0)
(0.827097 -0.0765851 0)
(0.838081 -0.0712902 0)
(0.851931 -0.0661986 0)
(0.860582 -0.061449 0)
(0.8733 -0.0570232 0)
(0.87984 -0.0530074 0)
(0.891837 -0.0494118 0)
(0.896474 -0.0462636 0)
(0.908179 -0.0436187 0)
(0.911097 -0.0414357 0)
(0.922951 -0.0398375 0)
(0.924299 -0.0387008 0)
(0.936757 -0.0382429 0)
(-0.00367592 0.00677492 0)
(-0.0134999 0.0172016 0)
(-0.0245653 0.0219209 0)
(-0.0337079 0.0245935 0)
(-0.042012 0.0262064 0)
(-0.0496712 0.0270774 0)
(-0.0566407 0.0273813 0)
(-0.0627909 0.0273022 0)
(-0.0680264 0.0269772 0)
(-0.0723471 0.0264777 0)
(-0.0758078 0.0258504 0)
(-0.0784662 0.0251278 0)
(-0.0803808 0.024338 0)
(-0.0816074 0.0235036 0)
(-0.0821977 0.0226422 0)
(-0.0821984 0.0217676 0)
(-0.0816512 0.0208904 0)
(-0.0805901 0.0200166 0)
(-0.0790438 0.0191515 0)
(-0.0770356 0.0183009 0)
(-0.0745836 0.0174689 0)
(-0.0717007 0.0166577 0)
(-0.0683943 0.0158671 0)
(-0.0646649 0.0150942 0)
(-0.0605069 0.0143349 0)
(-0.0559055 0.0135838 0)
(-0.0508512 0.0128402 0)
(-0.0453221 0.0120972 0)
(-0.0392918 0.0113416 0)
(-0.0327304 0.0105592 0)
(-0.0256044 0.00973534 0)
(-0.0178734 0.00885327 0)
(-0.00949021 0.00789432 0)
(-0.000384289 0.00683405 0)
(0.00949053 0.00564355 0)
(0.0201672 0.00430303 0)
(0.0317362 0.00280508 0)
(0.0442677 0.00112765 0)
(0.0578406 -0.000767015 0)
(0.0725288 -0.00292719 0)
(0.0884061 -0.00540829 0)
(0.105542 -0.00827804 0)
(0.123956 -0.0116349 0)
(0.143698 -0.0155622 0)
(0.164878 -0.0201721 0)
(0.187298 -0.0254948 0)
(0.211108 -0.0315988 0)
(0.235983 -0.038433 0)
(0.262158 -0.0460316 0)
(0.28917 -0.0543119 0)
(0.317342 -0.0632015 0)
(0.346038 -0.0725143 0)
(0.375734 -0.0821439 0)
(0.405621 -0.0918338 0)
(0.436301 -0.101473 0)
(0.466807 -0.110772 0)
(0.497848 -0.119641 0)
(0.528308 -0.127775 0)
(0.558979 -0.135129 0)
(0.588646 -0.141414 0)
(0.618164 -0.146656 0)
(0.646293 -0.150611 0)
(0.673925 -0.153391 0)
(0.699893 -0.154805 0)
(0.72507 -0.155051 0)
(0.748464 -0.153989 0)
(0.770844 -0.151888 0)
(0.791489 -0.148646 0)
(0.81095 -0.144586 0)
(0.828879 -0.139628 0)
(0.845475 -0.134126 0)
(0.860878 -0.128001 0)
(0.874787 -0.121615 0)
(0.887953 -0.114875 0)
(0.899426 -0.108132 0)
(0.910698 -0.101272 0)
(0.920012 -0.094623 0)
(0.929748 -0.0880461 0)
(0.937172 -0.0818464 0)
(0.945725 -0.0758624 0)
(0.951505 -0.0703748 0)
(0.959208 -0.0652071 0)
(0.963557 -0.0606163 0)
(0.970726 -0.0564207 0)
(0.973819 -0.0528536 0)
(0.980754 -0.0497389 0)
(0.982726 -0.047285 0)
(0.989717 -0.0453347 0)
(0.990657 -0.0440675 0)
(0.997982 -0.0433624 0)
(-0.00179595 0.0287807 0)
(-0.00959651 0.0405115 0)
(-0.0241445 0.0404473 0)
(-0.0355952 0.0380362 0)
(-0.0446791 0.036204 0)
(-0.0511439 0.0347325 0)
(-0.0552876 0.0332696 0)
(-0.057506 0.03174 0)
(-0.0581593 0.0301572 0)
(-0.0575238 0.0285453 0)
(-0.0557882 0.0269277 0)
(-0.0530979 0.0253176 0)
(-0.0495774 0.0237321 0)
(-0.0453309 0.0221828 0)
(-0.0404467 0.0206756 0)
(-0.034998 0.0192131 0)
(-0.0290509 0.0177965 0)
(-0.0226475 0.0164175 0)
(-0.0158268 0.0150739 0)
(-0.00862097 0.0137683 0)
(-0.00105109 0.0125001 0)
(0.00686848 0.0112664 0)
(0.0151304 0.0100629 0)
(0.0237412 0.00887891 0)
(0.0327079 0.00770372 0)
(0.0420705 0.00652145 0)
(0.0518243 0.00531144 0)
(0.0619947 0.00406035 0)
(0.0726226 0.00276172 0)
(0.0837462 0.00140229 0)
(0.095404 -3.74201e-05 0)
(0.107644 -0.00158052 0)
(0.120508 -0.00324981 0)
(0.134051 -0.00506869 0)
(0.148321 -0.00706129 0)
(0.163355 -0.00926126 0)
(0.17925 -0.0116953 0)
(0.19606 -0.0143928 0)
(0.213853 -0.017387 0)
(0.232664 -0.0207251 0)
(0.252578 -0.0244544 0)
(0.27359 -0.028634 0)
(0.2958 -0.0333048 0)
(0.319115 -0.0385344 0)
(0.343664 -0.0443931 0)
(0.369222 -0.0509165 0)
(0.395927 -0.0581306 0)
(0.423419 -0.0660093 0)
(0.451882 -0.0745309 0)
(0.48082 -0.0835989 0)
(0.510487 -0.0931241 0)
(0.540225 -0.102922 0)
(0.570386 -0.11286 0)
(0.600154 -0.1227 0)
(0.630005 -0.1323 0)
(0.658968 -0.141391 0)
(0.687672 -0.149853 0)
(0.714996 -0.157417 0)
(0.741742 -0.164013 0)
(0.766672 -0.169395 0)
(0.790778 -0.173573 0)
(0.812742 -0.176343 0)
(0.833748 -0.177813 0)
(0.852447 -0.177834 0)
(0.870189 -0.176614 0)
(0.885631 -0.17405 0)
(0.900226 -0.170433 0)
(0.912669 -0.16569 0)
(0.924428 -0.160173 0)
(0.934277 -0.153811 0)
(0.943612 -0.146992 0)
(0.951336 -0.139626 0)
(0.958681 -0.132111 0)
(0.964741 -0.124319 0)
(0.970495 -0.116645 0)
(0.9753 -0.108918 0)
(0.979798 -0.101527 0)
(0.983691 -0.094251 0)
(0.987197 -0.0874752 0)
(0.990452 -0.080935 0)
(0.993165 -0.0750139 0)
(0.996 -0.0694063 0)
(0.998063 -0.0645021 0)
(1.00065 -0.0599591 0)
(1.00216 -0.05618 0)
(1.00465 -0.0527903 0)
(1.00566 -0.0502114 0)
(1.00816 -0.0480409 0)
(1.00869 -0.046723 0)
(1.01131 -0.0458307 0)
(-0.0196428 0.00823122 0)
(-0.0379376 0.0319133 0)
(-0.0411822 0.0392457 0)
(-0.0433247 0.0400385 0)
(-0.0422426 0.038381 0)
(-0.0388012 0.0356241 0)
(-0.0334546 0.0325566 0)
(-0.0265414 0.0295069 0)
(-0.0183198 0.026581 0)
(-0.00907108 0.0238406 0)
(0.00101806 0.0212668 0)
(0.0117894 0.018832 0)
(0.0230884 0.0165326 0)
(0.0348045 0.0143629 0)
(0.0468498 0.0123146 0)
(0.0591639 0.0103779 0)
(0.0716629 0.00854762 0)
(0.0843485 0.00681921 0)
(0.0971975 0.00517542 0)
(0.110179 0.00359052 0)
(0.123284 0.00204462 0)
(0.136514 0.000524113 0)
(0.149863 -0.00098219 0)
(0.163366 -0.00248258 0)
(0.177035 -0.00398961 0)
(0.190914 -0.0055217 0)
(0.205015 -0.00710043 0)
(0.219384 -0.00875028 0)
(0.234072 -0.010491 0)
(0.249128 -0.0123429 0)
(0.264593 -0.0143263 0)
(0.28052 -0.0164664 0)
(0.296952 -0.0187867 0)
(0.313944 -0.0213144 0)
(0.331542 -0.0240698 0)
(0.349795 -0.027075 0)
(0.368756 -0.0303573 0)
(0.388464 -0.0339538 0)
(0.408969 -0.0378939 0)
(0.430287 -0.0422179 0)
(0.452464 -0.0469589 0)
(0.475476 -0.0521615 0)
(0.499364 -0.0578592 0)
(0.524032 -0.0640917 0)
(0.549507 -0.0708846 0)
(0.575601 -0.0782514 0)
(0.602325 -0.086179 0)
(0.629379 -0.094628 0)
(0.656779 -0.103533 0)
(0.684112 -0.112794 0)
(0.711436 -0.122294 0)
(0.738202 -0.131872 0)
(0.764547 -0.141373 0)
(0.789802 -0.15059 0)
(0.814239 -0.159355 0)
(0.837073 -0.167439 0)
(0.858775 -0.174701 0)
(0.878439 -0.180923 0)
(0.896794 -0.186021 0)
(0.91282 -0.189813 0)
(0.927534 -0.192305 0)
(0.939791 -0.193363 0)
(0.950914 -0.193099 0)
(0.95962 -0.191423 0)
(0.967522 -0.188546 0)
(0.973178 -0.184414 0)
(0.978448 -0.179326 0)
(0.981709 -0.173237 0)
(0.985008 -0.166509 0)
(0.986541 -0.159075 0)
(0.988488 -0.151331 0)
(0.988878 -0.143167 0)
(0.989978 -0.134992 0)
(0.989678 -0.126639 0)
(0.990299 -0.118525 0)
(0.989624 -0.110421 0)
(0.990006 -0.102753 0)
(0.989154 -0.0952318 0)
(0.989438 -0.0882966 0)
(0.988524 -0.0815988 0)
(0.988786 -0.0755971 0)
(0.987867 -0.0698858 0)
(0.988138 -0.0649511 0)
(0.987232 -0.0603327 0)
(0.987511 -0.0565525 0)
(0.986613 -0.0530967 0)
(0.986876 -0.0505313 0)
(0.985959 -0.048289 0)
(0.986153 -0.0469874 0)
(0.985171 -0.0460018 0)
(-0.0190334 0.108039 0)
(-0.0182262 0.0727906 0)
(-0.0113792 0.058061 0)
(0.00113557 0.0461588 0)
(0.0175152 0.0363365 0)
(0.0360708 0.0287839 0)
(0.0558509 0.0228493 0)
(0.0761357 0.0179712 0)
(0.0967001 0.0137692 0)
(0.117067 0.0100614 0)
(0.137265 0.00678084 0)
(0.15728 0.0038817 0)
(0.176983 0.00129081 0)
(0.196359 -0.00106181 0)
(0.215394 -0.003223 0)
(0.234105 -0.00522385 0)
(0.252474 -0.00708872 0)
(0.270534 -0.00884001 0)
(0.288298 -0.0104998 0)
(0.305772 -0.0120953 0)
(0.322978 -0.0136544 0)
(0.339954 -0.0152017 0)
(0.356731 -0.0167565 0)
(0.373368 -0.018337 0)
(0.389903 -0.0199601 0)
(0.406383 -0.0216478 0)
(0.422853 -0.023419 0)
(0.439367 -0.0252953 0)
(0.455975 -0.027301 0)
(0.472737 -0.0294623 0)
(0.489696 -0.0318018 0)
(0.506908 -0.0343436 0)
(0.52441 -0.0371081 0)
(0.542251 -0.0401193 0)
(0.560462 -0.0433959 0)
(0.579083 -0.0469623 0)
(0.598133 -0.0508374 0)
(0.61764 -0.0550488 0)
(0.637606 -0.0596147 0)
(0.658038 -0.0645627 0)
(0.678915 -0.069909 0)
(0.70021 -0.0756795 0)
(0.721876 -0.0818855 0)
(0.743832 -0.0885462 0)
(0.765991 -0.0956575 0)
(0.788208 -0.103214 0)
(0.810361 -0.111175 0)
(0.83223 -0.119491 0)
(0.853677 -0.12807 0)
(0.874411 -0.136815 0)
(0.894312 -0.145587 0)
(0.913022 -0.154244 0)
(0.9305 -0.162614 0)
(0.946343 -0.170524 0)
(0.960651 -0.177797 0)
(0.972977 -0.184258 0)
(0.983632 -0.189759 0)
(0.992111 -0.194155 0)
(0.998998 -0.197361 0)
(1.00369 -0.199279 0)
(1.0071 -0.199914 0)
(1.00845 -0.199217 0)
(1.00898 -0.197293 0)
(1.00771 -0.194125 0)
(1.00619 -0.189907 0)
(1.00311 -0.184637 0)
(1.00037 -0.178588 0)
(0.996254 -0.171741 0)
(0.993001 -0.164425 0)
(0.988446 -0.156575 0)
(0.985183 -0.148558 0)
(0.980593 -0.140238 0)
(0.977626 -0.132018 0)
(0.973211 -0.12368 0)
(0.97068 -0.115662 0)
(0.966514 -0.107664 0)
(0.964453 -0.100164 0)
(0.960527 -0.0927826 0)
(0.958917 -0.0860408 0)
(0.955183 -0.0794789 0)
(0.95399 -0.0736689 0)
(0.950383 -0.0680688 0)
(0.949564 -0.0633084 0)
(0.946004 -0.0587631 0)
(0.94551 -0.0551285 0)
(0.941906 -0.0516978 0)
(0.941676 -0.0492398 0)
(0.937916 -0.0469655 0)
(0.937868 -0.0457228 0)
(0.933819 -0.0446394 0)
(0.0699846 0.00704682 0)
(0.0899725 0.00650054 0)
(0.153711 0.00601035 0)
(0.198708 0.00279681 0)
(0.237618 -0.00153554 0)
(0.273021 -0.00569294 0)
(0.305723 -0.00929042 0)
(0.335595 -0.0123461 0)
(0.363389 -0.0149708 0)
(0.389384 -0.0172436 0)
(0.413925 -0.0192435 0)
(0.437244 -0.0210259 0)
(0.459422 -0.0226293 0)
(0.480572 -0.0240882 0)
(0.500797 -0.0254283 0)
(0.520189 -0.0266721 0)
(0.538816 -0.0278391 0)
(0.556747 -0.028954 0)
(0.574038 -0.0300406 0)
(0.590746 -0.0311197 0)
(0.606924 -0.0322117 0)
(0.622632 -0.0333389 0)
(0.637929 -0.0345217 0)
(0.652877 -0.0357825 0)
(0.667528 -0.0371426 0)
(0.681938 -0.0386222 0)
(0.696155 -0.0402405 0)
(0.710234 -0.0420174 0)
(0.724221 -0.0439726 0)
(0.738165 -0.0461269 0)
(0.752106 -0.0484989 0)
(0.766086 -0.0511089 0)
(0.780127 -0.053975 0)
(0.794261 -0.0571162 0)
(0.808497 -0.0605476 0)
(0.822854 -0.0642856 0)
(0.837321 -0.0683424 0)
(0.851902 -0.0727329 0)
(0.866566 -0.0774667 0)
(0.881291 -0.0825561 0)
(0.896019 -0.0880057 0)
(0.9107 -0.0938226 0)
(0.925241 -0.100002 0)
(0.939553 -0.106541 0)
(0.953506 -0.113416 0)
(0.966978 -0.120599 0)
(0.979808 -0.128036 0)
(0.991844 -0.135664 0)
(1.00291 -0.143385 0)
(1.01284 -0.151099 0)
(1.02148 -0.158669 0)
(1.02868 -0.165965 0)
(1.03435 -0.172823 0)
(1.03836 -0.179107 0)
(1.04077 -0.184658 0)
(1.04146 -0.189359 0)
(1.04066 -0.193087 0)
(1.03827 -0.195766 0)
(1.03469 -0.197329 0)
(1.0298 -0.197751 0)
(1.0242 -0.197032 0)
(1.01759 -0.195193 0)
(1.01082 -0.192301 0)
(1.00332 -0.188408 0)
(0.996198 -0.183646 0)
(0.988452 -0.178069 0)
(0.981542 -0.171863 0)
(0.973959 -0.165053 0)
(0.967595 -0.157867 0)
(0.960352 -0.150272 0)
(0.954657 -0.142546 0)
(0.947759 -0.13458 0)
(0.94273 -0.126708 0)
(0.936098 -0.118731 0)
(0.931686 -0.111053 0)
(0.925217 -0.103373 0)
(0.921376 -0.0961729 0)
(0.914978 -0.0890403 0)
(0.911691 -0.0825505 0)
(0.905292 -0.0761646 0)
(0.902573 -0.0705647 0)
(0.896106 -0.0650716 0)
(0.893976 -0.0604886 0)
(0.887353 -0.0559819 0)
(0.885824 -0.0524947 0)
(0.87892 -0.0490268 0)
(0.877978 -0.0466813 0)
(0.870617 -0.0442805 0)
(0.870215 -0.0431031 0)
(0.862178 -0.0417816 0)
(0.773833 -0.00926154 0)
(0.775444 -0.0207202 0)
(0.776338 -0.0269705 0)
(0.778082 -0.0307036 0)
(0.781809 -0.033392 0)
(0.787287 -0.0356374 0)
(0.794243 -0.0375669 0)
(0.802039 -0.0391504 0)
(0.810458 -0.040403 0)
(0.819286 -0.0413658 0)
(0.828342 -0.0421143 0)
(0.837496 -0.0427228 0)
(0.846651 -0.0432349 0)
(0.855735 -0.0436759 0)
(0.864695 -0.044064 0)
(0.87349 -0.0444155 0)
(0.882092 -0.0447479 0)
(0.89048 -0.0450802 0)
(0.898644 -0.0454332 0)
(0.906582 -0.0458272 0)
(0.914298 -0.0462832 0)
(0.921804 -0.0468228 0)
(0.929119 -0.0474693 0)
(0.936259 -0.0482458 0)
(0.943249 -0.0491745 0)
(0.950107 -0.050275 0)
(0.956857 -0.0515657 0)
(0.963516 -0.0530635 0)
(0.970105 -0.0547844 0)
(0.976639 -0.0567436 0)
(0.983132 -0.0589555 0)
(0.989589 -0.0614337 0)
(0.996014 -0.064191 0)
(1.0024 -0.0672382 0)
(1.00875 -0.0705849 0)
(1.01504 -0.0742387 0)
(1.02125 -0.0782055 0)
(1.02735 -0.0824898 0)
(1.03331 -0.087094 0)
(1.03907 -0.0920182 0)
(1.04458 -0.0972589 0)
(1.04978 -0.102809 0)
(1.05458 -0.108653 0)
(1.05891 -0.114768 0)
(1.06266 -0.121119 0)
(1.06576 -0.127663 0)
(1.06808 -0.134339 0)
(1.06954 -0.141077 0)
(1.07004 -0.147787 0)
(1.06953 -0.154375 0)
(1.06793 -0.160725 0)
(1.06522 -0.166727 0)
(1.06141 -0.172256 0)
(1.05654 -0.177207 0)
(1.05066 -0.181464 0)
(1.04389 -0.184946 0)
(1.03636 -0.187561 0)
(1.02821 -0.189267 0)
(1.01962 -0.190012 0)
(1.01068 -0.189798 0)
(1.00165 -0.188615 0)
(0.992485 -0.186506 0)
(0.983485 -0.183495 0)
(0.974396 -0.179658 0)
(0.965646 -0.175053 0)
(0.95669 -0.169759 0)
(0.948201 -0.163857 0)
(0.939269 -0.157421 0)
(0.930958 -0.150561 0)
(0.921892 -0.143325 0)
(0.913684 -0.135862 0)
(0.904358 -0.128177 0)
(0.896256 -0.120473 0)
(0.886633 -0.112691 0)
(0.878743 -0.105104 0)
(0.868858 -0.0975605 0)
(0.861361 -0.0904149 0)
(0.85128 -0.0833897 0)
(0.844393 -0.0769456 0)
(0.834168 -0.0706516 0)
(0.82811 -0.0651073 0)
(0.817736 -0.0596923 0)
(0.812703 -0.055182 0)
(0.802079 -0.0507261 0)
(0.798222 -0.0473224 0)
(0.787132 -0.043848 0)
(0.784555 -0.0415808 0)
(0.772654 -0.0390764 0)
(0.771435 -0.0379501 0)
(0.758271 -0.0363801 0)
(1.05726 0.00817535 0)
(1.06037 -0.000248757 0)
(1.06112 -0.00744074 0)
(1.0604 -0.0131338 0)
(1.05956 -0.0178054 0)
(1.05929 -0.0218646 0)
(1.05974 -0.0254862 0)
(1.06075 -0.0286819 0)
(1.0621 -0.031448 0)
(1.06365 -0.0338059 0)
(1.0653 -0.0357999 0)
(1.06701 -0.0374843 0)
(1.06874 -0.0389115 0)
(1.07048 -0.0401268 0)
(1.07221 -0.0411698 0)
(1.07391 -0.0420755 0)
(1.07555 -0.0428775 0)
(1.07711 -0.0436078 0)
(1.0786 -0.0442987 0)
(1.08 -0.0449813 0)
(1.0813 -0.0456866 0)
(1.08251 -0.0464446 0)
(1.08362 -0.0472853 0)
(1.08465 -0.0482365 0)
(1.0856 -0.0493251 0)
(1.08647 -0.0505745 0)
(1.08727 -0.0520063 0)
(1.088 -0.0536391 0)
(1.08866 -0.0554906 0)
(1.08925 -0.0575754 0)
(1.08977 -0.0599072 0)
(1.09022 -0.0624965 0)
(1.09058 -0.065352 0)
(1.09084 -0.0684801 0)
(1.09099 -0.071886 0)
(1.09101 -0.0755727 0)
(1.09088 -0.0795418 0)
(1.09057 -0.0837926 0)
(1.09006 -0.0883224 0)
(1.08931 -0.0931252 0)
(1.08829 -0.0981915 0)
(1.08695 -0.103507 0)
(1.08525 -0.10905 0)
(1.08316 -0.114793 0)
(1.08062 -0.120699 0)
(1.0776 -0.126721 0)
(1.07406 -0.132802 0)
(1.06997 -0.138876 0)
(1.06531 -0.144866 0)
(1.06008 -0.150687 0)
(1.05426 -0.15625 0)
(1.04789 -0.161462 0)
(1.04099 -0.166231 0)
(1.03362 -0.17047 0)
(1.0258 -0.174096 0)
(1.01761 -0.177034 0)
(1.00908 -0.179213 0)
(1.00025 -0.18058 0)
(0.99114 -0.181084 0)
(0.98176 -0.180708 0)
(0.97208 -0.17943 0)
(0.962073 -0.177276 0)
(0.951694 -0.174257 0)
(0.94086 -0.170433 0)
(0.929577 -0.165824 0)
(0.9177 -0.160504 0)
(0.905365 -0.154508 0)
(0.89233 -0.147941 0)
(0.878962 -0.140874 0)
(0.864844 -0.133432 0)
(0.850675 -0.1257 0)
(0.835721 -0.117796 0)
(0.821147 -0.109822 0)
(0.805716 -0.101882 0)
(0.791236 -0.0940998 0)
(0.775722 -0.0865301 0)
(0.761866 -0.0793186 0)
(0.746604 -0.0724278 0)
(0.733846 -0.0660464 0)
(0.719025 -0.0600207 0)
(0.70775 -0.0546258 0)
(0.693377 -0.0495563 0)
(0.683887 -0.0452295 0)
(0.669763 -0.0411359 0)
(0.662305 -0.0379098 0)
(0.647996 -0.0347625 0)
(0.642793 -0.0326373 0)
(0.627609 -0.0303664 0)
(0.624945 -0.0293208 0)
(0.607938 -0.0278321 0)
(1.08193 -0.00336334 0)
(1.08791 -0.0109755 0)
(1.09222 -0.0183486 0)
(1.09488 -0.0244881 0)
(1.0964 -0.0292516 0)
(1.09738 -0.0329637 0)
(1.09822 -0.0359828 0)
(1.09907 -0.0385355 0)
(1.09993 -0.0407159 0)
(1.10075 -0.0425503 0)
(1.10148 -0.044053 0)
(1.10212 -0.0452501 0)
(1.10266 -0.046182 0)
(1.10312 -0.0468957 0)
(1.10349 -0.0474386 0)
(1.10379 -0.0478542 0)
(1.104 -0.0481825 0)
(1.10413 -0.0484599 0)
(1.10416 -0.0487213 0)
(1.10409 -0.0489995 0)
(1.10393 -0.0493264 0)
(1.10365 -0.0497319 0)
(1.10328 -0.0502453 0)
(1.1028 -0.0508928 0)
(1.10223 -0.0516995 0)
(1.10155 -0.0526871 0)
(1.10077 -0.0538754 0)
(1.09989 -0.0552808 0)
(1.09892 -0.0569182 0)
(1.09784 -0.058799 0)
(1.09665 -0.0609332 0)
(1.09535 -0.0633274 0)
(1.09394 -0.0659873 0)
(1.09241 -0.0689157 0)
(1.09074 -0.072115 0)
(1.08892 -0.0755849 0)
(1.08696 -0.0793245 0)
(1.08482 -0.08333 0)
(1.0825 -0.0875957 0)
(1.07997 -0.0921126 0)
(1.07723 -0.0968681 0)
(1.07425 -0.101845 0)
(1.07101 -0.10702 0)
(1.06749 -0.112364 0)
(1.06366 -0.117838 0)
(1.05951 -0.123399 0)
(1.055 -0.128989 0)
(1.05011 -0.134545 0)
(1.04481 -0.139994 0)
(1.03906 -0.145256 0)
(1.03283 -0.150249 0)
(1.02609 -0.154889 0)
(1.01877 -0.159091 0)
(1.01085 -0.162776 0)
(1.00226 -0.165865 0)
(0.992953 -0.168288 0)
(0.982855 -0.169973 0)
(0.971901 -0.170849 0)
(0.960011 -0.170852 0)
(0.94711 -0.169929 0)
(0.933121 -0.168055 0)
(0.917989 -0.165239 0)
(0.901674 -0.161517 0)
(0.884183 -0.156943 0)
(0.865544 -0.151558 0)
(0.845832 -0.145427 0)
(0.825137 -0.138611 0)
(0.803562 -0.131227 0)
(0.781304 -0.123396 0)
(0.758488 -0.115285 0)
(0.735436 -0.10701 0)
(0.712202 -0.0987241 0)
(0.689235 -0.0905104 0)
(0.666397 -0.0825159 0)
(0.644345 -0.0748074 0)
(0.622624 -0.0675188 0)
(0.602237 -0.0606827 0)
(0.582195 -0.0543911 0)
(0.564036 -0.0486306 0)
(0.54593 -0.0434385 0)
(0.530317 -0.0387822 0)
(0.514089 -0.034651 0)
(0.501167 -0.0310413 0)
(0.486448 -0.0278806 0)
(0.47629 -0.0252501 0)
(0.462401 -0.0229584 0)
(0.455142 -0.0212471 0)
(0.441027 -0.0197054 0)
(0.437063 -0.018865 0)
(0.421162 -0.0179466 0)
(1.07464 -0.0072647 0)
(1.08071 -0.0122553 0)
(1.08565 -0.0174452 0)
(1.08938 -0.0222925 0)
(1.09205 -0.0264475 0)
(1.09396 -0.0298641 0)
(1.09545 -0.032679 0)
(1.09673 -0.0350539 0)
(1.0979 -0.0370972 0)
(1.09896 -0.0388573 0)
(1.09992 -0.0403493 0)
(1.10074 -0.0415826 0)
(1.10142 -0.0425764 0)
(1.10197 -0.0433618 0)
(1.1024 -0.0439769 0)
(1.10271 -0.0444619 0)
(1.10289 -0.0448558 0)
(1.10296 -0.0451955 0)
(1.10291 -0.0455159 0)
(1.10272 -0.0458504 0)
(1.10241 -0.0462308 0)
(1.10196 -0.0466871 0)
(1.10138 -0.0472476 0)
(1.10068 -0.047938 0)
(1.09984 -0.0487822 0)
(1.09888 -0.0498011 0)
(1.09779 -0.0510138 0)
(1.09659 -0.052436 0)
(1.09525 -0.0540817 0)
(1.0938 -0.055961 0)
(1.09221 -0.0580824 0)
(1.0905 -0.0604512 0)
(1.08865 -0.0630718 0)
(1.08665 -0.0659456 0)
(1.08451 -0.0690737 0)
(1.08219 -0.0724543 0)
(1.0797 -0.0760852 0)
(1.07701 -0.0799604 0)
(1.0741 -0.084073 0)
(1.07095 -0.088411 0)
(1.06754 -0.0929598 0)
(1.06383 -0.0976985 0)
(1.05979 -0.102602 0)
(1.05538 -0.107637 0)
(1.05055 -0.112764 0)
(1.04525 -0.117934 0)
(1.03941 -0.12309 0)
(1.03297 -0.128166 0)
(1.02583 -0.133085 0)
(1.01792 -0.137765 0)
(1.00913 -0.142117 0)
(0.999341 -0.146052 0)
(0.988444 -0.149478 0)
(0.976324 -0.152316 0)
(0.962864 -0.154483 0)
(0.947971 -0.155915 0)
(0.931552 -0.156541 0)
(0.913547 -0.156292 0)
(0.893888 -0.15509 0)
(0.872545 -0.152876 0)
(0.849488 -0.149626 0)
(0.824738 -0.145376 0)
(0.798357 -0.140205 0)
(0.770487 -0.134204 0)
(0.741343 -0.127467 0)
(0.711174 -0.120089 0)
(0.680234 -0.112173 0)
(0.648762 -0.103858 0)
(0.617054 -0.0953245 0)
(0.585427 -0.0867766 0)
(0.554281 -0.078389 0)
(0.52394 -0.0703121 0)
(0.494759 -0.0626417 0)
(0.466912 -0.0554675 0)
(0.440704 -0.0488253 0)
(0.416163 -0.0427751 0)
(0.393611 -0.0373211 0)
(0.372867 -0.0325135 0)
(0.354305 -0.0283062 0)
(0.337403 -0.0247218 0)
(0.32271 -0.0216526 0)
(0.30922 -0.0191178 0)
(0.297937 -0.0169707 0)
(0.287111 -0.0152612 0)
(0.278694 -0.0138162 0)
(0.269589 -0.0127325 0)
(0.263648 -0.0118266 0)
(0.255075 -0.0112227 0)
(0.251687 -0.0107758 0)
(0.241895 -0.0105521 0)
(1.06827 -0.014727 0)
(1.07411 -0.0187618 0)
(1.07915 -0.0229306 0)
(1.08332 -0.0269593 0)
(1.08663 -0.0306068 0)
(1.08924 -0.0337466 0)
(1.09134 -0.0363809 0)
(1.09312 -0.0385836 0)
(1.0947 -0.0404367 0)
(1.09614 -0.0419983 0)
(1.09744 -0.0432995 0)
(1.09859 -0.0443565 0)
(1.09957 -0.0451847 0)
(1.10038 -0.0458066 0)
(1.10102 -0.0462529 0)
(1.10149 -0.0465599 0)
(1.10178 -0.046766 0)
(1.10191 -0.0469098 0)
(1.10185 -0.0470285 0)
(1.10162 -0.0471584 0)
(1.10119 -0.0473338 0)
(1.10059 -0.0475866 0)
(1.0998 -0.0479458 0)
(1.09883 -0.0484368 0)
(1.09767 -0.0490826 0)
(1.09634 -0.0499035 0)
(1.09482 -0.0509174 0)
(1.09313 -0.0521392 0)
(1.09125 -0.0535815 0)
(1.08919 -0.0552533 0)
(1.08693 -0.0571617 0)
(1.08447 -0.0593104 0)
(1.0818 -0.0617017 0)
(1.07889 -0.0643348 0)
(1.07573 -0.0672081 0)
(1.07229 -0.0703169 0)
(1.06855 -0.073656 0)
(1.06445 -0.0772154 0)
(1.05998 -0.0809848 0)
(1.05507 -0.084947 0)
(1.04969 -0.089083 0)
(1.04376 -0.0933651 0)
(1.03724 -0.097762 0)
(1.03002 -0.102232 0)
(1.02205 -0.10673 0)
(1.01321 -0.1112 0)
(1.0034 -0.115578 0)
(0.992518 -0.119789 0)
(0.980436 -0.123749 0)
(0.967011 -0.127362 0)
(0.95212 -0.130533 0)
(0.935606 -0.133165 0)
(0.917345 -0.135164 0)
(0.897198 -0.136446 0)
(0.875068 -0.136936 0)
(0.850874 -0.136589 0)
(0.824585 -0.135353 0)
(0.796233 -0.133198 0)
(0.765858 -0.130062 0)
(0.733592 -0.125915 0)
(0.699513 -0.120761 0)
(0.663799 -0.114687 0)
(0.626616 -0.1078 0)
(0.588342 -0.100247 0)
(0.549419 -0.0922041 0)
(0.51039 -0.0838685 0)
(0.471748 -0.0754134 0)
(0.433925 -0.0670071 0)
(0.397264 -0.0588345 0)
(0.362221 -0.0510604 0)
(0.329322 -0.0438392 0)
(0.299032 -0.0373312 0)
(0.271678 -0.0316516 0)
(0.247361 -0.0268461 0)
(0.226101 -0.0228864 0)
(0.207716 -0.0196997 0)
(0.192009 -0.0171569 0)
(0.178629 -0.0151366 0)
(0.167362 -0.0135074 0)
(0.157784 -0.0121979 0)
(0.149761 -0.011108 0)
(0.142817 -0.0102178 0)
(0.137006 -0.00944307 0)
(0.131752 -0.00881739 0)
(0.127422 -0.0082425 0)
(0.123146 -0.00781666 0)
(0.119865 -0.00739013 0)
(0.1159 -0.00715652 0)
(0.113671 -0.00687169 0)
(0.108773 -0.00678376 0)
(1.0656 -0.0206972 0)
(1.07131 -0.0239451 0)
(1.07641 -0.0272592 0)
(1.08081 -0.0304951 0)
(1.08453 -0.0335066 0)
(1.0876 -0.0361815 0)
(1.09016 -0.038472 0)
(1.09233 -0.0403899 0)
(1.09423 -0.0419776 0)
(1.0959 -0.0432799 0)
(1.09738 -0.0443295 0)
(1.09865 -0.0451478 0)
(1.0997 -0.0457503 0)
(1.1005 -0.0461555 0)
(1.10105 -0.0463879 0)
(1.10133 -0.046479 0)
(1.10135 -0.0464642 0)
(1.1011 -0.0463818 0)
(1.10057 -0.0462703 0)
(1.09975 -0.0461682 0)
(1.09865 -0.0461121 0)
(1.09725 -0.0461365 0)
(1.09557 -0.0462712 0)
(1.09361 -0.046541 0)
(1.09135 -0.046967 0)
(1.08881 -0.0475674 0)
(1.08598 -0.0483574 0)
(1.08284 -0.0493496 0)
(1.0794 -0.0505534 0)
(1.07565 -0.0519756 0)
(1.07155 -0.05362 0)
(1.06709 -0.0554871 0)
(1.06225 -0.0575755 0)
(1.05698 -0.0598804 0)
(1.05126 -0.0623955 0)
(1.04502 -0.0651112 0)
(1.03823 -0.0680165 0)
(1.03081 -0.071096 0)
(1.0227 -0.0743325 0)
(1.01382 -0.0777027 0)
(1.00411 -0.0811799 0)
(0.993451 -0.0847283 0)
(0.981766 -0.0883067 0)
(0.968932 -0.0918632 0)
(0.954848 -0.095341 0)
(0.939376 -0.0986766 0)
(0.922406 -0.101803 0)
(0.903793 -0.104634 0)
(0.88343 -0.107083 0)
(0.861166 -0.109049 0)
(0.836905 -0.110444 0)
(0.81051 -0.111181 0)
(0.781927 -0.111186 0)
(0.751071 -0.110388 0)
(0.717973 -0.108741 0)
(0.682596 -0.106188 0)
(0.645113 -0.102718 0)
(0.605665 -0.0983224 0)
(0.56461 -0.093008 0)
(0.522416 -0.0868847 0)
(0.479402 -0.0800522 0)
(0.436051 -0.0726864 0)
(0.392645 -0.0648775 0)
(0.349982 -0.0568709 0)
(0.308723 -0.0488069 0)
(0.26982 -0.0409786 0)
(0.23414 -0.0337916 0)
(0.202238 -0.0276727 0)
(0.174151 -0.0227495 0)
(0.150121 -0.0189811 0)
(0.130045 -0.0162135 0)
(0.11356 -0.0141935 0)
(0.100088 -0.0126463 0)
(0.0889375 -0.0113885 0)
(0.0795337 -0.0103493 0)
(0.0714481 -0.00950479 0)
(0.0644214 -0.00881896 0)
(0.058267 -0.0082571 0)
(0.0528685 -0.0077651 0)
(0.048123 -0.00732078 0)
(0.0439901 -0.00690322 0)
(0.0403421 -0.00651959 0)
(0.0371596 -0.00615187 0)
(0.0342926 -0.00582394 0)
(0.0317815 -0.0055097 0)
(0.0294083 -0.00525151 0)
(0.0273336 -0.00499206 0)
(0.0251929 -0.00481006 0)
(0.0234675 -0.00455903 0)
(0.0208593 -0.00455832 0)
(1.06629 -0.0268873 0)
(1.07182 -0.029467 0)
(1.07676 -0.0320615 0)
(1.08107 -0.0346046 0)
(1.08471 -0.0370142 0)
(1.0877 -0.039205 0)
(1.09011 -0.0411132 0)
(1.09202 -0.0427124 0)
(1.09349 -0.0440101 0)
(1.09459 -0.0450303 0)
(1.09532 -0.0457983 0)
(1.09568 -0.046334 0)
(1.09565 -0.0466533 0)
(1.0952 -0.0467726 0)
(1.09433 -0.0467126 0)
(1.09301 -0.0465012 0)
(1.09125 -0.0461714 0)
(1.08903 -0.0457616 0)
(1.08636 -0.0453109 0)
(1.08324 -0.0448601 0)
(1.07966 -0.0444472 0)
(1.07563 -0.0441101 0)
(1.07116 -0.0438805 0)
(1.06625 -0.0437852 0)
(1.0609 -0.0438448 0)
(1.05511 -0.0440759 0)
(1.04886 -0.0444897 0)
(1.04214 -0.0450942 0)
(1.03494 -0.045893 0)
(1.02722 -0.0468869 0)
(1.01896 -0.0480733 0)
(1.01012 -0.0494473 0)
(1.00065 -0.051001 0)
(0.990497 -0.0527243 0)
(0.979604 -0.0546047 0)
(0.967902 -0.0566269 0)
(0.955315 -0.0587734 0)
(0.941761 -0.0610229 0)
(0.927153 -0.0633521 0)
(0.911398 -0.0657318 0)
(0.894399 -0.0681302 0)
(0.876051 -0.0705062 0)
(0.856259 -0.0728148 0)
(0.834903 -0.0749962 0)
(0.811897 -0.0769888 0)
(0.787111 -0.0787199 0)
(0.760465 -0.0801086 0)
(0.731869 -0.0810626 0)
(0.701297 -0.0814958 0)
(0.668686 -0.0813221 0)
(0.634067 -0.0804806 0)
(0.597423 -0.078915 0)
(0.558911 -0.0766209 0)
(0.518643 -0.0735942 0)
(0.476945 -0.0698446 0)
(0.434062 -0.0653311 0)
(0.390396 -0.0599995 0)
(0.346436 -0.053784 0)
(0.303032 -0.0468045 0)
(0.261134 -0.0395055 0)
(0.221589 -0.0324584 0)
(0.1852 -0.0262355 0)
(0.15242 -0.0211865 0)
(0.124314 -0.0174031 0)
(0.101362 -0.0146632 0)
(0.0830278 -0.0125404 0)
(0.0682681 -0.0107675 0)
(0.0560367 -0.0093024 0)
(0.0453694 -0.00816922 0)
(0.0359802 -0.00751156 0)
(0.0277079 -0.00718206 0)
(0.0205394 -0.00690193 0)
(0.0143466 -0.00650429 0)
(0.00895832 -0.00597709 0)
(0.00423389 -0.00540073 0)
(5.23095e-05 -0.00487794 0)
(-0.00367241 -0.00447569 0)
(-0.00699584 -0.00420938 0)
(-0.00998723 -0.0040465 0)
(-0.012707 -0.00395064 0)
(-0.0151862 -0.00388533 0)
(-0.0174625 -0.003827 0)
(-0.0195522 -0.00375395 0)
(-0.0214948 -0.00366646 0)
(-0.0232922 -0.00355494 0)
(-0.0249901 -0.00343511 0)
(-0.026558 -0.00329391 0)
(-0.0280684 -0.00316376 0)
(-0.0295087 -0.00305213 0)
(-0.0310528 -0.00317279 0)
(1.06587 -0.0311059 0)
(1.06981 -0.0330909 0)
(1.07292 -0.0350556 0)
(1.07513 -0.0369733 0)
(1.07642 -0.0387897 0)
(1.07679 -0.0404379 0)
(1.0763 -0.041858 0)
(1.07499 -0.0430099 0)
(1.07291 -0.043881 0)
(1.0701 -0.0444777 0)
(1.06661 -0.0448156 0)
(1.06245 -0.0449116 0)
(1.05762 -0.0447825 0)
(1.05213 -0.0444441 0)
(1.046 -0.0439172 0)
(1.03922 -0.0432269 0)
(1.03184 -0.0424067 0)
(1.02385 -0.0414941 0)
(1.01529 -0.0405317 0)
(1.00618 -0.0395606 0)
(0.996538 -0.0386222 0)
(0.986375 -0.0377523 0)
(0.975709 -0.0369861 0)
(0.964556 -0.0363565 0)
(0.952916 -0.0358881 0)
(0.940786 -0.0355972 0)
(0.928149 -0.0354902 0)
(0.914984 -0.0355671 0)
(0.901258 -0.0358208 0)
(0.886937 -0.0362416 0)
(0.871973 -0.0368152 0)
(0.85632 -0.0375274 0)
(0.839915 -0.0383603 0)
(0.822701 -0.039297 0)
(0.804602 -0.0403165 0)
(0.785556 -0.0413992 0)
(0.765475 -0.042521 0)
(0.744296 -0.0436588 0)
(0.721928 -0.0447844 0)
(0.698311 -0.0458705 0)
(0.673359 -0.0468838 0)
(0.647028 -0.0477905 0)
(0.619251 -0.0485498 0)
(0.590011 -0.0491132 0)
(0.559324 -0.0494242 0)
(0.527163 -0.0493858 0)
(0.49358 -0.0488854 0)
(0.458674 -0.0478172 0)
(0.422621 -0.0460917 0)
(0.385598 -0.0436628 0)
(0.347933 -0.0405189 0)
(0.309881 -0.0367238 0)
(0.271922 -0.0324616 0)
(0.234546 -0.0279858 0)
(0.19857 -0.023622 0)
(0.164938 -0.0197025 0)
(0.134424 -0.0162635 0)
(0.108116 -0.0133603 0)
(0.0863244 -0.0109803 0)
(0.0684327 -0.00893438 0)
(0.0535384 -0.00719157 0)
(0.0408882 -0.00585939 0)
(0.0298548 -0.00515947 0)
(0.0200465 -0.00514915 0)
(0.0115328 -0.00547676 0)
(0.00431951 -0.00543369 0)
(-0.00181149 -0.00470907 0)
(-0.00704699 -0.00358653 0)
(-0.0115671 -0.00261271 0)
(-0.0155049 -0.00206223 0)
(-0.0190344 -0.00189108 0)
(-0.0222559 -0.00194731 0)
(-0.0252122 -0.00204778 0)
(-0.027897 -0.00208726 0)
(-0.0303172 -0.00205939 0)
(-0.0325072 -0.00200371 0)
(-0.0345179 -0.00195631 0)
(-0.0363963 -0.00193616 0)
(-0.0381769 -0.00195002 0)
(-0.0398827 -0.00198684 0)
(-0.0415273 -0.002028 0)
(-0.0431185 -0.00206079 0)
(-0.0446556 -0.00207509 0)
(-0.0461402 -0.00206788 0)
(-0.0475657 -0.00203622 0)
(-0.048927 -0.00199093 0)
(-0.0502028 -0.00194016 0)
(-0.0514197 -0.00191271 0)
(-0.0526377 -0.00194057 0)
(-0.0537026 -0.00206829 0)
(1.02375 -0.0369299 0)
(1.01876 -0.0375243 0)
(1.01242 -0.0381149 0)
(1.00474 -0.0386885 0)
(0.995725 -0.0392025 0)
(0.985451 -0.0396053 0)
(0.973993 -0.0398497 0)
(0.961463 -0.0399008 0)
(0.947962 -0.0397343 0)
(0.933598 -0.0393408 0)
(0.918482 -0.038724 0)
(0.902713 -0.0378962 0)
(0.886383 -0.0368742 0)
(0.869572 -0.0356763 0)
(0.852363 -0.0343247 0)
(0.834825 -0.0328446 0)
(0.817037 -0.031268 0)
(0.799057 -0.0296302 0)
(0.780947 -0.0279717 0)
(0.762743 -0.0263311 0)
(0.744487 -0.0247475 0)
(0.726182 -0.0232523 0)
(0.707834 -0.021875 0)
(0.689446 -0.0206416 0)
(0.671014 -0.019571 0)
(0.65252 -0.0186741 0)
(0.633938 -0.0179531 0)
(0.615227 -0.0174021 0)
(0.59634 -0.017009 0)
(0.577226 -0.016757 0)
(0.557828 -0.0166259 0)
(0.538088 -0.0165938 0)
(0.517946 -0.0166374 0)
(0.497348 -0.0167327 0)
(0.476237 -0.0168544 0)
(0.454571 -0.0169778 0)
(0.432304 -0.0170766 0)
(0.409415 -0.0171266 0)
(0.385878 -0.0171021 0)
(0.361711 -0.0169822 0)
(0.336919 -0.0167447 0)
(0.311585 -0.0163787 0)
(0.28576 -0.0158705 0)
(0.259651 -0.0152273 0)
(0.233506 -0.0144484 0)
(0.20757 -0.0135071 0)
(0.182171 -0.0123966 0)
(0.157717 -0.0111226 0)
(0.134643 -0.00973601 0)
(0.113286 -0.00822177 0)
(0.0940545 -0.00661391 0)
(0.0769469 -0.00505494 0)
(0.0618547 -0.0035893 0)
(0.0485776 -0.00235545 0)
(0.0369175 -0.00157496 0)
(0.0266851 -0.00145965 0)
(0.0174739 -0.00204222 0)
(0.00929263 -0.00301246 0)
(0.00219163 -0.00366298 0)
(-0.00384506 -0.00340706 0)
(-0.008789 -0.00232658 0)
(-0.0126992 -0.00100866 0)
(-0.0159002 -0.000129277 0)
(-0.0186941 5.18574e-05 0)
(-0.0213507 -0.000167591 0)
(-0.0239246 -0.000410315 0)
(-0.0262273 -0.000454592 0)
(-0.0280922 -0.000302471 0)
(-0.02953 -0.000145503 0)
(-0.0306824 -9.65753e-05 0)
(-0.0317357 -0.000182703 0)
(-0.0328033 -0.000336019 0)
(-0.0339113 -0.000463876 0)
(-0.0350331 -0.000528929 0)
(-0.03613 -0.000543224 0)
(-0.0371815 -0.000538256 0)
(-0.0381902 -0.000539708 0)
(-0.0391732 -0.000556963 0)
(-0.040151 -0.000588212 0)
(-0.0411385 -0.000629058 0)
(-0.0421426 -0.000671956 0)
(-0.0431622 -0.000710467 0)
(-0.0441905 -0.000739581 0)
(-0.0452187 -0.000757517 0)
(-0.0462351 -0.000764444 0)
(-0.0472252 -0.000767965 0)
(-0.0481761 -0.000784044 0)
(-0.0491202 -0.000843418 0)
(-0.0501376 -0.000956269 0)
(-0.0510351 -0.00106603 0)
(0.714589 -0.0207008 0)
(0.685542 -0.0202892 0)
(0.656366 -0.0198921 0)
(0.627081 -0.019504 0)
(0.597739 -0.0191009 0)
(0.568424 -0.0186526 0)
(0.539251 -0.0181296 0)
(0.510397 -0.0175103 0)
(0.48202 -0.0167709 0)
(0.454291 -0.0158975 0)
(0.427379 -0.0148909 0)
(0.40144 -0.0137643 0)
(0.376612 -0.0125398 0)
(0.353014 -0.0112447 0)
(0.330742 -0.00990943 0)
(0.309867 -0.0085666 0)
(0.290433 -0.00725057 0)
(0.272452 -0.00599632 0)
(0.255901 -0.00483638 0)
(0.240722 -0.00379921 0)
(0.226826 -0.00290489 0)
(0.214099 -0.00216586 0)
(0.202415 -0.00157559 0)
(0.191646 -0.00111654 0)
(0.181658 -0.000770279 0)
(0.172319 -0.000520674 0)
(0.163495 -0.000352738 0)
(0.155065 -0.000251089 0)
(0.146917 -0.000199524 0)
(0.138957 -0.000181608 0)
(0.131106 -0.000181339 0)
(0.123306 -0.000183655 0)
(0.115515 -0.000174677 0)
(0.10771 -0.000141977 0)
(0.0998843 -7.49538e-05 0)
(0.0920501 3.4697e-05 0)
(0.0842335 0.000192239 0)
(0.0764756 0.000399205 0)
(0.0688275 0.000652149 0)
(0.0613501 0.000941763 0)
(0.0541052 0.00125101 0)
(0.0471555 0.0015543 0)
(0.0405477 0.00181447 0)
(0.0343135 0.00198055 0)
(0.0284442 0.00197923 0)
(0.0228959 0.0017375 0)
(0.0176064 0.00123065 0)
(0.0125302 0.000500394 0)
(0.00765013 -0.000326413 0)
(0.00289038 -0.00104554 0)
(-0.00162274 -0.00155058 0)
(-0.00564776 -0.00174639 0)
(-0.0088733 -0.00151676 0)
(-0.0111598 -0.000933733 0)
(-0.0125106 -0.000186931 0)
(-0.0132032 0.000484892 0)
(-0.0137012 0.000864753 0)
(-0.0144259 0.000977338 0)
(-0.0155412 0.000939353 0)
(-0.016769 0.000845862 0)
(-0.0176798 0.000791208 0)
(-0.0180361 0.00072035 0)
(-0.0179208 0.0005742 0)
(-0.0176668 0.000359805 0)
(-0.0175882 0.00010346 0)
(-0.0177682 -6.33151e-05 0)
(-0.0180737 -8.96013e-05 0)
(-0.0183138 -1.18181e-05 0)
(-0.0184069 8.72859e-05 0)
(-0.018397 0.000149174 0)
(-0.0183818 0.000153453 0)
(-0.018436 0.000120251 0)
(-0.0185797 7.49048e-05 0)
(-0.0187907 3.59738e-05 0)
(-0.0190353 1.05338e-05 0)
(-0.0192907 -3.33289e-06 0)
(-0.0195502 -1.12619e-05 0)
(-0.019818 -1.8517e-05 0)
(-0.0201021 -2.78215e-05 0)
(-0.0204094 -3.94876e-05 0)
(-0.0207435 -5.22439e-05 0)
(-0.0211037 -6.46464e-05 0)
(-0.021486 -7.54462e-05 0)
(-0.0218845 -8.40535e-05 0)
(-0.0222924 -9.02909e-05 0)
(-0.0227033 -9.63009e-05 0)
(-0.0231167 -0.000110458 0)
(-0.0235665 -0.000151512 0)
(-0.0241513 -0.000225387 0)
(-0.0248326 -0.000287196 0)
)
;

boundaryField
{
    fixedWalls
    {
        type            noSlip;
    }
    inflowWall
    {
        type            fixedValue;
        value           uniform (1 0 0);
    }
    outflowWall
    {
        type            zeroGradient;
    }
    frontAndBack
    {
        type            empty;
    }
}


// ************************************************************************* //
