/*--------------------------------*- C++ -*----------------------------------*\
| =========                 |                                                 |
| \\      /  F ield         | OpenFOAM: The Open Source CFD Toolbox           |
|  \\    /   O peration     | Version:  2306                                  |
|   \\  /    A nd           | Website:  www.openfoam.com                      |
|    \\/     M anipulation  |                                                 |
\*---------------------------------------------------------------------------*/
FoamFile
{
    version     2.0;
    format      ascii;
    arch        "LSB;label=32;scalar=64";
    class       surfaceScalarField;
    location    "4.15";
    object      phi;
}
// * * * * * * * * * * * * * * * * * * * * * * * * * * * * * * * * * * * * * //

dimensions      [0 3 -1 0 0 0 0];

oriented        oriented;

internalField   nonuniform List<scalar> 
3680
(
4.9347e-05
6.53025e-07
4.79741e-05
1.37283e-06
4.66979e-05
1.27627e-06
4.52609e-05
1.43702e-06
4.4123e-05
1.13783e-06
4.27194e-05
1.40362e-06
4.17357e-05
9.83658e-07
4.04347e-05
1.301e-06
3.98038e-05
6.30969e-07
9.85586e-07
3.88182e-05
5.03392e-05
3.13817e-07
5.08679e-05
8.44178e-07
5.11321e-05
1.01198e-06
5.14653e-05
1.10385e-06
5.15929e-05
1.01027e-06
5.19761e-05
1.02037e-06
5.20615e-05
8.98305e-07
5.25133e-05
8.49198e-07
5.25076e-05
6.36613e-07
4.29999e-07
5.30632e-05
5.01633e-05
1.50528e-07
5.05554e-05
4.52078e-07
5.09759e-05
5.91423e-07
5.14196e-05
6.60219e-07
5.18167e-05
6.13121e-07
5.22678e-05
5.69328e-07
5.26949e-05
4.71185e-07
5.31639e-05
3.80215e-07
5.35808e-05
2.19665e-07
9.23994e-09
5.40016e-05
5.00932e-05
5.7308e-08
5.03764e-05
1.68926e-07
5.0734e-05
2.33766e-07
5.11461e-05
2.48166e-07
5.15496e-05
2.09557e-07
5.19721e-05
1.46834e-07
5.23832e-05
6.01431e-08
5.2812e-05
-4.85834e-08
5.32223e-05
-1.90679e-07
-3.60934e-07
5.35925e-05
5.00738e-05
-1.64828e-08
5.02912e-05
-4.85272e-08
5.0611e-05
-8.60236e-08
5.09886e-05
-1.29423e-07
5.13801e-05
-1.81927e-07
5.17741e-05
-2.4715e-07
5.21649e-05
-3.30669e-07
5.2551e-05
-4.34711e-07
5.29205e-05
-5.60113e-07
-7.06539e-07
5.32661e-05
5.00732e-05
-8.9643e-08
5.02829e-05
-2.58255e-07
5.05977e-05
-4.00817e-07
5.09651e-05
-4.96845e-07
5.13441e-05
-5.60951e-07
5.17212e-05
-6.24225e-07
5.20909e-05
-7.00318e-07
5.24516e-05
-7.95499e-07
5.28009e-05
-9.094e-07
-1.03776e-06
5.31321e-05
5.00942e-05
-1.83831e-07
5.03555e-05
-5.19589e-07
5.06981e-05
-7.4341e-07
5.1068e-05
-8.66696e-07
5.14402e-05
-9.332e-07
5.18038e-05
-9.8784e-07
5.21603e-05
-1.0568e-06
5.25113e-05
-1.14651e-06
5.28518e-05
-1.24983e-06
-1.3586e-06
5.31726e-05
5.01665e-05
-3.50292e-07
5.0518e-05
-8.7109e-07
5.09206e-05
-1.14609e-06
5.12993e-05
-1.24536e-06
5.1648e-05
-1.28185e-06
5.19851e-05
-1.32499e-06
5.23187e-05
-1.39035e-06
5.26397e-05
-1.46751e-06
5.29343e-05
-1.54443e-06
-1.61567e-06
5.31913e-05
5.03676e-05
-7.17891e-07
5.08003e-05
-1.30383e-06
5.1099e-05
-1.44471e-06
5.12763e-05
-1.42272e-06
5.14047e-05
-1.41022e-06
5.15031e-05
-1.42343e-06
5.15542e-05
-1.44142e-06
5.15412e-05
-1.45451e-06
5.14558e-05
-1.45906e-06
-1.45843e-06
5.12986e-05
4.92821e-05
4.79783e-05
4.65336e-05
4.51108e-05
4.37006e-05
4.22772e-05
4.08358e-05
3.93813e-05
3.79222e-05
3.64638e-05
1.43881e-08
-1.43881e-08
1.09536e-08
3.43444e-09
-7.51778e-09
1.84713e-08
-3.56354e-08
2.81177e-08
-7.06552e-08
3.50198e-08
-1.11286e-07
4.06307e-08
-1.57128e-07
4.58419e-08
-2.0792e-07
5.07924e-08
-2.63367e-07
5.54466e-08
-3.23135e-07
5.97678e-08
-3.86866e-07
6.37319e-08
-4.54195e-07
6.7329e-08
-5.24758e-07
7.05622e-08
-5.982e-07
7.3442e-08
-6.74185e-07
7.59855e-08
-7.524e-07
7.82146e-08
-8.32555e-07
8.01554e-08
-9.14393e-07
8.18383e-08
-9.97691e-07
8.32979e-08
-1.08227e-06
8.45811e-08
-1.16802e-06
8.57465e-08
-1.25488e-06
8.68595e-08
-1.34287e-06
8.79892e-08
-1.43207e-06
8.92068e-08
-1.52266e-06
9.05866e-08
-1.61487e-06
9.22044e-08
-1.709e-06
9.41324e-08
-1.80543e-06
9.6431e-08
-1.90458e-06
9.91477e-08
-2.0069e-06
1.02319e-07
-2.11288e-06
1.05982e-07
-2.22308e-06
1.10203e-07
-2.33822e-06
1.15137e-07
-2.45932e-06
1.21101e-07
-2.58793e-06
1.28612e-07
-2.72636e-06
1.38427e-07
-2.87792e-06
1.51565e-07
-3.04721e-06
1.69288e-07
-3.2402e-06
1.92991e-07
-3.46419e-06
2.23987e-07
-3.72735e-06
2.63161e-07
-4.03783e-06
3.1048e-07
-4.40231e-06
3.64479e-07
-4.82419e-06
4.21883e-07
-5.30189e-06
4.77699e-07
-5.82783e-06
5.25935e-07
-6.38854e-06
5.60711e-07
-6.96521e-06
5.76674e-07
-7.53506e-06
5.69846e-07
-8.07371e-06
5.38655e-07
-8.55737e-06
4.83652e-07
-8.96437e-06
4.07e-07
-9.27381e-06
3.09444e-07
-9.47315e-06
1.99341e-07
-9.54956e-06
7.64116e-08
-9.4966e-06
-5.29608e-08
-9.31635e-06
-1.80249e-07
-9.00862e-06
-3.07729e-07
-8.57602e-06
-4.32601e-07
-8.02618e-06
-5.49843e-07
-7.37144e-06
-6.54743e-07
-6.62142e-06
-7.50016e-07
-5.78924e-06
-8.32185e-07
-4.88912e-06
-9.00115e-07
-3.93543e-06
-9.53689e-07
-2.94109e-06
-9.94344e-07
-1.92457e-06
-1.01652e-06
-8.98031e-07
-1.02654e-06
1.25502e-07
-1.02353e-06
1.13541e-06
-1.00991e-06
2.12001e-06
-9.84599e-07
3.07172e-06
-9.51708e-07
3.9809e-06
-9.09177e-07
4.84403e-06
-8.63129e-07
5.65408e-06
-8.10053e-07
6.41103e-06
-7.56949e-07
7.10949e-06
-6.98465e-07
7.75343e-06
-6.43939e-07
8.33914e-06
-5.85711e-07
8.87395e-06
-5.34809e-07
9.35497e-06
-4.81019e-07
9.7927e-06
-4.3773e-07
1.01842e-05
-3.91534e-07
1.05433e-05
-3.59036e-07
1.08658e-05
-3.22558e-07
1.1169e-05
-3.03218e-07
1.14458e-05
-2.76785e-07
1.1719e-05
-2.73215e-07
1.19796e-05
-2.60569e-07
-2.83095e-07
-1.07953e-08
-3.59271e-09
-6.42687e-08
5.69079e-08
-1.47514e-07
1.01716e-07
-2.5252e-07
1.33124e-07
-3.74438e-07
1.56937e-07
-5.10941e-07
1.77134e-07
-6.60408e-07
1.95309e-07
-8.21389e-07
2.11774e-07
-9.92512e-07
2.26569e-07
-1.17246e-06
2.39721e-07
-1.36e-06
2.51267e-07
-1.55395e-06
2.61275e-07
-1.75322e-06
2.69836e-07
-1.95684e-06
2.77066e-07
-2.16396e-06
2.83101e-07
-2.37383e-06
2.88089e-07
-2.58587e-06
2.92188e-07
-2.7996e-06
2.95572e-07
-3.01472e-06
2.98421e-07
-3.23109e-06
3.00943e-07
-3.44871e-06
3.03368e-07
-3.66779e-06
3.0594e-07
-3.8887e-06
3.08905e-07
-4.112e-06
3.12506e-07
-4.33841e-06
3.16991e-07
-4.56881e-06
3.22609e-07
-4.80428e-06
3.29601e-07
-5.04603e-06
3.38178e-07
-5.29541e-06
3.48527e-07
-5.55389e-06
3.60806e-07
-5.82308e-06
3.75165e-07
-6.10465e-06
3.91773e-07
-6.4004e-06
4.10885e-07
-6.71222e-06
4.32927e-07
-7.04211e-06
4.58501e-07
-7.39199e-06
4.88309e-07
-7.76352e-06
5.23092e-07
-8.15777e-06
5.63536e-07
-8.57481e-06
6.10039e-07
-9.01326e-06
6.62428e-07
-9.46972e-06
7.19627e-07
-9.93847e-06
7.7923e-07
-1.0411e-05
8.37044e-07
-1.08761e-05
8.86929e-07
-1.13197e-05
9.21364e-07
-1.17261e-05
9.32283e-07
-1.20788e-05
9.13383e-07
-1.23616e-05
8.59488e-07
-1.25584e-05
7.66695e-07
-1.26548e-05
6.35044e-07
-1.26388e-05
4.67616e-07
-1.24995e-05
2.67738e-07
-1.22231e-05
3.30229e-08
-1.18208e-05
-2.02938e-07
-1.12894e-05
-4.54958e-07
-1.06279e-05
-7.14465e-07
-9.8346e-06
-9.73591e-07
-8.91807e-06
-1.22427e-06
-7.88569e-06
-1.46498e-06
-6.74711e-06
-1.68843e-06
-5.51626e-06
-1.88559e-06
-4.20531e-06
-2.06097e-06
-2.82683e-06
-2.21067e-06
-1.397e-06
-2.32994e-06
7.24174e-08
-2.42311e-06
1.5593e-06
-2.48123e-06
3.05869e-06
-2.51592e-06
4.55505e-06
-2.52289e-06
6.03661e-06
-2.50509e-06
7.49168e-06
-2.46498e-06
8.91088e-06
-2.4038e-06
1.02857e-05
-2.32656e-06
1.16095e-05
-2.23299e-06
1.28768e-05
-2.13036e-06
1.40832e-05
-2.01646e-06
1.52265e-05
-1.90026e-06
1.63053e-05
-1.77726e-06
1.73197e-05
-1.65834e-06
1.82703e-05
-1.53631e-06
1.91594e-05
-1.42394e-06
1.99893e-05
-1.31092e-06
2.07641e-05
-1.2125e-06
2.14873e-05
-1.11472e-06
2.21644e-05
-1.0361e-06
2.27999e-05
-9.58139e-07
2.34008e-05
-9.04046e-07
2.39734e-05
-8.49387e-07
2.45249e-05
-8.24767e-07
2.50608e-05
-7.96474e-07
-8.0009e-07
-4.99329e-08
4.63402e-08
-1.86203e-07
1.93178e-07
-3.68339e-07
2.83851e-07
-5.77498e-07
3.42283e-07
-8.04855e-07
3.84295e-07
-1.04797e-06
4.20254e-07
-1.30532e-06
4.52653e-07
-1.57439e-06
4.80843e-07
-1.85262e-06
5.04801e-07
-2.13764e-06
5.24736e-07
-2.4273e-06
5.40927e-07
-2.71972e-06
5.53701e-07
-3.01332e-06
5.63436e-07
-3.30679e-06
5.70531e-07
-3.59907e-06
5.75385e-07
-3.88937e-06
5.78392e-07
-4.17712e-06
5.79935e-07
-4.46195e-06
5.80399e-07
-4.74364e-06
5.80116e-07
-5.02217e-06
5.79471e-07
-5.29768e-06
5.78875e-07
-5.57045e-06
5.78709e-07
-5.84086e-06
5.79323e-07
-6.10939e-06
5.81032e-07
-6.37652e-06
5.8412e-07
-6.64276e-06
5.88851e-07
-6.90861e-06
5.95445e-07
-7.17447e-06
6.04043e-07
-7.44064e-06
6.14696e-07
-7.70722e-06
6.27386e-07
-7.97408e-06
6.42029e-07
-8.24081e-06
6.58499e-07
-8.50656e-06
6.76638e-07
-8.77019e-06
6.96553e-07
-9.03012e-06
7.18435e-07
-9.28421e-06
7.42397e-07
-9.52954e-06
7.68424e-07
-9.76234e-06
7.96337e-07
-9.9778e-06
8.25499e-07
-1.01699e-05
8.54555e-07
-1.03317e-05
8.81443e-07
-1.04551e-05
9.02548e-07
-1.05307e-05
9.12648e-07
-1.05491e-05
9.05397e-07
-1.05013e-05
8.73479e-07
-1.03772e-05
8.08205e-07
-1.01687e-05
7.04928e-07
-9.8703e-06
5.61066e-07
-9.4773e-06
3.73693e-07
-8.98408e-06
1.4183e-07
-8.38973e-06
-1.2674e-07
-7.69718e-06
-4.24812e-07
-6.9122e-06
-7.51959e-07
-6.01852e-06
-1.09661e-06
-5.02396e-06
-1.44952e-06
-3.93673e-06
-1.80169e-06
-2.76107e-06
-2.14925e-06
-1.50441e-06
-2.48092e-06
-1.71105e-07
-2.79828e-06
1.22001e-06
-3.07954e-06
2.66991e-06
-3.33549e-06
4.16253e-06
-3.55359e-06
5.68918e-06
-3.73732e-06
7.23687e-06
-3.87763e-06
8.7953e-06
-3.98153e-06
1.03549e-05
-4.04087e-06
1.19032e-05
-4.06412e-06
1.34286e-05
-4.04836e-06
1.49237e-05
-4.00017e-06
1.63781e-05
-3.91935e-06
1.77867e-05
-3.81243e-06
1.91418e-05
-3.68164e-06
2.04411e-05
-3.53232e-06
2.16793e-05
-3.36852e-06
2.28566e-05
-3.19383e-06
2.39701e-05
-3.01377e-06
2.50225e-05
-2.8296e-06
2.60123e-05
-2.64817e-06
2.69441e-05
-2.46809e-06
2.78179e-05
-2.29772e-06
2.86395e-05
-2.13257e-06
2.94101e-05
-1.98306e-06
3.01364e-05
-1.8411e-06
3.08204e-05
-1.72009e-06
3.14697e-05
-1.60745e-06
3.20868e-05
-1.52108e-06
3.26801e-05
-1.44267e-06
3.32513e-05
-1.396e-06
3.38091e-05
-1.35431e-06
-1.35446e-06
-1.38202e-07
1.84542e-07
-3.92145e-07
4.47121e-07
-6.85493e-07
5.77199e-07
-9.9618e-07
6.52971e-07
-1.32208e-06
7.10194e-07
-1.66048e-06
7.58656e-07
-2.0064e-06
7.98568e-07
-2.35514e-06
8.29583e-07
-2.70272e-06
8.52382e-07
-3.04614e-06
8.68154e-07
-3.38296e-06
8.77747e-07
-3.71129e-06
8.82036e-07
-4.0298e-06
8.81941e-07
-4.33754e-06
8.78272e-07
-4.6339e-06
8.71748e-07
-4.91852e-06
8.63017e-07
-5.19124e-06
8.52648e-07
-5.45198e-06
8.41138e-07
-5.70081e-06
8.28951e-07
-5.93788e-06
8.16542e-07
-6.16335e-06
8.04339e-07
-6.37736e-06
7.9272e-07
-6.58003e-06
7.81998e-07
-6.7714e-06
7.724e-07
-6.95137e-06
7.64087e-07
-7.11969e-06
7.57179e-07
-7.27601e-06
7.5176e-07
-7.41974e-06
7.47778e-07
-7.55008e-06
7.45036e-07
-7.66594e-06
7.43246e-07
-7.76594e-06
7.42026e-07
-7.84836e-06
7.40916e-07
-7.91114e-06
7.39419e-07
-7.95171e-06
7.37121e-07
-7.96707e-06
7.33796e-07
-7.95389e-06
7.29223e-07
-7.90823e-06
7.2276e-07
-7.82551e-06
7.13613e-07
-7.70054e-06
7.00537e-07
-7.52761e-06
6.81624e-07
-7.30014e-06
6.53969e-07
-7.01118e-06
6.13587e-07
-6.65571e-06
5.57183e-07
-6.22846e-06
4.78148e-07
-5.72652e-06
3.71538e-07
-5.14528e-06
2.26967e-07
-4.48129e-06
4.09345e-08
-3.73932e-06
-1.80904e-07
-2.91879e-06
-4.4684e-07
-2.02245e-06
-7.54505e-07
-1.04964e-06
-1.09955e-06
-1.11799e-09
-1.47334e-06
1.12115e-06
-1.87423e-06
2.30927e-06
-2.28473e-06
3.56256e-06
-2.70281e-06
4.87694e-06
-3.11607e-06
6.24846e-06
-3.52078e-06
7.67046e-06
-3.90292e-06
9.13501e-06
-4.26283e-06
1.06382e-05
-4.58272e-06
1.21694e-05
-4.86672e-06
1.37189e-05
-5.10304e-06
1.52778e-05
-5.2963e-06
1.68352e-05
-5.43494e-06
1.83813e-05
-5.52771e-06
1.99063e-05
-5.56586e-06
2.14019e-05
-5.55973e-06
2.28579e-05
-5.50437e-06
2.42691e-05
-5.41133e-06
2.56273e-05
-5.2775e-06
2.69298e-05
-5.11497e-06
2.81708e-05
-4.92262e-06
2.93504e-05
-4.7119e-06
3.04648e-05
-4.48291e-06
3.15165e-05
-4.24557e-06
3.25036e-05
-4.00089e-06
3.34305e-05
-3.75649e-06
3.42966e-05
-3.51426e-06
3.51076e-05
-3.2791e-06
3.5864e-05
-3.05407e-06
3.65723e-05
-2.84093e-06
3.72337e-05
-2.64448e-06
3.78555e-05
-2.46289e-06
3.8439e-05
-2.30358e-06
3.89921e-05
-2.16053e-06
3.9516e-05
-2.04493e-06
4.0019e-05
-1.94571e-06
4.05023e-05
-1.87929e-06
4.0977e-05
-1.82903e-06
-1.82063e-06
-1.95343e-07
3.79885e-07
-5.66051e-07
8.1783e-07
-9.84301e-07
9.95448e-07
-1.41203e-06
1.08071e-06
-1.8331e-06
1.13126e-06
-2.23881e-06
1.16436e-06
-2.6254e-06
1.18516e-06
-2.99176e-06
1.19595e-06
-3.33611e-06
1.19674e-06
-3.65696e-06
1.189e-06
-3.9536e-06
1.17439e-06
-4.22591e-06
1.15435e-06
-4.47412e-06
1.13015e-06
-4.69874e-06
1.10289e-06
-4.90045e-06
1.07345e-06
-5.07999e-06
1.04256e-06
-5.23815e-06
1.0108e-06
-5.3756e-06
9.7859e-07
-5.49296e-06
9.46313e-07
-5.59077e-06
9.1435e-07
-5.66945e-06
8.83016e-07
-5.72927e-06
8.52547e-07
-5.77037e-06
8.23098e-07
-5.79267e-06
7.94693e-07
-5.79585e-06
7.67274e-07
-5.77939e-06
7.4072e-07
-5.74258e-06
7.1495e-07
-5.68453e-06
6.89727e-07
-5.60408e-06
6.64585e-07
-5.49981e-06
6.38973e-07
-5.37003e-06
6.12251e-07
-5.21279e-06
5.83674e-07
-5.02579e-06
5.52424e-07
-4.8063e-06
5.17624e-07
-4.55115e-06
4.78648e-07
-4.2572e-06
4.35275e-07
-3.92067e-06
3.86228e-07
-3.53736e-06
3.30303e-07
-3.10271e-06
2.65882e-07
-2.61184e-06
1.90755e-07
-2.05966e-06
1.01791e-07
-1.43959e-06
-6.47989e-09
-7.53846e-07
-1.28562e-07
1.65932e-09
-2.77358e-07
8.32709e-07
-4.59512e-07
1.73462e-06
-6.74947e-07
2.70414e-06
-9.28577e-07
3.74346e-06
-1.22022e-06
4.84881e-06
-1.55219e-06
6.01548e-06
-1.92118e-06
7.23985e-06
-2.32392e-06
8.51837e-06
-2.75186e-06
9.84552e-06
-3.20137e-06
1.12198e-05
-3.65901e-06
1.26373e-05
-4.12032e-06
1.40928e-05
-4.57153e-06
1.55809e-05
-5.00888e-06
1.70948e-05
-5.41684e-06
1.8626e-05
-5.79402e-06
2.01678e-05
-6.12454e-06
2.17108e-05
-6.40969e-06
2.32447e-05
-6.63696e-06
2.47603e-05
-6.81197e-06
2.62486e-05
-6.92323e-06
2.77011e-05
-6.98019e-06
2.91097e-05
-6.97444e-06
3.04686e-05
-6.91861e-06
3.1771e-05
-6.80682e-06
3.30139e-05
-6.65421e-06
3.41928e-05
-6.4564e-06
3.53075e-05
-6.22967e-06
3.63555e-05
-5.97061e-06
3.73391e-05
-5.69548e-06
3.82572e-05
-5.40106e-06
3.91142e-05
-5.10259e-06
3.991e-05
-4.79661e-06
4.06502e-05
-4.49674e-06
4.13352e-05
-4.19923e-06
4.19718e-05
-3.91572e-06
4.25602e-05
-3.64246e-06
4.31082e-05
-3.3889e-06
4.36154e-05
-3.15171e-06
4.40905e-05
-2.93797e-06
4.45323e-05
-2.74545e-06
4.49504e-05
-2.57861e-06
4.53426e-05
-2.43712e-06
4.57194e-05
-2.3225e-06
4.60776e-05
-2.23744e-06
4.64287e-05
-2.18019e-06
-2.16274e-06
-4.22348e-07
8.02233e-07
-9.63075e-07
1.35856e-06
-1.45678e-06
1.48915e-06
-1.89171e-06
1.51563e-06
-2.28935e-06
1.5289e-06
-2.65474e-06
1.52975e-06
-2.98316e-06
1.51358e-06
-3.2685e-06
1.48129e-06
-3.50726e-06
1.4355e-06
-3.70153e-06
1.38326e-06
-3.85428e-06
1.32714e-06
-3.96847e-06
1.26853e-06
-4.04698e-06
1.20865e-06
-4.09251e-06
1.14843e-06
-4.10754e-06
1.08849e-06
-4.0943e-06
1.02931e-06
-4.05473e-06
9.71234e-07
-3.99046e-06
9.14321e-07
-3.90279e-06
8.58644e-07
-3.79278e-06
8.0434e-07
-3.66123e-06
7.51464e-07
-3.50866e-06
6.99972e-07
-3.33531e-06
6.49753e-07
-3.14113e-06
6.00509e-07
-2.92574e-06
5.51891e-07
-2.68845e-06
5.03423e-07
-2.42842e-06
4.54924e-07
-2.14464e-06
4.05941e-07
-1.8357e-06
3.55647e-07
-1.50003e-06
3.03307e-07
-1.13587e-06
2.48089e-07
-7.41166e-07
1.8897e-07
-3.13516e-07
1.24774e-07
1.50201e-07
5.39064e-08
6.53006e-07
-2.41563e-08
1.1961e-06
-1.07824e-07
1.78396e-06
-2.0163e-07
2.42044e-06
-3.06177e-07
3.10936e-06
-4.23038e-07
3.85455e-06
-5.54429e-07
4.65913e-06
-7.02796e-07
5.52337e-06
-8.70717e-07
6.45562e-06
-1.06081e-06
7.45523e-06
-1.27697e-06
8.52035e-06
-1.52463e-06
9.65036e-06
-1.80496e-06
1.08425e-05
-2.1207e-06
1.20937e-05
-2.47141e-06
1.33989e-05
-2.85745e-06
1.47528e-05
-3.27508e-06
1.61502e-05
-3.72125e-06
1.75855e-05
-4.18715e-06
1.9052e-05
-4.66791e-06
2.05443e-05
-5.15134e-06
2.20555e-05
-5.63154e-06
2.35784e-05
-6.09436e-06
2.51041e-05
-6.53465e-06
2.66245e-05
-6.93718e-06
2.81294e-05
-7.29893e-06
2.96103e-05
-7.60544e-06
3.10576e-05
-7.85698e-06
3.24625e-05
-8.04186e-06
3.38167e-05
-8.16614e-06
3.51139e-05
-8.22051e-06
3.63489e-05
-8.21517e-06
3.75177e-05
-8.14319e-06
3.86178e-05
-8.01872e-06
3.96476e-05
-7.83664e-06
4.06075e-05
-7.61408e-06
4.14978e-05
-7.3467e-06
4.23214e-05
-7.05326e-06
4.30799e-05
-6.72912e-06
4.37779e-05
-6.39352e-06
4.44176e-05
-6.04072e-06
4.50046e-05
-5.68959e-06
4.55408e-05
-5.33285e-06
4.60327e-05
-4.9886e-06
4.64814e-05
-4.64798e-06
4.68939e-05
-4.32823e-06
4.72705e-05
-4.01905e-06
4.76185e-05
-3.73685e-06
4.7937e-05
-3.47023e-06
4.82339e-05
-3.23486e-06
4.8507e-05
-3.01859e-06
4.87649e-05
-2.83654e-06
4.90041e-05
-2.67627e-06
4.92339e-05
-2.55235e-06
4.94491e-05
-2.45265e-06
4.96603e-05
-2.39135e-06
-2.36248e-06
-2.66925e-07
1.06916e-06
-8.63408e-07
1.95504e-06
-1.48449e-06
2.11024e-06
-2.00452e-06
2.03566e-06
-2.39613e-06
1.92051e-06
-2.66207e-06
1.79569e-06
-2.82007e-06
1.67158e-06
-2.89035e-06
1.55157e-06
-2.89031e-06
1.43545e-06
-2.83093e-06
1.32388e-06
-2.72055e-06
1.21676e-06
-2.56576e-06
1.11375e-06
-2.37225e-06
1.01514e-06
-2.14486e-06
9.2104e-07
-1.88769e-06
8.31319e-07
-1.6041e-06
7.45726e-07
-1.29695e-06
6.64082e-07
-9.68376e-07
5.85746e-07
-6.20066e-07
5.10335e-07
-2.53379e-07
4.37652e-07
1.30757e-07
3.67328e-07
5.31809e-07
2.98919e-07
9.49629e-07
2.31933e-07
1.38459e-06
1.65553e-07
1.83741e-06
9.90703e-08
2.30954e-06
3.12922e-08
2.80154e-06
-3.70833e-08
3.31444e-06
-1.06957e-07
3.8504e-06
-1.80311e-07
4.4114e-06
-2.57691e-07
4.99953e-06
-3.4004e-07
5.61705e-06
-4.28549e-07
6.26621e-06
-5.24385e-07
6.94888e-06
-6.28769e-07
7.66731e-06
-7.4259e-07
8.42645e-06
-8.66954e-07
9.22834e-06
-1.00352e-06
1.00761e-05
-1.15394e-06
1.09727e-05
-1.31964e-06
1.1921e-05
-1.5027e-06
1.29231e-05
-1.70497e-06
1.39815e-05
-1.92905e-06
1.50976e-05
-2.1769e-06
1.62716e-05
-2.45099e-06
1.75011e-05
-2.75411e-06
1.87837e-05
-3.08764e-06
2.01153e-05
-3.45229e-06
2.1491e-05
-3.84711e-06
2.29042e-05
-4.27063e-06
2.43478e-05
-4.71866e-06
2.58133e-05
-5.18677e-06
2.72926e-05
-5.66645e-06
2.87758e-05
-6.15106e-06
3.0254e-05
-6.62956e-06
3.17168e-05
-7.09435e-06
3.3155e-05
-7.53255e-06
3.45576e-05
-7.9373e-06
3.59158e-05
-8.29529e-06
3.72195e-05
-8.60267e-06
3.84616e-05
-8.84759e-06
3.96344e-05
-9.02975e-06
4.07328e-05
-9.14028e-06
4.17523e-05
-9.18564e-06
4.26921e-05
-9.16023e-06
4.35517e-05
-9.07485e-06
4.43332e-05
-8.92464e-06
4.5039e-05
-8.72452e-06
4.5673e-05
-8.47063e-06
4.62399e-05
-8.18105e-06
4.67448e-05
-7.85157e-06
4.71936e-05
-7.50206e-06
4.75913e-05
-7.12677e-06
4.79441e-05
-6.74638e-06
4.82563e-05
-6.35291e-06
4.8534e-05
-5.96725e-06
4.878e-05
-5.57886e-06
4.90001e-05
-5.20872e-06
4.91959e-05
-4.84374e-06
4.93727e-05
-4.50506e-06
4.95308e-05
-4.1771e-06
4.96753e-05
-3.88144e-06
4.98053e-05
-3.60018e-06
4.99261e-05
-3.35561e-06
5.00352e-05
-3.12771e-06
5.01385e-05
-2.93982e-06
5.02322e-05
-2.76998e-06
5.03227e-05
-2.6429e-06
5.04049e-05
-2.53482e-06
5.04854e-05
-2.47185e-06
-2.43172e-06
-1.49584e-06
2.565e-06
-1.94749e-06
2.40669e-06
-2.11354e-06
2.27628e-06
-2.13065e-06
2.05278e-06
-2.01844e-06
1.8083e-06
-1.80064e-06
1.57789e-06
-1.49645e-06
1.3674e-06
-1.12026e-06
1.17538e-06
-6.84735e-07
9.99931e-07
-2.02165e-07
8.41315e-07
3.18184e-07
6.96415e-07
8.68648e-07
5.63284e-07
1.44254e-06
4.41251e-07
2.03481e-06
3.28769e-07
2.64164e-06
2.24482e-07
3.25992e-06
1.27445e-07
3.88671e-06
3.7293e-08
4.52173e-06
-4.92733e-08
5.1641e-06
-1.32032e-07
5.81246e-06
-2.10706e-07
6.4666e-06
-2.86816e-07
7.12666e-06
-3.61138e-07
7.79271e-06
-4.34118e-07
8.46635e-06
-5.08085e-07
9.14879e-06
-5.83368e-07
9.84087e-06
-6.60791e-07
1.05449e-05
-7.41097e-07
1.12633e-05
-8.2541e-07
1.1998e-05
-9.14977e-07
1.27512e-05
-1.01091e-06
1.35254e-05
-1.1142e-06
1.43229e-05
-1.22607e-06
1.51461e-05
-1.34758e-06
1.59974e-05
-1.48002e-06
1.68792e-05
-1.62448e-06
1.77945e-05
-1.78216e-06
1.87451e-05
-1.95418e-06
1.97333e-05
-2.14216e-06
2.0761e-05
-2.34731e-06
2.18297e-05
-2.57136e-06
2.29403e-05
-2.81558e-06
2.40931e-05
-3.08187e-06
2.52875e-05
-3.37132e-06
2.65218e-05
-3.68528e-06
2.77922e-05
-4.02447e-06
2.9094e-05
-4.38946e-06
3.04209e-05
-4.77925e-06
3.17659e-05
-5.19206e-06
3.31198e-05
-5.62458e-06
3.4474e-05
-6.07279e-06
3.58172e-05
-6.53003e-06
3.71389e-05
-6.9881e-06
3.84271e-05
-7.43934e-06
3.96718e-05
-7.87419e-06
4.08613e-05
-8.28391e-06
4.19868e-05
-8.65806e-06
4.30387e-05
-8.98912e-06
4.40108e-05
-9.2674e-06
4.48967e-05
-9.48859e-06
4.5694e-05
-9.64494e-06
4.64008e-05
-9.73654e-06
4.70185e-05
-9.75793e-06
4.75477e-05
-9.71491e-06
4.79951e-05
-9.60757e-06
4.8366e-05
-9.44572e-06
4.86681e-05
-9.22677e-06
4.89086e-05
-8.96504e-06
4.90959e-05
-8.65793e-06
4.92377e-05
-8.32287e-06
4.93417e-05
-7.95551e-06
4.9415e-05
-7.57534e-06
4.94634e-05
-7.17522e-06
4.94931e-05
-6.77611e-06
4.95078e-05
-6.36753e-06
4.95123e-05
-5.97175e-06
4.95082e-05
-5.57477e-06
4.94997e-05
-5.20022e-06
4.94865e-05
-4.83057e-06
4.94724e-05
-4.49099e-06
4.94557e-05
-4.1604e-06
4.94401e-05
-3.86579e-06
4.94225e-05
-3.58262e-06
4.94069e-05
-3.34004e-06
4.93893e-05
-3.1101e-06
4.93739e-05
-2.92443e-06
4.93557e-05
-2.75171e-06
4.93392e-05
-2.62643e-06
4.93185e-05
-2.51413e-06
4.92993e-05
-2.45262e-06
-2.40088e-06
-8.96263e-07
3.46126e-06
-7.42672e-07
2.2531e-06
-2.52391e-07
1.786e-06
4.59889e-07
1.3405e-06
1.32904e-06
9.39148e-07
2.28896e-06
6.17963e-07
3.29335e-06
3.63008e-07
4.31489e-06
1.53836e-07
5.33934e-06
-2.45189e-08
6.35219e-06
-1.71533e-07
7.35484e-06
-3.06236e-07
8.34573e-06
-4.27599e-07
9.32043e-06
-5.33457e-07
1.02781e-05
-6.28946e-07
1.12188e-05
-7.1614e-07
1.21425e-05
-7.96328e-07
1.30506e-05
-8.70719e-07
1.39423e-05
-9.41016e-07
1.48185e-05
-1.0082e-06
1.56807e-05
-1.07299e-06
1.65304e-05
-1.13646e-06
1.73688e-05
-1.19956e-06
1.81987e-05
-1.26399e-06
1.90217e-05
-1.33109e-06
1.984e-05
-1.40173e-06
2.06562e-05
-1.47691e-06
2.14727e-05
-1.55766e-06
2.22924e-05
-1.64505e-06
2.31175e-05
-1.74015e-06
2.39508e-05
-1.84417e-06
2.47947e-05
-1.95808e-06
2.56515e-05
-2.08288e-06
2.65234e-05
-2.21947e-06
2.74123e-05
-2.36898e-06
2.83201e-05
-2.53229e-06
2.92484e-05
-2.71046e-06
3.01985e-05
-2.90426e-06
3.11712e-05
-3.11483e-06
3.21668e-05
-3.34292e-06
3.31851e-05
-3.58964e-06
3.42251e-05
-3.85557e-06
3.52852e-05
-4.14203e-06
3.63628e-05
-4.44894e-06
3.74537e-05
-4.77618e-06
3.85526e-05
-5.12328e-06
3.96527e-05
-5.48958e-06
4.07462e-05
-5.87273e-06
4.18243e-05
-6.27017e-06
4.28771e-05
-6.67739e-06
4.38939e-05
-7.08962e-06
4.48638e-05
-7.49991e-06
4.5777e-05
-7.9013e-06
4.66232e-05
-8.28558e-06
4.73941e-05
-8.64509e-06
4.80817e-05
-8.9715e-06
4.86812e-05
-9.25751e-06
4.91884e-05
-9.49629e-06
4.96031e-05
-9.68217e-06
4.99257e-05
-9.81122e-06
5.01608e-05
-9.88002e-06
5.03128e-05
-9.88852e-06
5.03907e-05
-9.83576e-06
5.04019e-05
-9.72614e-06
5.03572e-05
-9.56293e-06
5.02655e-05
-9.35397e-06
5.0138e-05
-9.09923e-06
4.99826e-05
-8.80966e-06
4.98089e-05
-8.4843e-06
4.96232e-05
-8.13712e-06
4.94323e-05
-7.76461e-06
4.92403e-05
-7.38339e-06
4.90515e-05
-6.98635e-06
4.8868e-05
-6.59267e-06
4.86915e-05
-6.19099e-06
4.85232e-05
-5.80349e-06
4.83627e-05
-5.41428e-06
4.82114e-05
-5.04887e-06
4.80671e-05
-4.6863e-06
4.79318e-05
-4.3557e-06
4.78021e-05
-4.03061e-06
4.76806e-05
-3.74434e-06
4.75626e-05
-3.46465e-06
4.74522e-05
-3.22956e-06
4.73428e-05
-3.00072e-06
4.72398e-05
-2.82144e-06
4.7135e-05
-2.64692e-06
4.7035e-05
-2.52645e-06
4.69296e-05
-2.4087e-06
4.68266e-05
-2.34963e-06
-2.2893e-06
3.65651e-06
-1.95251e-07
6.38202e-06
-4.72408e-07
8.79321e-06
-6.2519e-07
1.09146e-05
-7.80938e-07
1.27892e-05
-9.35454e-07
1.44812e-05
-1.07398e-06
1.60352e-05
-1.19096e-06
1.74682e-05
-1.27921e-06
1.88062e-05
-1.3625e-06
2.00713e-05
-1.43662e-06
2.12671e-05
-1.50204e-06
2.24002e-05
-1.5607e-06
2.34799e-05
-1.61319e-06
2.45115e-05
-1.66054e-06
2.54991e-05
-1.70374e-06
2.64465e-05
-1.74374e-06
2.73572e-05
-1.78142e-06
2.82339e-05
-1.81774e-06
2.90795e-05
-1.85378e-06
2.9897e-05
-1.89049e-06
3.06894e-05
-1.92883e-06
3.14598e-05
-1.96996e-06
3.22109e-05
-2.01512e-06
3.29454e-05
-2.06552e-06
3.36658e-05
-2.1222e-06
3.43751e-05
-2.18618e-06
3.50758e-05
-2.25837e-06
3.57705e-05
-2.33972e-06
3.64614e-05
-2.43112e-06
3.71509e-05
-2.53362e-06
3.78411e-05
-2.64824e-06
3.85334e-05
-2.7752e-06
3.92293e-05
-2.91539e-06
3.99299e-05
-3.06959e-06
4.0636e-05
-3.23836e-06
4.13478e-05
-3.42233e-06
4.20655e-05
-3.62193e-06
4.27884e-05
-3.83768e-06
4.35153e-05
-4.06988e-06
4.42446e-05
-4.3189e-06
4.49738e-05
-4.58477e-06
4.56992e-05
-4.86748e-06
4.64167e-05
-5.16639e-06
4.71212e-05
-5.48068e-06
4.78067e-05
-5.80884e-06
4.84663e-05
-6.14918e-06
4.90925e-05
-6.49886e-06
4.9677e-05
-6.85472e-06
5.02118e-05
-7.2122e-06
5.06887e-05
-7.56654e-06
5.11005e-05
-7.91164e-06
5.14408e-05
-8.24166e-06
5.17049e-05
-8.54961e-06
5.18894e-05
-8.82963e-06
5.1993e-05
-9.07514e-06
5.20172e-05
-9.28168e-06
5.19651e-05
-9.44422e-06
5.18429e-05
-9.55997e-06
5.16576e-05
-9.62583e-06
5.14186e-05
-9.64108e-06
5.11348e-05
-9.60474e-06
5.08178e-05
-9.51873e-06
5.0477e-05
-9.38534e-06
5.0122e-05
-9.20795e-06
4.9759e-05
-8.99095e-06
4.93966e-05
-8.73684e-06
4.90381e-05
-8.45119e-06
4.86892e-05
-8.13541e-06
4.83498e-05
-7.7977e-06
4.80233e-05
-7.43808e-06
4.77077e-05
-7.06774e-06
4.7405e-05
-6.68369e-06
4.71123e-05
-6.29998e-06
4.68308e-05
-5.9095e-06
4.65575e-05
-5.53022e-06
4.62934e-05
-5.15015e-06
4.60363e-05
-4.79178e-06
4.57868e-05
-4.43676e-06
4.55438e-05
-4.11278e-06
4.53071e-05
-3.79389e-06
4.5077e-05
-3.51426e-06
4.48516e-05
-3.2392e-06
4.46328e-05
-3.01081e-06
4.44164e-05
-2.78425e-06
4.42062e-05
-2.61132e-06
4.39949e-05
-2.43555e-06
4.37888e-05
-2.32038e-06
4.35761e-05
-2.19605e-06
4.33659e-05
-2.13943e-06
-2.07154e-06
3.86109e-05
1.20053e-08
3.85797e-05
-4.41182e-07
3.87194e-05
-7.64892e-07
3.89454e-05
-1.00691e-06
3.92197e-05
-1.20973e-06
3.95364e-05
-1.39074e-06
3.98969e-05
-1.55141e-06
4.03025e-05
-1.68486e-06
4.07332e-05
-1.79317e-06
4.11787e-05
-1.8821e-06
4.16322e-05
-1.95556e-06
4.20881e-05
-2.01661e-06
4.25424e-05
-2.06752e-06
4.2992e-05
-2.11007e-06
4.34342e-05
-2.14592e-06
4.38671e-05
-2.17667e-06
4.42895e-05
-2.20385e-06
4.47007e-05
-2.22895e-06
4.51004e-05
-2.25345e-06
4.54887e-05
-2.27879e-06
4.58662e-05
-2.30633e-06
4.62337e-05
-2.33743e-06
4.65919e-05
-2.37339e-06
4.69419e-05
-2.41549e-06
4.72846e-05
-2.46491e-06
4.76212e-05
-2.52273e-06
4.79527e-05
-2.58987e-06
4.82801e-05
-2.6672e-06
4.86046e-05
-2.75554e-06
4.89266e-05
-2.85565e-06
4.92465e-05
-2.96814e-06
4.95648e-05
-3.09352e-06
4.98816e-05
-3.23222e-06
5.01968e-05
-3.3847e-06
5.05097e-05
-3.55127e-06
5.08195e-05
-3.7322e-06
5.11252e-05
-3.92763e-06
5.14252e-05
-4.13765e-06
5.17175e-05
-4.36219e-06
5.19997e-05
-4.60107e-06
5.22688e-05
-4.8539e-06
5.25214e-05
-5.12006e-06
5.27536e-05
-5.3986e-06
5.29612e-05
-5.68824e-06
5.31396e-05
-5.98722e-06
5.32838e-05
-6.2934e-06
5.3389e-05
-6.60412e-06
5.34506e-05
-6.91628e-06
5.34644e-05
-7.22601e-06
5.3427e-05
-7.52913e-06
5.33362e-05
-7.82089e-06
5.31911e-05
-8.09653e-06
5.29924e-05
-8.35093e-06
5.27422e-05
-8.57941e-06
5.24441e-05
-8.77698e-06
5.21034e-05
-8.94098e-06
5.17269e-05
-9.06772e-06
5.13218e-05
-9.15491e-06
5.08958e-05
-9.19984e-06
5.04563e-05
-9.20157e-06
5.00097e-05
-9.15811e-06
4.95613e-05
-9.07035e-06
4.91143e-05
-8.93832e-06
4.86712e-05
-8.76487e-06
4.82319e-05
-8.5516e-06
4.77972e-05
-8.30222e-06
4.73651e-05
-8.01911e-06
4.69359e-05
-7.70613e-06
4.65055e-05
-7.36736e-06
4.60752e-05
-7.00772e-06
4.56411e-05
-6.63368e-06
4.52062e-05
-6.24882e-06
4.47672e-05
-5.86092e-06
4.43285e-05
-5.47086e-06
4.38872e-05
-5.08886e-06
4.34491e-05
-4.71209e-06
4.30112e-05
-4.35384e-06
4.25801e-05
-4.00571e-06
4.21524e-05
-3.68507e-06
4.17348e-05
-3.37626e-06
4.13232e-05
-3.10269e-06
4.09235e-05
-2.83944e-06
4.05312e-05
-2.61855e-06
4.01502e-05
-2.40323e-06
3.97764e-05
-2.2375e-06
3.94105e-05
-2.0697e-06
3.90503e-05
-1.96019e-06
3.86922e-05
-1.83797e-06
3.83372e-05
-1.78437e-06
-1.70813e-06
5.29855e-05
8.96898e-08
5.28916e-05
-3.47238e-07
5.28627e-05
-7.35974e-07
5.28864e-05
-1.03064e-06
5.29318e-05
-1.25507e-06
5.29795e-05
-1.43852e-06
5.30261e-05
-1.59794e-06
5.3079e-05
-1.73782e-06
5.31432e-05
-1.85737e-06
5.32177e-05
-1.95664e-06
5.32996e-05
-2.03746e-06
5.33857e-05
-2.10262e-06
5.34732e-05
-2.15504e-06
5.35604e-05
-2.19727e-06
5.36459e-05
-2.23148e-06
5.37288e-05
-2.25957e-06
5.38083e-05
-2.2833e-06
5.38837e-05
-2.30437e-06
5.39547e-05
-2.32446e-06
5.40211e-05
-2.34518e-06
5.40829e-05
-2.36809e-06
5.41401e-05
-2.39465e-06
5.4193e-05
-2.42626e-06
5.42417e-05
-2.4642e-06
5.42864e-05
-2.50968e-06
5.43275e-05
-2.56378e-06
5.43651e-05
-2.62743e-06
5.43993e-05
-2.70144e-06
5.44303e-05
-2.78652e-06
5.44579e-05
-2.88326e-06
5.44819e-05
-2.99218e-06
5.45021e-05
-3.11371e-06
5.4518e-05
-3.24814e-06
5.45291e-05
-3.39574e-06
5.45345e-05
-3.55665e-06
5.45332e-05
-3.73097e-06
5.45243e-05
-3.91867e-06
5.45063e-05
-4.11966e-06
5.44778e-05
-4.33367e-06
5.4437e-05
-4.56036e-06
5.43823e-05
-4.79915e-06
5.43115e-05
-5.04931e-06
5.42227e-05
-5.30977e-06
5.41137e-05
-5.57923e-06
5.39824e-05
-5.8559e-06
5.38266e-05
-6.13762e-06
5.36447e-05
-6.42221e-06
5.34353e-05
-6.70688e-06
5.31975e-05
-6.98825e-06
5.29311e-05
-7.26268e-06
5.26363e-05
-7.52615e-06
5.23143e-05
-7.7745e-06
5.19668e-05
-8.0034e-06
5.15959e-05
-8.20855e-06
5.12047e-05
-8.38573e-06
5.0795e-05
-8.53134e-06
5.03692e-05
-8.64188e-06
4.99286e-05
-8.71431e-06
4.94745e-05
-8.74577e-06
4.90068e-05
-8.73387e-06
4.85245e-05
-8.6758e-06
4.80252e-05
-8.5711e-06
4.75068e-05
-8.41986e-06
4.69665e-05
-8.22457e-06
4.64016e-05
-7.98677e-06
4.58097e-05
-7.71032e-06
4.51902e-05
-7.39958e-06
4.45439e-05
-7.05979e-06
4.38714e-05
-6.69488e-06
4.31761e-05
-6.31244e-06
4.24602e-05
-5.91775e-06
4.17296e-05
-5.51826e-06
4.09874e-05
-5.11866e-06
4.02418e-05
-4.72526e-06
3.94953e-05
-4.34234e-06
3.87573e-05
-3.97414e-06
3.8028e-05
-3.62458e-06
3.73173e-05
-3.29502e-06
3.66224e-05
-2.99017e-06
3.59537e-05
-2.70749e-06
3.53046e-05
-2.45365e-06
3.46859e-05
-2.22071e-06
3.40873e-05
-2.01997e-06
3.35196e-05
-1.83547e-06
3.29685e-05
-1.68646e-06
3.24451e-05
-1.54628e-06
3.19328e-05
-1.44787e-06
3.14422e-05
-1.34736e-06
3.09564e-05
-1.29858e-06
-1.22792e-06
5.43216e-05
-2.30355e-07
5.45038e-05
-5.29414e-07
5.46081e-05
-8.40247e-07
5.46955e-05
-1.11807e-06
5.47825e-05
-1.34211e-06
5.48631e-05
-1.5191e-06
5.49299e-05
-1.66467e-06
5.49816e-05
-1.78956e-06
5.50225e-05
-1.89824e-06
5.50572e-05
-1.99135e-06
5.50885e-05
-2.06875e-06
5.51171e-05
-2.13123e-06
5.51427e-05
-2.18063e-06
5.51646e-05
-2.21924e-06
5.51825e-05
-2.24935e-06
5.5196e-05
-2.27303e-06
5.52048e-05
-2.29214e-06
5.52089e-05
-2.30845e-06
5.52081e-05
-2.32365e-06
5.52023e-05
-2.33938e-06
5.51914e-05
-2.35725e-06
5.51755e-05
-2.37876e-06
5.51546e-05
-2.40535e-06
5.51288e-05
-2.43834e-06
5.5098e-05
-2.4789e-06
5.50623e-05
-2.52811e-06
5.50218e-05
-2.58689e-06
5.49764e-05
-2.65602e-06
5.4926e-05
-2.73616e-06
5.48706e-05
-2.82784e-06
5.48099e-05
-2.93151e-06
5.47437e-05
-3.04752e-06
5.46717e-05
-3.17611e-06
5.45934e-05
-3.31746e-06
5.45084e-05
-3.47166e-06
5.44162e-05
-3.6387e-06
5.4316e-05
-3.81851e-06
5.42072e-05
-4.0109e-06
5.40891e-05
-4.21555e-06
5.39608e-05
-4.43202e-06
5.38213e-05
-4.65968e-06
5.36697e-05
-4.89773e-06
5.3505e-05
-5.14504e-06
5.3326e-05
-5.40023e-06
5.31315e-05
-5.66142e-06
5.29204e-05
-5.92652e-06
5.26913e-05
-6.19308e-06
5.24427e-05
-6.45831e-06
5.21732e-05
-6.71874e-06
5.18811e-05
-6.97059e-06
5.15646e-05
-7.2096e-06
5.12216e-05
-7.43153e-06
5.08501e-05
-7.63193e-06
5.04481e-05
-7.80652e-06
5.00132e-05
-7.95083e-06
4.95426e-05
-8.06069e-06
4.90329e-05
-8.13225e-06
4.84806e-05
-8.16202e-06
4.78817e-05
-8.14686e-06
4.72319e-05
-8.08403e-06
4.65277e-05
-7.97161e-06
4.57667e-05
-7.8101e-06
4.49488e-05
-7.60193e-06
4.40744e-05
-7.35016e-06
4.31446e-05
-7.05697e-06
4.21605e-05
-6.72629e-06
4.11275e-05
-6.36654e-06
4.00526e-05
-5.98489e-06
3.89451e-05
-5.58738e-06
3.78142e-05
-5.18152e-06
3.66695e-05
-4.77308e-06
3.55205e-05
-4.36926e-06
3.43774e-05
-3.97552e-06
3.32508e-05
-3.59871e-06
3.21502e-05
-3.24173e-06
3.1085e-05
-2.90895e-06
3.00607e-05
-2.60032e-06
2.90848e-05
-2.31909e-06
2.81584e-05
-2.06379e-06
2.72876e-05
-1.83664e-06
2.64686e-05
-1.63469e-06
2.57068e-05
-1.45889e-06
2.49927e-05
-1.30585e-06
2.43325e-05
-1.17532e-06
2.37113e-05
-1.06521e-06
2.31381e-05
-9.73067e-07
2.25911e-05
-9.00883e-07
2.20843e-05
-8.40581e-07
2.1589e-05
-8.0325e-07
-7.6637e-07
5.39211e-05
-5.58988e-07
5.41748e-05
-7.83129e-07
5.43571e-05
-1.02254e-06
5.44916e-05
-1.25257e-06
5.46025e-05
-1.45294e-06
5.47012e-05
-1.61787e-06
5.47889e-05
-1.75234e-06
5.48638e-05
-1.86442e-06
5.49257e-05
-1.96014e-06
5.49765e-05
-2.04221e-06
5.5019e-05
-2.1112e-06
5.5055e-05
-2.16724e-06
5.50855e-05
-2.21111e-06
5.51105e-05
-2.24429e-06
5.51299e-05
-2.2687e-06
5.51432e-05
-2.28636e-06
5.51503e-05
-2.29924e-06
5.5151e-05
-2.30918e-06
5.51453e-05
-2.31793e-06
5.51331e-05
-2.32718e-06
5.51144e-05
-2.33856e-06
5.50893e-05
-2.35361e-06
5.50577e-05
-2.37382e-06
5.50199e-05
-2.4005e-06
5.49758e-05
-2.43485e-06
5.49256e-05
-2.47791e-06
5.48694e-05
-2.53061e-06
5.4807e-05
-2.5937e-06
5.47387e-05
-2.66781e-06
5.46642e-05
-2.75337e-06
5.45835e-05
-2.85075e-06
5.44962e-05
-2.96021e-06
5.4402e-05
-3.08193e-06
5.43005e-05
-3.21596e-06
5.41911e-05
-3.36231e-06
5.40733e-05
-3.52087e-06
5.39463e-05
-3.69147e-06
5.38091e-05
-3.87376e-06
5.36609e-05
-4.06732e-06
5.35004e-05
-4.27153e-06
5.33263e-05
-4.48557e-06
5.3137e-05
-4.70842e-06
5.29307e-05
-4.93875e-06
5.27053e-05
-5.17488e-06
5.24586e-05
-5.41467e-06
5.21877e-05
-5.65562e-06
5.18894e-05
-5.89483e-06
5.15602e-05
-6.12906e-06
5.11958e-05
-6.35433e-06
5.07915e-05
-6.56633e-06
5.03422e-05
-6.76029e-06
4.98423e-05
-6.93163e-06
4.92861e-05
-7.07577e-06
4.86684e-05
-7.18876e-06
4.79843e-05
-7.26671e-06
4.72298e-05
-7.30626e-06
4.64014e-05
-7.30379e-06
4.54953e-05
-7.2559e-06
4.45075e-05
-7.15911e-06
4.34345e-05
-7.01101e-06
4.22746e-05
-6.81172e-06
4.10311e-05
-6.56657e-06
3.97115e-05
-6.28234e-06
3.83242e-05
-5.96294e-06
3.68771e-05
-5.60985e-06
3.53789e-05
-5.22803e-06
3.38395e-05
-4.82721e-06
3.22742e-05
-4.41957e-06
3.07014e-05
-4.01461e-06
2.91384e-05
-3.61847e-06
2.76011e-05
-3.23582e-06
2.6104e-05
-2.87218e-06
2.46616e-05
-2.53307e-06
2.32862e-05
-2.22327e-06
2.19889e-05
-1.94444e-06
2.07778e-05
-1.69787e-06
1.96595e-05
-1.48199e-06
1.86367e-05
-1.29635e-06
1.771e-05
-1.13707e-06
1.68766e-05
-1.0033e-06
1.61317e-05
-8.89733e-07
1.5469e-05
-7.9622e-07
1.48797e-05
-7.16483e-07
1.43569e-05
-6.52527e-07
1.38887e-05
-5.9709e-07
1.34709e-05
-5.55263e-07
1.30882e-05
-5.18101e-07
1.27418e-05
-4.94211e-07
1.24114e-05
-4.72877e-07
-4.62339e-07
5.35787e-05
-8.71608e-07
5.38463e-05
-1.05079e-06
5.40611e-05
-1.23729e-06
5.42294e-05
-1.42087e-06
5.43668e-05
-1.59035e-06
5.44861e-05
-1.73713e-06
5.45928e-05
-1.85902e-06
5.4688e-05
-1.95968e-06
5.47716e-05
-2.04374e-06
5.48437e-05
-2.11426e-06
5.49052e-05
-2.17269e-06
5.49574e-05
-2.21952e-06
5.50015e-05
-2.25516e-06
5.50377e-05
-2.28049e-06
5.50659e-05
-2.29693e-06
5.50858e-05
-2.30628e-06
5.5097e-05
-2.31045e-06
5.50993e-05
-2.3114e-06
5.50924e-05
-2.31101e-06
5.50763e-05
-2.3111e-06
5.50511e-05
-2.31336e-06
5.50168e-05
-2.31935e-06
5.49736e-05
-2.33056e-06
5.49214e-05
-2.3483e-06
5.48603e-05
-2.37376e-06
5.47903e-05
-2.40797e-06
5.47116e-05
-2.45184e-06
5.4624e-05
-2.50612e-06
5.45275e-05
-2.57129e-06
5.44217e-05
-2.64761e-06
5.43063e-05
-2.73534e-06
5.41807e-05
-2.83457e-06
5.4044e-05
-2.9453e-06
5.38955e-05
-3.06742e-06
5.37339e-05
-3.20075e-06
5.3558e-05
-3.34497e-06
5.33663e-05
-3.4997e-06
5.31568e-05
-3.66436e-06
5.29278e-05
-3.83828e-06
5.26768e-05
-4.02052e-06
5.24012e-05
-4.20997e-06
5.2098e-05
-4.40519e-06
5.17637e-05
-4.60446e-06
5.13945e-05
-4.80571e-06
5.09863e-05
-5.00643e-06
5.05343e-05
-5.2036e-06
5.00334e-05
-5.39395e-06
4.94779e-05
-5.57359e-06
4.88616e-05
-5.73801e-06
4.81777e-05
-5.88241e-06
4.74193e-05
-6.00191e-06
4.65794e-05
-6.09177e-06
4.56513e-05
-6.14767e-06
4.46285e-05
-6.16594e-06
4.35067e-05
-6.14487e-06
4.22849e-05
-6.08448e-06
4.09637e-05
-5.98259e-06
3.95448e-05
-5.83698e-06
3.80278e-05
-5.64218e-06
3.64129e-05
-5.39602e-06
3.47044e-05
-5.10328e-06
3.29152e-05
-4.77737e-06
3.10626e-05
-4.42969e-06
2.91651e-05
-4.06545e-06
2.72431e-05
-3.68788e-06
2.53168e-05
-3.30171e-06
2.34056e-05
-2.91596e-06
2.15313e-05
-2.54529e-06
1.97192e-05
-2.20254e-06
1.79946e-05
-1.89391e-06
1.638e-05
-1.62116e-06
1.48937e-05
-1.38591e-06
1.35487e-05
-1.18806e-06
1.23518e-05
-1.02632e-06
1.13021e-05
-8.94822e-07
1.03924e-05
-7.88088e-07
9.61174e-06
-7.01375e-07
8.94637e-06
-6.30985e-07
8.38191e-06
-5.72614e-07
7.90264e-06
-5.24029e-07
7.495e-06
-4.82085e-07
7.14523e-06
-4.46455e-07
6.84321e-06
-4.14459e-07
6.57824e-06
-3.87559e-07
6.34365e-06
-3.62495e-07
6.13139e-06
-3.43004e-07
5.9371e-06
-3.23817e-07
5.75534e-06
-3.12444e-07
5.58082e-06
-2.98357e-07
-2.9509e-07
5.34363e-05
-1.17577e-06
5.37053e-05
-1.31981e-06
5.39348e-05
-1.46673e-06
5.41261e-05
-1.61217e-06
5.4286e-05
-1.75029e-06
5.44236e-05
-1.87475e-06
5.45457e-05
-1.9811e-06
5.46549e-05
-2.06886e-06
5.47515e-05
-2.14031e-06
5.48352e-05
-2.19795e-06
5.49059e-05
-2.24343e-06
5.4964e-05
-2.27759e-06
5.50097e-05
-2.30091e-06
5.50433e-05
-2.31405e-06
5.50644e-05
-2.31809e-06
5.50727e-05
-2.31457e-06
5.50676e-05
-2.30533e-06
5.50486e-05
-2.29237e-06
5.50153e-05
-2.27774e-06
5.49677e-05
-2.26354e-06
5.4906e-05
-2.25165e-06
5.48303e-05
-2.24365e-06
5.47406e-05
-2.24087e-06
5.46368e-05
-2.24451e-06
5.45189e-05
-2.25577e-06
5.43866e-05
-2.27571e-06
5.42399e-05
-2.30516e-06
5.40785e-05
-2.34467e-06
5.39017e-05
-2.39456e-06
5.3709e-05
-2.45491e-06
5.34994e-05
-2.52569e-06
5.32715e-05
-2.60672e-06
5.3024e-05
-2.69774e-06
5.27549e-05
-2.79832e-06
5.24622e-05
-2.90803e-06
5.21434e-05
-3.0262e-06
5.17959e-05
-3.15218e-06
5.14165e-05
-3.28502e-06
5.1002e-05
-3.42378e-06
5.05486e-05
-3.56711e-06
5.00522e-05
-3.7136e-06
4.95083e-05
-3.86128e-06
4.89119e-05
-4.00803e-06
4.82574e-05
-4.15117e-06
4.75389e-05
-4.28798e-06
4.67511e-05
-4.41573e-06
4.58881e-05
-4.53095e-06
4.49435e-05
-4.62901e-06
4.39106e-05
-4.70515e-06
4.27829e-05
-4.75465e-06
4.15545e-05
-4.77358e-06
4.0221e-05
-4.75825e-06
3.87783e-05
-4.70497e-06
3.72229e-05
-4.61054e-06
3.55536e-05
-4.47554e-06
3.37765e-05
-4.30742e-06
3.19002e-05
-4.10633e-06
2.9939e-05
-3.8757e-06
2.79039e-05
-3.60715e-06
2.58057e-05
-3.29779e-06
2.36654e-05
-2.96298e-06
2.15082e-05
-2.62023e-06
1.93637e-05
-2.28517e-06
1.72597e-05
-1.9614e-06
1.5235e-05
-1.66317e-06
1.33348e-05
-1.40152e-06
1.159e-05
-1.17117e-06
1.00221e-05
-9.77421e-07
8.64605e-06
-8.26475e-07
7.47074e-06
-7.18592e-07
6.4838e-06
-6.3423e-07
5.66914e-06
-5.71238e-07
4.99977e-06
-5.18688e-07
4.44368e-06
-4.70226e-07
3.97364e-06
-4.24787e-07
3.56981e-06
-3.84252e-07
3.21865e-06
-3.50221e-07
2.91068e-06
-3.23015e-07
2.63922e-06
-3.0115e-07
2.40044e-06
-2.85249e-07
2.19057e-06
-2.72215e-07
2.00513e-06
-2.6102e-07
1.84094e-06
-2.50265e-07
1.69367e-06
-2.40292e-07
1.5609e-06
-2.29718e-07
1.43804e-06
-2.20144e-07
1.32449e-06
-2.10275e-07
1.21516e-06
-2.03111e-07
1.11165e-06
-1.94844e-07
-2.00942e-07
5.34655e-05
-1.46872e-06
5.37253e-05
-1.5796e-06
5.395e-05
-1.69143e-06
5.41406e-05
-1.80274e-06
5.43e-05
-1.90965e-06
5.44321e-05
-2.00686e-06
5.45412e-05
-2.09022e-06
5.46302e-05
-2.15791e-06
5.47001e-05
-2.2102e-06
5.47505e-05
-2.24837e-06
5.47808e-05
-2.27368e-06
5.47903e-05
-2.28707e-06
5.47787e-05
-2.28932e-06
5.47458e-05
-2.28117e-06
5.46914e-05
-2.26369e-06
5.46151e-05
-2.23829e-06
5.45166e-05
-2.2068e-06
5.43955e-05
-2.17126e-06
5.42516e-05
-2.1339e-06
5.40851e-05
-2.09699e-06
5.38963e-05
-2.06285e-06
5.36861e-05
-2.03349e-06
5.34545e-05
-2.00929e-06
5.32013e-05
-1.99129e-06
5.29263e-05
-1.98076e-06
5.26292e-05
-1.97864e-06
5.23096e-05
-1.98557e-06
5.19668e-05
-2.00181e-06
5.15996e-05
-2.0274e-06
5.12068e-05
-2.06209e-06
5.07866e-05
-2.10551e-06
5.0337e-05
-2.15712e-06
4.98556e-05
-2.21629e-06
4.93395e-05
-2.28226e-06
4.87857e-05
-2.35423e-06
4.81907e-05
-2.4312e-06
4.75507e-05
-2.5122e-06
4.68617e-05
-2.59597e-06
4.61192e-05
-2.68132e-06
4.53188e-05
-2.76667e-06
4.44557e-05
-2.8505e-06
4.35251e-05
-2.93067e-06
4.2522e-05
-3.00497e-06
4.14407e-05
-3.06982e-06
4.02745e-05
-3.12182e-06
3.90208e-05
-3.16205e-06
3.76758e-05
-3.18589e-06
3.62353e-05
-3.18853e-06
3.46962e-05
-3.16605e-06
3.30566e-05
-3.11499e-06
3.13162e-05
-3.03323e-06
2.94793e-05
-2.92137e-06
2.75503e-05
-2.77592e-06
2.55399e-05
-2.60012e-06
2.34601e-05
-2.39582e-06
2.13236e-05
-2.17086e-06
1.91592e-05
-1.94192e-06
1.69914e-05
-1.70793e-06
1.48565e-05
-1.4723e-06
1.28e-05
-1.24128e-06
1.08625e-05
-1.02548e-06
9.0798e-06
-8.37482e-07
7.4866e-06
-6.91976e-07
6.13054e-06
-6.05338e-07
5.01245e-06
-5.45073e-07
4.10564e-06
-4.94719e-07
3.36962e-06
-4.35157e-07
2.75884e-06
-3.66638e-07
2.23425e-06
-3.01888e-07
1.77035e-06
-2.54692e-07
1.36243e-06
-2.26307e-07
1.00731e-06
-2.16113e-07
6.98185e-07
-2.09567e-07
4.28387e-07
-2.00429e-07
1.91598e-07
-1.87998e-07
-1.78462e-08
-1.74808e-07
-2.04414e-07
-1.63654e-07
-3.71164e-07
-1.56264e-07
-5.20991e-07
-1.51323e-07
-6.57533e-07
-1.48707e-07
-7.8243e-07
-1.47319e-07
-8.97275e-07
-1.46174e-07
-1.00319e-06
-1.44351e-07
-1.10179e-06
-1.41694e-07
-1.1936e-06
-1.37901e-07
-1.27996e-06
-1.33787e-07
-1.36069e-06
-1.29544e-07
-1.43718e-06
-1.26621e-07
-1.50592e-06
-1.26104e-07
-1.35113e-07
5.34057e-05
-1.68313e-06
5.35763e-05
-1.75015e-06
5.37026e-05
-1.81776e-06
5.37846e-05
-1.88469e-06
5.38232e-05
-1.9483e-06
5.38197e-05
-2.00334e-06
5.37757e-05
-2.04617e-06
5.36936e-05
-2.07581e-06
5.35755e-05
-2.09214e-06
5.34224e-05
-2.09531e-06
5.32347e-05
-2.08594e-06
5.30124e-05
-2.06474e-06
5.2756e-05
-2.033e-06
5.24666e-05
-1.99171e-06
5.21449e-05
-1.94205e-06
5.17922e-05
-1.88555e-06
5.14095e-05
-1.82407e-06
5.09979e-05
-1.75964e-06
5.05584e-05
-1.69447e-06
5.00921e-05
-1.63068e-06
4.95997e-05
-1.57045e-06
4.90832e-05
-1.517e-06
4.85429e-05
-1.46896e-06
4.79788e-05
-1.4272e-06
4.73909e-05
-1.39285e-06
4.67788e-05
-1.36647e-06
4.61415e-05
-1.34828e-06
4.54778e-05
-1.33818e-06
4.47862e-05
-1.33579e-06
4.40647e-05
-1.34053e-06
4.33108e-05
-1.35165e-06
4.2522e-05
-1.3683e-06
4.16952e-05
-1.38955e-06
4.08274e-05
-1.4144e-06
3.99149e-05
-1.44179e-06
3.89543e-05
-1.47062e-06
3.79419e-05
-1.49971e-06
3.68737e-05
-1.52786e-06
3.57462e-05
-1.55382e-06
3.45559e-05
-1.57629e-06
3.32994e-05
-1.59401e-06
3.19742e-05
-1.60554e-06
3.05787e-05
-1.60947e-06
2.91109e-05
-1.60195e-06
2.75703e-05
-1.58125e-06
2.59596e-05
-1.55133e-06
2.4281e-05
-1.50734e-06
2.25394e-05
-1.44694e-06
2.07424e-05
-1.36904e-06
1.89012e-05
-1.2738e-06
1.70283e-05
-1.16033e-06
1.514e-05
-1.03306e-06
1.32614e-05
-8.9737e-07
1.14227e-05
-7.6133e-07
9.66339e-06
-6.36549e-07
8.02899e-06
-5.36456e-07
6.55675e-06
-4.69685e-07
5.28859e-06
-4.39775e-07
4.22173e-06
-4.05443e-07
3.33673e-06
-3.56275e-07
2.59899e-06
-2.87742e-07
1.97393e-06
-2.12424e-07
1.43568e-06
-1.53725e-07
9.54812e-07
-1.24469e-07
5.37732e-07
-1.27993e-07
1.79823e-07
-1.3681e-07
-1.25428e-07
-1.29907e-07
-3.86913e-07
-1.05152e-07
-6.12218e-07
-7.65832e-08
-8.09279e-07
-5.76312e-08
-9.83067e-07
-5.25191e-08
-1.14313e-06
-5.60545e-08
-1.29041e-06
-6.22824e-08
-1.42452e-06
-6.6319e-08
-1.54565e-06
-6.68686e-08
-1.65523e-06
-6.52258e-08
-1.75565e-06
-6.3232e-08
-1.8497e-06
-6.22181e-08
-1.93854e-06
-6.24855e-08
-2.02344e-06
-6.38066e-08
-2.10517e-06
-6.55852e-08
-2.18411e-06
-6.72359e-08
-2.26021e-06
-6.82492e-08
-2.33345e-06
-6.84563e-08
-2.40351e-06
-6.78383e-08
-2.47033e-06
-6.69692e-08
-2.53324e-06
-6.66307e-08
-2.59142e-06
-6.84468e-08
-2.64402e-06
-7.34991e-08
-8.07336e-08
5.10733e-05
-1.4578e-06
5.07825e-05
-1.45942e-06
5.04273e-05
-1.46252e-06
5.00079e-05
-1.46529e-06
4.95252e-05
-1.46559e-06
4.89829e-05
-1.46102e-06
4.83852e-05
-1.44853e-06
4.77368e-05
-1.42744e-06
4.70438e-05
-1.39909e-06
4.63109e-05
-1.36244e-06
4.55428e-05
-1.31779e-06
4.47439e-05
-1.26583e-06
4.39184e-05
-1.20751e-06
4.30705e-05
-1.14383e-06
4.22044e-05
-1.0759e-06
4.13238e-05
-1.00502e-06
4.04324e-05
-9.32673e-07
3.95333e-05
-8.60521e-07
3.86291e-05
-7.90287e-07
3.77221e-05
-7.2361e-07
3.68135e-05
-6.61923e-07
3.59028e-05
-6.06259e-07
3.49908e-05
-5.57013e-07
3.4078e-05
-5.14353e-07
3.31635e-05
-4.78394e-07
3.22462e-05
-4.49113e-07
3.13241e-05
-4.26255e-07
3.03953e-05
-4.09323e-07
2.94571e-05
-3.97615e-07
2.85069e-05
-3.90312e-07
2.75418e-05
-3.86526e-07
2.65588e-05
-3.85358e-07
2.55552e-05
-3.85908e-07
2.45281e-05
-3.87305e-07
2.3475e-05
-3.88699e-07
2.23937e-05
-3.893e-07
2.12823e-05
-3.88366e-07
2.01398e-05
-3.85271e-07
1.89654e-05
-3.79487e-07
1.77598e-05
-3.70694e-07
1.65246e-05
-3.5876e-07
1.52629e-05
-3.43901e-07
1.39802e-05
-3.26689e-07
1.26864e-05
-3.08208e-07
1.13955e-05
-2.90334e-07
1.01187e-05
-2.74536e-07
8.87291e-06
-2.61538e-07
7.67717e-06
-2.51189e-07
6.55036e-06
-2.4223e-07
5.50951e-06
-2.32949e-07
4.56993e-06
-2.20749e-07
3.73006e-06
-1.93184e-07
2.9873e-06
-1.54617e-07
2.33457e-06
-1.08592e-07
1.76254e-06
-6.45184e-08
1.26055e-06
-3.44701e-08
8.16377e-07
-2.55118e-08
4.14769e-07
-3.81673e-08
6.53455e-08
-5.60186e-08
-2.30524e-07
-6.04057e-08
-4.74391e-07
-4.38756e-08
-6.70113e-07
-1.67021e-08
-8.29938e-07
6.09968e-09
-9.66445e-07
1.2038e-08
-1.09744e-06
3.00664e-09
-1.22485e-06
-9.40492e-09
-1.33942e-06
-1.53356e-08
-1.43265e-06
-1.19244e-08
-1.50445e-06
-4.78507e-09
-1.56228e-06
2.02289e-10
-1.61533e-06
5.33065e-10
-1.66855e-06
-2.84147e-09
-1.72368e-06
-7.15206e-09
-1.77957e-06
-1.04239e-08
-1.83433e-06
-1.21091e-08
-1.88687e-06
-1.26859e-08
-1.93719e-06
-1.29085e-08
-1.9861e-06
-1.33125e-08
-2.03455e-06
-1.40398e-08
-2.08326e-06
-1.50922e-08
-2.13255e-06
-1.62961e-08
-2.18234e-06
-1.74408e-08
-2.23226e-06
-1.83358e-08
-2.28181e-06
-1.89075e-08
-2.33047e-06
-1.91703e-08
-2.37803e-06
-1.94165e-08
-2.42432e-06
-2.03418e-08
-2.46944e-06
-2.33194e-08
-2.51409e-06
-2.88506e-08
-3.39116e-08
3.5006e-05
3.35466e-05
3.2084e-05
3.06187e-05
2.91532e-05
2.76921e-05
2.62436e-05
2.48162e-05
2.34171e-05
2.20546e-05
2.07368e-05
1.9471e-05
1.82635e-05
1.71197e-05
1.60438e-05
1.50387e-05
1.41061e-05
1.32455e-05
1.24553e-05
1.17316e-05
1.10697e-05
1.04635e-05
9.90645e-06
9.3921e-06
8.91371e-06
8.46459e-06
8.03834e-06
7.62901e-06
7.2314e-06
6.84109e-06
6.45456e-06
6.0692e-06
5.6833e-06
5.29599e-06
4.90729e-06
4.51799e-06
4.12963e-06
3.74435e-06
3.36487e-06
2.99417e-06
2.63541e-06
2.29151e-06
1.96482e-06
1.65662e-06
1.36628e-06
1.09175e-06
8.30207e-07
5.79018e-07
3.36788e-07
1.03839e-07
-1.1691e-07
-3.10094e-07
-4.64712e-07
-5.73304e-07
-6.37822e-07
-6.72293e-07
-6.97804e-07
-7.35972e-07
-7.9199e-07
-8.52396e-07
-8.96271e-07
-9.12974e-07
-9.06874e-07
-8.94836e-07
-8.91829e-07
-9.01234e-07
-9.1657e-07
-9.28494e-07
-9.33279e-07
-9.33077e-07
-9.32544e-07
-9.35385e-07
-9.42537e-07
-9.52961e-07
-9.6507e-07
-9.77756e-07
-9.90665e-07
-1.00398e-06
-1.01802e-06
-1.03311e-06
-1.04941e-06
-1.06685e-06
-1.08518e-06
-1.10409e-06
-1.12326e-06
-1.14268e-06
-1.16302e-06
-1.18634e-06
-1.21519e-06
)
;

boundaryField
{
    fixedWalls
    {
        type            calculated;
        value           uniform 0;
    }
    inflowWall
    {
        type            calculated;
        value           nonuniform List<scalar> 10(-5e-05 -5e-05 -5e-05 -5e-05 -5e-05 -5e-05 -5e-05 -5e-05 -5e-05 -5e-05);
    }
    outflowWall
    {
        type            calculated;
        value           nonuniform List<scalar> 
20
(
1.22627e-05
2.55778e-05
3.43635e-05
4.14432e-05
4.67708e-05
4.986e-05
5.05546e-05
4.92684e-05
4.6715e-05
4.31482e-05
3.79738e-05
3.04762e-05
2.11274e-05
1.21074e-05
5.41357e-06
1.0175e-06
-1.57175e-06
-2.6984e-06
-2.56091e-06
-1.2491e-06
)
;
    }
    frontAndBack
    {
        type            empty;
        value           nonuniform List<scalar> 0();
    }
}


// ************************************************************************* //
