/*--------------------------------*- C++ -*----------------------------------*\
| =========                 |                                                 |
| \\      /  F ield         | OpenFOAM: The Open Source CFD Toolbox           |
|  \\    /   O peration     | Version:  2306                                  |
|   \\  /    A nd           | Website:  www.openfoam.com                      |
|    \\/     M anipulation  |                                                 |
\*---------------------------------------------------------------------------*/
FoamFile
{
    version     2.0;
    format      ascii;
    arch        "LSB;label=32;scalar=64";
    class       volVectorField;
    location    "4.21";
    object      U;
}
// * * * * * * * * * * * * * * * * * * * * * * * * * * * * * * * * * * * * * //

dimensions      [0 1 -1 0 0 0 0];

internalField   nonuniform List<vector> 
1900
(
(0.984283 0.00728626 0)
(0.961752 0.0216879 0)
(0.952343 0.0181693 0)
(0.918699 0.0253062 0)
(0.903444 0.0154299 0)
(0.863079 0.02575 0)
(0.852315 0.0115803 0)
(0.811999 0.0267231 0)
(0.80975 0.00452833 0)
(0.770569 0.025953 0)
(1.00256 0.0115583 0)
(1.00445 0.0258596 0)
(1.01944 0.0289592 0)
(1.02198 0.0304489 0)
(1.03489 0.0279935 0)
(1.03398 0.0284031 0)
(1.04408 0.0257605 0)
(1.04282 0.0250582 0)
(1.05124 0.0206137 0)
(1.05233 0.0161235 0)
(1.00048 0.00388488 0)
(1.00419 0.0111519 0)
(1.01255 0.0139917 0)
(1.02113 0.0157775 0)
(1.03155 0.0146968 0)
(1.04055 0.0143988 0)
(1.05 0.0123449 0)
(1.05841 0.010888 0)
(1.06689 0.00724924 0)
(1.07473 0.00306976 0)
(1.00007 0.00207571 0)
(1.00313 0.00583892 0)
(1.00888 0.00804738 0)
(1.01649 0.00902325 0)
(1.02528 0.00853803 0)
(1.03432 0.00743102 0)
(1.04325 0.0056413 0)
(1.05181 0.0034667 0)
(1.05999 0.000624797 0)
(1.06766 -0.00291106 0)
(1.00003 0.000423222 0)
(1.00261 0.0011678 0)
(1.00738 0.00142706 0)
(1.01402 0.0011414 0)
(1.02191 0.00023693 0)
(1.03035 -0.00113532 0)
(1.03879 -0.00293945 0)
(1.04691 -0.00515471 0)
(1.05459 -0.00782747 0)
(1.06173 -0.0110215 0)
(1.00003 -0.0010618 0)
(1.00255 -0.00303068 0)
(1.0072 -0.0047556 0)
(1.01366 -0.00619778 0)
(1.02132 -0.00750284 0)
(1.02948 -0.00887217 0)
(1.03758 -0.0104918 0)
(1.04531 -0.0124731 0)
(1.05258 -0.0148565 0)
(1.05934 -0.0176128 0)
(1.00003 -0.0027114 0)
(1.00303 -0.00743471 0)
(1.00836 -0.011063 0)
(1.01545 -0.0135021 0)
(1.02346 -0.0151297 0)
(1.03162 -0.0164954 0)
(1.03949 -0.0180047 0)
(1.04688 -0.0198356 0)
(1.05379 -0.0219815 0)
(1.06027 -0.0243528 0)
(1.00004 -0.00476966 0)
(1.00441 -0.0122344 0)
(1.01137 -0.016919 0)
(1.01979 -0.0193508 0)
(1.02839 -0.0206785 0)
(1.03639 -0.0218511 0)
(1.04358 -0.0233171 0)
(1.05005 -0.0251037 0)
(1.05592 -0.02707 0)
(1.06122 -0.0290826 0)
(1.00006 -0.0121189 0)
(1.00721 -0.0259521 0)
(1.01558 -0.0314296 0)
(1.02287 -0.0325784 0)
(1.02793 -0.0326621 0)
(1.03072 -0.0330374 0)
(1.03173 -0.0338164 0)
(1.03141 -0.0347362 0)
(1.02999 -0.0355814 0)
(1.02748 -0.0362927 0)
(0.980777 -0.00916354 0)
(0.964585 -0.0188216 0)
(0.945457 -0.0220462 0)
(0.920789 -0.0221854 0)
(0.891998 -0.0217392 0)
(0.861683 -0.0215778 0)
(0.831441 -0.0216097 0)
(0.801751 -0.0215993 0)
(0.772543 -0.0214228 0)
(0.743573 -0.0210958 0)
(0.00020718 -0.000109132 0)
(0.000346534 -2.0154e-05 0)
(8.73475e-05 2.6935e-05 0)
(-0.000392581 5.58903e-05 0)
(-0.00103404 7.35514e-05 0)
(-0.0017953 9.06402e-05 0)
(-0.00266299 0.00011063 0)
(-0.00363214 0.00013241 0)
(-0.00469747 0.000154759 0)
(-0.00585268 0.000176999 0)
(-0.00709083 0.000198746 0)
(-0.00840463 0.000219734 0)
(-0.00978672 0.00023973 0)
(-0.0112299 0.000258533 0)
(-0.0127272 0.000275985 0)
(-0.014272 0.000291973 0)
(-0.0158584 0.00030643 0)
(-0.0174807 0.000319331 0)
(-0.0191341 0.000330661 0)
(-0.0208144 0.000340452 0)
(-0.0225186 0.000348784 0)
(-0.0242449 0.000355774 0)
(-0.0259927 0.000361554 0)
(-0.0277631 0.000366244 0)
(-0.0295582 0.000369959 0)
(-0.0313821 0.000372781 0)
(-0.0332401 0.000374691 0)
(-0.0351391 0.000375462 0)
(-0.0370869 0.000374576 0)
(-0.0390924 0.000371142 0)
(-0.0411652 0.000363871 0)
(-0.0433156 0.000351247 0)
(-0.0455558 0.00033215 0)
(-0.0479022 0.000306941 0)
(-0.0503786 0.000278745 0)
(-0.0530205 0.000254813 0)
(-0.0558796 0.000248079 0)
(-0.0590293 0.000278595 0)
(-0.062568 0.000374144 0)
(-0.0666212 0.000569431 0)
(-0.0713378 0.000902528 0)
(-0.0768798 0.0014069 0)
(-0.0834018 0.00209876 0)
(-0.0910202 0.00296376 0)
(-0.0997764 0.00395033 0)
(-0.109607 0.00497446 0)
(-0.120326 0.00593245 0)
(-0.131628 0.00671414 0)
(-0.143102 0.00722179 0)
(-0.154272 0.00739035 0)
(-0.164642 0.00720624 0)
(-0.173744 0.00672098 0)
(-0.18116 0.00602739 0)
(-0.186529 0.00518625 0)
(-0.189589 0.00419694 0)
(-0.190161 0.00304632 0)
(-0.188184 0.00174208 0)
(-0.183677 0.000389794 0)
(-0.176634 -0.00097116 0)
(-0.167198 -0.00227627 0)
(-0.155527 -0.00349316 0)
(-0.14183 -0.00460563 0)
(-0.126332 -0.00557325 0)
(-0.109315 -0.00638053 0)
(-0.0910465 -0.0070334 0)
(-0.0717567 -0.00755534 0)
(-0.0518618 -0.00781148 0)
(-0.0315126 -0.00796221 0)
(-0.0111873 -0.00796683 0)
(0.00921456 -0.00785665 0)
(0.02902 -0.00761697 0)
(0.0485957 -0.00729544 0)
(0.0670853 -0.00686474 0)
(0.0851593 -0.00639744 0)
(0.101769 -0.00584888 0)
(0.117922 -0.00531229 0)
(0.132319 -0.00472934 0)
(0.146362 -0.00420783 0)
(0.158422 -0.00365403 0)
(0.170394 -0.00319505 0)
(0.180178 -0.00270768 0)
(0.19032 -0.00234791 0)
(0.198017 -0.00195783 0)
(0.206752 -0.00172865 0)
(0.212609 -0.00146026 0)
(0.220553 -0.00139083 0)
(0.22475 -0.00125323 0)
(0.232806 -0.00137451 0)
(0.235228 -0.00132557 0)
(0.244969 -0.00180007 0)
(6.30256e-05 -0.000519641 0)
(-0.000520363 0.000138147 0)
(-0.00200916 0.000707318 0)
(-0.00391218 0.00110945 0)
(-0.00619796 0.0013866 0)
(-0.0087935 0.00160668 0)
(-0.011662 0.00180578 0)
(-0.0147757 0.00199176 0)
(-0.0181059 0.00216471 0)
(-0.0216255 0.00232384 0)
(-0.0253087 0.00246853 0)
(-0.0291312 0.00259859 0)
(-0.0330703 0.00271439 0)
(-0.0371051 0.00281656 0)
(-0.0412172 0.00290595 0)
(-0.0453904 0.00298359 0)
(-0.0496114 0.00305061 0)
(-0.0538691 0.00310826 0)
(-0.0581559 0.00315793 0)
(-0.0624666 0.00320149 0)
(-0.0667997 0.00324126 0)
(-0.071157 0.00327984 0)
(-0.0755442 0.00331998 0)
(-0.0799699 0.00336455 0)
(-0.0844465 0.00341658 0)
(-0.0889898 0.00347928 0)
(-0.093619 0.00355583 0)
(-0.0983565 0.00364924 0)
(-0.103228 0.0037623 0)
(-0.10826 0.00389775 0)
(-0.113484 0.00405863 0)
(-0.118931 0.00424922 0)
(-0.124636 0.00447659 0)
(-0.130634 0.00475231 0)
(-0.136964 0.00509309 0)
(-0.143665 0.00552049 0)
(-0.150774 0.00606056 0)
(-0.15832 0.006742 0)
(-0.166319 0.0075914 0)
(-0.17476 0.00862606 0)
(-0.183604 0.00984456 0)
(-0.192768 0.0112162 0)
(-0.202123 0.0126724 0)
(-0.211483 0.0141035 0)
(-0.220605 0.0153671 0)
(-0.229198 0.0163112 0)
(-0.23695 0.016797 0)
(-0.243531 0.0167063 0)
(-0.248609 0.0159619 0)
(-0.251862 0.014545 0)
(-0.252985 0.012492 0)
(-0.251719 0.00986765 0)
(-0.247904 0.00672747 0)
(-0.241539 0.00318822 0)
(-0.232526 -0.000616739 0)
(-0.220953 -0.00456158 0)
(-0.206727 -0.00855762 0)
(-0.190029 -0.0124646 0)
(-0.170869 -0.0162294 0)
(-0.149563 -0.019717 0)
(-0.126209 -0.0228318 0)
(-0.101147 -0.0256027 0)
(-0.0745499 -0.0279728 0)
(-0.0467674 -0.0299287 0)
(-0.0181438 -0.0314929 0)
(0.0113292 -0.0325898 0)
(0.0410101 -0.0332591 0)
(0.0711489 -0.0335306 0)
(0.100484 -0.0334148 0)
(0.130274 -0.0329777 0)
(0.158459 -0.0321987 0)
(0.187134 -0.031193 0)
(0.213428 -0.0299034 0)
(0.240397 -0.0284972 0)
(0.264246 -0.0268776 0)
(0.289171 -0.0252535 0)
(0.310213 -0.0234812 0)
(0.332999 -0.0218124 0)
(0.351057 -0.0200438 0)
(0.371856 -0.0184732 0)
(0.386867 -0.0168294 0)
(0.406037 -0.0154716 0)
(0.418014 -0.0140469 0)
(0.436117 -0.0129962 0)
(0.4451 -0.011862 0)
(0.462898 -0.0111994 0)
(0.468912 -0.0104056 0)
(0.48736 -0.010211 0)
(0.490376 -0.00979039 0)
(0.510536 -0.0101919 0)
(-0.000158208 0.000421849 0)
(-0.00193869 0.00228115 0)
(-0.00540925 0.0034949 0)
(-0.00935361 0.00430695 0)
(-0.0137373 0.00494117 0)
(-0.0184595 0.0055039 0)
(-0.0234795 0.00602 0)
(-0.0287593 0.0064894 0)
(-0.0342471 0.00690784 0)
(-0.0398925 0.00727416 0)
(-0.0456502 0.00758876 0)
(-0.0514796 0.00785388 0)
(-0.0573461 0.00807335 0)
(-0.0632204 0.00825169 0)
(-0.0690791 0.00839386 0)
(-0.0749035 0.00850505 0)
(-0.0806801 0.00859069 0)
(-0.0863991 0.00865656 0)
(-0.0920548 0.00870905 0)
(-0.0976445 0.00875469 0)
(-0.103169 0.00880017 0)
(-0.108633 0.00885234 0)
(-0.114044 0.00891796 0)
(-0.119408 0.00900366 0)
(-0.124737 0.00911595 0)
(-0.13004 0.0092613 0)
(-0.135328 0.00944576 0)
(-0.14061 0.00967452 0)
(-0.145893 0.00995167 0)
(-0.151182 0.0102804 0)
(-0.156479 0.010663 0)
(-0.161777 0.0111012 0)
(-0.167065 0.0115971 0)
(-0.172325 0.0121536 0)
(-0.177531 0.0127755 0)
(-0.182649 0.0134683 0)
(-0.18763 0.014235 0)
(-0.192411 0.0150752 0)
(-0.19691 0.0159802 0)
(-0.201025 0.0169284 0)
(-0.20463 0.0178819 0)
(-0.207581 0.0187836 0)
(-0.209713 0.0195507 0)
(-0.210845 0.0200582 0)
(-0.21078 0.0201597 0)
(-0.209313 0.0197057 0)
(-0.206281 0.0185835 0)
(-0.201533 0.0167073 0)
(-0.194927 0.0140088 0)
(-0.186368 0.0104885 0)
(-0.175803 0.00619407 0)
(-0.163263 0.00122149 0)
(-0.148667 -0.0043596 0)
(-0.132149 -0.0104234 0)
(-0.113477 -0.0167719 0)
(-0.0929864 -0.0231892 0)
(-0.0705537 -0.0295189 0)
(-0.0466329 -0.0355882 0)
(-0.0209807 -0.0413752 0)
(0.00589422 -0.0466291 0)
(0.0342787 -0.0513589 0)
(0.0635232 -0.05542 0)
(0.0935883 -0.058862 0)
(0.124246 -0.0615558 0)
(0.155071 -0.063679 0)
(0.186376 -0.0649776 0)
(0.216968 -0.0656744 0)
(0.248159 -0.0657247 0)
(0.277699 -0.0652028 0)
(0.307995 -0.0641364 0)
(0.33573 -0.0625847 0)
(0.364573 -0.0606341 0)
(0.389947 -0.058315 0)
(0.416977 -0.0557593 0)
(0.439604 -0.0529582 0)
(0.464676 -0.0500811 0)
(0.484337 -0.0470685 0)
(0.507513 -0.0441234 0)
(0.524129 -0.0411331 0)
(0.545653 -0.0383398 0)
(0.55924 -0.0355663 0)
(0.579508 -0.0331032 0)
(0.590137 -0.0306974 0)
(0.609673 -0.0287056 0)
(0.617448 -0.0267815 0)
(0.636886 -0.0253753 0)
(0.641918 -0.0240237 0)
(0.661983 -0.0233117 0)
(0.664366 -0.0226197 0)
(0.685824 -0.0227052 0)
(-0.000918661 0.00120266 0)
(-0.00478591 0.00507656 0)
(-0.0106908 0.00754722 0)
(-0.0167452 0.00920601 0)
(-0.0231294 0.0104418 0)
(-0.0297954 0.0114265 0)
(-0.0366596 0.0122323 0)
(-0.043626 0.0128963 0)
(-0.0506056 0.0134332 0)
(-0.0575277 0.0138551 0)
(-0.0643382 0.014175 0)
(-0.0709942 0.0144049 0)
(-0.0774636 0.0145568 0)
(-0.0837243 0.0146422 0)
(-0.089761 0.0146726 0)
(-0.0955646 0.0146586 0)
(-0.10113 0.0146104 0)
(-0.106455 0.0145375 0)
(-0.11154 0.0144495 0)
(-0.116387 0.0143557 0)
(-0.121 0.0142649 0)
(-0.125382 0.0141851 0)
(-0.129536 0.0141236 0)
(-0.133464 0.0140864 0)
(-0.137166 0.0140785 0)
(-0.140639 0.0141041 0)
(-0.143877 0.0141664 0)
(-0.146873 0.0142666 0)
(-0.149613 0.0144034 0)
(-0.152079 0.0145739 0)
(-0.154248 0.0147732 0)
(-0.156089 0.0149955 0)
(-0.157566 0.0152339 0)
(-0.158633 0.0154825 0)
(-0.159236 0.0157384 0)
(-0.159316 0.0159995 0)
(-0.158802 0.0162582 0)
(-0.157612 0.0165027 0)
(-0.155653 0.0167118 0)
(-0.152817 0.0168505 0)
(-0.148979 0.0168677 0)
(-0.144008 0.0167027 0)
(-0.137806 0.0162921 0)
(-0.130255 0.015498 0)
(-0.121264 0.0141858 0)
(-0.110704 0.0121799 0)
(-0.0985207 0.00941358 0)
(-0.0847856 0.00580263 0)
(-0.0694079 0.00133801 0)
(-0.0524851 -0.00395749 0)
(-0.0339718 -0.0100644 0)
(-0.0140101 -0.0168528 0)
(0.0076011 -0.0241789 0)
(0.0304013 -0.0317604 0)
(0.0547745 -0.0395016 0)
(0.0801572 -0.047209 0)
(0.107041 -0.0548217 0)
(0.134642 -0.0620606 0)
(0.163591 -0.0689682 0)
(0.192996 -0.0751519 0)
(0.223318 -0.080717 0)
(0.253937 -0.0854333 0)
(0.284956 -0.0893973 0)
(0.316075 -0.0923879 0)
(0.34692 -0.0945532 0)
(0.377799 -0.0957311 0)
(0.407641 -0.0961078 0)
(0.43759 -0.095598 0)
(0.465719 -0.0943871 0)
(0.494187 -0.0924359 0)
(0.520017 -0.0899246 0)
(0.546618 -0.0868643 0)
(0.569754 -0.0834142 0)
(0.594299 -0.0796238 0)
(0.614517 -0.0756136 0)
(0.637001 -0.0714657 0)
(0.654229 -0.0672484 0)
(0.674813 -0.0630762 0)
(0.689096 -0.0589547 0)
(0.708074 -0.0550378 0)
(0.719531 -0.0512566 0)
(0.737301 -0.0478165 0)
(0.746095 -0.0445616 0)
(0.763133 -0.0417685 0)
(0.769446 -0.0391788 0)
(0.786288 -0.0371674 0)
(0.790296 -0.0353519 0)
(0.807527 -0.0342399 0)
(0.809389 -0.0332932 0)
(0.827627 -0.0331869 0)
(-0.00127494 0.00690382 0)
(-0.00686044 0.0137389 0)
(-0.0154843 0.0163614 0)
(-0.0239837 0.0175229 0)
(-0.0325035 0.0183653 0)
(-0.0407976 0.0191606 0)
(-0.0487369 0.0198586 0)
(-0.0562795 0.0203815 0)
(-0.0633945 0.0207103 0)
(-0.0700482 0.0208709 0)
(-0.0762211 0.020892 0)
(-0.0819059 0.0207985 0)
(-0.0871044 0.0206124 0)
(-0.0918248 0.0203534 0)
(-0.0960798 0.0200382 0)
(-0.0998843 0.0196814 0)
(-0.103254 0.0192954 0)
(-0.106204 0.0188902 0)
(-0.108747 0.0184751 0)
(-0.110895 0.0180589 0)
(-0.112658 0.0176496 0)
(-0.114045 0.0172539 0)
(-0.115059 0.0168769 0)
(-0.115701 0.0165215 0)
(-0.115968 0.0161891 0)
(-0.115851 0.0158799 0)
(-0.11534 0.0155937 0)
(-0.114419 0.0153273 0)
(-0.113069 0.015074 0)
(-0.111263 0.0148248 0)
(-0.108973 0.014569 0)
(-0.106162 0.014294 0)
(-0.102789 0.0139865 0)
(-0.0988013 0.0136346 0)
(-0.0941426 0.0132325 0)
(-0.088759 0.012779 0)
(-0.0825752 0.0122516 0)
(-0.0755187 0.0116299 0)
(-0.0675055 0.0108876 0)
(-0.0584455 0.00998838 0)
(-0.0482262 0.00887697 0)
(-0.0367012 0.00746533 0)
(-0.0239269 0.00565405 0)
(-0.00973137 0.00339079 0)
(0.00586725 0.000554483 0)
(0.0228305 -0.00295014 0)
(0.0413055 -0.00720383 0)
(0.0610577 -0.0122714 0)
(0.0822897 -0.0181929 0)
(0.104719 -0.0248958 0)
(0.128555 -0.0323201 0)
(0.153291 -0.0402727 0)
(0.179404 -0.0487322 0)
(0.206181 -0.057429 0)
(0.234218 -0.0662751 0)
(0.262666 -0.0750037 0)
(0.292261 -0.0835486 0)
(0.321989 -0.0916075 0)
(0.35263 -0.0991624 0)
(0.383096 -0.105892 0)
(0.414113 -0.111846 0)
(0.444647 -0.116747 0)
(0.475292 -0.120715 0)
(0.505197 -0.123511 0)
(0.53469 -0.125318 0)
(0.563302 -0.125954 0)
(0.590962 -0.125651 0)
(0.61776 -0.124281 0)
(0.643071 -0.122114 0)
(0.667726 -0.119064 0)
(0.690349 -0.115411 0)
(0.712708 -0.111102 0)
(0.73248 -0.106414 0)
(0.752566 -0.101316 0)
(0.769473 -0.0960556 0)
(0.787448 -0.0906168 0)
(0.801584 -0.0852065 0)
(0.817715 -0.0798212 0)
(0.829246 -0.0746151 0)
(0.843874 -0.0696042 0)
(0.853001 -0.0648813 0)
(0.866512 -0.0604926 0)
(0.873447 -0.0564618 0)
(0.886259 -0.0528813 0)
(0.891202 -0.0496958 0)
(0.903754 -0.0470644 0)
(0.906884 -0.0448401 0)
(0.919632 -0.0432735 0)
(0.921089 -0.0421081 0)
(0.934504 -0.0417187 0)
(-0.00367641 0.00677954 0)
(-0.0135016 0.0172087 0)
(-0.0245672 0.0219325 0)
(-0.0337073 0.0246081 0)
(-0.0420055 0.0262207 0)
(-0.049656 0.0270888 0)
(-0.0566152 0.0273884 0)
(-0.0627543 0.0273043 0)
(-0.0679791 0.0269737 0)
(-0.0722902 0.0264682 0)
(-0.0757429 0.0258347 0)
(-0.0783956 0.0251057 0)
(-0.0803075 0.0243094 0)
(-0.0815349 0.0234685 0)
(-0.0821302 0.0226006 0)
(-0.0821407 0.0217196 0)
(-0.081609 0.0208359 0)
(-0.08057 0.0199558 0)
(-0.0790532 0.0190845 0)
(-0.0770827 0.0182275 0)
(-0.0746777 0.0173889 0)
(-0.0718517 0.0165709 0)
(-0.0686136 0.015774 0)
(-0.064965 0.0149957 0)
(-0.0609018 0.0142322 0)
(-0.0564112 0.0134787 0)
(-0.0514823 0.012734 0)
(-0.0460972 0.0119935 0)
(-0.0402296 0.011245 0)
(-0.0338513 0.0104752 0)
(-0.0269302 0.00966984 0)
(-0.0194287 0.00881297 0)
(-0.0113027 0.00788618 0)
(-0.00249117 0.00686648 0)
(0.00707054 0.00572386 0)
(0.0173871 0.0044346 0)
(0.0285547 0.0029935 0)
(0.0406367 0.00138279 0)
(0.0537089 -0.000431517 0)
(0.0678425 -0.00249154 0)
(0.0831051 -0.00484553 0)
(0.0995827 -0.00754271 0)
(0.117272 -0.0106908 0)
(0.136244 -0.0143349 0)
(0.156646 -0.0186127 0)
(0.178274 -0.0235485 0)
(0.201297 -0.0292065 0)
(0.225396 -0.0355783 0)
(0.250835 -0.0426925 0)
(0.277126 -0.0504894 0)
(0.30465 -0.0589302 0)
(0.332716 -0.06784 0)
(0.361865 -0.0771419 0)
(0.391232 -0.0865869 0)
(0.421492 -0.0960795 0)
(0.451597 -0.105329 0)
(0.482367 -0.11426 0)
(0.512585 -0.12256 0)
(0.543174 -0.130191 0)
(0.572792 -0.136848 0)
(0.602439 -0.142555 0)
(0.630721 -0.147042 0)
(0.658691 -0.15042 0)
(0.685003 -0.152467 0)
(0.710694 -0.153377 0)
(0.734579 -0.152981 0)
(0.757596 -0.151544 0)
(0.778827 -0.148936 0)
(0.798992 -0.145482 0)
(0.817556 -0.141079 0)
(0.834873 -0.136084 0)
(0.850919 -0.130403 0)
(0.865526 -0.124404 0)
(0.879316 -0.117989 0)
(0.891435 -0.111513 0)
(0.903301 -0.104866 0)
(0.913191 -0.0983767 0)
(0.923487 -0.0919198 0)
(0.931412 -0.0857944 0)
(0.940495 -0.0798609 0)
(0.946697 -0.0743853 0)
(0.954911 -0.0692232 0)
(0.959603 -0.0646054 0)
(0.967276 -0.0603938 0)
(0.970634 -0.0567816 0)
(0.97808 -0.0536504 0)
(0.980236 -0.0511517 0)
(0.987761 -0.0492029 0)
(0.988799 -0.0479068 0)
(0.996695 -0.0472376 0)
(-0.00179725 0.0287824 0)
(-0.00959689 0.0405159 0)
(-0.0241371 0.0404541 0)
(-0.0355787 0.0380428 0)
(-0.044652 0.0362076 0)
(-0.0511064 0.0347319 0)
(-0.0552417 0.033265 0)
(-0.0574545 0.0317319 0)
(-0.0581056 0.0301459 0)
(-0.057472 0.0285312 0)
(-0.0557426 0.0269111 0)
(-0.0530635 0.0252989 0)
(-0.0495596 0.0237118 0)
(-0.0453358 0.0221615 0)
(-0.0404807 0.0206539 0)
(-0.0350684 0.0191918 0)
(-0.0291648 0.0177764 0)
(-0.0228146 0.0164002 0)
(-0.0160562 0.0150598 0)
(-0.00892259 0.0137577 0)
(-0.00143661 0.0124936 0)
(0.00638829 0.0112645 0)
(0.014541 0.0100672 0)
(0.0230272 0.00889197 0)
(0.0318544 0.00772796 0)
(0.0410544 0.00656065 0)
(0.0506348 0.00537072 0)
(0.0606086 0.00414375 0)
(0.0710185 0.00287385 0)
(0.0819013 0.00154952 0)
(0.0932949 0.000152626 0)
(0.105244 -0.001339 0)
(0.117793 -0.00294772 0)
(0.130987 -0.00469712 0)
(0.144886 -0.00660909 0)
(0.159507 -0.00871764 0)
(0.174951 -0.0110495 0)
(0.19127 -0.0136312 0)
(0.208531 -0.0164924 0)
(0.226763 -0.0196758 0)
(0.246057 -0.0232238 0)
(0.266401 -0.0271918 0)
(0.287914 -0.0316087 0)
(0.310493 -0.0365364 0)
(0.334301 -0.0420491 0)
(0.359112 -0.0481861 0)
(0.385094 -0.0549805 0)
(0.411878 -0.0624202 0)
(0.439696 -0.0705004 0)
(0.468022 -0.0791401 0)
(0.497172 -0.0882777 0)
(0.526447 -0.0977437 0)
(0.556265 -0.107428 0)
(0.585755 -0.117102 0)
(0.615474 -0.126639 0)
(0.64437 -0.135772 0)
(0.673169 -0.144392 0)
(0.700652 -0.152218 0)
(0.72773 -0.159189 0)
(0.753038 -0.165039 0)
(0.777694 -0.169776 0)
(0.800219 -0.173169 0)
(0.821941 -0.175322 0)
(0.841321 -0.176051 0)
(0.859872 -0.17556 0)
(0.876039 -0.173712 0)
(0.891462 -0.170797 0)
(0.904606 -0.16671 0)
(0.917154 -0.161807 0)
(0.927639 -0.155993 0)
(0.937688 -0.149666 0)
(0.945958 -0.142716 0)
(0.953921 -0.135558 0)
(0.960431 -0.128051 0)
(0.966707 -0.120608 0)
(0.971874 -0.113051 0)
(0.976805 -0.105785 0)
(0.980988 -0.0985863 0)
(0.984849 -0.0918549 0)
(0.98834 -0.085326 0)
(0.99134 -0.0793939 0)
(0.994373 -0.0737571 0)
(0.996664 -0.0688102 0)
(0.99943 -0.0642201 0)
(1.00111 -0.0603869 0)
(1.00377 -0.0569517 0)
(1.0049 -0.0543244 0)
(1.00758 -0.0521266 0)
(1.00817 -0.0507797 0)
(1.01098 -0.0498913 0)
(-0.0196347 0.00823843 0)
(-0.037921 0.0319114 0)
(-0.0411608 0.0392419 0)
(-0.0432979 0.0400338 0)
(-0.0422127 0.0383753 0)
(-0.0387719 0.0356181 0)
(-0.0334304 0.0325508 0)
(-0.0265282 0.0295025 0)
(-0.0183221 0.0265779 0)
(-0.00909527 0.0238396 0)
(0.00096629 0.0212686 0)
(0.0117041 0.0188371 0)
(0.0229622 0.0165424 0)
(0.03463 0.0143787 0)
(0.0466196 0.0123374 0)
(0.0588688 0.0104089 0)
(0.0712973 0.00858787 0)
(0.0838968 0.00687019 0)
(0.0966513 0.00524012 0)
(0.109528 0.00367208 0)
(0.122514 0.00214551 0)
(0.135618 0.00064662 0)
(0.148825 -0.000836041 0)
(0.162167 -0.00231142 0)
(0.175661 -0.00379026 0)
(0.189342 -0.00528942 0)
(0.203234 -0.00682901 0)
(0.217368 -0.00843291 0)
(0.2318 -0.0101208 0)
(0.246578 -0.011912 0)
(0.261742 -0.0138259 0)
(0.277341 -0.0158867 0)
(0.293423 -0.0181174 0)
(0.310035 -0.0205439 0)
(0.327227 -0.0231884 0)
(0.345045 -0.0260695 0)
(0.363541 -0.0292135 0)
(0.382753 -0.032656 0)
(0.402734 -0.0364244 0)
(0.423494 -0.040556 0)
(0.445092 -0.0450806 0)
(0.467496 -0.0500385 0)
(0.490765 -0.055461 0)
(0.514803 -0.0613864 0)
(0.539663 -0.0678419 0)
(0.565156 -0.074848 0)
(0.591329 -0.0823999 0)
(0.617875 -0.0904702 0)
(0.644854 -0.0990095 0)
(0.671835 -0.107933 0)
(0.698927 -0.117143 0)
(0.725559 -0.126493 0)
(0.751916 -0.135847 0)
(0.777288 -0.145008 0)
(0.802005 -0.153821 0)
(0.825215 -0.162061 0)
(0.84745 -0.16959 0)
(0.867721 -0.176182 0)
(0.886823 -0.181754 0)
(0.903622 -0.186102 0)
(0.919222 -0.189228 0)
(0.932336 -0.190968 0)
(0.944397 -0.191427 0)
(0.953948 -0.190483 0)
(0.962746 -0.188343 0)
(0.969155 -0.184917 0)
(0.975214 -0.180505 0)
(0.979083 -0.175032 0)
(0.983031 -0.168867 0)
(0.985011 -0.16192 0)
(0.987463 -0.154604 0)
(0.988149 -0.146788 0)
(0.989627 -0.138908 0)
(0.989495 -0.130776 0)
(0.990394 -0.122839 0)
(0.989791 -0.11485 0)
(0.990378 -0.107265 0)
(0.98953 -0.0997769 0)
(0.98997 -0.0928557 0)
(0.989013 -0.0861345 0)
(0.989397 -0.0801016 0)
(0.988404 -0.0743337 0)
(0.988772 -0.0693447 0)
(0.987773 -0.064657 0)
(0.988129 -0.0608176 0)
(0.987124 -0.0572967 0)
(0.987446 -0.0546819 0)
(0.986412 -0.0523922 0)
(0.986643 -0.0510623 0)
(0.985536 -0.050057 0)
(-0.0190211 0.108012 0)
(-0.0182199 0.0727815 0)
(-0.0113766 0.0580565 0)
(0.00112751 0.0461563 0)
(0.0174913 0.0363367 0)
(0.0360252 0.0287881 0)
(0.0557794 0.0228582 0)
(0.0760283 0.017987 0)
(0.0965577 0.0137936 0)
(0.116878 0.0100961 0)
(0.137026 0.00682724 0)
(0.156987 0.00394073 0)
(0.176626 0.00136322 0)
(0.195929 -0.000974932 0)
(0.214886 -0.00311988 0)
(0.233508 -0.00510236 0)
(0.251781 -0.0069465 0)
(0.269733 -0.00867456 0)
(0.28738 -0.0103083 0)
(0.304726 -0.0118741 0)
(0.321794 -0.0133999 0)
(0.338622 -0.0149109 0)
(0.355235 -0.016427 0)
(0.371692 -0.0179661 0)
(0.388032 -0.0195441 0)
(0.404304 -0.021181 0)
(0.420548 -0.0228954 0)
(0.436819 -0.0247075 0)
(0.453166 -0.0266404 0)
(0.469648 -0.0287199 0)
(0.486308 -0.0309679 0)
(0.503202 -0.0334083 0)
(0.520367 -0.0360604 0)
(0.537853 -0.0389484 0)
(0.555691 -0.0420901 0)
(0.573921 -0.0455095 0)
(0.592564 -0.0492244 0)
(0.611649 -0.0532617 0)
(0.631182 -0.0576383 0)
(0.651171 -0.0623808 0)
(0.671603 -0.0675034 0)
(0.692453 -0.0730315 0)
(0.713688 -0.0789746 0)
(0.735233 -0.0853532 0)
(0.757022 -0.0921658 0)
(0.778915 -0.0994144 0)
(0.800817 -0.107066 0)
(0.822512 -0.115084 0)
(0.84389 -0.123391 0)
(0.864658 -0.131902 0)
(0.884724 -0.140495 0)
(0.90372 -0.149041 0)
(0.921624 -0.157383 0)
(0.938005 -0.165357 0)
(0.952983 -0.172793 0)
(0.966063 -0.179518 0)
(0.977574 -0.185383 0)
(0.986945 -0.190232 0)
(0.994785 -0.193975 0)
(1.00041 -0.196494 0)
(1.00475 -0.197781 0)
(1.00696 -0.197765 0)
(1.00834 -0.196537 0)
(1.00775 -0.194058 0)
(1.00691 -0.190513 0)
(1.00432 -0.185873 0)
(1.00207 -0.180411 0)
(0.998238 -0.174087 0)
(0.995294 -0.167241 0)
(0.990852 -0.159787 0)
(0.987768 -0.152114 0)
(0.983158 -0.144067 0)
(0.980284 -0.136076 0)
(0.975761 -0.127902 0)
(0.973277 -0.120017 0)
(0.968949 -0.112095 0)
(0.966918 -0.104652 0)
(0.962796 -0.0972781 0)
(0.961212 -0.0905375 0)
(0.957259 -0.083935 0)
(0.956093 -0.0780894 0)
(0.952246 -0.0724201 0)
(0.951456 -0.0676061 0)
(0.947638 -0.0629811 0)
(0.947174 -0.0592914 0)
(0.943291 -0.0557852 0)
(0.943088 -0.0532828 0)
(0.939026 -0.0509485 0)
(0.938998 -0.0496809 0)
(0.934621 -0.0485609 0)
(0.069955 0.00704621 0)
(0.0899282 0.0065066 0)
(0.153642 0.00602335 0)
(0.198608 0.00281831 0)
(0.237485 -0.00150404 0)
(0.272852 -0.00565003 0)
(0.305515 -0.00923466 0)
(0.335341 -0.0122761 0)
(0.363087 -0.0148854 0)
(0.389028 -0.0171415 0)
(0.413508 -0.0191235 0)
(0.436763 -0.0208866 0)
(0.458869 -0.0224691 0)
(0.479941 -0.0239054 0)
(0.500082 -0.0252208 0)
(0.519382 -0.0264376 0)
(0.537912 -0.0275749 0)
(0.555735 -0.0286569 0)
(0.572913 -0.0297078 0)
(0.589499 -0.0307482 0)
(0.605547 -0.0317984 0)
(0.621115 -0.0328805 0)
(0.636261 -0.0340144 0)
(0.651048 -0.0352221 0)
(0.665529 -0.0365238 0)
(0.679759 -0.0379398 0)
(0.693787 -0.039488 0)
(0.707666 -0.0411881 0)
(0.721441 -0.0430585 0)
(0.735164 -0.0451198 0)
(0.748873 -0.0473896 0)
(0.762612 -0.049888 0)
(0.776405 -0.0526323 0)
(0.790285 -0.0556415 0)
(0.804262 -0.0589302 0)
(0.818358 -0.0625153 0)
(0.832565 -0.0664081 0)
(0.846889 -0.0706238 0)
(0.861303 -0.0751712 0)
(0.875791 -0.0800629 0)
(0.890301 -0.0853029 0)
(0.90479 -0.0908992 0)
(0.919174 -0.0968473 0)
(0.933376 -0.103147 0)
(0.947274 -0.109778 0)
(0.96076 -0.116721 0)
(0.973683 -0.123927 0)
(0.985901 -0.131346 0)
(0.997247 -0.138892 0)
(1.00756 -0.146476 0)
(1.01669 -0.153974 0)
(1.02447 -0.161267 0)
(1.03081 -0.168201 0)
(1.03558 -0.174645 0)
(1.03878 -0.18044 0)
(1.04032 -0.185469 0)
(1.04036 -0.189601 0)
(1.03879 -0.192752 0)
(1.036 -0.194841 0)
(1.03181 -0.195833 0)
(1.02684 -0.19571 0)
(1.02074 -0.19448 0)
(1.01441 -0.192195 0)
(1.00721 -0.188891 0)
(1.00033 -0.184691 0)
(0.992694 -0.179636 0)
(0.985886 -0.17391 0)
(0.978279 -0.167527 0)
(0.97193 -0.160726 0)
(0.964579 -0.15346 0)
(0.958868 -0.146023 0)
(0.951817 -0.13829 0)
(0.946775 -0.130619 0)
(0.939966 -0.122789 0)
(0.935557 -0.115235 0)
(0.928891 -0.107626 0)
(0.925072 -0.100487 0)
(0.918451 -0.0933626 0)
(0.915196 -0.0868816 0)
(0.908537 -0.080455 0)
(0.905852 -0.0748272 0)
(0.899078 -0.0692599 0)
(0.896979 -0.0646298 0)
(0.889997 -0.0600334 0)
(0.888495 -0.0564969 0)
(0.881177 -0.052939 0)
(0.880258 -0.0505545 0)
(0.872429 -0.0480737 0)
(0.872044 -0.0468752 0)
(0.863483 -0.0454901 0)
(0.773773 -0.00923881 0)
(0.775367 -0.0206854 0)
(0.776242 -0.0269244 0)
(0.777965 -0.0306463 0)
(0.781667 -0.0333231 0)
(0.787117 -0.0355561 0)
(0.794041 -0.0374722 0)
(0.801802 -0.0390407 0)
(0.810182 -0.0402772 0)
(0.818968 -0.0412219 0)
(0.827977 -0.0419505 0)
(0.837083 -0.0425369 0)
(0.846185 -0.0430247 0)
(0.855213 -0.0434391 0)
(0.864112 -0.0437981 0)
(0.872844 -0.0441182 0)
(0.881378 -0.0444166 0)
(0.889695 -0.0447122 0)
(0.897783 -0.0450254 0)
(0.905641 -0.0453767 0)
(0.913273 -0.0457866 0)
(0.920691 -0.0462765 0)
(0.927912 -0.0468683 0)
(0.934957 -0.0475851 0)
(0.941846 -0.0484484 0)
(0.9486 -0.0494782 0)
(0.955242 -0.0506921 0)
(0.961792 -0.0521067 0)
(0.968269 -0.0537373 0)
(0.974691 -0.0555989 0)
(0.98107 -0.0577051 0)
(0.987417 -0.0600696 0)
(0.993733 -0.0627043 0)
(1.00002 -0.0656207 0)
(1.00627 -0.0688279 0)
(1.01247 -0.072334 0)
(1.01861 -0.0761448 0)
(1.02465 -0.0802651 0)
(1.03056 -0.0846973 0)
(1.0363 -0.0894423 0)
(1.04182 -0.0944971 0)
(1.04706 -0.0998558 0)
(1.05195 -0.105505 0)
(1.0564 -0.111427 0)
(1.06034 -0.117591 0)
(1.06366 -0.123957 0)
(1.06628 -0.130475 0)
(1.0681 -0.13708 0)
(1.06902 -0.143694 0)
(1.06898 -0.15023 0)
(1.06791 -0.156581 0)
(1.06577 -0.162643 0)
(1.06255 -0.168296 0)
(1.05827 -0.173437 0)
(1.05299 -0.17795 0)
(1.04677 -0.181749 0)
(1.03975 -0.184739 0)
(1.03204 -0.186869 0)
(1.02382 -0.188075 0)
(1.01518 -0.188353 0)
(1.00637 -0.187676 0)
(0.997347 -0.186082 0)
(0.988449 -0.183583 0)
(0.979415 -0.180245 0)
(0.970716 -0.176119 0)
(0.961782 -0.171281 0)
(0.953344 -0.165809 0)
(0.944435 -0.15977 0)
(0.936204 -0.153275 0)
(0.927172 -0.146366 0)
(0.919076 -0.139196 0)
(0.909782 -0.131759 0)
(0.901806 -0.12427 0)
(0.892179 -0.116652 0)
(0.884405 -0.109198 0)
(0.874449 -0.101734 0)
(0.867039 -0.0946476 0)
(0.856795 -0.087629 0)
(0.849956 -0.0811852 0)
(0.839462 -0.0748387 0)
(0.833412 -0.0692521 0)
(0.822652 -0.0637421 0)
(0.817595 -0.0591673 0)
(0.806469 -0.0545935 0)
(0.802573 -0.0511249 0)
(0.790867 -0.0475272 0)
(0.788255 -0.0452104 0)
(0.775627 -0.0425877 0)
(0.774392 -0.041436 0)
(0.760386 -0.0397571 0)
(1.05723 0.00821143 0)
(1.06033 -0.000200743 0)
(1.06107 -0.0073811 0)
(1.06035 -0.013062 0)
(1.05949 -0.0177205 0)
(1.05921 -0.0217653 0)
(1.05965 -0.0253715 0)
(1.06065 -0.0285503 0)
(1.06199 -0.0312982 0)
(1.06352 -0.033636 0)
(1.06516 -0.0356078 0)
(1.06685 -0.037268 0)
(1.06856 -0.0386687 0)
(1.07029 -0.0398554 0)
(1.072 -0.0408673 0)
(1.07367 -0.0417397 0)
(1.07529 -0.0425057 0)
(1.07683 -0.0431976 0)
(1.0783 -0.0438469 0)
(1.07967 -0.044485 0)
(1.08095 -0.0451421 0)
(1.08213 -0.0458481 0)
(1.08323 -0.0466321 0)
(1.08423 -0.0475219 0)
(1.08516 -0.0485437 0)
(1.08601 -0.049721 0)
(1.08679 -0.0510747 0)
(1.0875 -0.0526236 0)
(1.08815 -0.0543843 0)
(1.08873 -0.0563717 0)
(1.08924 -0.0585988 0)
(1.08968 -0.0610767 0)
(1.09005 -0.0638134 0)
(1.09032 -0.0668161 0)
(1.0905 -0.0700896 0)
(1.09055 -0.0736378 0)
(1.09047 -0.0774619 0)
(1.09022 -0.0815622 0)
(1.08978 -0.0859362 0)
(1.08913 -0.090579 0)
(1.08821 -0.0954821 0)
(1.087 -0.100633 0)
(1.08546 -0.106014 0)
(1.08355 -0.111598 0)
(1.08122 -0.117355 0)
(1.07844 -0.123242 0)
(1.07516 -0.129208 0)
(1.07135 -0.135194 0)
(1.067 -0.141129 0)
(1.06208 -0.146935 0)
(1.0566 -0.152526 0)
(1.05056 -0.157814 0)
(1.04399 -0.162711 0)
(1.03692 -0.167129 0)
(1.0294 -0.170985 0)
(1.02148 -0.174205 0)
(1.0132 -0.176714 0)
(1.00461 -0.178456 0)
(0.995718 -0.179375 0)
(0.986558 -0.179444 0)
(0.977106 -0.178635 0)
(0.967346 -0.176961 0)
(0.957241 -0.174425 0)
(0.946714 -0.171082 0)
(0.935773 -0.16695 0)
(0.924266 -0.1621 0)
(0.91233 -0.156558 0)
(0.899696 -0.150421 0)
(0.886736 -0.143745 0)
(0.87299 -0.136653 0)
(0.859184 -0.129225 0)
(0.844514 -0.121579 0)
(0.83021 -0.113811 0)
(0.814925 -0.106019 0)
(0.800587 -0.0983327 0)
(0.785045 -0.090802 0)
(0.77119 -0.0835896 0)
(0.755713 -0.0766518 0)
(0.742831 -0.0702043 0)
(0.727614 -0.0640735 0)
(0.716121 -0.0585753 0)
(0.701177 -0.0533653 0)
(0.691414 -0.0489224 0)
(0.676552 -0.0446705 0)
(0.66881 -0.0413353 0)
(0.653602 -0.0380251 0)
(0.648161 -0.0358171 0)
(0.631906 -0.0333883 0)
(0.629108 -0.0322997 0)
(0.610829 -0.0306588 0)
(1.08191 -0.00332748 0)
(1.08789 -0.0109292 0)
(1.0922 -0.0182906 0)
(1.09487 -0.0244171 0)
(1.09639 -0.0291661 0)
(1.09736 -0.0328622 0)
(1.09821 -0.0358639 0)
(1.09906 -0.0383977 0)
(1.09992 -0.0405575 0)
(1.10074 -0.04237 0)
(1.10148 -0.0438492 0)
(1.10212 -0.0450211 0)
(1.10267 -0.045926 0)
(1.10313 -0.0466107 0)
(1.10351 -0.0471224 0)
(1.10381 -0.0475044 0)
(1.10403 -0.0477967 0)
(1.10416 -0.0480356 0)
(1.1042 -0.0482555 0)
(1.10414 -0.0484892 0)
(1.10398 -0.0487682 0)
(1.10372 -0.0491222 0)
(1.10336 -0.0495798 0)
(1.1029 -0.0501673 0)
(1.10234 -0.050909 0)
(1.10168 -0.0518266 0)
(1.10092 -0.0529391 0)
(1.10007 -0.0542634 0)
(1.09912 -0.0558132 0)
(1.09807 -0.0576006 0)
(1.09692 -0.0596348 0)
(1.09566 -0.0619232 0)
(1.09429 -0.0644706 0)
(1.09281 -0.0672809 0)
(1.09119 -0.0703557 0)
(1.08944 -0.0736961 0)
(1.08754 -0.0773005 0)
(1.08548 -0.0811664 0)
(1.08324 -0.0852883 0)
(1.08081 -0.0896588 0)
(1.07816 -0.0942661 0)
(1.07529 -0.0990954 0)
(1.07217 -0.104126 0)
(1.06878 -0.109331 0)
(1.0651 -0.114677 0)
(1.0611 -0.120125 0)
(1.05677 -0.125622 0)
(1.05206 -0.131112 0)
(1.04697 -0.136527 0)
(1.04144 -0.141793 0)
(1.03547 -0.146831 0)
(1.02899 -0.151559 0)
(1.02198 -0.155896 0)
(1.01439 -0.159762 0)
(1.00616 -0.163081 0)
(0.997252 -0.16578 0)
(0.987599 -0.16779 0)
(0.977135 -0.169043 0)
(0.965791 -0.169472 0)
(0.95349 -0.169022 0)
(0.940159 -0.167652 0)
(0.925737 -0.165355 0)
(0.910171 -0.162152 0)
(0.893453 -0.158092 0)
(0.875591 -0.153217 0)
(0.856641 -0.147587 0)
(0.836684 -0.141253 0)
(0.8158 -0.134311 0)
(0.79416 -0.12686 0)
(0.771867 -0.119061 0)
(0.749222 -0.111027 0)
(0.726267 -0.102919 0)
(0.703457 -0.0948198 0)
(0.680634 -0.0868777 0)
(0.658481 -0.0791561 0)
(0.6365 -0.0717958 0)
(0.615757 -0.0648344 0)
(0.595193 -0.0583795 0)
(0.576476 -0.052431 0)
(0.55764 -0.0470387 0)
(0.541343 -0.0421834 0)
(0.524223 -0.0378522 0)
(0.510566 -0.034059 0)
(0.494825 -0.0307099 0)
(0.483957 -0.0279214 0)
(0.468915 -0.0254557 0)
(0.461064 -0.0236264 0)
(0.445628 -0.0219267 0)
(0.441302 -0.0210235 0)
(0.423817 -0.0199548 0)
(1.07464 -0.00723056 0)
(1.08071 -0.0122096 0)
(1.08565 -0.0173862 0)
(1.08938 -0.0222196 0)
(1.09205 -0.0263604 0)
(1.09397 -0.0297621 0)
(1.09547 -0.0325612 0)
(1.09675 -0.0349187 0)
(1.09792 -0.036943 0)
(1.099 -0.0386827 0)
(1.09996 -0.0401526 0)
(1.10079 -0.041362 0)
(1.10148 -0.0423301 0)
(1.10204 -0.0430876 0)
(1.10248 -0.0436727 0)
(1.10279 -0.0441252 0)
(1.10299 -0.0444843 0)
(1.10307 -0.0447864 0)
(1.10303 -0.0450665 0)
(1.10286 -0.0453575 0)
(1.10257 -0.0456913 0)
(1.10214 -0.0460976 0)
(1.10158 -0.0466042 0)
(1.10089 -0.0472367 0)
(1.10008 -0.0480183 0)
(1.09915 -0.0489699 0)
(1.09809 -0.0501099 0)
(1.09691 -0.0514541 0)
(1.09562 -0.0530158 0)
(1.0942 -0.0548055 0)
(1.09266 -0.0568313 0)
(1.09099 -0.0590989 0)
(1.08919 -0.0616122 0)
(1.08725 -0.0643734 0)
(1.08517 -0.067383 0)
(1.08292 -0.0706404 0)
(1.0805 -0.0741429 0)
(1.07789 -0.0778864 0)
(1.07507 -0.0818636 0)
(1.07202 -0.086065 0)
(1.06872 -0.0904767 0)
(1.06513 -0.0950811 0)
(1.06123 -0.0998544 0)
(1.05698 -0.104768 0)
(1.05233 -0.109786 0)
(1.04724 -0.114865 0)
(1.04164 -0.119952 0)
(1.03548 -0.124987 0)
(1.02866 -0.1299 0)
(1.02113 -0.134614 0)
(1.01276 -0.139045 0)
(1.00347 -0.143106 0)
(0.993143 -0.146711 0)
(0.981664 -0.149775 0)
(0.968921 -0.152219 0)
(0.954815 -0.153973 0)
(0.939255 -0.154972 0)
(0.922164 -0.155149 0)
(0.903488 -0.154434 0)
(0.883171 -0.15276 0)
(0.861196 -0.150083 0)
(0.837546 -0.14641 0)
(0.812273 -0.141795 0)
(0.78546 -0.136326 0)
(0.757292 -0.13009 0)
(0.727984 -0.123182 0)
(0.697796 -0.115697 0)
(0.666952 -0.107751 0)
(0.635726 -0.0994908 0)
(0.60439 -0.0911082 0)
(0.573311 -0.0827835 0)
(0.54281 -0.074684 0)
(0.513264 -0.066923 0)
(0.484869 -0.0596048 0)
(0.457947 -0.0527757 0)
(0.432535 -0.0465028 0)
(0.408979 -0.0407908 0)
(0.387109 -0.035701 0)
(0.367351 -0.0311973 0)
(0.349192 -0.0273226 0)
(0.333258 -0.0239773 0)
(0.318509 -0.0211949 0)
(0.306062 -0.0188257 0)
(0.294041 -0.0169294 0)
(0.284606 -0.0153244 0)
(0.274369 -0.0141123 0)
(0.267612 -0.0131032 0)
(0.2579 -0.0124174 0)
(0.254001 -0.0119213 0)
(0.242886 -0.011642 0)
(1.06827 -0.0146896 0)
(1.07412 -0.0187154 0)
(1.07916 -0.022874 0)
(1.08333 -0.0268914 0)
(1.08665 -0.0305264 0)
(1.08926 -0.0336525 0)
(1.09137 -0.0362717 0)
(1.09316 -0.0384576 0)
(1.09475 -0.0402924 0)
(1.0962 -0.0418338 0)
(1.0975 -0.043113 0)
(1.09866 -0.0441462 0)
(1.09965 -0.0449488 0)
(1.10048 -0.045543 0)
(1.10113 -0.0459597 0)
(1.10161 -0.0462348 0)
(1.10192 -0.0464067 0)
(1.10206 -0.0465136 0)
(1.10202 -0.046593 0)
(1.1018 -0.0466805 0)
(1.1014 -0.0468106 0)
(1.10082 -0.0470147 0)
(1.10005 -0.047322 0)
(1.09911 -0.0477573 0)
(1.09799 -0.0483435 0)
(1.09669 -0.0491001 0)
(1.09521 -0.050045 0)
(1.09356 -0.0511926 0)
(1.09174 -0.0525554 0)
(1.08973 -0.0541424 0)
(1.08754 -0.0559607 0)
(1.08515 -0.0580139 0)
(1.08255 -0.0603045 0)
(1.07973 -0.0628321 0)
(1.07666 -0.0655951 0)
(1.07333 -0.0685897 0)
(1.0697 -0.0718106 0)
(1.06574 -0.0752499 0)
(1.06142 -0.0788971 0)
(1.05669 -0.0827382 0)
(1.05151 -0.086755 0)
(1.04581 -0.090924 0)
(1.03954 -0.0952157 0)
(1.03262 -0.0995942 0)
(1.02498 -0.104016 0)
(1.01653 -0.108432 0)
(1.00717 -0.112784 0)
(0.996787 -0.117003 0)
(0.985277 -0.121012 0)
(0.972511 -0.124722 0)
(0.958354 -0.12804 0)
(0.942675 -0.130875 0)
(0.925332 -0.133132 0)
(0.906206 -0.134727 0)
(0.885172 -0.13558 0)
(0.862157 -0.135635 0)
(0.837093 -0.134846 0)
(0.809997 -0.133174 0)
(0.780894 -0.130578 0)
(0.749873 -0.127009 0)
(0.717046 -0.122453 0)
(0.682527 -0.116954 0)
(0.646499 -0.110608 0)
(0.609194 -0.10354 0)
(0.571033 -0.095896 0)
(0.532474 -0.0878641 0)
(0.494035 -0.0796279 0)
(0.456167 -0.0713507 0)
(0.419263 -0.0631942 0)
(0.383669 -0.0553426 0)
(0.349875 -0.047939 0)
(0.318349 -0.0411354 0)
(0.289504 -0.0350687 0)
(0.263542 -0.0298263 0)
(0.240562 -0.0254172 0)
(0.220468 -0.0218066 0)
(0.203135 -0.018895 0)
(0.188239 -0.0165756 0)
(0.175592 -0.014709 0)
(0.164773 -0.0132154 0)
(0.15566 -0.0119848 0)
(0.147751 -0.0109895 0)
(0.141104 -0.0101328 0)
(0.135089 -0.00944641 0)
(0.130101 -0.00882056 0)
(0.125181 -0.00836044 0)
(0.121372 -0.00790139 0)
(0.1168 -0.00766068 0)
(0.11421 -0.00736785 0)
(0.108603 -0.00730769 0)
(1.06561 -0.0206635 0)
(1.07133 -0.0239035 0)
(1.07642 -0.0272086 0)
(1.08084 -0.0304339 0)
(1.08455 -0.0334334 0)
(1.08764 -0.0360949 0)
(1.0902 -0.0383706 0)
(1.09238 -0.0402722 0)
(1.09429 -0.041842 0)
(1.09598 -0.0431246 0)
(1.09746 -0.0441531 0)
(1.09875 -0.0449482 0)
(1.09981 -0.045526 0)
(1.10062 -0.0459047 0)
(1.10119 -0.0461089 0)
(1.10149 -0.0461698 0)
(1.10153 -0.0461229 0)
(1.1013 -0.0460062 0)
(1.10079 -0.0458583 0)
(1.1 -0.0457169 0)
(1.09893 -0.0456188 0)
(1.09757 -0.045598 0)
(1.09593 -0.0456846 0)
(1.09401 -0.0459031 0)
(1.09181 -0.0462746 0)
(1.08932 -0.0468163 0)
(1.08656 -0.0475437 0)
(1.0835 -0.0484686 0)
(1.08015 -0.049601 0)
(1.07648 -0.0509468 0)
(1.0725 -0.0525108 0)
(1.06816 -0.0542931 0)
(1.06346 -0.056293 0)
(1.05834 -0.0585057 0)
(1.05279 -0.060926 0)
(1.04675 -0.0635446 0)
(1.04018 -0.0663516 0)
(1.03301 -0.069333 0)
(1.02519 -0.072473 0)
(1.01663 -0.0757506 0)
(1.00728 -0.0791413 0)
(0.997027 -0.0826138 0)
(0.9858 -0.08613 0)
(0.973483 -0.089644 0)
(0.959977 -0.093102 0)
(0.945156 -0.0964459 0)
(0.928908 -0.0996129 0)
(0.911102 -0.102528 0)
(0.891623 -0.105105 0)
(0.870339 -0.107254 0)
(0.847139 -0.108884 0)
(0.821903 -0.109909 0)
(0.794544 -0.110252 0)
(0.764997 -0.109844 0)
(0.733237 -0.108628 0)
(0.699275 -0.106556 0)
(0.663151 -0.10359 0)
(0.625059 -0.0997335 0)
(0.58519 -0.0949722 0)
(0.54399 -0.0893612 0)
(0.501839 -0.0830135 0)
(0.459115 -0.0760523 0)
(0.416223 -0.0686298 0)
(0.373599 -0.0608715 0)
(0.332052 -0.0530029 0)
(0.292248 -0.0452 0)
(0.255115 -0.0377878 0)
(0.221382 -0.0311627 0)
(0.191389 -0.0256481 0)
(0.165157 -0.0212612 0)
(0.142886 -0.0179307 0)
(0.124324 -0.0154831 0)
(0.109054 -0.0136611 0)
(0.0964732 -0.0122297 0)
(0.0859643 -0.011053 0)
(0.0770113 -0.0100844 0)
(0.0692694 -0.00929194 0)
(0.0624931 -0.00864489 0)
(0.0565485 -0.00809998 0)
(0.0512857 -0.00762292 0)
(0.0466703 -0.00718099 0)
(0.042577 -0.00677794 0)
(0.0389886 -0.00639078 0)
(0.0357398 -0.00604123 0)
(0.0328813 -0.00570016 0)
(0.0301774 -0.00541985 0)
(0.0278112 -0.00514487 0)
(0.02538 -0.00497358 0)
(0.0234486 -0.00474677 0)
(0.0205245 -0.00481363 0)
(1.0663 -0.026858 0)
(1.07184 -0.0294306 0)
(1.07679 -0.0320168 0)
(1.0811 -0.0345503 0)
(1.08475 -0.0369487 0)
(1.08775 -0.0391271 0)
(1.09017 -0.0410214 0)
(1.09209 -0.0426053 0)
(1.09358 -0.0438863 0)
(1.09469 -0.0448882 0)
(1.09543 -0.0456364 0)
(1.09581 -0.0461507 0)
(1.0958 -0.0464471 0)
(1.09538 -0.0465419 0)
(1.09453 -0.0464563 0)
(1.09324 -0.0462176 0)
(1.09151 -0.0458594 0)
(1.08933 -0.0454194 0)
(1.08671 -0.0449372 0)
(1.08363 -0.0444525 0)
(1.08011 -0.044004 0)
(1.07615 -0.0436283 0)
(1.07176 -0.0433578 0)
(1.06693 -0.0432186 0)
(1.06168 -0.0432318 0)
(1.05599 -0.0434132 0)
(1.04987 -0.0437747 0)
(1.04329 -0.0443234 0)
(1.03625 -0.0450638 0)
(1.0287 -0.045996 0)
(1.02064 -0.0471187 0)
(1.01202 -0.0484262 0)
(1.00279 -0.0499125 0)
(0.992917 -0.0515668 0)
(0.982335 -0.0533788 0)
(0.970973 -0.0553328 0)
(0.958773 -0.0574142 0)
(0.945641 -0.0596015 0)
(0.931511 -0.0618746 0)
(0.916276 -0.0642053 0)
(0.899863 -0.0665656 0)
(0.88215 -0.0689174 0)
(0.863065 -0.0712199 0)
(0.842476 -0.0734206 0)
(0.820312 -0.0754603 0)
(0.796443 -0.0772744 0)
(0.770784 -0.0787885 0)
(0.743244 -0.0799174 0)
(0.713784 -0.0805752 0)
(0.682346 -0.0806791 0)
(0.648934 -0.0801588 0)
(0.613545 -0.0789591 0)
(0.576251 -0.0770454 0)
(0.537198 -0.0744221 0)
(0.496577 -0.0710847 0)
(0.454721 -0.0670368 0)
(0.411889 -0.0622154 0)
(0.368545 -0.0565874 0)
(0.325302 -0.0501317 0)
(0.283063 -0.0431211 0)
(0.242697 -0.0360628 0)
(0.205004 -0.0294958 0)
(0.170633 -0.0239004 0)
(0.140123 -0.019449 0)
(0.114499 -0.0162119 0)
(0.0936838 -0.0138081 0)
(0.0769721 -0.0118643 0)
(0.0633333 -0.0102411 0)
(0.0518172 -0.00890967 0)
(0.0416672 -0.00792483 0)
(0.0327135 -0.00738682 0)
(0.0248381 -0.00707263 0)
(0.0180187 -0.00674577 0)
(0.0121048 -0.00630329 0)
(0.00693993 -0.00576426 0)
(0.00238971 -0.00521176 0)
(-0.00165115 -0.00473034 0)
(-0.00526339 -0.00436939 0)
(-0.00849516 -0.00413001 0)
(-0.011424 -0.00397888 0)
(-0.0140912 -0.00387863 0)
(-0.0165413 -0.00380238 0)
(-0.0187909 -0.00371967 0)
(-0.0208844 -0.00362447 0)
(-0.0228222 -0.00350576 0)
(-0.0246514 -0.00338676 0)
(-0.0263339 -0.00326045 0)
(-0.027947 -0.0031697 0)
(-0.0294727 -0.00311598 0)
(-0.0311441 -0.00331499 0)
(1.0659 -0.0310817 0)
(1.06984 -0.0330608 0)
(1.07296 -0.0350186 0)
(1.07518 -0.0369283 0)
(1.07647 -0.0387356 0)
(1.07686 -0.0403734 0)
(1.07639 -0.0417818 0)
(1.07509 -0.0429207 0)
(1.07303 -0.0437777 0)
(1.07026 -0.0443591 0)
(1.06679 -0.0446805 0)
(1.06266 -0.0447589 0)
(1.05787 -0.0446109 0)
(1.05243 -0.0442526 0)
(1.04634 -0.0437047 0)
(1.03963 -0.0429925 0)
(1.0323 -0.0421497 0)
(1.02439 -0.0412138 0)
(1.01592 -0.0402274 0)
(1.0069 -0.0392318 0)
(0.997369 -0.038268 0)
(0.98733 -0.0373717 0)
(0.976801 -0.0365771 0)
(0.9658 -0.0359164 0)
(0.954331 -0.035415 0)
(0.94239 -0.0350891 0)
(0.929964 -0.034946 0)
(0.917032 -0.0349854 0)
(0.903565 -0.0352013 0)
(0.889528 -0.0355833 0)
(0.87488 -0.0361189 0)
(0.859571 -0.0367928 0)
(0.843548 -0.0375898 0)
(0.826747 -0.0384916 0)
(0.809108 -0.0394808 0)
(0.790555 -0.0405361 0)
(0.771023 -0.041638 0)
(0.750427 -0.0427609 0)
(0.728706 -0.0438828 0)
(0.705768 -0.0449726 0)
(0.681569 -0.0460056 0)
(0.656014 -0.046943 0)
(0.62909 -0.0477556 0)
(0.600707 -0.0483912 0)
(0.570931 -0.0488087 0)
(0.539702 -0.0489251 0)
(0.507065 -0.0486381 0)
(0.473082 -0.0478433 0)
(0.437912 -0.04645 0)
(0.401704 -0.0443929 0)
(0.364732 -0.0416558 0)
(0.32727 -0.0382527 0)
(0.289672 -0.0343032 0)
(0.252435 -0.0300242 0)
(0.216133 -0.0256838 0)
(0.181687 -0.0216141 0)
(0.149905 -0.0180164 0)
(0.121591 -0.0148629 0)
(0.0976435 -0.012263 0)
(0.0778591 -0.0100891 0)
(0.0614822 -0.00822726 0)
(0.047692 -0.00666948 0)
(0.0358716 -0.00557893 0)
(0.0253395 -0.00513134 0)
(0.0160594 -0.00527337 0)
(0.00809334 -0.00547718 0)
(0.00132075 -0.00517074 0)
(-0.00445385 -0.00428344 0)
(-0.0094011 -0.0032051 0)
(-0.0137124 -0.00239612 0)
(-0.0174966 -0.00199434 0)
(-0.0209094 -0.00190665 0)
(-0.0240357 -0.00197944 0)
(-0.0268969 -0.00205779 0)
(-0.0294904 -0.0020718 0)
(-0.0318329 -0.00203124 0)
(-0.0339625 -0.00197267 0)
(-0.0359298 -0.00192699 0)
(-0.0377726 -0.00190767 0)
(-0.039522 -0.00191791 0)
(-0.0411965 -0.00194318 0)
(-0.0428101 -0.00196745 0)
(-0.0443651 -0.00197625 0)
(-0.0458647 -0.00196544 0)
(-0.047302 -0.00193357 0)
(-0.0486728 -0.00189569 0)
(-0.049956 -0.00186609 0)
(-0.0511842 -0.00187897 0)
(-0.0524292 -0.00196238 0)
(-0.053549 -0.00214642 0)
(1.02379 -0.0369136 0)
(1.0188 -0.0375039 0)
(1.01248 -0.0380898 0)
(1.00481 -0.038658 0)
(0.995814 -0.0391658 0)
(0.985563 -0.0395616 0)
(0.974132 -0.0397979 0)
(0.961635 -0.0398401 0)
(0.948172 -0.0396638 0)
(0.933852 -0.0392597 0)
(0.918788 -0.0386316 0)
(0.903078 -0.0377921 0)
(0.886816 -0.0367578 0)
(0.870083 -0.0355475 0)
(0.852961 -0.0341831 0)
(0.835522 -0.0326904 0)
(0.817844 -0.0311013 0)
(0.799986 -0.0294517 0)
(0.782011 -0.0277815 0)
(0.763957 -0.0261303 0)
(0.745866 -0.0245363 0)
(0.727744 -0.0230315 0)
(0.709595 -0.0216445 0)
(0.691424 -0.020401 0)
(0.673226 -0.0193199 0)
(0.654986 -0.0184126 0)
(0.636678 -0.0176813 0)
(0.618264 -0.017121 0)
(0.599697 -0.0167197 0)
(0.580926 -0.0164611 0)
(0.561895 -0.0163257 0)
(0.542547 -0.0162922 0)
(0.522824 -0.0163379 0)
(0.50267 -0.0164399 0)
(0.482029 -0.016574 0)
(0.460855 -0.0167162 0)
(0.439105 -0.0168417 0)
(0.416748 -0.0169265 0)
(0.393765 -0.0169466 0)
(0.37015 -0.0168797 0)
(0.345924 -0.016706 0)
(0.32112 -0.0164088 0)
(0.29583 -0.0159792 0)
(0.270143 -0.0154093 0)
(0.244345 -0.0147122 0)
(0.218626 -0.0138629 0)
(0.193281 -0.0128453 0)
(0.168659 -0.0116663 0)
(0.145187 -0.0103458 0)
(0.123224 -0.0089393 0)
(0.103115 -0.0073909 0)
(0.0851198 -0.00584139 0)
(0.0691502 -0.00436377 0)
(0.0550515 -0.0030352 0)
(0.0426291 -0.00202965 0)
(0.0317027 -0.00155537 0)
(0.0220527 -0.00175309 0)
(0.0132927 -0.00247391 0)
(0.00562537 -0.00332347 0)
(-0.00099917 -0.00358056 0)
(-0.00656834 -0.00295388 0)
(-0.0110619 -0.00175357 0)
(-0.0146677 -0.000605316 0)
(-0.0176796 -4.64149e-05 0)
(-0.0204051 -3.87178e-05 0)
(-0.0230307 -0.000287277 0)
(-0.0255143 -0.000464082 0)
(-0.0276589 -0.00042364 0)
(-0.0293644 -0.000261402 0)
(-0.0306974 -0.000136459 0)
(-0.0318163 -0.000124472 0)
(-0.0328751 -0.000230564 0)
(-0.0339551 -0.000373037 0)
(-0.0350652 -0.000478082 0)
(-0.0361748 -0.000525461 0)
(-0.0372515 -0.000532992 0)
(-0.0382816 -0.000529155 0)
(-0.0392722 -0.00053409 0)
(-0.0402398 -0.000551974 0)
(-0.0412022 -0.000581414 0)
(-0.0421707 -0.000616844 0)
(-0.0431491 -0.00065098 0)
(-0.0441331 -0.000676931 0)
(-0.0451148 -0.000692152 0)
(-0.0460837 -0.000697689 0)
(-0.0470278 -0.00070398 0)
(-0.0479385 -0.000731153 0)
(-0.0488573 -0.000813864 0)
(-0.0498774 -0.000960507 0)
(-0.0508064 -0.0011008 0)
(0.71463 -0.0206942 0)
(0.685596 -0.0202808 0)
(0.656437 -0.0198816 0)
(0.627172 -0.019491 0)
(0.597855 -0.019085 0)
(0.568571 -0.0186333 0)
(0.539434 -0.0181066 0)
(0.510622 -0.0174832 0)
(0.482294 -0.016739 0)
(0.454621 -0.0158606 0)
(0.427773 -0.0148488 0)
(0.401905 -0.0137172 0)
(0.377157 -0.012488 0)
(0.353645 -0.0111891 0)
(0.331466 -0.00985089 0)
(0.310691 -0.00850618 0)
(0.291364 -0.00718935 0)
(0.273494 -0.00593523 0)
(0.25706 -0.00477616 0)
(0.242001 -0.00374027 0)
(0.22823 -0.00284746 0)
(0.215631 -0.0021103 0)
(0.204077 -0.00152384 0)
(0.193439 -0.00107021 0)
(0.183585 -0.000730064 0)
(0.17438 -0.000486814 0)
(0.165693 -0.000325611 0)
(0.157399 -0.00023145 0)
(0.149389 -0.000188568 0)
(0.141564 -0.000180873 0)
(0.133847 -0.000192733 0)
(0.126174 -0.0002094 0)
(0.118503 -0.000217337 0)
(0.110806 -0.000204319 0)
(0.103074 -0.000159814 0)
(0.0953144 -7.52938e-05 0)
(0.0875488 5.51166e-05 0)
(0.0798135 0.000234032 0)
(0.0721561 0.000459916 0)
(0.0646333 0.000725973 0)
(0.0573068 0.00101925 0)
(0.0502379 0.00131863 0)
(0.0434825 0.00159453 0)
(0.0370774 0.00180344 0)
(0.0310385 0.00188751 0)
(0.0253363 0.0017688 0)
(0.0199232 0.001404 0)
(0.014746 0.0008034 0)
(0.00977676 4.72535e-05 0)
(0.00501199 -0.000708995 0)
(0.000390789 -0.00126366 0)
(-0.0038628 -0.00160775 0)
(-0.00746658 -0.00159106 0)
(-0.0102289 -0.00119318 0)
(-0.0120674 -0.000540279 0)
(-0.0131085 0.000159209 0)
(-0.0136995 0.000682151 0)
(-0.0142995 0.000911677 0)
(-0.0152037 0.000943482 0)
(-0.0163984 0.000863065 0)
(-0.0175161 0.000792266 0)
(-0.0182007 0.00073481 0)
(-0.0183594 0.000652073 0)
(-0.018177 0.000493084 0)
(-0.0179852 0.000266957 0)
(-0.0180137 4.40031e-05 0)
(-0.018258 -6.92127e-05 0)
(-0.018552 -5.45824e-05 0)
(-0.0187438 3.16188e-05 0)
(-0.0188011 0.000114538 0)
(-0.0187875 0.000152668 0)
(-0.018793 0.000142632 0)
(-0.0188747 0.000104915 0)
(-0.0190379 6.17094e-05 0)
(-0.0192566 2.74696e-05 0)
(-0.0195011 6.15362e-06 0)
(-0.0197536 -5.34242e-06 0)
(-0.0200107 -1.26457e-05 0)
(-0.020277 -2.002e-05 0)
(-0.0205594 -2.94496e-05 0)
(-0.0208632 -4.05836e-05 0)
(-0.0211898 -5.19648e-05 0)
(-0.0215364 -6.18774e-05 0)
(-0.0218973 -6.93859e-05 0)
(-0.0222658 -7.43405e-05 0)
(-0.0226366 -7.95543e-05 0)
(-0.0230128 -9.48403e-05 0)
(-0.0234349 -0.000141015 0)
(-0.0240123 -0.000224507 0)
(-0.0247127 -0.000295485 0)
)
;

boundaryField
{
    fixedWalls
    {
        type            noSlip;
    }
    inflowWall
    {
        type            fixedValue;
        value           uniform (1 0 0);
    }
    outflowWall
    {
        type            zeroGradient;
    }
    frontAndBack
    {
        type            empty;
    }
}


// ************************************************************************* //
