/*--------------------------------*- C++ -*----------------------------------*\
| =========                 |                                                 |
| \\      /  F ield         | OpenFOAM: The Open Source CFD Toolbox           |
|  \\    /   O peration     | Version:  2306                                  |
|   \\  /    A nd           | Website:  www.openfoam.com                      |
|    \\/     M anipulation  |                                                 |
\*---------------------------------------------------------------------------*/
FoamFile
{
    version     2.0;
    format      ascii;
    arch        "LSB;label=32;scalar=64";
    class       volVectorField;
    location    "3.95";
    object      U;
}
// * * * * * * * * * * * * * * * * * * * * * * * * * * * * * * * * * * * * * //

dimensions      [0 1 -1 0 0 0 0];

internalField   nonuniform List<vector> 
1900
(
(0.984285 0.00728516 0)
(0.961751 0.0216893 0)
(0.952348 0.0181668 0)
(0.918701 0.0253071 0)
(0.903454 0.0154254 0)
(0.863087 0.0257503 0)
(0.852339 0.0115724 0)
(0.812023 0.0267213 0)
(0.809798 0.00451352 0)
(0.770625 0.0259433 0)
(1.00256 0.0115578 0)
(1.00445 0.0258586 0)
(1.01945 0.0289566 0)
(1.02198 0.0304452 0)
(1.0349 0.0279878 0)
(1.03399 0.0283952 0)
(1.0441 0.025749 0)
(1.04284 0.0250412 0)
(1.05127 0.0205885 0)
(1.05237 0.016086 0)
(1.00048 0.00388399 0)
(1.00419 0.0111502 0)
(1.01256 0.013988 0)
(1.02113 0.0157724 0)
(1.03155 0.0146886 0)
(1.04055 0.0143879 0)
(1.05 0.012329 0)
(1.05842 0.0108667 0)
(1.0669 0.00721907 0)
(1.07475 0.00302976 0)
(1.00007 0.00207493 0)
(1.00313 0.00583669 0)
(1.00888 0.00804324 0)
(1.01649 0.00901698 0)
(1.02528 0.00852881 0)
(1.03432 0.00741829 0)
(1.04325 0.00562397 0)
(1.05181 0.00344395 0)
(1.05999 0.000595121 0)
(1.06767 -0.00294946 0)
(1.00003 0.000422459 0)
(1.00261 0.00116521 0)
(1.00738 0.00142265 0)
(1.01402 0.00113443 0)
(1.02192 0.000227115 0)
(1.03035 -0.00114923 0)
(1.03879 -0.00295804 0)
(1.04692 -0.00517996 0)
(1.05459 -0.00786061 0)
(1.06173 -0.0110655 0)
(1.00003 -0.00106257 0)
(1.00255 -0.00303315 0)
(1.0072 -0.00475994 0)
(1.01366 -0.00620449 0)
(1.02132 -0.00751237 0)
(1.02948 -0.00888541 0)
(1.03758 -0.0105097 0)
(1.04531 -0.012497 0)
(1.05257 -0.0148877 0)
(1.05933 -0.0176529 0)
(1.00003 -0.00271211 0)
(1.00303 -0.00743692 0)
(1.00836 -0.0110669 0)
(1.01545 -0.013508 0)
(1.02346 -0.0151382 0)
(1.03162 -0.0165072 0)
(1.03948 -0.0180205 0)
(1.04687 -0.0198566 0)
(1.05378 -0.0220088 0)
(1.06025 -0.0243877 0)
(1.00004 -0.00477026 0)
(1.00441 -0.0122363 0)
(1.01137 -0.0169223 0)
(1.01979 -0.0193558 0)
(1.02838 -0.0206857 0)
(1.03638 -0.0218609 0)
(1.04358 -0.0233302 0)
(1.05004 -0.025121 0)
(1.0559 -0.0270924 0)
(1.06119 -0.0291112 0)
(1.00006 -0.0121192 0)
(1.00721 -0.0259533 0)
(1.01558 -0.0314318 0)
(1.02287 -0.0325818 0)
(1.02792 -0.0326669 0)
(1.03071 -0.033044 0)
(1.03171 -0.0338252 0)
(1.03139 -0.0347479 0)
(1.02997 -0.0355965 0)
(1.02745 -0.0363121 0)
(0.980777 -0.00916366 0)
(0.964585 -0.0188219 0)
(0.945456 -0.0220469 0)
(0.920785 -0.0221866 0)
(0.891991 -0.0217408 0)
(0.861672 -0.0215802 0)
(0.831425 -0.0216129 0)
(0.801728 -0.0216038 0)
(0.77251 -0.0214287 0)
(0.743528 -0.0211035 0)
(0.000206725 -0.000108419 0)
(0.000344231 -1.94065e-05 0)
(8.31784e-05 2.74665e-05 0)
(-0.00039669 5.59324e-05 0)
(-0.00103637 7.31556e-05 0)
(-0.00179463 9.00023e-05 0)
(-0.00265853 0.000109859 0)
(-0.00362334 0.000131493 0)
(-0.0046838 0.000153624 0)
(-0.00583359 0.000175573 0)
(-0.00706576 0.000196971 0)
(-0.00837306 0.000217577 0)
(-0.00974817 0.000237167 0)
(-0.011184 0.000255543 0)
(-0.0126737 0.000272547 0)
(-0.0142108 0.000288061 0)
(-0.0157894 0.000302022 0)
(-0.0174043 0.000314411 0)
(-0.0190508 0.000325234 0)
(-0.0207251 0.000334543 0)
(-0.0224248 0.000342444 0)
(-0.0241485 0.000349067 0)
(-0.0258964 0.000354538 0)
(-0.0276699 0.000358945 0)
(-0.0294721 0.000362327 0)
(-0.0313073 0.000364618 0)
(-0.0331813 0.000365545 0)
(-0.035101 0.000364507 0)
(-0.0370739 0.000360478 0)
(-0.0391084 0.000351945 0)
(-0.0412131 0.000336987 0)
(-0.0433983 0.000313743 0)
(-0.0456773 0.000281453 0)
(-0.0480705 0.000241953 0)
(-0.0506098 0.000201329 0)
(-0.0533441 0.000171745 0)
(-0.0563451 0.000173201 0)
(-0.0597132 0.000234683 0)
(-0.0635799 0.00039387 0)
(-0.0681066 0.000694084 0)
(-0.0734745 0.00117642 0)
(-0.0798646 0.0018665 0)
(-0.0874261 0.00275969 0)
(-0.096238 0.00381015 0)
(-0.106269 0.00493059 0)
(-0.117352 0.00600499 0)
(-0.129181 0.00691024 0)
(-0.141328 0.00753508 0)
(-0.153286 0.0077987 0)
(-0.164529 0.00768016 0)
(-0.174562 0.00722703 0)
(-0.182923 0.00652841 0)
(-0.189198 0.00566104 0)
(-0.19311 0.00467367 0)
(-0.194425 0.00351303 0)
(-0.193089 0.00215084 0)
(-0.189144 0.000740939 0)
(-0.182562 -0.000677117 0)
(-0.173461 -0.00204997 0)
(-0.162006 -0.00333657 0)
(-0.148393 -0.00451573 0)
(-0.132892 -0.00554943 0)
(-0.115745 -0.0064214 0)
(-0.0972492 -0.00712848 0)
(-0.0777035 -0.007663 0)
(-0.0573873 -0.0079877 0)
(-0.0367086 -0.00815311 0)
(-0.0157743 -0.00818134 0)
(0.00492022 -0.00806988 0)
(0.0254663 -0.00784236 0)
(0.0452342 -0.0074918 0)
(0.0645477 -0.00706475 0)
(0.0826528 -0.00654466 0)
(0.100137 -0.00599391 0)
(0.116096 -0.00539211 0)
(0.131393 -0.00481638 0)
(0.144946 -0.00421514 0)
(0.157945 -0.00367263 0)
(0.169051 -0.0031154 0)
(0.179862 -0.00264745 0)
(0.188653 -0.00217005 0)
(0.197563 -0.00181089 0)
(0.204289 -0.00143967 0)
(0.211744 -0.00121494 0)
(0.216706 -0.000967491 0)
(0.223313 -0.000900332 0)
(0.226761 -0.000784366 0)
(0.233333 -0.000905962 0)
(0.235266 -0.000875206 0)
(0.243157 -0.00131048 0)
(6.17538e-05 -0.000517563 0)
(-0.000524015 0.000141137 0)
(-0.00201379 0.000708357 0)
(-0.00391468 0.00110751 0)
(-0.00619491 0.00138199 0)
(-0.00878235 0.00160022 0)
(-0.0116411 0.00179809 0)
(-0.0147442 0.0019831 0)
(-0.0180634 0.00215512 0)
(-0.0215718 0.00231337 0)
(-0.025244 0.00245726 0)
(-0.0290562 0.00258668 0)
(-0.032986 0.00270201 0)
(-0.0370133 0.00280393 0)
(-0.04112 0.00289337 0)
(-0.0452909 0.00297138 0)
(-0.0495131 0.00303921 0)
(-0.0537768 0.00309821 0)
(-0.0580751 0.00314995 0)
(-0.0624041 0.00319643 0)
(-0.0667638 0.00324015 0)
(-0.0711574 0.00328383 0)
(-0.0755922 0.00333032 0)
(-0.0800787 0.00338254 0)
(-0.084631 0.00344351 0)
(-0.0892669 0.00351632 0)
(-0.0940076 0.00360394 0)
(-0.0988777 0.0037091 0)
(-0.103905 0.00383444 0)
(-0.109119 0.00398289 0)
(-0.114554 0.00415842 0)
(-0.120246 0.00436754 0)
(-0.126234 0.00462132 0)
(-0.132561 0.00493698 0)
(-0.139272 0.00533778 0)
(-0.146414 0.00585298 0)
(-0.154027 0.00651603 0)
(-0.162141 0.00736041 0)
(-0.170762 0.00841214 0)
(-0.179865 0.00967896 0)
(-0.189381 0.0111372 0)
(-0.199186 0.0127212 0)
(-0.209099 0.0143223 0)
(-0.218877 0.0157918 0)
(-0.228225 0.0169591 0)
(-0.236806 0.0176587 0)
(-0.244271 0.0177572 0)
(-0.250269 0.0171662 0)
(-0.254447 0.0158465 0)
(-0.256479 0.0138415 0)
(-0.256097 0.0112357 0)
(-0.253097 0.00807193 0)
(-0.247406 0.00446373 0)
(-0.239051 0.000555369 0)
(-0.228003 -0.00352939 0)
(-0.214259 -0.00768781 0)
(-0.197857 -0.0117763 0)
(-0.178983 -0.0157015 0)
(-0.157753 -0.0193866 0)
(-0.134468 -0.0227042 0)
(-0.109262 -0.0256434 0)
(-0.0825139 -0.0281593 0)
(-0.0544457 -0.0302686 0)
(-0.0253552 -0.0319403 0)
(0.00438235 -0.0331538 0)
(0.0348173 -0.0339105 0)
(0.0650437 -0.0342454 0)
(0.0955777 -0.0341798 0)
(0.125139 -0.0337418 0)
(0.154896 -0.0329883 0)
(0.182952 -0.0319193 0)
(0.211177 -0.0306341 0)
(0.237034 -0.0291088 0)
(0.263201 -0.0274782 0)
(0.286378 -0.025686 0)
(0.310202 -0.0239002 0)
(0.330428 -0.022021 0)
(0.351891 -0.0202442 0)
(0.369064 -0.01842 0)
(0.388351 -0.0167818 0)
(0.402478 -0.0151233 0)
(0.419969 -0.0137271 0)
(0.431131 -0.0123176 0)
(0.447387 -0.0112442 0)
(0.455685 -0.010143 0)
(0.471441 -0.00945861 0)
(0.476956 -0.00870451 0)
(0.493117 -0.00847151 0)
(0.495868 -0.00808325 0)
(0.513447 -0.00839126 0)
(-0.000158242 0.000426075 0)
(-0.00193884 0.00228592 0)
(-0.00540755 0.00349447 0)
(-0.00934621 0.00429936 0)
(-0.0137212 0.00492732 0)
(-0.018433 0.00548589 0)
(-0.0234419 0.00599952 0)
(-0.0287112 0.00646749 0)
(-0.0341897 0.00688523 0)
(-0.0398279 0.00725159 0)
(-0.0455812 0.00756704 0)
(-0.0514098 0.0078339 0)
(-0.0572797 0.00805609 0)
(-0.0631624 0.00823824 0)
(-0.0690352 0.00838542 0)
(-0.0748802 0.008503 0)
(-0.0806845 0.00859656 0)
(-0.0864395 0.00867215 0)
(-0.09214 0.00873653 0)
(-0.0977844 0.00879657 0)
(-0.103375 0.00885932 0)
(-0.108916 0.00893188 0)
(-0.114416 0.00902119 0)
(-0.119884 0.00913402 0)
(-0.12533 0.00927696 0)
(-0.130764 0.00945645 0)
(-0.136196 0.0096784 0)
(-0.141635 0.00994774 0)
(-0.147089 0.0102686 0)
(-0.152559 0.0106444 0)
(-0.158044 0.0110783 0)
(-0.163536 0.0115735 0)
(-0.169021 0.0121342 0)
(-0.174476 0.0127665 0)
(-0.179872 0.0134788 0)
(-0.185166 0.0142784 0)
(-0.1903 0.0151696 0)
(-0.195199 0.0161493 0)
(-0.199762 0.0172014 0)
(-0.20387 0.0182904 0)
(-0.207375 0.0193575 0)
(-0.210106 0.0203164 0)
(-0.211873 0.0210466 0)
(-0.212471 0.0213931 0)
(-0.211698 0.0211898 0)
(-0.209354 0.0202865 0)
(-0.205274 0.0185794 0)
(-0.199334 0.0160272 0)
(-0.191376 0.012586 0)
(-0.181328 0.00830098 0)
(-0.169315 0.00326959 0)
(-0.155158 -0.00237694 0)
(-0.13897 -0.00857812 0)
(-0.120744 -0.0151151 0)
(-0.100404 -0.0218079 0)
(-0.0782801 -0.0283707 0)
(-0.0542966 -0.0347404 0)
(-0.0288212 -0.040763 0)
(-0.00171597 -0.0463468 0)
(0.0266157 -0.0513219 0)
(0.0562055 -0.0557001 0)
(0.086561 -0.0593398 0)
(0.117493 -0.0623115 0)
(0.148985 -0.0645457 0)
(0.180347 -0.066076 0)
(0.212102 -0.0668612 0)
(0.242945 -0.0670284 0)
(0.274158 -0.066543 0)
(0.30362 -0.0655056 0)
(0.333564 -0.0639375 0)
(0.360959 -0.0619311 0)
(0.389115 -0.0595498 0)
(0.413941 -0.056864 0)
(0.44 -0.0539669 0)
(0.461941 -0.0508953 0)
(0.485815 -0.0477608 0)
(0.504726 -0.0445658 0)
(0.526528 -0.041442 0)
(0.542394 -0.0383502 0)
(0.562398 -0.0354418 0)
(0.575285 -0.0326311 0)
(0.593904 -0.0300969 0)
(0.603927 -0.0277005 0)
(0.621686 -0.025661 0)
(0.628982 -0.0237758 0)
(0.646501 -0.0223236 0)
(0.651205 -0.0210205 0)
(0.669187 -0.0202354 0)
(0.671407 -0.019578 0)
(0.690593 -0.0195333 0)
(-0.00091779 0.00120544 0)
(-0.00478179 0.00507745 0)
(-0.0106808 0.00754018 0)
(-0.0167278 0.00918932 0)
(-0.023104 0.0104175 0)
(-0.0297629 0.0113982 0)
(-0.0366221 0.0122029 0)
(-0.0435865 0.0128679 0)
(-0.0505677 0.0134073 0)
(-0.0574954 0.0138333 0)
(-0.0643162 0.0141586 0)
(-0.0709871 0.0143956 0)
(-0.0774764 0.0145561 0)
(-0.0837618 0.0146518 0)
(-0.0898281 0.0146942 0)
(-0.0956658 0.014694 0)
(-0.10127 0.0146616 0)
(-0.106637 0.0146066 0)
(-0.111768 0.0145391 0)
(-0.116665 0.0144685 0)
(-0.12133 0.0144038 0)
(-0.125767 0.0143532 0)
(-0.129977 0.0143237 0)
(-0.133961 0.0143211 0)
(-0.137717 0.01435 0)
(-0.141241 0.0144141 0)
(-0.144525 0.0145159 0)
(-0.147559 0.0146554 0)
(-0.150325 0.0148307 0)
(-0.152802 0.0150385 0)
(-0.154964 0.0152741 0)
(-0.156774 0.0155323 0)
(-0.158189 0.0158081 0)
(-0.159158 0.0160983 0)
(-0.159621 0.0164037 0)
(-0.159508 0.0167228 0)
(-0.15874 0.0170477 0)
(-0.157225 0.0173623 0)
(-0.154854 0.0176355 0)
(-0.151507 0.0178168 0)
(-0.147048 0.0178361 0)
(-0.141345 0.0176096 0)
(-0.134291 0.0170334 0)
(-0.125773 0.0159512 0)
(-0.115697 0.0142016 0)
(-0.103987 0.0116487 0)
(-0.0905797 0.00819503 0)
(-0.075606 0.00382126 0)
(-0.0589725 -0.00143212 0)
(-0.040763 -0.00752882 0)
(-0.0210636 -0.0144171 0)
(0.000224469 -0.0218891 0)
(0.0230364 -0.0297277 0)
(0.0470754 -0.0376942 0)
(0.0726314 -0.0457244 0)
(0.0992003 -0.0536041 0)
(0.127154 -0.0612352 0)
(0.155888 -0.0684062 0)
(0.185763 -0.0750361 0)
(0.2161 -0.0808642 0)
(0.247197 -0.0859921 0)
(0.278524 -0.090183 0)
(0.310027 -0.0935395 0)
(0.341544 -0.0958698 0)
(0.372576 -0.0973314 0)
(0.403515 -0.0977959 0)
(0.433248 -0.0974601 0)
(0.462924 -0.0962473 0)
(0.490669 -0.0943625 0)
(0.518557 -0.0917688 0)
(0.543796 -0.0886728 0)
(0.569558 -0.0850699 0)
(0.59196 -0.0811528 0)
(0.615458 -0.0769372 0)
(0.634868 -0.0725863 0)
(0.656153 -0.0681288 0)
(0.672562 -0.0636898 0)
(0.691835 -0.0593109 0)
(0.705339 -0.0550713 0)
(0.72292 -0.0510285 0)
(0.73368 -0.0472093 0)
(0.749978 -0.0436975 0)
(0.758185 -0.04046 0)
(0.773676 -0.0376227 0)
(0.779531 -0.0350821 0)
(0.794739 -0.033027 0)
(0.798434 -0.0312685 0)
(0.813924 -0.0300851 0)
(0.815627 -0.0291785 0)
(0.831992 -0.0289454 0)
(-0.00127286 0.00690421 0)
(-0.00685322 0.0137349 0)
(-0.0154709 0.016348 0)
(-0.0239655 0.0175001 0)
(-0.0324839 0.0183369 0)
(-0.0407808 0.0191313 0)
(-0.048727 0.019832 0)
(-0.0562802 0.0203602 0)
(-0.0634091 0.0206959 0)
(-0.0700795 0.0208648 0)
(-0.0762714 0.0208955 0)
(-0.0819768 0.0208128 0)
(-0.0871967 0.0206388 0)
(-0.0919386 0.0203928 0)
(-0.0962143 0.0200918 0)
(-0.100038 0.0197504 0)
(-0.103424 0.0193809 0)
(-0.106386 0.0189935 0)
(-0.108937 0.0185976 0)
(-0.111086 0.0182024 0)
(-0.112844 0.0178158 0)
(-0.114215 0.0174444 0)
(-0.115205 0.017093 0)
(-0.11581 0.0167638 0)
(-0.116026 0.0164575 0)
(-0.115842 0.0161735 0)
(-0.115246 0.015911 0)
(-0.11422 0.0156649 0)
(-0.112741 0.0154269 0)
(-0.11078 0.0151873 0)
(-0.108304 0.0149349 0)
(-0.105274 0.0146572 0)
(-0.10164 0.0143423 0)
(-0.0973446 0.0139813 0)
(-0.0923288 0.0135731 0)
(-0.0865241 0.0131109 0)
(-0.0798515 0.0125737 0)
(-0.0722268 0.0119369 0)
(-0.0635575 0.0111663 0)
(-0.0537413 0.0102106 0)
(-0.0426609 0.00899372 0)
(-0.0302073 0.00740901 0)
(-0.0163812 0.00535 0)
(-0.0010991 0.00272354 0)
(0.0156467 -0.000587911 0)
(0.0338115 -0.00466997 0)
(0.0534681 -0.00960494 0)
(0.0743919 -0.0154353 0)
(0.0967809 -0.0221429 0)
(0.12035 -0.0296303 0)
(0.145217 -0.0377321 0)
(0.171015 -0.0463434 0)
(0.198095 -0.0553185 0)
(0.22583 -0.0644135 0)
(0.25475 -0.0735306 0)
(0.284085 -0.0823869 0)
(0.314441 -0.0909103 0)
(0.344925 -0.0988038 0)
(0.376145 -0.106037 0)
(0.407159 -0.11232 0)
(0.438511 -0.117707 0)
(0.469336 -0.12195 0)
(0.500019 -0.125167 0)
(0.529906 -0.12716 0)
(0.559138 -0.128116 0)
(0.587435 -0.12789 0)
(0.614568 -0.126723 0)
(0.640794 -0.124516 0)
(0.665372 -0.121546 0)
(0.689245 -0.117742 0)
(0.711003 -0.113401 0)
(0.73243 -0.108471 0)
(0.751272 -0.103244 0)
(0.770326 -0.0976727 0)
(0.786299 -0.0920282 0)
(0.803183 -0.0862606 0)
(0.816433 -0.0806089 0)
(0.831441 -0.0750183 0)
(0.842168 -0.06969 0)
(0.855652 -0.0645686 0)
(0.864081 -0.0598132 0)
(0.876427 -0.0553766 0)
(0.882784 -0.0513728 0)
(0.894401 -0.0477753 0)
(0.898897 -0.0446478 0)
(0.910207 -0.0420003 0)
(0.913029 -0.0398385 0)
(0.924467 -0.0382282 0)
(0.925765 -0.0371056 0)
(0.937777 -0.0366176 0)
(-0.00367539 0.00677253 0)
(-0.013498 0.0171979 0)
(-0.0245626 0.0219146 0)
(-0.0337061 0.0245853 0)
(-0.042013 0.026198 0)
(-0.0496766 0.0270703 0)
(-0.0566516 0.0273764 0)
(-0.0628076 0.0272999 0)
(-0.0680488 0.0269777 0)
(-0.0723747 0.0264812 0)
(-0.0758397 0.025857 0)
(-0.0785013 0.0251377 0)
(-0.0804177 0.0243511 0)
(-0.0816442 0.0235199 0)
(-0.0822322 0.0226618 0)
(-0.0822282 0.0217905 0)
(-0.0816736 0.0209166 0)
(-0.0806017 0.0200459 0)
(-0.0790408 0.0191841 0)
(-0.077014 0.018337 0)
(-0.0745387 0.0175086 0)
(-0.0716277 0.0167009 0)
(-0.0682874 0.0159136 0)
(-0.064518 0.0151434 0)
(-0.0603133 0.0143862 0)
(-0.0556572 0.013636 0)
(-0.0505412 0.0128926 0)
(-0.0449413 0.0121479 0)
(-0.038831 0.0113881 0)
(-0.0321797 0.0105987 0)
(-0.0249529 0.00976492 0)
(-0.0171093 0.00886977 0)
(-0.00859953 0.00789467 0)
(0.000652135 0.00681442 0)
(0.0106822 0.00560064 0)
(0.0215377 0.00423527 0)
(0.0333065 0.00271 0)
(0.046062 0.00100034 0)
(0.0598847 -0.000933893 0)
(0.0748501 -0.00314472 0)
(0.0910325 -0.00569105 0)
(0.108497 -0.00865058 0)
(0.127265 -0.0121173 0)
(0.147381 -0.0161924 0)
(0.168937 -0.0209713 0)
(0.191742 -0.0264917 0)
(0.215925 -0.0328069 0)
(0.241171 -0.0398787 0)
(0.267691 -0.0477184 0)
(0.295038 -0.0562314 0)
(0.32351 -0.0653307 0)
(0.352495 -0.0748255 0)
(0.382442 -0.0845989 0)
(0.41257 -0.094392 0)
(0.443443 -0.104086 0)
(0.474127 -0.113391 0)
(0.505284 -0.122209 0)
(0.535843 -0.130243 0)
(0.566538 -0.137445 0)
(0.596209 -0.143534 0)
(0.625647 -0.148537 0)
(0.65368 -0.152222 0)
(0.681132 -0.154704 0)
(0.706916 -0.155806 0)
(0.731833 -0.155728 0)
(0.754977 -0.154345 0)
(0.777043 -0.151926 0)
(0.797398 -0.148383 0)
(0.816518 -0.144039 0)
(0.834139 -0.138824 0)
(0.850392 -0.133089 0)
(0.865486 -0.126763 0)
(0.879067 -0.120205 0)
(0.891935 -0.113323 0)
(0.903107 -0.106466 0)
(0.914098 -0.0995161 0)
(0.923145 -0.092803 0)
(0.932619 -0.0861799 0)
(0.939813 -0.0799549 0)
(0.948118 -0.0739558 0)
(0.953706 -0.0684702 0)
(0.961171 -0.0633067 0)
(0.965365 -0.0587343 0)
(0.9723 -0.054551 0)
(0.975273 -0.0510088 0)
(0.981971 -0.0479051 0)
(0.983861 -0.0454743 0)
(0.990604 -0.0435252 0)
(0.991502 -0.0422723 0)
(0.998562 -0.0415514 0)
(-0.00179517 0.0287792 0)
(-0.00959577 0.0405086 0)
(-0.0241474 0.0404432 0)
(-0.0356026 0.0380321 0)
(-0.0446923 0.0362013 0)
(-0.0511627 0.0347319 0)
(-0.0553112 0.0332711 0)
(-0.0575329 0.0317432 0)
(-0.0581878 0.0301621 0)
(-0.057552 0.0285517 0)
(-0.0558136 0.0269352 0)
(-0.0531183 0.0253262 0)
(-0.0495899 0.0237414 0)
(-0.0453325 0.0221926 0)
(-0.0404341 0.0206856 0)
(-0.0349676 0.0192229 0)
(-0.028999 0.0178058 0)
(-0.0225693 0.0164255 0)
(-0.0157179 0.0150805 0)
(-0.00847629 0.0137733 0)
(-0.000864897 0.0125032 0)
(0.00710143 0.0112678 0)
(0.0154176 0.0100613 0)
(0.0240901 0.00887298 0)
(0.0331256 0.0076924 0)
(0.0425688 0.00650272 0)
(0.052408 0.00528258 0)
(0.0626752 0.00401912 0)
(0.0734104 0.00270572 0)
(0.0846524 0.00132833 0)
(0.0964399 -0.000133173 0)
(0.108823 -0.00170227 0)
(0.121841 -0.00340193 0)
(0.135556 -0.00525542 0)
(0.150008 -0.00728772 0)
(0.165246 -0.00953264 0)
(0.181363 -0.012017 0)
(0.198416 -0.0147717 0)
(0.21647 -0.0178317 0)
(0.235567 -0.0212475 0)
(0.255787 -0.0250685 0)
(0.277127 -0.0293566 0)
(0.299679 -0.0341567 0)
(0.323351 -0.0395391 0)
(0.348257 -0.0455718 0)
(0.374175 -0.0522886 0)
(0.401223 -0.0597101 0)
(0.429049 -0.0678055 0)
(0.457814 -0.0765418 0)
(0.487032 -0.085813 0)
(0.516934 -0.0955173 0)
(0.546877 -0.105462 0)
(0.577186 -0.115508 0)
(0.607068 -0.125411 0)
(0.636966 -0.135023 0)
(0.66594 -0.144074 0)
(0.694578 -0.152441 0)
(0.721802 -0.159858 0)
(0.748368 -0.166255 0)
(0.773095 -0.171394 0)
(0.796919 -0.175289 0)
(0.818596 -0.177746 0)
(0.839245 -0.178879 0)
(0.857606 -0.178554 0)
(0.874955 -0.176981 0)
(0.890046 -0.174073 0)
(0.904245 -0.170124 0)
(0.916352 -0.165073 0)
(0.927741 -0.15927 0)
(0.937291 -0.152658 0)
(0.946296 -0.145617 0)
(0.953766 -0.138065 0)
(0.960827 -0.130393 0)
(0.966679 -0.122479 0)
(0.972195 -0.114709 0)
(0.976835 -0.106914 0)
(0.981138 -0.0994746 0)
(0.984898 -0.0921731 0)
(0.988246 -0.0853864 0)
(0.991394 -0.0788493 0)
(0.99398 -0.0729413 0)
(0.996725 -0.0673538 0)
(0.998686 -0.0624756 0)
(1.0012 -0.057959 0)
(1.00263 -0.0542092 0)
(1.00504 -0.050843 0)
(1.00599 -0.0482891 0)
(1.00842 -0.0461322 0)
(1.00892 -0.0448288 0)
(1.01145 -0.0439345 0)
(-0.0196471 0.008227 0)
(-0.0379463 0.0319134 0)
(-0.0411936 0.039247 0)
(-0.0433391 0.0400403 0)
(-0.042259 0.0383834 0)
(-0.0388177 0.0356268 0)
(-0.033469 0.0325592 0)
(-0.0265508 0.0295088 0)
(-0.0183218 0.0265824 0)
(-0.00906265 0.0238408 0)
(0.00103996 0.0212657 0)
(0.0118276 0.0188291 0)
(0.0231466 0.0165274 0)
(0.0348866 0.0143547 0)
(0.0469592 0.0123029 0)
(0.0593053 0.010362 0)
(0.0718392 0.00852717 0)
(0.0845673 0.00679343 0)
(0.097463 0.00514291 0)
(0.110496 0.00354975 0)
(0.123661 0.00199446 0)
(0.136952 0.000463221 0)
(0.150372 -0.00105432 0)
(0.163955 -0.00256657 0)
(0.17771 -0.00408735 0)
(0.191685 -0.00563581 0)
(0.205891 -0.00723407 0)
(0.220374 -0.00890688 0)
(0.235188 -0.0106741 0)
(0.250382 -0.0125563 0)
(0.265995 -0.0145745 0)
(0.282082 -0.0167542 0)
(0.298687 -0.0191192 0)
(0.315864 -0.0216971 0)
(0.333661 -0.0245074 0)
(0.352128 -0.0275737 0)
(0.371316 -0.0309241 0)
(0.391267 -0.0345965 0)
(0.412029 -0.0386215 0)
(0.433619 -0.0430411 0)
(0.45608 -0.0478901 0)
(0.479387 -0.053215 0)
(0.503574 -0.0590504 0)
(0.528545 -0.0654362 0)
(0.554314 -0.0723963 0)
(0.580692 -0.0799411 0)
(0.607674 -0.0880524 0)
(0.634962 -0.0966846 0)
(0.662551 -0.105764 0)
(0.690036 -0.115183 0)
(0.717451 -0.124814 0)
(0.74426 -0.134489 0)
(0.770576 -0.144046 0)
(0.795749 -0.153273 0)
(0.82003 -0.161996 0)
(0.842659 -0.169987 0)
(0.864081 -0.177101 0)
(0.883434 -0.183125 0)
(0.901413 -0.187978 0)
(0.917051 -0.191487 0)
(0.93133 -0.193662 0)
(0.943169 -0.194383 0)
(0.95384 -0.193765 0)
(0.962142 -0.191733 0)
(0.969621 -0.188504 0)
(0.974926 -0.184036 0)
(0.97983 -0.178631 0)
(0.982813 -0.172257 0)
(0.985817 -0.165271 0)
(0.987151 -0.157617 0)
(0.988872 -0.149682 0)
(0.989134 -0.141365 0)
(0.990068 -0.133064 0)
(0.989698 -0.124619 0)
(0.990198 -0.116433 0)
(0.989496 -0.108286 0)
(0.989789 -0.10059 0)
(0.98894 -0.0930626 0)
(0.989159 -0.0861305 0)
(0.988268 -0.0794515 0)
(0.98848 -0.073472 0)
(0.987597 -0.0677929 0)
(0.987827 -0.0628894 0)
(0.986968 -0.058307 0)
(0.987215 -0.0545584 0)
(0.986369 -0.0511344 0)
(0.986607 -0.0485944 0)
(0.985746 -0.0463741 0)
(0.985926 -0.0450867 0)
(0.985004 -0.0441089 0)
(-0.0190396 0.108052 0)
(-0.0182299 0.072795 0)
(-0.0113814 0.0580629 0)
(0.00113839 0.0461598 0)
(0.0175257 0.0363362 0)
(0.0360917 0.0287818 0)
(0.0558845 0.0228448 0)
(0.076187 0.0179635 0)
(0.0967688 0.0137571 0)
(0.117158 0.0100442 0)
(0.137381 0.0067577 0)
(0.157423 0.00385214 0)
(0.177157 0.00125447 0)
(0.196568 -0.00110544 0)
(0.215642 -0.00327473 0)
(0.234398 -0.00528472 0)
(0.252813 -0.00715985 0)
(0.270928 -0.00892262 0)
(0.288749 -0.0105953 0)
(0.306285 -0.0122053 0)
(0.323559 -0.0137807 0)
(0.340607 -0.0153455 0)
(0.357466 -0.016919 0)
(0.374192 -0.0185194 0)
(0.390822 -0.0201645 0)
(0.407405 -0.0218773 0)
(0.423986 -0.0236766 0)
(0.440619 -0.0255848 0)
(0.457356 -0.0276267 0)
(0.474255 -0.0298286 0)
(0.49136 -0.0322135 0)
(0.508728 -0.0348057 0)
(0.526394 -0.0376256 0)
(0.544409 -0.0406976 0)
(0.562802 -0.0440406 0)
(0.581614 -0.0476791 0)
(0.600861 -0.051633 0)
(0.620573 -0.0559297 0)
(0.640749 -0.0605887 0)
(0.661395 -0.0656379 0)
(0.682487 -0.0710945 0)
(0.703994 -0.0769849 0)
(0.725866 -0.0833207 0)
(0.748014 -0.0901204 0)
(0.770345 -0.0973781 0)
(0.792707 -0.105085 0)
(0.81497 -0.113195 0)
(0.836907 -0.121652 0)
(0.858369 -0.130359 0)
(0.879065 -0.139209 0)
(0.898864 -0.148058 0)
(0.917412 -0.156755 0)
(0.934661 -0.165124 0)
(0.950222 -0.172987 0)
(0.964188 -0.180163 0)
(0.976133 -0.186478 0)
(0.986361 -0.191787 0)
(0.9944 -0.195948 0)
(1.00082 -0.198882 0)
(1.00507 -0.200499 0)
(1.00803 -0.200812 0)
(1.00897 -0.199782 0)
(1.00912 -0.197522 0)
(1.00753 -0.194025 0)
(1.00571 -0.189488 0)
(1.00241 -0.183923 0)
(0.999464 -0.177601 0)
(0.995224 -0.170514 0)
(0.99184 -0.162986 0)
(0.987247 -0.154959 0)
(0.983913 -0.14679 0)
(0.979343 -0.138353 0)
(0.976341 -0.130035 0)
(0.971985 -0.121631 0)
(0.969438 -0.11356 0)
(0.965352 -0.105537 0)
(0.963281 -0.0980192 0)
(0.959449 -0.0906429 0)
(0.957831 -0.0839093 0)
(0.954201 -0.0773736 0)
(0.953 -0.0715875 0)
(0.949506 -0.066025 0)
(0.948677 -0.0612951 0)
(0.94524 -0.0567901 0)
(0.944736 -0.053185 0)
(0.941264 -0.0497904 0)
(0.941024 -0.0473552 0)
(0.937407 -0.0451082 0)
(0.937351 -0.043878 0)
(0.933457 -0.0428098 0)
(0.0699991 0.00704717 0)
(0.0899945 0.00649751 0)
(0.153745 0.00600386 0)
(0.198757 0.00278613 0)
(0.237683 -0.00155113 0)
(0.273104 -0.00571417 0)
(0.305826 -0.00931797 0)
(0.335721 -0.0123807 0)
(0.363538 -0.0150131 0)
(0.38956 -0.0172942 0)
(0.41413 -0.019303 0)
(0.437481 -0.021095 0)
(0.459694 -0.0227088 0)
(0.480884 -0.024179 0)
(0.50115 -0.0255313 0)
(0.520587 -0.0267886 0)
(0.539262 -0.0279701 0)
(0.557245 -0.0291011 0)
(0.574592 -0.0302053 0)
(0.59136 -0.0313032 0)
(0.607602 -0.0324157 0)
(0.623378 -0.0335646 0)
(0.63875 -0.0347711 0)
(0.653776 -0.0360579 0)
(0.668511 -0.0374465 0)
(0.683008 -0.0389574 0)
(0.697319 -0.0406102 0)
(0.711496 -0.042425 0)
(0.725586 -0.0444221 0)
(0.739638 -0.0466222 0)
(0.753692 -0.0490446 0)
(0.767788 -0.0517097 0)
(0.78195 -0.0546358 0)
(0.796206 -0.0578418 0)
(0.810568 -0.0613431 0)
(0.825049 -0.0651559 0)
(0.839642 -0.0692928 0)
(0.854346 -0.0737687 0)
(0.869128 -0.0785935 0)
(0.883964 -0.0837795 0)
(0.898794 -0.0893316 0)
(0.913563 -0.0952563 0)
(0.928173 -0.101549 0)
(0.942529 -0.108204 0)
(0.956499 -0.115196 0)
(0.969952 -0.122496 0)
(0.982723 -0.130041 0)
(0.994655 -0.137765 0)
(1.00557 -0.145565 0)
(1.0153 -0.153334 0)
(1.02368 -0.160929 0)
(1.03058 -0.168213 0)
(1.03591 -0.175021 0)
(1.03955 -0.181212 0)
(1.04156 -0.186631 0)
(1.04185 -0.191159 0)
(1.04063 -0.19468 0)
(1.03786 -0.19712 0)
(1.03391 -0.19842 0)
(1.02869 -0.198562 0)
(1.02281 -0.197552 0)
(1.01597 -0.195419 0)
(1.00902 -0.192237 0)
(1.00139 -0.188065 0)
(0.994173 -0.183039 0)
(0.986389 -0.177219 0)
(0.979445 -0.170792 0)
(0.971885 -0.163785 0)
(0.965523 -0.156425 0)
(0.958338 -0.148683 0)
(0.952655 -0.140828 0)
(0.945832 -0.13276 0)
(0.940812 -0.124801 0)
(0.934263 -0.116765 0)
(0.929851 -0.109036 0)
(0.923474 -0.101331 0)
(0.919624 -0.0941116 0)
(0.913332 -0.0869832 0)
(0.910032 -0.0804978 0)
(0.903759 -0.0741383 0)
(0.901027 -0.068559 0)
(0.894708 -0.063106 0)
(0.892568 -0.0585507 0)
(0.886118 -0.0540891 0)
(0.88458 -0.0506285 0)
(0.877873 -0.0472035 0)
(0.876924 -0.0448782 0)
(0.869786 -0.0425136 0)
(0.869378 -0.0413468 0)
(0.861591 -0.0400523 0)
(0.773862 -0.00927274 0)
(0.775483 -0.0207374 0)
(0.776385 -0.0269932 0)
(0.77814 -0.030732 0)
(0.781879 -0.033426 0)
(0.787371 -0.0356776 0)
(0.794342 -0.0376138 0)
(0.802155 -0.0392047 0)
(0.810594 -0.0404653 0)
(0.819444 -0.041437 0)
(0.828522 -0.0421955 0)
(0.8377 -0.0428148 0)
(0.846882 -0.043339 0)
(0.855993 -0.0437932 0)
(0.864982 -0.0441956 0)
(0.873809 -0.0445626 0)
(0.882444 -0.0449116 0)
(0.890867 -0.045262 0)
(0.899068 -0.0456343 0)
(0.907045 -0.0460491 0)
(0.914802 -0.0465274 0)
(0.922352 -0.0470913 0)
(0.929711 -0.0477645 0)
(0.936899 -0.0485703 0)
(0.943938 -0.049531 0)
(0.950847 -0.0506661 0)
(0.957648 -0.0519946 0)
(0.96436 -0.0535331 0)
(0.971003 -0.0552984 0)
(0.977592 -0.0573056 0)
(0.984139 -0.0595694 0)
(0.99065 -0.0621034 0)
(0.997126 -0.0649207 0)
(1.00356 -0.0680319 0)
(1.00996 -0.0714467 0)
(1.01629 -0.0751724 0)
(1.02253 -0.0792152 0)
(1.02866 -0.0835791 0)
(1.03463 -0.0882667 0)
(1.0404 -0.0932778 0)
(1.0459 -0.0986088 0)
(1.05107 -0.104251 0)
(1.05583 -0.110189 0)
(1.06009 -0.116396 0)
(1.06375 -0.122838 0)
(1.06672 -0.129464 0)
(1.06888 -0.136213 0)
(1.07016 -0.14301 0)
(1.07045 -0.149761 0)
(1.0697 -0.156366 0)
(1.06783 -0.162706 0)
(1.06485 -0.168669 0)
(1.06075 -0.174127 0)
(1.05559 -0.178974 0)
(1.04943 -0.183098 0)
(1.04241 -0.186416 0)
(1.03464 -0.188841 0)
(1.02629 -0.190335 0)
(1.01753 -0.190852 0)
(1.00848 -0.190398 0)
(0.999355 -0.188969 0)
(0.990129 -0.186612 0)
(0.98109 -0.183358 0)
(0.971982 -0.179284 0)
(0.963214 -0.174452 0)
(0.954249 -0.168944 0)
(0.945737 -0.162842 0)
(0.936792 -0.156221 0)
(0.928442 -0.149193 0)
(0.919356 -0.141807 0)
(0.911092 -0.134211 0)
(0.90175 -0.126415 0)
(0.893589 -0.118617 0)
(0.883969 -0.110766 0)
(0.876027 -0.103127 0)
(0.866179 -0.0955549 0)
(0.858646 -0.088391 0)
(0.848648 -0.0813718 0)
(0.841745 -0.074937 0)
(0.831655 -0.0686762 0)
(0.825602 -0.0631601 0)
(0.815418 -0.0577962 0)
(0.810404 -0.0533224 0)
(0.800025 -0.0489251 0)
(0.796193 -0.0455555 0)
(0.785399 -0.0421392 0)
(0.782843 -0.039897 0)
(0.77129 -0.0374456 0)
(0.770081 -0.0363318 0)
(0.757318 -0.0348087 0)
(1.05727 0.00815741 0)
(1.06039 -0.000272593 0)
(1.06114 -0.00747028 0)
(1.06043 -0.0131693 0)
(1.05959 -0.0178474 0)
(1.05933 -0.0219137 0)
(1.05978 -0.025543 0)
(1.0608 -0.028747 0)
(1.06216 -0.0315221 0)
(1.06371 -0.03389 0)
(1.06537 -0.0358949 0)
(1.06709 -0.0375914 0)
(1.06883 -0.0390316 0)
(1.07058 -0.0402611 0)
(1.07232 -0.0413193 0)
(1.07402 -0.0422414 0)
(1.07567 -0.043061 0)
(1.07725 -0.0438102 0)
(1.07875 -0.0445213 0)
(1.08015 -0.0452257 0)
(1.08147 -0.0459544 0)
(1.08269 -0.0467378 0)
(1.08382 -0.0476061 0)
(1.08486 -0.0485874 0)
(1.08582 -0.0497086 0)
(1.0867 -0.0509932 0)
(1.08751 -0.0524632 0)
(1.08824 -0.0541372 0)
(1.08891 -0.0560331 0)
(1.08951 -0.0581656 0)
(1.09003 -0.0605487 0)
(1.09047 -0.0631925 0)
(1.09083 -0.066106 0)
(1.09108 -0.0692951 0)
(1.09122 -0.0727654 0)
(1.09122 -0.0765193 0)
(1.09107 -0.0805588 0)
(1.09073 -0.0848823 0)
(1.09018 -0.0894875 0)
(1.08939 -0.0943673 0)
(1.0883 -0.0995124 0)
(1.0869 -0.104906 0)
(1.08512 -0.110528 0)
(1.08294 -0.116346 0)
(1.0803 -0.122322 0)
(1.07716 -0.128406 0)
(1.07349 -0.134539 0)
(1.06926 -0.140651 0)
(1.06445 -0.146661 0)
(1.05906 -0.152483 0)
(1.05308 -0.158025 0)
(1.04655 -0.163191 0)
(1.0395 -0.16789 0)
(1.03198 -0.172035 0)
(1.02402 -0.175541 0)
(1.01571 -0.178335 0)
(1.00706 -0.180347 0)
(0.998126 -0.181526 0)
(0.988911 -0.181826 0)
(0.979426 -0.18123 0)
(0.969637 -0.179725 0)
(0.959508 -0.177338 0)
(0.948993 -0.174088 0)
(0.938005 -0.170032 0)
(0.926552 -0.165195 0)
(0.914491 -0.15965 0)
(0.901961 -0.153439 0)
(0.888732 -0.146672 0)
(0.875169 -0.139424 0)
(0.860875 -0.131823 0)
(0.846538 -0.123953 0)
(0.831455 -0.115936 0)
(0.816764 -0.107875 0)
(0.801275 -0.0998752 0)
(0.786742 -0.092061 0)
(0.771256 -0.0844852 0)
(0.757414 -0.0772858 0)
(0.742269 -0.0704278 0)
(0.729584 -0.0640874 0)
(0.714965 -0.0581196 0)
(0.703807 -0.0527811 0)
(0.689716 -0.0477836 0)
(0.680368 -0.043517 0)
(0.666602 -0.0395009 0)
(0.659287 -0.0363292 0)
(0.645409 -0.033258 0)
(0.640323 -0.0311726 0)
(0.625648 -0.0289719 0)
(0.623051 -0.0279461 0)
(0.606645 -0.0265224 0)
(1.08193 -0.00338095 0)
(1.08792 -0.0109984 0)
(1.09223 -0.0183772 0)
(1.09489 -0.0245232 0)
(1.09641 -0.0292939 0)
(1.09739 -0.0330139 0)
(1.09822 -0.0360417 0)
(1.09907 -0.0386038 0)
(1.09993 -0.0407942 0)
(1.10075 -0.0426395 0)
(1.10148 -0.0441538 0)
(1.10212 -0.0453633 0)
(1.10266 -0.0463085 0)
(1.10311 -0.0470366 0)
(1.10348 -0.0475948 0)
(1.10378 -0.0480268 0)
(1.10399 -0.0483727 0)
(1.10411 -0.048669 0)
(1.10414 -0.0489506 0)
(1.10407 -0.0492505 0)
(1.1039 -0.0496007 0)
(1.10362 -0.0500314 0)
(1.10324 -0.0505719 0)
(1.10276 -0.0512488 0)
(1.10217 -0.0520872 0)
(1.10148 -0.0531091 0)
(1.1007 -0.0543343 0)
(1.09981 -0.0557795 0)
(1.09882 -0.0574596 0)
(1.09772 -0.0593861 0)
(1.09652 -0.061569 0)
(1.0952 -0.064015 0)
(1.09377 -0.0667295 0)
(1.09221 -0.0697154 0)
(1.09051 -0.072975 0)
(1.08867 -0.0765078 0)
(1.08666 -0.0803129 0)
(1.08449 -0.0843857 0)
(1.08213 -0.0887209 0)
(1.07956 -0.0933082 0)
(1.07677 -0.098135 0)
(1.07373 -0.103182 0)
(1.07044 -0.108426 0)
(1.06685 -0.113835 0)
(1.06295 -0.11937 0)
(1.05872 -0.124982 0)
(1.05413 -0.130613 0)
(1.04915 -0.136196 0)
(1.04374 -0.141656 0)
(1.03788 -0.14691 0)
(1.03153 -0.151875 0)
(1.02465 -0.156465 0)
(1.01719 -0.160594 0)
(1.0091 -0.164184 0)
(1.00034 -0.167156 0)
(0.990827 -0.169437 0)
(0.98051 -0.170957 0)
(0.969311 -0.171643 0)
(0.95715 -0.171432 0)
(0.943949 -0.170275 0)
(0.929634 -0.168155 0)
(0.914152 -0.165089 0)
(0.897471 -0.161119 0)
(0.879605 -0.156296 0)
(0.860595 -0.150667 0)
(0.840517 -0.144295 0)
(0.819473 -0.137251 0)
(0.797576 -0.129664 0)
(0.775037 -0.121664 0)
(0.751991 -0.113418 0)
(0.728766 -0.10504 0)
(0.705423 -0.0966807 0)
(0.682405 -0.0884254 0)
(0.659585 -0.0804202 0)
(0.637607 -0.0727334 0)
(0.616038 -0.0654941 0)
(0.595847 -0.0587311 0)
(0.576075 -0.0525281 0)
(0.558201 -0.0468649 0)
(0.540459 -0.0417732 0)
(0.525185 -0.037215 0)
(0.50939 -0.0331808 0)
(0.496826 -0.0296598 0)
(0.482598 -0.0265887 0)
(0.472779 -0.0240329 0)
(0.459438 -0.0218212 0)
(0.45246 -0.0201641 0)
(0.438966 -0.0186913 0)
(0.435172 -0.0178788 0)
(0.420012 -0.0170222 0)
(1.07465 -0.0072814 0)
(1.08072 -0.0122778 0)
(1.08565 -0.0174742 0)
(1.08938 -0.0223285 0)
(1.09204 -0.0264905 0)
(1.09396 -0.0299144 0)
(1.09544 -0.0327373 0)
(1.09672 -0.0351208 0)
(1.09788 -0.0371734 0)
(1.09895 -0.0389437 0)
(1.0999 -0.0404465 0)
(1.10071 -0.0416916 0)
(1.10139 -0.0426981 0)
(1.10194 -0.0434972 0)
(1.10236 -0.044127 0)
(1.10266 -0.0446279 0)
(1.10284 -0.0450389 0)
(1.10291 -0.0453969 0)
(1.10284 -0.0457371 0)
(1.10265 -0.0460928 0)
(1.10233 -0.0464959 0)
(1.10188 -0.0469766 0)
(1.10129 -0.0475633 0)
(1.10057 -0.0482821 0)
(1.09972 -0.0491567 0)
(1.09875 -0.0502086 0)
(1.09765 -0.0514567 0)
(1.09642 -0.0529172 0)
(1.09507 -0.0546038 0)
(1.0936 -0.0565269 0)
(1.09199 -0.0586948 0)
(1.09026 -0.0611131 0)
(1.08838 -0.0637858 0)
(1.08636 -0.0667144 0)
(1.08418 -0.0698999 0)
(1.08183 -0.0733403 0)
(1.0793 -0.0770332 0)
(1.07657 -0.0809721 0)
(1.07362 -0.0851499 0)
(1.07042 -0.0895535 0)
(1.06696 -0.0941679 0)
(1.06319 -0.0989706 0)
(1.05908 -0.103935 0)
(1.05459 -0.109027 0)
(1.04967 -0.114204 0)
(1.04426 -0.119415 0)
(1.03831 -0.124601 0)
(1.03172 -0.129691 0)
(1.02443 -0.134608 0)
(1.01633 -0.139264 0)
(1.00732 -0.143571 0)
(0.997282 -0.147436 0)
(0.986102 -0.15077 0)
(0.973659 -0.153489 0)
(0.959845 -0.155516 0)
(0.94456 -0.156785 0)
(0.927719 -0.157222 0)
(0.90926 -0.156757 0)
(0.889122 -0.155311 0)
(0.867272 -0.152828 0)
(0.843691 -0.1493 0)
(0.818406 -0.144775 0)
(0.791499 -0.139342 0)
(0.763131 -0.133091 0)
(0.73354 -0.126116 0)
(0.702977 -0.118515 0)
(0.671696 -0.110399 0)
(0.639946 -0.101922 0)
(0.60804 -0.0932783 0)
(0.576316 -0.0846738 0)
(0.545185 -0.0762763 0)
(0.514965 -0.0682259 0)
(0.486 -0.0606118 0)
(0.458452 -0.0535175 0)
(0.432618 -0.046975 0)
(0.408526 -0.0410418 0)
(0.386481 -0.0357212 0)
(0.366297 -0.0310566 0)
(0.34832 -0.0269956 0)
(0.332025 -0.0235515 0)
(0.317921 -0.020613 0)
(0.305025 -0.0181935 0)
(0.294286 -0.0161482 0)
(0.284016 -0.0145226 0)
(0.276068 -0.0131483 0)
(0.267485 -0.0121196 0)
(0.261917 -0.0112569 0)
(0.253866 -0.010685 0)
(0.250709 -0.0102567 0)
(0.241524 -0.0100504 0)
(1.06826 -0.0147456 0)
(1.07411 -0.0187848 0)
(1.07915 -0.0229586 0)
(1.08331 -0.026993 0)
(1.08662 -0.0306466 0)
(1.08923 -0.0337933 0)
(1.09132 -0.036435 0)
(1.0931 -0.0386459 0)
(1.09468 -0.0405081 0)
(1.09612 -0.0420797 0)
(1.09741 -0.0433917 0)
(1.09855 -0.0444604 0)
(1.09953 -0.0453012 0)
(1.10033 -0.0459367 0)
(1.10097 -0.0463976 0)
(1.10143 -0.0467203 0)
(1.10172 -0.0469432 0)
(1.10183 -0.0471049 0)
(1.10177 -0.0472429 0)
(1.10152 -0.0473935 0)
(1.10109 -0.047591 0)
(1.10048 -0.0478676 0)
(1.09967 -0.048252 0)
(1.09869 -0.0487701 0)
(1.09752 -0.0494451 0)
(1.09616 -0.0502974 0)
(1.09463 -0.051345 0)
(1.09291 -0.052603 0)
(1.09101 -0.054084 0)
(1.08892 -0.0557972 0)
(1.08664 -0.0577495 0)
(1.08414 -0.0599447 0)
(1.08143 -0.0623849 0)
(1.07848 -0.0650693 0)
(1.07528 -0.067996 0)
(1.07178 -0.0711603 0)
(1.06797 -0.0745561 0)
(1.06381 -0.0781737 0)
(1.05926 -0.0820014 0)
(1.05427 -0.0860218 0)
(1.04879 -0.0902142 0)
(1.04275 -0.0945499 0)
(1.0361 -0.0989955 0)
(1.02874 -0.103508 0)
(1.02059 -0.108039 0)
(1.01156 -0.11253 0)
(1.00154 -0.116917 0)
(0.990399 -0.121118 0)
(0.978028 -0.125047 0)
(0.964277 -0.128606 0)
(0.949017 -0.131698 0)
(0.932089 -0.134222 0)
(0.91337 -0.136089 0)
(0.892719 -0.13721 0)
(0.870048 -0.137519 0)
(0.845274 -0.136969 0)
(0.818393 -0.135514 0)
(0.789429 -0.133115 0)
(0.758449 -0.129711 0)
(0.725578 -0.125278 0)
(0.690906 -0.119839 0)
(0.654617 -0.113493 0)
(0.616906 -0.106358 0)
(0.578198 -0.0985851 0)
(0.538968 -0.0903667 0)
(0.499768 -0.0818993 0)
(0.461081 -0.0733538 0)
(0.423315 -0.0649032 0)
(0.386824 -0.0567417 0)
(0.352113 -0.0490273 0)
(0.319723 -0.0419193 0)
(0.290099 -0.0355783 0)
(0.263503 -0.0301015 0)
(0.240002 -0.0255143 0)
(0.219574 -0.0217707 0)
(0.201995 -0.01878 0)
(0.187045 -0.0164021 0)
(0.174364 -0.0145125 0)
(0.163725 -0.0129871 0)
(0.154707 -0.0117569 0)
(0.14717 -0.0107276 0)
(0.140655 -0.00988256 0)
(0.135214 -0.00914327 0)
(0.1303 -0.00854312 0)
(0.126263 -0.00798971 0)
(0.122278 -0.00757734 0)
(0.119234 -0.00716327 0)
(0.115545 -0.00692942 0)
(0.11348 -0.00664501 0)
(0.108907 -0.00653977 0)
(1.0656 -0.0207139 0)
(1.07131 -0.0239657 0)
(1.0764 -0.0272843 0)
(1.0808 -0.0305254 0)
(1.08451 -0.0335428 0)
(1.08758 -0.0362243 0)
(1.09014 -0.0385221 0)
(1.0923 -0.0404481 0)
(1.09419 -0.0420446 0)
(1.09587 -0.0433566 0)
(1.09734 -0.0444167 0)
(1.0986 -0.0452463 0)
(1.09964 -0.045861 0)
(1.10044 -0.0462793 0)
(1.10098 -0.0465256 0)
(1.10126 -0.0466314 0)
(1.10127 -0.0466323 0)
(1.101 -0.0465667 0)
(1.10046 -0.0464732 0)
(1.09963 -0.0463903 0)
(1.09851 -0.0463547 0)
(1.0971 -0.0464011 0)
(1.0954 -0.0465591 0)
(1.09341 -0.046854 0)
(1.09113 -0.0473066 0)
(1.08856 -0.0479356 0)
(1.08569 -0.0487562 0)
(1.08252 -0.0497811 0)
(1.07904 -0.0510198 0)
(1.07523 -0.0524791 0)
(1.07108 -0.0541626 0)
(1.06657 -0.0560709 0)
(1.06165 -0.0582022 0)
(1.05631 -0.0605517 0)
(1.0505 -0.0631126 0)
(1.04417 -0.0658751 0)
(1.03726 -0.0688274 0)
(1.02972 -0.0719539 0)
(1.02147 -0.0752362 0)
(1.01244 -0.0786503 0)
(1.00254 -0.0821676 0)
(0.991685 -0.0857509 0)
(0.979769 -0.0893565 0)
(0.966683 -0.0929304 0)
(0.952307 -0.0964135 0)
(0.936517 -0.0997408 0)
(0.919184 -0.102841 0)
(0.900176 -0.105625 0)
(0.87937 -0.108003 0)
(0.856627 -0.109873 0)
(0.831837 -0.111147 0)
(0.804878 -0.111736 0)
(0.775687 -0.111568 0)
(0.7442 -0.110575 0)
(0.710439 -0.108712 0)
(0.674388 -0.105921 0)
(0.636248 -0.102205 0)
(0.596166 -0.0975422 0)
(0.554582 -0.0919675 0)
(0.511923 -0.0855982 0)
(0.468545 -0.0785474 0)
(0.424893 -0.0709887 0)
(0.38132 -0.0630217 0)
(0.338695 -0.0548933 0)
(0.297704 -0.0467631 0)
(0.259357 -0.0389725 0)
(0.22448 -0.0319606 0)
(0.193479 -0.0261241 0)
(0.166372 -0.0215056 0)
(0.143414 -0.018028 0)
(0.124391 -0.0155037 0)
(0.108865 -0.0136523 0)
(0.0961749 -0.012205 0)
(0.0856292 -0.0110159 0)
(0.07669 -0.0100394 0)
(0.0689753 -0.00925277 0)
(0.0622651 -0.00861612 0)
(0.0563862 -0.00808863 0)
(0.0512389 -0.00761724 0)
(0.0467321 -0.00718718 0)
(0.0428175 -0.00678079 0)
(0.0393696 -0.00640649 0)
(0.0363696 -0.0060488 0)
(0.033674 -0.00573261 0)
(0.0313174 -0.00543147 0)
(0.0290925 -0.00518299 0)
(0.0271487 -0.00492922 0)
(0.0251396 -0.00473976 0)
(0.0235075 -0.00447447 0)
(0.0210449 -0.00443901 0)
(1.06628 -0.0269018 0)
(1.07181 -0.029485 0)
(1.07675 -0.0320836 0)
(1.08105 -0.0346315 0)
(1.08469 -0.0370465 0)
(1.08767 -0.0392436 0)
(1.09008 -0.0411586 0)
(1.09198 -0.0427654 0)
(1.09345 -0.0440713 0)
(1.09454 -0.0451005 0)
(1.09526 -0.0458783 0)
(1.09561 -0.0464246 0)
(1.09557 -0.0467552 0)
(1.09511 -0.0468864 0)
(1.09423 -0.0468391 0)
(1.0929 -0.046641 0)
(1.09111 -0.0463252 0)
(1.08888 -0.0459301 0)
(1.08619 -0.0454949 0)
(1.08304 -0.0450605 0)
(1.07943 -0.0446652 0)
(1.07537 -0.0443469 0)
(1.07086 -0.0441373 0)
(1.06591 -0.0440633 0)
(1.06051 -0.0441456 0)
(1.05467 -0.0444009 0)
(1.04836 -0.0448401 0)
(1.04157 -0.0454717 0)
(1.03429 -0.0462988 0)
(1.02649 -0.0473226 0)
(1.01813 -0.0485398 0)
(1.00918 -0.0499459 0)
(0.999587 -0.051532 0)
(0.989303 -0.0532885 0)
(0.978256 -0.0552015 0)
(0.966387 -0.0572561 0)
(0.953608 -0.0594334 0)
(0.939847 -0.061712 0)
(0.925002 -0.0640671 0)
(0.908991 -0.066469 0)
(0.891702 -0.068884 0)
(0.873043 -0.0712693 0)
(0.852899 -0.0735774 0)
(0.831168 -0.0757458 0)
(0.807745 -0.0777105 0)
(0.782511 -0.0793955 0)
(0.755376 -0.0807158 0)
(0.726269 -0.0815778 0)
(0.695147 -0.0818929 0)
(0.661972 -0.081578 0)
(0.626757 -0.0805721 0)
(0.589517 -0.078826 0)
(0.550416 -0.0763458 0)
(0.509582 -0.0731218 0)
(0.467371 -0.0691669 0)
(0.424022 -0.0644187 0)
(0.379978 -0.0588299 0)
(0.335794 -0.0523254 0)
(0.292405 -0.0451217 0)
(0.250758 -0.0377331 0)
(0.211713 -0.0307555 0)
(0.175998 -0.0247552 0)
(0.144133 -0.0199747 0)
(0.117319 -0.016515 0)
(0.0956545 -0.01399 0)
(0.0784135 -0.011971 0)
(0.0644612 -0.0102752 0)
(0.0527634 -0.00889768 0)
(0.0424815 -0.00789212 0)
(0.0334319 -0.00737529 0)
(0.025496 -0.00710562 0)
(0.0186496 -0.00680758 0)
(0.0127305 -0.00636163 0)
(0.00757252 -0.00579899 0)
(0.00303983 -0.00522103 0)
(-0.000979885 -0.00472881 0)
(-0.00455945 -0.00437308 0)
(-0.00775715 -0.00415288 0)
(-0.0106434 -0.00402352 0)
(-0.0132705 -0.00395029 0)
(-0.0156658 -0.00389742 0)
(-0.0178647 -0.00384475 0)
(-0.0198837 -0.0037752 0)
(-0.0217591 -0.00369164 0)
(-0.0234942 -0.0035834 0)
(-0.0251339 -0.00346286 0)
(-0.0266512 -0.00331392 0)
(-0.0281159 -0.00316399 0)
(-0.0295174 -0.00302329 0)
(-0.031003 -0.00310553 0)
(1.06586 -0.0311178 0)
(1.0698 -0.0331057 0)
(1.0729 -0.0350739 0)
(1.07511 -0.0369955 0)
(1.07639 -0.0388165 0)
(1.07676 -0.0404697 0)
(1.07626 -0.0418956 0)
(1.07493 -0.0430539 0)
(1.07284 -0.0439321 0)
(1.07003 -0.0445363 0)
(1.06652 -0.0448824 0)
(1.06234 -0.0449871 0)
(1.0575 -0.0448672 0)
(1.05199 -0.0445387 0)
(1.04583 -0.044022 0)
(1.03903 -0.0433424 0)
(1.0316 -0.0425333 0)
(1.02358 -0.041632 0)
(1.01498 -0.0406812 0)
(1.00582 -0.0397221 0)
(0.996127 -0.038796 0)
(0.985904 -0.0379391 0)
(0.975171 -0.0371869 0)
(0.963942 -0.0365723 0)
(0.952219 -0.03612 0)
(0.939996 -0.035846 0)
(0.927254 -0.0357564 0)
(0.913975 -0.0358513 0)
(0.900121 -0.0361233 0)
(0.88566 -0.0365626 0)
(0.870541 -0.0371545 0)
(0.854719 -0.0378848 0)
(0.838126 -0.0387346 0)
(0.820709 -0.0396874 0)
(0.802384 -0.0407208 0)
(0.783094 -0.0418159 0)
(0.762744 -0.0429462 0)
(0.741279 -0.0440899 0)
(0.718592 -0.0452158 0)
(0.694642 -0.0462983 0)
(0.669322 -0.0473001 0)
(0.642612 -0.0481897 0)
(0.614417 -0.0489198 0)
(0.584762 -0.0494447 0)
(0.553631 -0.0496983 0)
(0.521022 -0.0495764 0)
(0.486982 -0.0489633 0)
(0.451644 -0.0477521 0)
(0.415165 -0.0458558 0)
(0.377779 -0.0432392 0)
(0.339787 -0.0398946 0)
(0.301481 -0.0359175 0)
(0.263388 -0.0315239 0)
(0.226005 -0.0269797 0)
(0.190274 -0.0226445 0)
(0.157113 -0.0188111 0)
(0.127359 -0.0154579 0)
(0.102103 -0.0126848 0)
(0.081326 -0.0103847 0)
(0.0642706 -0.00840192 0)
(0.0500153 -0.00672726 0)
(0.0378706 -0.0055384 0)
(0.0271291 -0.00505476 0)
(0.0176658 -0.00524891 0)
(0.0095376 -0.00556359 0)
(0.00266339 -0.00532104 0)
(-0.00317992 -0.00440302 0)
(-0.00817678 -0.0032399 0)
(-0.0125081 -0.00236848 0)
(-0.0163019 -0.00195397 0)
(-0.0197235 -0.00188351 0)
(-0.0228618 -0.00197952 0)
(-0.0257343 -0.00206988 0)
(-0.0283323 -0.00208499 0)
(-0.0306713 -0.00204282 0)
(-0.032794 -0.00198766 0)
(-0.0347555 -0.00195141 0)
(-0.036599 -0.00194826 0)
(-0.0383552 -0.00197837 0)
(-0.0400451 -0.0020257 0)
(-0.041679 -0.00207237 0)
(-0.0432621 -0.00210804 0)
(-0.0447929 -0.00212448 0)
(-0.0462723 -0.00211859 0)
(-0.047694 -0.00208722 0)
(-0.0490526 -0.00203852 0)
(-0.0503266 -0.00197743 0)
(-0.0515393 -0.0019301 0)
(-0.0527451 -0.00193062 0)
(-0.0537846 -0.00203089 0)
(1.02374 -0.036938 0)
(1.01874 -0.0375344 0)
(1.0124 -0.0381273 0)
(1.0047 -0.0387037 0)
(0.995681 -0.0392206 0)
(0.985396 -0.039627 0)
(0.973924 -0.0398753 0)
(0.961378 -0.0399308 0)
(0.947858 -0.0397692 0)
(0.933472 -0.0393809 0)
(0.918331 -0.0387697 0)
(0.902532 -0.0379476 0)
(0.886169 -0.0369316 0)
(0.86932 -0.0357399 0)
(0.852067 -0.0343944 0)
(0.834481 -0.0329205 0)
(0.816639 -0.0313499 0)
(0.798598 -0.029718 0)
(0.780422 -0.028065 0)
(0.762144 -0.0264297 0)
(0.743807 -0.024851 0)
(0.725411 -0.0233603 0)
(0.706965 -0.0219877 0)
(0.688471 -0.0207591 0)
(0.669924 -0.0196935 0)
(0.651306 -0.0188015 0)
(0.632588 -0.0180852 0)
(0.613732 -0.0175384 0)
(0.594689 -0.017149 0)
(0.575407 -0.0168996 0)
(0.555828 -0.0167701 0)
(0.535896 -0.0167381 0)
(0.515549 -0.0167799 0)
(0.494734 -0.016871 0)
(0.473395 -0.0169859 0)
(0.451488 -0.0170989 0)
(0.42897 -0.0171836 0)
(0.405822 -0.0172153 0)
(0.382019 -0.0171678 0)
(0.357584 -0.0170206 0)
(0.332523 -0.0167511 0)
(0.306935 -0.0163506 0)
(0.280862 -0.0158038 0)
(0.254563 -0.0151252 0)
(0.228269 -0.0143057 0)
(0.202254 -0.0133202 0)
(0.176862 -0.0121649 0)
(0.152535 -0.0108479 0)
(0.129688 -0.00942831 0)
(0.108684 -0.00786008 0)
(0.0898771 -0.00623713 0)
(0.0732059 -0.00467391 0)
(0.0585331 -0.00322397 0)
(0.0456399 -0.00206116 0)
(0.034332 -0.00142229 0)
(0.0244034 -0.00150464 0)
(0.0154101 -0.00225258 0)
(0.00750049 -0.00326678 0)
(0.000663839 -0.00373383 0)
(-0.0050845 -0.0032146 0)
(-0.00971784 -0.00197168 0)
(-0.0133836 -0.000689319 0)
(-0.0164187 -1.09247e-05 0)
(-0.019153 2.20379e-05 0)
(-0.0218002 -0.000248501 0)
(-0.0243298 -0.000445673 0)
(-0.0265172 -0.000415268 0)
(-0.0282387 -0.000239056 0)
(-0.0295603 -0.000108664 0)
(-0.0306581 -0.000105349 0)
(-0.0317025 -0.000228922 0)
(-0.0327822 -0.000386161 0)
(-0.0339003 -0.000496103 0)
(-0.0350195 -0.000540784 0)
(-0.0361039 -0.000543765 0)
(-0.0371411 -0.000538356 0)
(-0.0381413 -0.000546066 0)
(-0.0391249 -0.00057036 0)
(-0.0401118 -0.000608496 0)
(-0.041115 -0.000654262 0)
(-0.0421384 -0.000699962 0)
(-0.0431792 -0.000740036 0)
(-0.0442299 -0.000770447 0)
(-0.0452812 -0.00078962 0)
(-0.0463211 -0.000797353 0)
(-0.0473341 -0.000799666 0)
(-0.048305 -0.000810341 0)
(-0.0492618 -0.000858175 0)
(-0.050278 -0.000954382 0)
(-0.0511606 -0.0010492 0)
(0.714569 -0.020704 0)
(0.685516 -0.0202933 0)
(0.656331 -0.0198972 0)
(0.627036 -0.0195104 0)
(0.597681 -0.0191088 0)
(0.568352 -0.0186622 0)
(0.539161 -0.0181409 0)
(0.510286 -0.0175238 0)
(0.481884 -0.0167866 0)
(0.454128 -0.0159157 0)
(0.427185 -0.0149117 0)
(0.40121 -0.0137876 0)
(0.376343 -0.0125653 0)
(0.352703 -0.0112722 0)
(0.330384 -0.00993826 0)
(0.30946 -0.00859631 0)
(0.289974 -0.00728065 0)
(0.271938 -0.00602629 0)
(0.25533 -0.00486589 0)
(0.240091 -0.00382803 0)
(0.226135 -0.0029329 0)
(0.213344 -0.0021927 0)
(0.201597 -0.00160032 0)
(0.190764 -0.00113848 0)
(0.180712 -0.000789104 0)
(0.171307 -0.000536241 0)
(0.162418 -0.000364817 0)
(0.153922 -0.000259268 0)
(0.145708 -0.000203185 0)
(0.137683 -0.000179969 0)
(0.12977 -0.000173437 0)
(0.12191 -0.000168378 0)
(0.114064 -0.000150747 0)
(0.106209 -0.000108043 0)
(0.0983418 -2.96452e-05 0)
(0.090476 9.25857e-05 0)
(0.08264 0.000263566 0)
(0.0748771 0.000484195 0)
(0.0672403 0.000749979 0)
(0.0597918 0.00105019 0)
(0.0525936 0.00136556 0)
(0.0457079 0.00166797 0)
(0.0391768 0.00191611 0)
(0.0330274 0.00205538 0)
(0.0272394 0.00200524 0)
(0.0217605 0.00169764 0)
(0.0165245 0.00111852 0)
(0.011489 0.000328378 0)
(0.00663939 -0.000522307 0)
(0.00189332 -0.00120952 0)
(-0.0025605 -0.00167345 0)
(-0.00643841 -0.00177497 0)
(-0.009459 -0.0014391 0)
(-0.0115018 -0.00077757 0)
(-0.0126319 -7.14014e-06 0)
(-0.013203 0.000624514 0)
(-0.0137116 0.00092533 0)
(-0.0145333 0.000991748 0)
(-0.01573 0.000927233 0)
(-0.0169219 0.000850878 0)
(-0.0176899 0.000797016 0)
(-0.0178851 0.000713776 0)
(-0.017681 0.000536976 0)
(-0.0174435 0.000290164 0)
(-0.0174435 3.78118e-05 0)
(-0.0176855 -9.31538e-05 0)
(-0.0179897 -7.95558e-05 0)
(-0.0181853 1.74692e-05 0)
(-0.0182324 0.000111473 0)
(-0.0182049 0.000156605 0)
(-0.0182034 0.000146793 0)
(-0.0182868 0.000106708 0)
(-0.0184574 6.14878e-05 0)
(-0.0186841 2.65324e-05 0)
(-0.0189346 5.40546e-06 0)
(-0.0191916 -5.78243e-06 0)
(-0.0194535 -1.31433e-05 0)
(-0.0197273 -2.1225e-05 0)
(-0.0200213 -3.18862e-05 0)
(-0.020342 -4.46854e-05 0)
(-0.0206917 -5.81463e-05 0)
(-0.0210687 -7.09744e-05 0)
(-0.0214687 -8.21815e-05 0)
(-0.0218857 -9.13329e-05 0)
(-0.0223131 -9.82486e-05 0)
(-0.0227437 -0.000104702 0)
(-0.0231756 -0.000118319 0)
(-0.0236394 -0.000156814 0)
(-0.0242278 -0.000225905 0)
(-0.0249 -0.000283184 0)
)
;

boundaryField
{
    fixedWalls
    {
        type            noSlip;
    }
    inflowWall
    {
        type            fixedValue;
        value           uniform (1 0 0);
    }
    outflowWall
    {
        type            zeroGradient;
    }
    frontAndBack
    {
        type            empty;
    }
}


// ************************************************************************* //
