/*--------------------------------*- C++ -*----------------------------------*\
| =========                 |                                                 |
| \\      /  F ield         | OpenFOAM: The Open Source CFD Toolbox           |
|  \\    /   O peration     | Version:  2306                                  |
|   \\  /    A nd           | Website:  www.openfoam.com                      |
|    \\/     M anipulation  |                                                 |
\*---------------------------------------------------------------------------*/
FoamFile
{
    version     2.0;
    format      ascii;
    arch        "LSB;label=32;scalar=64";
    class       surfaceScalarField;
    location    "3.79";
    object      phi;
}
// * * * * * * * * * * * * * * * * * * * * * * * * * * * * * * * * * * * * * //

dimensions      [0 3 -1 0 0 0 0];

oriented        oriented;

internalField   nonuniform List<scalar> 
3680
(
4.9347e-05
6.52963e-07
4.79742e-05
1.37284e-06
4.66981e-05
1.27606e-06
4.52612e-05
1.4369e-06
4.41238e-05
1.13744e-06
4.27205e-05
1.40333e-06
4.17376e-05
9.82911e-07
4.04373e-05
1.30028e-06
3.9808e-05
6.2927e-07
9.8366e-07
3.88244e-05
5.03392e-05
3.13768e-07
5.0868e-05
8.44079e-07
5.11323e-05
1.01174e-06
5.14657e-05
1.10352e-06
5.15934e-05
1.00973e-06
5.19771e-05
1.01964e-06
5.20628e-05
8.97204e-07
5.25154e-05
8.47627e-07
5.25102e-05
6.34454e-07
4.27125e-07
5.30668e-05
5.01633e-05
1.5047e-07
5.05554e-05
4.51927e-07
5.09761e-05
5.91114e-07
5.14198e-05
6.59776e-07
5.18171e-05
6.12453e-07
5.22683e-05
5.68452e-07
5.26955e-05
4.69982e-07
5.31645e-05
3.78647e-07
5.35815e-05
2.17428e-07
4.68147e-09
5.4004e-05
5.00932e-05
5.72481e-08
5.03764e-05
1.6874e-07
5.07341e-05
2.33426e-07
5.11462e-05
2.47652e-07
5.15498e-05
2.08835e-07
5.19724e-05
1.45842e-07
5.23836e-05
5.88404e-08
5.28128e-05
-5.05491e-08
5.32235e-05
-1.93245e-07
-3.64345e-07
5.35925e-05
5.00738e-05
-1.65431e-08
5.02913e-05
-4.87263e-08
5.0611e-05
-8.63645e-08
5.09887e-05
-1.29951e-07
5.13802e-05
-1.82666e-07
5.17742e-05
-2.48178e-07
5.21651e-05
-3.32056e-07
5.25511e-05
-4.36595e-07
5.29204e-05
-5.6254e-07
-7.09645e-07
5.32657e-05
5.00732e-05
-8.96999e-08
5.02829e-05
-2.58441e-07
5.05976e-05
-4.01142e-07
5.0965e-05
-4.97344e-07
5.1344e-05
-5.61657e-07
5.1721e-05
-6.2519e-07
5.20906e-05
-7.01612e-07
5.24512e-05
-7.97207e-07
5.28003e-05
-9.11614e-07
-1.04059e-06
5.31312e-05
5.00942e-05
-1.83879e-07
5.03555e-05
-5.19748e-07
5.0698e-05
-7.43691e-07
5.10678e-05
-8.67124e-07
5.144e-05
-9.33806e-07
5.18034e-05
-9.8867e-07
5.21597e-05
-1.05791e-06
5.25105e-05
-1.14798e-06
5.28506e-05
-1.25174e-06
-1.36104e-06
5.31711e-05
5.01664e-05
-3.50329e-07
5.05179e-05
-8.71208e-07
5.09205e-05
-1.1463e-06
5.12991e-05
-1.24568e-06
5.16476e-05
-1.28231e-06
5.19845e-05
-1.32563e-06
5.23178e-05
-1.39121e-06
5.26385e-05
-1.46864e-06
5.29327e-05
-1.54591e-06
-1.61757e-06
5.31892e-05
5.03676e-05
-7.17912e-07
5.08003e-05
-1.3039e-06
5.10988e-05
-1.44482e-06
5.1276e-05
-1.4229e-06
5.14042e-05
-1.41048e-06
5.15023e-05
-1.42379e-06
5.1553e-05
-1.4419e-06
5.15395e-05
-1.45515e-06
5.14535e-05
-1.45989e-06
-1.45951e-06
5.12955e-05
4.92821e-05
4.79782e-05
4.65334e-05
4.51105e-05
4.37e-05
4.22762e-05
4.08343e-05
3.93791e-05
3.79193e-05
3.64597e-05
1.42361e-08
-1.42361e-08
1.05685e-08
3.6677e-09
-8.02634e-09
1.85948e-08
-3.61165e-08
2.80901e-08
-7.09682e-08
3.48517e-08
-1.11337e-07
4.03686e-08
-1.56859e-07
4.55218e-08
-2.07287e-07
5.04279e-08
-2.62325e-07
5.50382e-08
-3.21639e-07
5.93141e-08
-3.84873e-07
6.3234e-08
-4.51664e-07
6.67909e-08
-5.21654e-07
6.99898e-08
-5.94497e-07
7.28432e-08
-6.69867e-07
7.53702e-08
-7.47462e-07
7.75948e-08
-8.27009e-07
7.95469e-08
-9.08271e-07
8.12621e-08
-9.91052e-07
8.27816e-08
-1.07521e-06
8.41588e-08
-1.16067e-06
8.54582e-08
-1.24742e-06
8.67494e-08
-1.33552e-06
8.8102e-08
-1.42511e-06
8.95847e-08
-1.51637e-06
9.12648e-08
-1.60958e-06
9.32058e-08
-1.70503e-06
9.54587e-08
-1.80309e-06
9.80584e-08
-1.90412e-06
1.01029e-07
-2.00852e-06
1.04394e-07
-2.11673e-06
1.08211e-07
-2.22937e-06
1.1264e-07
-2.3474e-06
1.18038e-07
-2.47242e-06
1.2502e-07
-2.60693e-06
1.34508e-07
-2.7547e-06
1.47765e-07
-2.92106e-06
1.66364e-07
-3.11311e-06
1.92052e-07
-3.33959e-06
2.26476e-07
-3.61032e-06
2.70728e-07
-3.93506e-06
3.24745e-07
-4.32177e-06
3.86706e-07
-4.77443e-06
4.52667e-07
-5.29098e-06
5.16552e-07
-5.86225e-06
5.7126e-07
-6.47211e-06
6.09862e-07
-7.09853e-06
6.26421e-07
-7.71563e-06
6.17102e-07
-8.29623e-06
5.80596e-07
-8.81531e-06
5.19085e-07
-9.2487e-06
4.33393e-07
-9.57483e-06
3.26123e-07
-9.78105e-06
2.06225e-07
-9.85477e-06
7.37206e-08
-9.79099e-06
-6.37836e-08
-9.59258e-06
-1.98408e-07
-9.2597e-06
-3.32883e-07
-8.79693e-06
-4.6277e-07
-8.21124e-06
-5.85687e-07
-7.518e-06
-6.93243e-07
-6.72662e-06
-7.91378e-07
-5.85201e-06
-8.74605e-07
-4.9086e-06
-9.43411e-07
-3.91225e-06
-9.96351e-07
-2.87813e-06
-1.03412e-06
-1.82335e-06
-1.05478e-06
-7.61913e-07
-1.06144e-06
2.9322e-07
-1.05513e-06
1.32979e-06
-1.03657e-06
2.33725e-06
-1.00745e-06
3.30532e-06
-9.68076e-07
4.22741e-06
-9.2209e-07
5.09641e-06
-8.68993e-07
5.90881e-06
-8.1241e-07
6.6598e-06
-7.50983e-07
7.35e-06
-6.90207e-07
7.97692e-06
-6.2692e-07
8.54444e-06
-5.6752e-07
9.05162e-06
-5.07178e-07
9.50519e-06
-4.53568e-07
9.905e-06
-3.99813e-07
1.02603e-05
-3.55318e-07
1.0571e-05
-3.10682e-07
1.08487e-05
-2.77743e-07
1.10925e-05
-2.43799e-07
1.13168e-05
-2.2427e-07
1.15179e-05
-2.0109e-07
1.17136e-05
-1.95689e-07
1.18983e-05
-1.84681e-07
-2.02254e-07
-1.10729e-08
-3.16336e-09
-6.47789e-08
5.73737e-08
-1.48066e-07
1.01882e-07
-2.52812e-07
1.32836e-07
-3.74199e-07
1.56239e-07
-5.09983e-07
1.76153e-07
-6.58617e-07
1.94156e-07
-8.18702e-07
2.10513e-07
-9.88897e-07
2.25233e-07
-1.16792e-06
2.38337e-07
-1.35455e-06
2.49867e-07
-1.54766e-06
2.59901e-07
-1.74621e-06
2.68534e-07
-1.94925e-06
2.75889e-07
-2.15599e-06
2.82108e-07
-2.36575e-06
2.87349e-07
-2.57798e-06
2.91781e-07
-2.79231e-06
2.95594e-07
-3.00852e-06
2.98989e-07
-3.22655e-06
3.02189e-07
-3.44653e-06
3.05444e-07
-3.66879e-06
3.09007e-07
-3.89382e-06
3.13132e-07
-4.1223e-06
3.18066e-07
-4.3551e-06
3.24057e-07
-4.59324e-06
3.31353e-07
-4.83797e-06
3.40184e-07
-5.09066e-06
3.50752e-07
-5.35288e-06
3.63248e-07
-5.62635e-06
3.77865e-07
-5.91297e-06
3.94832e-07
-6.21482e-06
4.14485e-07
-6.53417e-06
4.37388e-07
-6.8735e-06
4.64351e-07
-7.23534e-06
4.96346e-07
-7.622e-06
5.34424e-07
-8.03521e-06
5.79574e-07
-8.47559e-06
6.3243e-07
-8.94202e-06
6.92907e-07
-9.43103e-06
7.59742e-07
-9.93631e-06
8.30023e-07
-1.04483e-05
8.98705e-07
-1.09543e-05
9.58655e-07
-1.14386e-05
1.00086e-06
-1.18836e-05
1.01622e-06
-1.22711e-05
9.97383e-07
-1.25832e-05
9.38581e-07
-1.28032e-05
8.37062e-07
-1.29156e-05
6.92993e-07
-1.29072e-05
5.10676e-07
-1.27679e-05
2.94069e-07
-1.24841e-05
4.23699e-08
-1.2067e-05
-2.10872e-07
-1.15154e-05
-4.77946e-07
-1.08266e-05
-7.52543e-07
-1.00012e-05
-1.02381e-06
-9.04727e-06
-1.28681e-06
-7.97456e-06
-1.53548e-06
-6.79129e-06
-1.76895e-06
-5.51507e-06
-1.96947e-06
-4.15671e-06
-2.14974e-06
-2.73151e-06
-2.29981e-06
-1.25426e-06
-2.42066e-06
2.58207e-07
-2.50882e-06
1.79015e-06
-2.56606e-06
3.3294e-06
-2.59404e-06
4.86304e-06
-2.59508e-06
6.37699e-06
-2.56908e-06
7.86036e-06
-2.51994e-06
9.30243e-06
-2.44953e-06
1.06954e-05
-2.36101e-06
1.20313e-05
-2.25803e-06
1.3305e-05
-2.1427e-06
1.45123e-05
-2.01971e-06
1.56512e-05
-1.88981e-06
1.67198e-05
-1.75881e-06
1.77185e-05
-1.62568e-06
1.8648e-05
-1.49697e-06
1.95105e-05
-1.3697e-06
2.03084e-05
-1.25144e-06
2.10456e-05
-1.13703e-06
2.17257e-05
-1.03545e-06
2.2354e-05
-9.39005e-07
2.2935e-05
-8.58679e-07
2.34749e-05
-7.83697e-07
2.39786e-05
-7.27985e-07
2.44542e-05
-6.76699e-07
2.4907e-05
-6.4855e-07
2.53449e-05
-6.22527e-07
-6.19776e-07
-4.99706e-08
4.68072e-08
-1.86232e-07
1.93635e-07
-3.68084e-07
2.83734e-07
-5.7666e-07
3.41412e-07
-8.03226e-07
3.82805e-07
-1.04543e-06
4.18352e-07
-1.30183e-06
4.50563e-07
-1.57003e-06
4.78705e-07
-1.8475e-06
5.02713e-07
-2.13195e-06
5.22787e-07
-2.4213e-06
5.3921e-07
-2.71371e-06
5.52315e-07
-3.00766e-06
5.62483e-07
-3.30189e-06
5.70119e-07
-3.59541e-06
5.75632e-07
-3.88749e-06
5.79427e-07
-4.17761e-06
5.81899e-07
-4.46547e-06
5.83453e-07
-4.75093e-06
5.84452e-07
-5.03403e-06
5.8529e-07
-5.31499e-06
5.86397e-07
-5.59414e-06
5.88159e-07
-5.87193e-06
5.90921e-07
-6.14885e-06
5.94985e-07
-6.42541e-06
6.00619e-07
-6.70212e-06
6.08066e-07
-6.97945e-06
6.1751e-07
-7.25773e-06
6.29039e-07
-7.53716e-06
6.42678e-07
-7.81771e-06
6.58408e-07
-8.09906e-06
6.76186e-07
-8.3805e-06
6.95924e-07
-8.66097e-06
7.17864e-07
-8.93903e-06
7.42411e-07
-9.21262e-06
7.69933e-07
-9.47886e-06
8.00666e-07
-9.73392e-06
8.34632e-07
-9.97277e-06
8.71279e-07
-1.0189e-05
9.09167e-07
-1.0375e-05
9.4573e-07
-1.05222e-05
9.77164e-07
-1.06199e-05
9.96482e-07
-1.06581e-05
9.96816e-07
-1.06264e-05
9.69195e-07
-1.05146e-05
9.04363e-07
-1.03145e-05
7.97302e-07
-1.00195e-05
6.43617e-07
-9.62548e-06
4.43017e-07
-9.12717e-06
1.94681e-07
-8.5224e-06
-9.40956e-08
-7.81602e-06
-4.12315e-07
-7.01397e-06
-7.59672e-07
-6.09898e-06
-1.12586e-06
-5.07994e-06
-1.49699e-06
-3.96418e-06
-1.86831e-06
-2.75773e-06
-2.23026e-06
-1.46673e-06
-2.57781e-06
-9.68986e-08
-2.90531e-06
1.33111e-06
-3.19696e-06
2.81849e-06
-3.45685e-06
4.35112e-06
-3.68236e-06
5.91552e-06
-3.86421e-06
7.50202e-06
-4.00717e-06
9.09696e-06
-4.10375e-06
1.06914e-05
-4.16048e-06
1.22704e-05
-4.17304e-06
1.38249e-05
-4.14958e-06
1.53433e-05
-4.08752e-06
1.68187e-05
-3.99535e-06
1.82419e-05
-3.87271e-06
1.9609e-05
-3.72808e-06
2.09133e-05
-3.56235e-06
2.21539e-05
-3.3833e-06
2.33268e-05
-3.19255e-06
2.44335e-05
-2.99657e-06
2.5472e-05
-2.79729e-06
2.6446e-05
-2.5997e-06
2.73549e-05
-2.40583e-06
2.82041e-05
-2.21896e-06
2.8994e-05
-2.04131e-06
2.97314e-05
-1.87443e-06
3.04171e-05
-1.7211e-06
3.10589e-05
-1.5809e-06
3.1658e-05
-1.45772e-06
3.22231e-05
-1.34878e-06
3.27551e-05
-1.26005e-06
3.32641e-05
-1.18568e-06
3.37502e-05
-1.1346e-06
3.42236e-05
-1.09595e-06
-1.08696e-06
-1.37972e-07
1.84779e-07
-3.91483e-07
4.47146e-07
-6.84233e-07
5.76484e-07
-9.94221e-07
6.51401e-07
-1.31941e-06
7.07998e-07
-1.65724e-06
7.5618e-07
-2.00278e-06
7.961e-07
-2.3514e-06
8.27323e-07
-2.69916e-06
8.50475e-07
-3.04309e-06
8.66721e-07
-3.3808e-06
8.7692e-07
-3.71041e-06
8.81919e-07
-4.03057e-06
8.82641e-07
-4.34034e-06
8.79892e-07
-4.6391e-06
8.74397e-07
-4.92648e-06
8.66809e-07
-5.20229e-06
8.57702e-07
-5.46642e-06
8.47586e-07
-5.71892e-06
8.36948e-07
-5.95989e-06
8.26259e-07
-6.18944e-06
8.15949e-07
-6.40766e-06
8.06387e-07
-6.6146e-06
7.97854e-07
-6.81016e-06
7.90544e-07
-6.99411e-06
7.84574e-07
-7.16606e-06
7.80017e-07
-7.32547e-06
7.76912e-07
-7.47152e-06
7.75093e-07
-7.60314e-06
7.74301e-07
-7.71894e-06
7.74206e-07
-7.81718e-06
7.74429e-07
-7.89582e-06
7.74565e-07
-7.95224e-06
7.74283e-07
-7.98329e-06
7.73453e-07
-7.98546e-06
7.7211e-07
-7.95466e-06
7.69857e-07
-7.88604e-06
7.6602e-07
-7.77411e-06
7.59345e-07
-7.61269e-06
7.47752e-07
-7.395e-06
7.28036e-07
-7.1135e-06
6.95666e-07
-6.76211e-06
6.45088e-07
-6.33591e-06
5.70622e-07
-5.83154e-06
4.64817e-07
-5.24499e-06
3.17822e-07
-4.57439e-06
1.26694e-07
-3.82095e-06
-1.09821e-07
-2.98806e-06
-3.89874e-07
-2.0769e-06
-7.16473e-07
-1.08912e-06
-1.08187e-06
-2.31513e-08
-1.47829e-06
1.1178e-06
-1.90062e-06
2.3268e-06
-2.33487e-06
3.60241e-06
-2.77259e-06
4.94195e-06
-3.20785e-06
6.33992e-06
-3.62823e-06
7.79143e-06
-4.02932e-06
9.28555e-06
-4.39943e-06
1.08218e-05
-4.73322e-06
1.23856e-05
-5.02069e-06
1.3969e-05
-5.26567e-06
1.55604e-05
-5.45567e-06
1.71498e-05
-5.59655e-06
1.87256e-05
-5.67959e-06
2.02787e-05
-5.71357e-06
2.1798e-05
-5.69233e-06
2.32759e-05
-5.62745e-06
2.47033e-05
-5.51498e-06
2.60757e-05
-5.36768e-06
2.73861e-05
-5.18318e-06
2.8633e-05
-4.97495e-06
2.9812e-05
-4.74135e-06
3.09241e-05
-4.49542e-06
3.19671e-05
-4.23556e-06
3.29443e-05
-3.9737e-06
3.38548e-05
-3.70786e-06
3.47037e-05
-3.44856e-06
3.54913e-05
-3.19342e-06
3.62236e-05
-2.95127e-06
3.69018e-05
-2.7195e-06
3.75326e-05
-2.50521e-06
3.81174e-05
-2.30597e-06
3.86636e-05
-2.12704e-06
3.91726e-05
-1.96673e-06
3.9652e-05
-1.82822e-06
4.01033e-05
-1.71136e-06
4.05345e-05
-1.6168e-06
4.09468e-05
-1.5469e-06
4.13504e-05
-1.49959e-06
-1.48303e-06
-1.94875e-07
3.79654e-07
-5.64984e-07
8.17255e-07
-9.82653e-07
9.94153e-07
-1.41001e-06
1.07876e-06
-1.83103e-06
1.12902e-06
-2.23704e-06
1.16219e-06
-2.62426e-06
1.18332e-06
-2.99154e-06
1.1946e-06
-3.33706e-06
1.196e-06
-3.65928e-06
1.18894e-06
-3.95745e-06
1.17509e-06
-4.23139e-06
1.15586e-06
-4.48128e-06
1.13252e-06
-4.70754e-06
1.10616e-06
-4.9108e-06
1.07766e-06
-5.09174e-06
1.04774e-06
-5.25103e-06
1.017e-06
-5.38928e-06
9.85838e-07
-5.50701e-06
9.5468e-07
-5.60467e-06
9.23916e-07
-5.68258e-06
8.93858e-07
-5.74092e-06
8.64726e-07
-5.77968e-06
8.36614e-07
-5.79864e-06
8.09506e-07
-5.79735e-06
7.83286e-07
-5.77509e-06
7.57754e-07
-5.73101e-06
7.32833e-07
-5.66402e-06
7.08102e-07
-5.57272e-06
6.83001e-07
-5.45542e-06
6.56911e-07
-5.31014e-06
6.29146e-07
-5.13455e-06
5.98975e-07
-4.92591e-06
5.6564e-07
-4.68076e-06
5.28303e-07
-4.39562e-06
4.86967e-07
-4.06654e-06
4.40783e-07
-3.68902e-06
3.88494e-07
-3.25813e-06
3.28457e-07
-2.7687e-06
2.58325e-07
-2.21545e-06
1.74782e-07
-1.59287e-06
7.30872e-08
-8.97753e-07
-5.00263e-08
-1.30911e-07
-1.9622e-07
7.12227e-07
-3.78321e-07
1.62908e-06
-5.9903e-07
2.61682e-06
-8.61045e-07
3.67328e-06
-1.16628e-06
4.79703e-06
-1.51363e-06
5.98282e-06
-1.90227e-06
7.22649e-06
-2.32554e-06
8.52562e-06
-2.77742e-06
9.87395e-06
-3.24895e-06
1.12711e-05
-3.73205e-06
1.27127e-05
-4.21413e-06
1.41943e-05
-4.68947e-06
1.57099e-05
-5.1438e-06
1.72528e-05
-5.57226e-06
1.88138e-05
-5.96044e-06
2.03862e-05
-6.30559e-06
2.19595e-05
-6.59406e-06
2.35229e-05
-6.82898e-06
2.50664e-05
-6.99921e-06
2.65804e-05
-7.11053e-06
2.80556e-05
-7.15481e-06
2.94842e-05
-7.14214e-06
3.08588e-05
-7.06697e-06
3.21741e-05
-6.94277e-06
3.34251e-05
-6.76593e-06
3.46094e-05
-6.55201e-06
3.57245e-05
-6.29828e-06
3.67709e-05
-6.02133e-06
3.77479e-05
-5.71832e-06
3.86582e-05
-5.40572e-06
3.95024e-05
-5.07979e-06
4.02849e-05
-4.75621e-06
4.1007e-05
-4.42998e-06
4.16742e-05
-4.11572e-06
4.22879e-05
-3.80715e-06
4.28544e-05
-3.51775e-06
4.3375e-05
-3.24013e-06
4.38565e-05
-2.98669e-06
4.42998e-05
-2.74929e-06
4.47121e-05
-2.53933e-06
4.50937e-05
-2.34836e-06
4.54523e-05
-2.18684e-06
4.57875e-05
-2.04651e-06
4.61076e-05
-1.9369e-06
4.64113e-05
-1.85066e-06
4.67081e-05
-1.79634e-06
-1.7731e-06
-4.22033e-07
8.01687e-07
-9.62447e-07
1.35767e-06
-1.45613e-06
1.48783e-06
-1.89146e-06
1.51409e-06
-2.28994e-06
1.52749e-06
-2.65647e-06
1.52873e-06
-2.9862e-06
1.51305e-06
-3.2729e-06
1.4813e-06
-3.51295e-06
1.43605e-06
-3.70835e-06
1.38434e-06
-3.862e-06
1.32874e-06
-3.97679e-06
1.27064e-06
-4.05551e-06
1.21125e-06
-4.10081e-06
1.15146e-06
-4.11509e-06
1.09193e-06
-4.10047e-06
1.03312e-06
-4.05883e-06
9.75362e-07
-3.99169e-06
9.18691e-07
-3.90023e-06
8.63224e-07
-3.78542e-06
8.09111e-07
-3.64796e-06
7.56396e-07
-3.48826e-06
7.05027e-07
-3.30644e-06
6.54787e-07
-3.10227e-06
6.05336e-07
-2.87528e-06
5.56296e-07
-2.62455e-06
5.0703e-07
-2.34927e-06
4.5755e-07
-2.04816e-06
4.06996e-07
-1.71969e-06
3.54531e-07
-1.36212e-06
2.9934e-07
-9.7346e-07
2.40486e-07
-5.51351e-07
1.76866e-07
-9.29048e-08
1.07194e-07
4.05867e-07
2.95309e-08
9.46799e-07
-5.39639e-08
1.53334e-06
-1.45756e-07
2.17013e-06
-2.48302e-07
2.8615e-06
-3.62912e-07
3.6116e-06
-4.91776e-07
4.42424e-06
-6.3785e-07
5.30157e-06
-8.04243e-07
6.24636e-06
-9.94817e-07
7.26252e-06
-1.21238e-06
8.34767e-06
-1.46347e-06
9.4997e-06
-1.75106e-06
1.07155e-05
-2.07682e-06
1.19911e-05
-2.44188e-06
1.33218e-05
-2.84439e-06
1.4702e-05
-3.28242e-06
1.61261e-05
-3.74963e-06
1.75888e-05
-4.24016e-06
1.90837e-05
-4.74385e-06
2.06049e-05
-5.25328e-06
2.21461e-05
-5.7553e-06
2.36991e-05
-6.24241e-06
2.52555e-05
-6.70029e-06
2.68057e-05
-7.12246e-06
2.83401e-05
-7.49484e-06
2.98485e-05
-7.81393e-06
3.13215e-05
-8.06712e-06
3.27489e-05
-8.25631e-06
3.41227e-05
-8.373e-06
3.54357e-05
-8.42353e-06
3.66828e-05
-8.40195e-06
3.78598e-05
-8.31915e-06
3.89643e-05
-8.1715e-06
3.99952e-05
-7.97358e-06
4.09524e-05
-7.72313e-06
4.18375e-05
-7.43715e-06
4.26526e-05
-7.1134e-06
4.34013e-05
-6.76997e-06
4.40865e-05
-6.40351e-06
4.47129e-05
-6.03219e-06
4.52839e-05
-5.6508e-06
4.58048e-05
-5.27705e-06
4.62784e-05
-4.9036e-06
4.67103e-05
-4.54763e-06
4.71028e-05
-4.19965e-06
4.74615e-05
-3.87644e-06
4.77878e-05
-3.56647e-06
4.80875e-05
-3.28639e-06
4.83611e-05
-3.02285e-06
4.86144e-05
-2.79268e-06
4.88471e-05
-2.58099e-06
4.90653e-05
-2.40509e-06
4.92676e-05
-2.2488e-06
4.94609e-05
-2.13017e-06
4.96423e-05
-2.0321e-06
4.98197e-05
-1.97374e-06
-1.94215e-06
-2.66724e-07
1.06841e-06
-8.6366e-07
1.95461e-06
-1.48565e-06
2.10982e-06
-2.00689e-06
2.03533e-06
-2.39984e-06
1.92044e-06
-2.66701e-06
1.7959e-06
-2.82601e-06
1.67204e-06
-2.89689e-06
1.55218e-06
-2.89702e-06
1.43618e-06
-2.83733e-06
1.32465e-06
-2.72608e-06
1.21749e-06
-2.56983e-06
1.11439e-06
-2.37419e-06
1.0156e-06
-2.14394e-06
9.21218e-07
-1.88312e-06
8.31115e-07
-1.59502e-06
7.45018e-07
-1.28243e-06
6.62769e-07
-9.47347e-07
5.83607e-07
-5.91406e-07
5.07283e-07
-2.15868e-07
4.33573e-07
1.78443e-07
3.62085e-07
5.91115e-07
2.92355e-07
1.02224e-06
2.23664e-07
1.47225e-06
1.5532e-07
1.94206e-06
8.64949e-08
2.43356e-06
1.55297e-08
2.94646e-06
-5.53544e-08
3.48277e-06
-1.29319e-07
4.04464e-06
-2.07334e-07
4.63414e-06
-2.90159e-07
5.25351e-06
-3.78889e-07
5.90518e-06
-4.74804e-07
6.59152e-06
-5.79141e-07
7.3141e-06
-6.93057e-07
8.07748e-06
-8.17344e-07
8.88533e-06
-9.53601e-07
9.74055e-06
-1.10352e-06
1.06466e-05
-1.26897e-06
1.16066e-05
-1.45181e-06
1.26234e-05
-1.65463e-06
1.3699e-05
-1.87985e-06
1.48349e-05
-2.13066e-06
1.60318e-05
-2.40933e-06
1.72874e-05
-2.71905e-06
1.85983e-05
-3.062e-06
1.99604e-05
-3.43889e-06
2.13678e-05
-3.84924e-06
2.2814e-05
-4.29062e-06
2.42911e-05
-4.75956e-06
2.57911e-05
-5.24957e-06
2.73044e-05
-5.75351e-06
2.8822e-05
-6.2614e-06
3.03333e-05
-6.76462e-06
3.18289e-05
-7.25086e-06
3.32975e-05
-7.71102e-06
3.47291e-05
-8.13189e-06
3.61125e-05
-8.50592e-06
3.74391e-05
-8.82138e-06
3.86995e-05
-9.0743e-06
3.9887e-05
-9.25463e-06
4.09949e-05
-9.36429e-06
4.20202e-05
-9.39827e-06
4.2961e-05
-9.36429e-06
4.38182e-05
-9.25921e-06
4.45934e-05
-9.09433e-06
4.52901e-05
-8.86823e-06
4.59125e-05
-8.59595e-06
4.64659e-05
-8.27655e-06
4.69561e-05
-7.92733e-06
4.7389e-05
-7.54633e-06
4.77709e-05
-7.15187e-06
4.81073e-05
-6.73991e-06
4.84041e-05
-6.329e-06
4.86658e-05
-5.91247e-06
4.88976e-05
-5.50887e-06
4.91028e-05
-5.10873e-06
4.92858e-05
-4.73071e-06
4.94488e-05
-4.36257e-06
4.95956e-05
-4.02332e-06
4.97272e-05
-3.69806e-06
4.98474e-05
-3.40652e-06
4.99558e-05
-3.13126e-06
5.00562e-05
-2.89314e-06
5.01475e-05
-2.67232e-06
5.02337e-05
-2.49121e-06
5.03125e-05
-2.32763e-06
5.03884e-05
-2.20603e-06
5.04582e-05
-2.1019e-06
5.05263e-05
-2.04191e-06
-2.00207e-06
-1.49743e-06
2.56584e-06
-1.94991e-06
2.40708e-06
-2.11666e-06
2.27657e-06
-2.13437e-06
2.05305e-06
-2.02243e-06
1.80849e-06
-1.80442e-06
1.57789e-06
-1.49946e-06
1.36709e-06
-1.12185e-06
1.17457e-06
-6.84291e-07
9.98621e-07
-1.99001e-07
8.39361e-07
3.24765e-07
6.93729e-07
8.79397e-07
5.5976e-07
1.4583e-06
4.36701e-07
2.05645e-06
3.23065e-07
2.67008e-06
2.17484e-07
3.29612e-06
1.18979e-07
3.93163e-06
2.72567e-08
4.57695e-06
-6.17061e-08
5.23062e-06
-1.46393e-07
5.8916e-06
-2.27406e-07
6.55975e-06
-3.06063e-07
7.23489e-06
-3.8279e-07
7.91826e-06
-4.59707e-07
8.61111e-06
-5.37522e-07
9.31463e-06
-6.17029e-07
1.00294e-05
-6.99261e-07
1.0759e-05
-7.8492e-07
1.15051e-05
-8.75456e-07
1.22699e-05
-9.72118e-07
1.30558e-05
-1.07607e-06
1.38653e-05
-1.18841e-06
1.47009e-05
-1.31042e-06
1.5565e-05
-1.44323e-06
1.64602e-05
-1.58825e-06
1.73894e-05
-1.74652e-06
1.83552e-05
-1.91939e-06
1.93599e-05
-2.10821e-06
2.04057e-05
-2.31476e-06
2.14944e-05
-2.5405e-06
2.26272e-05
-2.78748e-06
2.38047e-05
-3.05733e-06
2.50262e-05
-3.35216e-06
2.62899e-05
-3.67307e-06
2.75923e-05
-4.02143e-06
2.8928e-05
-4.39766e-06
3.02905e-05
-4.80142e-06
3.16718e-05
-5.23048e-06
3.30627e-05
-5.68159e-06
3.44534e-05
-6.15021e-06
3.58329e-05
-6.62909e-06
3.71888e-05
-7.10943e-06
3.85099e-05
-7.58248e-06
3.97839e-05
-8.03858e-06
4.10001e-05
-8.46706e-06
4.21473e-05
-8.85827e-06
4.32173e-05
-9.20184e-06
4.42017e-05
-9.49034e-06
4.50958e-05
-9.71545e-06
4.58952e-05
-9.87372e-06
4.66001e-05
-9.95959e-06
4.72103e-05
-9.97445e-06
4.77289e-05
-9.91692e-06
4.81616e-05
-9.79697e-06
4.8516e-05
-9.61363e-06
4.87993e-05
-9.37762e-06
4.90205e-05
-9.08944e-06
4.91879e-05
-8.76331e-06
4.93104e-05
-8.39901e-06
4.93958e-05
-8.01277e-06
4.94517e-05
-7.60224e-06
4.94847e-05
-7.18483e-06
4.95e-05
-6.75526e-06
4.95028e-05
-6.33176e-06
4.94961e-05
-5.90579e-06
4.94837e-05
-5.49649e-06
4.9467e-05
-5.09198e-06
4.94488e-05
-4.71249e-06
4.94289e-05
-4.34275e-06
4.941e-05
-4.00435e-06
4.93906e-05
-3.67869e-06
4.93732e-05
-3.38912e-06
4.93557e-05
-3.11372e-06
4.93405e-05
-2.87798e-06
4.93248e-05
-2.65664e-06
4.93114e-05
-2.47779e-06
4.92966e-05
-2.31282e-06
4.92835e-05
-2.1929e-06
4.92677e-05
-2.0862e-06
4.92534e-05
-2.02753e-06
-1.97869e-06
-8.97359e-07
3.4632e-06
-7.43572e-07
2.2533e-06
-2.52449e-07
1.78545e-06
4.61255e-07
1.33934e-06
1.33245e-06
9.37295e-07
2.29507e-06
6.15274e-07
3.30283e-06
3.59327e-07
4.32851e-06
1.48891e-07
5.35745e-06
-3.03172e-08
6.37576e-06
-1.78947e-07
7.38445e-06
-3.14966e-07
8.38192e-06
-4.37705e-07
9.36432e-06
-5.45702e-07
1.03306e-05
-6.43228e-07
1.12808e-05
-7.32654e-07
1.2215e-05
-8.15314e-07
1.31347e-05
-8.92434e-07
1.40389e-05
-9.65916e-07
1.4929e-05
-1.03643e-06
1.58062e-05
-1.10464e-06
1.66719e-05
-1.17174e-06
1.75285e-05
-1.23938e-06
1.83777e-05
-1.30894e-06
1.92217e-05
-1.38152e-06
2.00628e-05
-1.45811e-06
2.09034e-05
-1.5399e-06
2.17465e-05
-1.62798e-06
2.25946e-05
-1.72352e-06
2.34502e-05
-1.82772e-06
2.43159e-05
-1.94183e-06
2.51944e-05
-2.06684e-06
2.60877e-05
-2.2038e-06
2.69982e-05
-2.35373e-06
2.79278e-05
-2.51779e-06
2.88782e-05
-2.69692e-06
2.9851e-05
-2.89218e-06
3.08472e-05
-3.1045e-06
3.18676e-05
-3.33509e-06
3.29119e-05
-3.58487e-06
3.39795e-05
-3.85501e-06
3.50686e-05
-4.1465e-06
3.61769e-05
-4.46046e-06
3.72999e-05
-4.79605e-06
3.8432e-05
-5.15355e-06
3.95662e-05
-5.53183e-06
4.0694e-05
-5.92924e-06
4.1806e-05
-6.34239e-06
4.28916e-05
-6.76722e-06
4.39391e-05
-7.19774e-06
4.49372e-05
-7.62721e-06
4.5875e-05
-8.04718e-06
4.6742e-05
-8.44953e-06
4.75286e-05
-8.82515e-06
4.82272e-05
-9.1657e-06
4.88317e-05
-9.46274e-06
4.93392e-05
-9.7093e-06
4.97481e-05
-9.89931e-06
5.00609e-05
-1.00282e-05
5.02808e-05
-1.00936e-05
5.04151e-05
-1.00939e-05
5.04716e-05
-1.00309e-05
5.04608e-05
-9.9062e-06
5.03923e-05
-9.72843e-06
5.02781e-05
-9.49947e-06
5.01279e-05
-9.22738e-06
4.99526e-05
-8.91417e-06
4.976e-05
-8.5707e-06
4.95586e-05
-8.19763e-06
4.93537e-05
-7.80786e-06
4.91509e-05
-7.39947e-06
4.89532e-05
-6.98706e-06
4.87632e-05
-6.56529e-06
4.85821e-05
-6.1507e-06
4.84107e-05
-5.73433e-06
4.82493e-05
-5.3351e-06
4.80973e-05
-4.93999e-06
4.79552e-05
-4.57043e-06
4.78213e-05
-4.20883e-06
4.76966e-05
-3.8796e-06
4.75783e-05
-3.56037e-06
4.74682e-05
-3.27905e-06
4.73626e-05
-3.00815e-06
4.72643e-05
-2.77968e-06
4.71683e-05
-2.56066e-06
4.70784e-05
-2.38788e-06
4.69882e-05
-2.22262e-06
4.69025e-05
-2.10721e-06
4.68133e-05
-1.99697e-06
4.67263e-05
-1.94055e-06
-1.8856e-06
3.66042e-06
-1.97218e-07
6.3887e-06
-4.74985e-07
8.80287e-06
-6.28724e-07
1.09277e-05
-7.85532e-07
1.28062e-05
-9.41202e-07
1.45025e-05
-1.08102e-06
1.60613e-05
-1.19943e-06
1.74995e-05
-1.28927e-06
1.88435e-05
-1.37436e-06
2.01149e-05
-1.45037e-06
2.13178e-05
-1.51783e-06
2.24588e-05
-1.57876e-06
2.3547e-05
-1.63381e-06
2.45877e-05
-1.68396e-06
2.55852e-05
-1.73018e-06
2.65434e-05
-1.77348e-06
2.74657e-05
-1.81472e-06
2.83547e-05
-1.85495e-06
2.92135e-05
-1.89519e-06
3.00452e-05
-1.9364e-06
3.08531e-05
-1.97965e-06
3.164e-05
-2.02625e-06
3.24085e-05
-2.07743e-06
3.31614e-05
-2.13439e-06
3.39014e-05
-2.19819e-06
3.46315e-05
-2.26993e-06
3.53541e-05
-2.35061e-06
3.60718e-05
-2.44124e-06
3.67869e-05
-2.54281e-06
3.75017e-05
-2.65663e-06
3.8218e-05
-2.78318e-06
3.89374e-05
-2.92313e-06
3.9661e-05
-3.07737e-06
4.03899e-05
-3.24663e-06
4.11245e-05
-3.43152e-06
4.18649e-05
-3.63265e-06
4.26109e-05
-3.8505e-06
4.33614e-05
-4.08558e-06
4.41148e-05
-4.33825e-06
4.48686e-05
-4.60882e-06
4.56194e-05
-4.8973e-06
4.63624e-05
-5.20342e-06
4.70925e-05
-5.52619e-06
4.78034e-05
-5.86441e-06
4.84876e-05
-6.21607e-06
4.9137e-05
-6.57861e-06
4.97428e-05
-6.94825e-06
5.02962e-05
-7.32061e-06
5.07884e-05
-7.68996e-06
5.12115e-05
-8.05029e-06
5.15589e-05
-8.3945e-06
5.18252e-05
-8.71583e-06
5.2007e-05
-9.00695e-06
5.21031e-05
-9.26187e-06
5.21151e-05
-9.47471e-06
5.20471e-05
-9.64132e-06
5.19053e-05
-9.75753e-06
5.16985e-05
-9.82142e-06
5.1436e-05
-9.83112e-06
5.1129e-05
-9.7869e-06
5.07885e-05
-9.69033e-06
5.04267e-05
-9.54437e-06
5.00512e-05
-9.35293e-06
4.96715e-05
-9.11985e-06
4.92936e-05
-8.84945e-06
4.89241e-05
-8.54461e-06
4.85646e-05
-8.21123e-06
4.82188e-05
-7.85187e-06
4.78858e-05
-7.47482e-06
4.75675e-05
-7.08118e-06
4.72614e-05
-6.681e-06
4.69686e-05
-6.27244e-06
4.66858e-05
-5.86793e-06
4.6414e-05
-5.46248e-06
4.61505e-05
-5.07159e-06
4.58963e-05
-4.68583e-06
4.56497e-05
-4.32385e-06
4.54116e-05
-3.97067e-06
4.51809e-05
-3.64895e-06
4.49579e-05
-3.33736e-06
4.47426e-05
-3.06373e-06
4.45337e-05
-2.79931e-06
4.43325e-05
-2.57845e-06
4.41357e-05
-2.36388e-06
4.39459e-05
-2.19807e-06
4.37574e-05
-2.0341e-06
4.35745e-05
-1.92431e-06
4.33881e-05
-1.81055e-06
4.32043e-05
-1.75677e-06
-1.69733e-06
3.86185e-05
8.61828e-09
3.85892e-05
-4.45688e-07
3.87313e-05
-7.70833e-07
3.896e-05
-1.01424e-06
3.92374e-05
-1.21853e-06
3.95575e-05
-1.40117e-06
3.99217e-05
-1.56365e-06
4.03316e-05
-1.69915e-06
4.0767e-05
-1.80976e-06
4.12174e-05
-1.90079e-06
4.16763e-05
-1.97673e-06
4.2138e-05
-2.04047e-06
4.25985e-05
-2.09431e-06
4.30546e-05
-2.14004e-06
4.35038e-05
-2.17934e-06
4.39441e-05
-2.21381e-06
4.43744e-05
-2.24499e-06
4.47938e-05
-2.27441e-06
4.52022e-05
-2.30357e-06
4.55998e-05
-2.33394e-06
4.5987e-05
-2.36692e-06
4.63647e-05
-2.40389e-06
4.67335e-05
-2.44624e-06
4.70944e-05
-2.49529e-06
4.74484e-05
-2.55224e-06
4.77967e-05
-2.61819e-06
4.81402e-05
-2.69413e-06
4.848e-05
-2.781e-06
4.88168e-05
-2.87966e-06
4.91511e-05
-2.99088e-06
4.94832e-05
-3.11527e-06
4.98134e-05
-3.25334e-06
5.01416e-05
-3.40557e-06
5.04673e-05
-3.57239e-06
5.07899e-05
-3.75412e-06
5.11083e-05
-3.95097e-06
5.14208e-05
-4.16308e-06
5.17257e-05
-4.39047e-06
5.20205e-05
-4.63303e-06
5.23021e-05
-4.89045e-06
5.25671e-05
-5.16221e-06
5.28111e-05
-5.44742e-06
5.30297e-05
-5.74484e-06
5.3218e-05
-6.05269e-06
5.33707e-05
-6.36877e-06
5.34824e-05
-6.69034e-06
5.35482e-05
-7.01403e-06
5.35633e-05
-7.33576e-06
5.35243e-05
-7.65094e-06
5.34286e-05
-7.95454e-06
5.32753e-05
-8.24124e-06
5.30652e-05
-8.50573e-06
5.28008e-05
-8.74254e-06
5.24859e-05
-8.94693e-06
5.21269e-05
-9.11573e-06
5.17311e-05
-9.24549e-06
5.13066e-05
-9.33305e-06
5.08618e-05
-9.37665e-06
5.04048e-05
-9.37408e-06
4.99425e-05
-9.32468e-06
4.94801e-05
-9.22793e-06
4.90214e-05
-9.08566e-06
4.85678e-05
-8.89928e-06
4.81202e-05
-8.67229e-06
4.76776e-05
-8.4068e-06
4.72396e-05
-8.10664e-06
4.68031e-05
-7.77475e-06
4.63676e-05
-7.41631e-06
4.59297e-05
-7.03697e-06
4.54908e-05
-6.64225e-06
4.50482e-05
-6.23844e-06
4.4605e-05
-5.82925e-06
4.41592e-05
-5.42208e-06
4.37154e-05
-5.0187e-06
4.3272e-05
-4.62814e-06
4.28347e-05
-4.24861e-06
4.24018e-05
-3.89089e-06
4.19794e-05
-3.54832e-06
4.15651e-05
-3.23458e-06
4.11647e-05
-2.93702e-06
4.07748e-05
-2.67385e-06
4.04005e-05
-2.425e-06
4.00373e-05
-2.21519e-06
3.96885e-05
-2.01511e-06
3.93496e-05
-1.85918e-06
3.90219e-05
-1.7064e-06
3.87016e-05
-1.60401e-06
3.83869e-05
-1.49583e-06
3.80759e-05
-1.44582e-06
-1.38197e-06
5.29891e-05
8.62336e-08
5.28965e-05
-3.53045e-07
5.28686e-05
-7.42914e-07
5.28933e-05
-1.03898e-06
5.29398e-05
-1.265e-06
5.29889e-05
-1.45024e-06
5.30368e-05
-1.6116e-06
5.30913e-05
-1.75359e-06
5.31569e-05
-1.87539e-06
5.32331e-05
-1.97706e-06
5.33169e-05
-2.06046e-06
5.34048e-05
-2.12842e-06
5.34944e-05
-2.18387e-06
5.35837e-05
-2.22938e-06
5.36715e-05
-2.26713e-06
5.37567e-05
-2.29902e-06
5.38386e-05
-2.32683e-06
5.39165e-05
-2.35231e-06
5.399e-05
-2.37711e-06
5.4059e-05
-2.40292e-06
5.41234e-05
-2.43129e-06
5.41832e-05
-2.46373e-06
5.42386e-05
-2.50166e-06
5.42898e-05
-2.54646e-06
5.43369e-05
-2.59934e-06
5.43802e-05
-2.66143e-06
5.44197e-05
-2.73365e-06
5.44556e-05
-2.81689e-06
5.44878e-05
-2.91186e-06
5.45161e-05
-3.01919e-06
5.45402e-05
-3.1394e-06
5.45598e-05
-3.27292e-06
5.45742e-05
-3.42004e-06
5.45829e-05
-3.581e-06
5.45847e-05
-3.75594e-06
5.45786e-05
-3.94491e-06
5.45634e-05
-4.14784e-06
5.45375e-05
-4.36455e-06
5.44992e-05
-4.59473e-06
5.44466e-05
-4.83787e-06
5.43776e-05
-5.09326e-06
5.42901e-05
-5.35989e-06
5.41817e-05
-5.63647e-06
5.40501e-05
-5.9211e-06
5.3893e-05
-6.21167e-06
5.37086e-05
-6.50588e-06
5.34953e-05
-6.80073e-06
5.32521e-05
-7.0926e-06
5.29789e-05
-7.37768e-06
5.26759e-05
-7.65156e-06
5.23445e-05
-7.90986e-06
5.19866e-05
-8.14782e-06
5.16049e-05
-8.36089e-06
5.12026e-05
-8.54457e-06
5.07819e-05
-8.69509e-06
5.03452e-05
-8.80874e-06
4.98944e-05
-8.88219e-06
4.94304e-05
-8.91268e-06
4.89534e-05
-8.89713e-06
4.84617e-05
-8.83297e-06
4.79529e-05
-8.71916e-06
4.74241e-05
-8.5568e-06
4.68724e-05
-8.34763e-06
4.62946e-05
-8.09445e-06
4.56881e-05
-7.8003e-06
4.50527e-05
-7.47127e-06
4.43888e-05
-7.11085e-06
4.36983e-05
-6.72581e-06
4.29836e-05
-6.32221e-06
4.22493e-05
-5.90798e-06
4.14995e-05
-5.48857e-06
4.07413e-05
-5.07105e-06
3.99794e-05
-4.66019e-06
3.92224e-05
-4.26176e-06
3.84737e-05
-3.8794e-06
3.77418e-05
-3.51671e-06
3.70276e-05
-3.17672e-06
3.63398e-05
-2.86054e-06
3.56764e-05
-2.57115e-06
3.50457e-05
-2.30628e-06
3.4442e-05
-2.07014e-06
3.38736e-05
-1.85669e-06
3.3331e-05
-1.67255e-06
3.28222e-05
-1.50631e-06
3.23344e-05
-1.37138e-06
3.18762e-05
-1.24818e-06
3.1432e-05
-1.15982e-06
3.10109e-05
-1.07475e-06
3.0596e-05
-1.0309e-06
-9.75137e-07
5.43242e-05
-2.34025e-07
5.45057e-05
-5.34539e-07
5.46098e-05
-8.46968e-07
5.46972e-05
-1.12639e-06
5.47842e-05
-1.352e-06
5.48646e-05
-1.53068e-06
5.49311e-05
-1.67808e-06
5.49825e-05
-1.80501e-06
5.5023e-05
-1.91591e-06
5.50574e-05
-2.01142e-06
5.50883e-05
-2.09139e-06
5.51165e-05
-2.15664e-06
5.51417e-05
-2.20902e-06
5.51632e-05
-2.25086e-06
5.51805e-05
-2.28444e-06
5.51933e-05
-2.31185e-06
5.52014e-05
-2.33497e-06
5.52047e-05
-2.35559e-06
5.5203e-05
-2.3754e-06
5.51962e-05
-2.39609e-06
5.51842e-05
-2.41927e-06
5.51669e-05
-2.4465e-06
5.51445e-05
-2.47923e-06
5.51169e-05
-2.51885e-06
5.50841e-05
-2.56655e-06
5.50461e-05
-2.62346e-06
5.5003e-05
-2.6905e-06
5.49546e-05
-2.76851e-06
5.49009e-05
-2.85814e-06
5.48416e-05
-2.95997e-06
5.47767e-05
-3.07443e-06
5.47057e-05
-3.20191e-06
5.46283e-05
-3.34263e-06
5.4544e-05
-3.49675e-06
5.44524e-05
-3.66432e-06
5.43528e-05
-3.84533e-06
5.42446e-05
-4.03962e-06
5.4127e-05
-4.24695e-06
5.39991e-05
-4.46688e-06
5.38601e-05
-4.69886e-06
5.37089e-05
-4.94208e-06
5.35445e-05
-5.19547e-06
5.33656e-05
-5.4576e-06
5.31711e-05
-5.72658e-06
5.29597e-05
-6.00025e-06
5.27299e-05
-6.27605e-06
5.24802e-05
-6.55102e-06
5.2209e-05
-6.82145e-06
5.19147e-05
-7.08337e-06
5.15953e-05
-7.33218e-06
5.12488e-05
-7.56337e-06
5.08731e-05
-7.77209e-06
5.0466e-05
-7.95382e-06
5.00251e-05
-8.10368e-06
4.95474e-05
-8.21733e-06
4.90292e-05
-8.29052e-06
4.84666e-05
-8.31962e-06
4.78551e-05
-8.30118e-06
4.71901e-05
-8.23218e-06
4.64678e-05
-8.11061e-06
4.5686e-05
-7.93734e-06
4.48444e-05
-7.71524e-06
4.39438e-05
-7.44705e-06
4.29844e-05
-7.13501e-06
4.19682e-05
-6.7841e-06
4.0901e-05
-6.40412e-06
3.97918e-05
-6.00167e-06
3.86502e-05
-5.58422e-06
3.74867e-05
-5.15865e-06
3.63109e-05
-4.73224e-06
3.51337e-05
-4.31134e-06
3.39664e-05
-3.90372e-06
3.28205e-05
-3.51433e-06
3.17071e-05
-3.14831e-06
3.06345e-05
-2.80686e-06
2.96108e-05
-2.49301e-06
2.86405e-05
-2.2064e-06
2.77291e-05
-1.94918e-06
2.68771e-05
-1.7191e-06
2.60878e-05
-1.51702e-06
2.5357e-05
-1.33933e-06
2.46867e-05
-1.18634e-06
2.40682e-05
-1.05409e-06
2.35045e-05
-9.4264e-07
2.29821e-05
-8.48917e-07
2.2506e-05
-7.72074e-07
2.20575e-05
-7.11355e-07
2.16456e-05
-6.62893e-07
2.12462e-05
-6.31427e-07
-6.04711e-07
5.39216e-05
-5.6316e-07
5.41752e-05
-7.88158e-07
5.43571e-05
-1.02887e-06
5.44912e-05
-1.26041e-06
5.46015e-05
-1.46236e-06
5.46998e-05
-1.62893e-06
5.47868e-05
-1.76516e-06
5.4861e-05
-1.87918e-06
5.49221e-05
-1.97703e-06
5.49722e-05
-2.06144e-06
5.50137e-05
-2.13294e-06
5.50488e-05
-2.19171e-06
5.50783e-05
-2.2385e-06
5.51022e-05
-2.27483e-06
5.51204e-05
-2.30262e-06
5.51325e-05
-2.32393e-06
5.51382e-05
-2.34071e-06
5.51375e-05
-2.35484e-06
5.51302e-05
-2.36807e-06
5.51162e-05
-2.38213e-06
5.50956e-05
-2.39864e-06
5.50683e-05
-2.41922e-06
5.50344e-05
-2.44534e-06
5.49939e-05
-2.4784e-06
5.4947e-05
-2.51961e-06
5.48936e-05
-2.57007e-06
5.48338e-05
-2.63072e-06
5.47677e-05
-2.70237e-06
5.46951e-05
-2.78559e-06
5.46161e-05
-2.8809e-06
5.45303e-05
-2.98863e-06
5.44375e-05
-3.1091e-06
5.43372e-05
-3.24241e-06
5.42291e-05
-3.38865e-06
5.41126e-05
-3.54776e-06
5.39868e-05
-3.71961e-06
5.38511e-05
-3.9039e-06
5.37044e-05
-4.10025e-06
5.35456e-05
-4.30806e-06
5.33733e-05
-4.52656e-06
5.31859e-05
-4.7547e-06
5.29817e-05
-4.9912e-06
5.27584e-05
-5.23431e-06
5.25137e-05
-5.48189e-06
5.22447e-05
-5.73126e-06
5.1948e-05
-5.9794e-06
5.16198e-05
-6.22283e-06
5.12558e-05
-6.45739e-06
5.08509e-05
-6.67844e-06
5.03995e-05
-6.88083e-06
4.98958e-05
-7.05965e-06
4.93337e-05
-7.20999e-06
4.87075e-05
-7.32762e-06
4.80122e-05
-7.4084e-06
4.72437e-05
-7.44886e-06
4.6398e-05
-7.44481e-06
4.5471e-05
-7.39256e-06
4.44579e-05
-7.28813e-06
4.33547e-05
-7.12894e-06
4.21597e-05
-6.9156e-06
4.08777e-05
-6.65532e-06
3.95172e-05
-6.35481e-06
3.80871e-05
-6.01688e-06
3.65947e-05
-5.6426e-06
3.5049e-05
-5.23843e-06
3.34614e-05
-4.81649e-06
3.18503e-05
-4.39061e-06
3.02357e-05
-3.96964e-06
2.8636e-05
-3.55898e-06
2.70674e-05
-3.16363e-06
2.55459e-05
-2.78987e-06
2.40866e-05
-2.44433e-06
2.27031e-05
-2.13091e-06
2.14065e-05
-1.85168e-06
2.02059e-05
-1.60622e-06
1.91069e-05
-1.39399e-06
1.81123e-05
-1.21188e-06
1.72212e-05
-1.05803e-06
1.643e-05
-9.27958e-07
1.57328e-05
-8.19767e-07
1.51217e-05
-7.28251e-07
1.45883e-05
-6.52944e-07
1.41228e-05
-5.88532e-07
1.37169e-05
-5.36726e-07
1.33595e-05
-4.9159e-07
1.30449e-05
-4.57416e-07
1.27602e-05
-4.26693e-07
1.25038e-05
-4.06457e-07
1.22601e-05
-3.87718e-07
-3.77516e-07
5.35781e-05
-8.75553e-07
5.38456e-05
-1.05566e-06
5.406e-05
-1.24327e-06
5.42277e-05
-1.42814e-06
5.43645e-05
-1.59909e-06
5.4483e-05
-1.74746e-06
5.45889e-05
-1.87107e-06
5.46833e-05
-1.97359e-06
5.4766e-05
-2.0597e-06
5.4837e-05
-2.13248e-06
5.48974e-05
-2.19335e-06
5.49486e-05
-2.24284e-06
5.49914e-05
-2.28132e-06
5.50263e-05
-2.30971e-06
5.50531e-05
-2.32943e-06
5.50715e-05
-2.3423e-06
5.5081e-05
-2.35024e-06
5.50814e-05
-2.35524e-06
5.50725e-05
-2.35917e-06
5.50542e-05
-2.36386e-06
5.50266e-05
-2.371e-06
5.49896e-05
-2.3822e-06
5.49432e-05
-2.39899e-06
5.48875e-05
-2.42273e-06
5.48225e-05
-2.45463e-06
5.47483e-05
-2.49579e-06
5.46647e-05
-2.54714e-06
5.45718e-05
-2.60946e-06
5.44693e-05
-2.68312e-06
5.43569e-05
-2.76852e-06
5.42342e-05
-2.86585e-06
5.41003e-05
-2.97523e-06
5.39545e-05
-3.09659e-06
5.37957e-05
-3.22983e-06
5.36226e-05
-3.37466e-06
5.34337e-05
-3.53074e-06
5.32273e-05
-3.69753e-06
5.30014e-05
-3.87438e-06
5.27538e-05
-4.06037e-06
5.24816e-05
-4.25438e-06
5.21818e-05
-4.45495e-06
5.1851e-05
-4.66034e-06
5.1485e-05
-4.8684e-06
5.10797e-05
-5.07656e-06
5.063e-05
-5.28155e-06
5.01305e-05
-5.47994e-06
4.95753e-05
-5.6676e-06
4.89577e-05
-5.83975e-06
4.82704e-05
-5.99118e-06
4.75061e-05
-6.11653e-06
4.66571e-05
-6.21067e-06
4.57161e-05
-6.26894e-06
4.46759e-05
-6.28745e-06
4.35322e-05
-6.26474e-06
4.22842e-05
-6.20086e-06
4.09327e-05
-6.09327e-06
3.94792e-05
-5.93908e-06
3.7922e-05
-5.73095e-06
3.62609e-05
-5.46778e-06
3.45009e-05
-5.15559e-06
3.26577e-05
-4.81219e-06
3.07499e-05
-4.44701e-06
2.87978e-05
-4.06479e-06
2.68233e-05
-3.66803e-06
2.48463e-05
-3.2615e-06
2.2888e-05
-2.85812e-06
2.09733e-05
-2.47595e-06
1.91305e-05
-2.12686e-06
1.7387e-05
-1.81542e-06
1.57667e-05
-1.54331e-06
1.4288e-05
-1.31119e-06
1.29635e-05
-1.11989e-06
1.17987e-05
-9.66051e-07
1.07888e-05
-8.41798e-07
9.92437e-06
-7.41793e-07
9.19201e-06
-6.6163e-07
8.57657e-06
-5.96437e-07
8.06116e-06
-5.42626e-07
7.63004e-06
-4.96842e-07
7.26797e-06
-4.57692e-07
6.96277e-06
-4.2305e-07
6.70295e-06
-3.93126e-07
6.48055e-06
-3.66131e-07
6.28729e-06
-3.43462e-07
6.1182e-06
-3.22502e-07
5.96673e-06
-3.05946e-07
5.82926e-06
-2.89222e-07
5.70019e-06
-2.77387e-07
5.57456e-06
-2.62093e-07
-2.53898e-07
5.3435e-05
-1.17936e-06
5.37036e-05
-1.32427e-06
5.39326e-05
-1.47219e-06
5.41232e-05
-1.61879e-06
5.42824e-05
-1.75825e-06
5.44191e-05
-1.8842e-06
5.45402e-05
-1.99218e-06
5.46484e-05
-2.08172e-06
5.47438e-05
-2.15513e-06
5.48262e-05
-2.21494e-06
5.48957e-05
-2.26277e-06
5.49523e-05
-2.29948e-06
5.49965e-05
-2.32553e-06
5.50284e-05
-2.34157e-06
5.50477e-05
-2.34871e-06
5.50539e-05
-2.3485e-06
5.50464e-05
-2.34277e-06
5.50247e-05
-2.33357e-06
5.49885e-05
-2.32296e-06
5.49377e-05
-2.31303e-06
5.48723e-05
-2.3056e-06
5.47923e-05
-2.30225e-06
5.46977e-05
-2.30438e-06
5.45883e-05
-2.31332e-06
5.4464e-05
-2.33029e-06
5.43246e-05
-2.35637e-06
5.41698e-05
-2.39238e-06
5.39992e-05
-2.43888e-06
5.38122e-05
-2.49613e-06
5.3608e-05
-2.56426e-06
5.33853e-05
-2.64316e-06
5.31427e-05
-2.73267e-06
5.28785e-05
-2.83242e-06
5.25907e-05
-2.94199e-06
5.22768e-05
-3.06076e-06
5.19342e-05
-3.18808e-06
5.15596e-05
-3.32302e-06
5.11499e-05
-3.4646e-06
5.0701e-05
-3.61152e-06
5.02089e-05
-3.76227e-06
4.96689e-05
-3.91493e-06
4.90758e-05
-4.0672e-06
4.84237e-05
-4.21633e-06
4.77064e-05
-4.35929e-06
4.6918e-05
-4.49317e-06
4.60525e-05
-4.61439e-06
4.5103e-05
-4.71812e-06
4.40623e-05
-4.79904e-06
4.29232e-05
-4.85209e-06
4.16794e-05
-4.87274e-06
4.03258e-05
-4.857e-06
3.88574e-05
-4.80057e-06
3.72703e-05
-4.70036e-06
3.55637e-05
-4.55809e-06
3.37433e-05
-4.38053e-06
3.1819e-05
-4.16894e-06
2.98074e-05
-3.92745e-06
2.77168e-05
-3.64034e-06
2.55596e-05
-3.31062e-06
2.33596e-05
-2.95561e-06
2.11439e-05
-2.59643e-06
1.89445e-05
-2.24764e-06
1.67895e-05
-1.90978e-06
1.47303e-05
-1.6088e-06
1.2811e-05
-1.34223e-06
1.10627e-05
-1.10978e-06
9.50619e-06
-9.19478e-07
8.16093e-06
-7.81612e-07
7.02579e-06
-6.80285e-07
6.08858e-06
-6.06096e-07
5.32671e-06
-5.49318e-07
4.70552e-06
-4.98692e-07
4.18943e-06
-4.49962e-07
3.75242e-06
-4.04788e-07
3.37675e-06
-3.66124e-07
3.05053e-06
-3.35411e-07
2.76513e-06
-3.11039e-07
2.51647e-06
-2.93968e-07
2.30054e-06
-2.80912e-07
2.11292e-06
-2.70071e-07
1.94998e-06
-2.60111e-07
1.80786e-06
-2.51003e-07
1.68369e-06
-2.41962e-07
1.57344e-06
-2.33215e-07
1.47501e-06
-2.24068e-07
1.38441e-06
-2.15342e-07
1.30034e-06
-2.05158e-07
1.21792e-06
-1.94969e-07
1.13789e-06
-1.82055e-07
-1.79418e-07
5.34635e-05
-1.47181e-06
5.37227e-05
-1.58345e-06
5.39467e-05
-1.69618e-06
5.41365e-05
-1.80855e-06
5.42949e-05
-1.91666e-06
5.44259e-05
-2.01519e-06
5.45337e-05
-2.10003e-06
5.46214e-05
-2.16936e-06
5.46897e-05
-2.22346e-06
5.47384e-05
-2.26362e-06
5.47667e-05
-2.29111e-06
5.47741e-05
-2.30684e-06
5.47601e-05
-2.31152e-06
5.47244e-05
-2.30596e-06
5.46669e-05
-2.29118e-06
5.4587e-05
-2.26863e-06
5.44844e-05
-2.24013e-06
5.43586e-05
-2.20773e-06
5.42093e-05
-2.17369e-06
5.40366e-05
-2.14032e-06
5.38409e-05
-2.10996e-06
5.36229e-05
-2.08421e-06
5.33822e-05
-2.06368e-06
5.31186e-05
-2.04972e-06
5.28318e-05
-2.04352e-06
5.25215e-05
-2.04606e-06
5.2187e-05
-2.05788e-06
5.18274e-05
-2.07927e-06
5.14414e-05
-2.11016e-06
5.10275e-05
-2.15036e-06
5.05837e-05
-2.19935e-06
5.01077e-05
-2.25662e-06
4.95966e-05
-2.32136e-06
4.90475e-05
-2.39283e-06
4.84567e-05
-2.46997e-06
4.78204e-05
-2.55183e-06
4.71345e-05
-2.63706e-06
4.63943e-05
-2.72448e-06
4.55952e-05
-2.81238e-06
4.47322e-05
-2.89928e-06
4.38002e-05
-2.98291e-06
4.27941e-05
-3.0611e-06
4.17079e-05
-3.13016e-06
4.0534e-05
-3.1854e-06
3.92691e-05
-3.22829e-06
3.79095e-05
-3.25478e-06
3.64507e-05
-3.25925e-06
3.48887e-05
-3.23711e-06
3.32211e-05
-3.18442e-06
3.14477e-05
-3.09935e-06
2.95723e-05
-2.98166e-06
2.75988e-05
-2.82702e-06
2.55393e-05
-2.64085e-06
2.34065e-05
-2.42536e-06
2.12123e-05
-2.18629e-06
1.89889e-05
-1.94552e-06
1.67615e-05
-1.70002e-06
1.45736e-05
-1.45252e-06
1.24732e-05
-1.21015e-06
1.05034e-05
-9.85846e-07
8.70321e-06
-7.96238e-07
7.11381e-06
-6.58245e-07
5.78899e-06
-5.84963e-07
4.71259e-06
-5.32395e-07
3.85084e-06
-4.80493e-07
3.15449e-06
-4.13429e-07
2.57448e-06
-3.39464e-07
2.07012e-06
-2.77259e-07
1.62589e-06
-2.36048e-07
1.23954e-06
-2.19746e-07
9.0464e-07
-2.14423e-07
6.13833e-07
-2.07885e-07
3.60343e-07
-1.96472e-07
1.3787e-07
-1.82315e-07
-5.89155e-08
-1.69338e-07
-2.33961e-07
-1.60366e-07
-3.89619e-07
-1.55381e-07
-5.30414e-07
-1.53173e-07
-6.58435e-07
-1.52891e-07
-7.75207e-07
-1.53298e-07
-8.81887e-07
-1.53431e-07
-9.79885e-07
-1.53005e-07
-1.07012e-06
-1.51726e-07
-1.15377e-06
-1.49568e-07
-1.23165e-06
-1.4619e-07
-1.30523e-06
-1.41759e-07
-1.37472e-06
-1.35667e-07
-1.44115e-06
-1.28536e-07
-1.50138e-06
-1.2183e-07
-1.23208e-07
5.34029e-05
-1.68554e-06
5.35726e-05
-1.75316e-06
5.36979e-05
-1.82149e-06
5.37787e-05
-1.88926e-06
5.38159e-05
-1.95394e-06
5.38107e-05
-2.00998e-06
5.37647e-05
-2.05403e-06
5.36803e-05
-2.08498e-06
5.35596e-05
-2.10275e-06
5.34035e-05
-2.1075e-06
5.32122e-05
-2.09985e-06
5.2986e-05
-2.08057e-06
5.27251e-05
-2.0506e-06
5.24303e-05
-2.01121e-06
5.21026e-05
-1.9635e-06
5.1743e-05
-1.90897e-06
5.13523e-05
-1.84948e-06
5.09317e-05
-1.78707e-06
5.04819e-05
-1.72395e-06
5.00039e-05
-1.66226e-06
4.94985e-05
-1.60458e-06
4.89675e-05
-1.55321e-06
4.84107e-05
-1.5069e-06
4.78283e-05
-1.46728e-06
4.722e-05
-1.43521e-06
4.65851e-05
-1.41121e-06
4.59227e-05
-1.39546e-06
4.52312e-05
-1.38782e-06
4.45089e-05
-1.38786e-06
4.37535e-05
-1.39493e-06
4.29624e-05
-1.40822e-06
4.21326e-05
-1.42681e-06
4.12609e-05
-1.44965e-06
4.03437e-05
-1.47568e-06
3.93774e-05
-1.50367e-06
3.8358e-05
-1.53245e-06
3.72816e-05
-1.56063e-06
3.61441e-05
-1.587e-06
3.49418e-05
-1.61003e-06
3.3671e-05
-1.62853e-06
3.23289e-05
-1.64078e-06
3.09134e-05
-1.64561e-06
2.94231e-05
-1.63991e-06
2.7856e-05
-1.61823e-06
2.62149e-05
-1.58718e-06
2.45021e-05
-1.54206e-06
2.27224e-05
-1.47947e-06
2.08835e-05
-1.39821e-06
1.89967e-05
-1.29763e-06
1.70745e-05
-1.17718e-06
1.51345e-05
-1.0417e-06
1.32044e-05
-8.96883e-07
1.1316e-05
-7.52452e-07
9.51234e-06
-6.21709e-07
7.8471e-06
-5.21053e-07
6.36134e-06
-4.59759e-07
5.09701e-06
-4.35694e-07
4.04642e-06
-4.01926e-07
3.18232e-06
-3.46047e-07
2.46481e-06
-2.68335e-07
1.85764e-06
-1.89078e-07
1.33584e-06
-1.36444e-07
8.7049e-07
-1.19611e-07
4.70695e-07
-1.32599e-07
1.29887e-07
-1.39685e-07
-1.59433e-07
-1.24109e-07
-4.06392e-07
-9.25047e-08
-6.19253e-07
-6.43982e-08
-8.04567e-07
-5.07347e-08
-9.72284e-07
-5.20284e-08
-1.12751e-06
-5.91923e-08
-1.26967e-06
-6.57289e-08
-1.39801e-06
-6.81341e-08
-1.51322e-06
-6.71013e-08
-1.61762e-06
-6.49379e-08
-1.71443e-06
-6.35599e-08
-1.80595e-06
-6.38581e-08
-1.89345e-06
-6.56762e-08
-1.97797e-06
-6.83719e-08
-2.06e-06
-7.12683e-08
-2.13959e-06
-7.38429e-08
-2.21673e-06
-7.58623e-08
-2.29131e-06
-7.71461e-08
-2.36325e-06
-7.76256e-08
-2.43228e-06
-7.71593e-08
-2.49822e-06
-7.58221e-08
-2.56013e-06
-7.37565e-08
-2.61662e-06
-7.20421e-08
-2.6664e-06
-7.20566e-08
-7.44886e-08
5.10691e-05
-1.45916e-06
5.07771e-05
-1.46113e-06
5.04202e-05
-1.46464e-06
4.99989e-05
-1.4679e-06
4.95137e-05
-1.46876e-06
4.89685e-05
-1.46479e-06
4.83675e-05
-1.45304e-06
4.77151e-05
-1.4326e-06
4.70174e-05
-1.40503e-06
4.62791e-05
-1.36922e-06
4.55047e-05
-1.32544e-06
4.46985e-05
-1.27436e-06
4.38648e-05
-1.21689e-06
4.30076e-05
-1.15401e-06
4.21309e-05
-1.08685e-06
4.12386e-05
-1.01666e-06
4.03341e-05
-9.44958e-07
3.94204e-05
-8.73375e-07
3.85001e-05
-8.03652e-07
3.75753e-05
-7.37428e-07
3.66468e-05
-6.76135e-07
3.57144e-05
-6.20734e-07
3.47791e-05
-5.71621e-07
3.38409e-05
-5.29063e-07
3.28989e-05
-4.93221e-07
3.19517e-05
-4.64057e-07
3.09975e-05
-4.41272e-07
3.0034e-05
-4.24317e-07
2.90586e-05
-4.12447e-07
2.80685e-05
-4.04794e-07
2.70607e-05
-4.00428e-07
2.60323e-05
-3.9839e-07
2.49803e-05
-3.97728e-07
2.39022e-05
-3.97505e-07
2.27953e-05
-3.96829e-07
2.16577e-05
-3.94866e-07
2.0488e-05
-3.90874e-07
1.92852e-05
-3.84257e-07
1.80498e-05
-3.74579e-07
1.6783e-05
-3.6171e-07
1.5488e-05
-3.45765e-07
1.41698e-05
-3.27471e-07
1.28377e-05
-3.07792e-07
1.15084e-05
-2.88933e-07
1.0194e-05
-2.72769e-07
8.91225e-06
-2.60322e-07
7.68407e-06
-2.51294e-07
6.53021e-06
-2.44344e-07
5.46983e-06
-2.37245e-07
4.51781e-06
-2.25168e-07
3.67195e-06
-1.95839e-07
2.92837e-06
-1.53306e-07
2.27833e-06
-1.02403e-07
1.71165e-06
-5.50311e-08
1.21613e-06
-2.55349e-08
7.78311e-07
-2.19398e-08
3.83652e-07
-4.10354e-08
4.249e-08
-6.07641e-08
-2.42474e-07
-6.10823e-08
-4.72825e-07
-3.79839e-08
-6.54343e-07
-7.55917e-09
-8.04508e-07
1.37216e-08
-9.36224e-07
1.21049e-08
-1.06812e-06
-7.03222e-10
-1.19437e-06
-1.34343e-08
-1.30295e-06
-1.55334e-08
-1.38668e-06
-8.76873e-09
-1.45003e-06
-1.05138e-09
-1.50267e-06
1.90672e-09
-1.55443e-06
-2.70958e-10
-1.60859e-06
-5.03366e-09
-1.66493e-06
-9.3866e-09
-1.72115e-06
-1.19085e-08
-1.77543e-06
-1.28216e-08
-1.82733e-06
-1.30386e-08
-1.87753e-06
-1.33612e-08
-1.92726e-06
-1.41302e-08
-1.97758e-06
-1.53593e-08
-2.02906e-06
-1.68874e-08
-2.08184e-06
-1.84905e-08
-2.1357e-06
-1.99828e-08
-2.19029e-06
-2.12723e-08
-2.24514e-06
-2.22983e-08
-2.29972e-06
-2.3041e-08
-2.35342e-06
-2.34661e-08
-2.40559e-06
-2.36471e-08
-2.4554e-06
-2.39466e-08
-2.50205e-06
-2.53899e-08
-2.54557e-06
-2.85437e-08
-3.14849e-08
3.50006e-05
3.35395e-05
3.20748e-05
3.06069e-05
2.91382e-05
2.76734e-05
2.62203e-05
2.47877e-05
2.33827e-05
2.20135e-05
2.0688e-05
1.94137e-05
1.81968e-05
1.70428e-05
1.59559e-05
1.49393e-05
1.39943e-05
1.31209e-05
1.23173e-05
1.15799e-05
1.09037e-05
1.0283e-05
9.71137e-06
9.18231e-06
8.68909e-06
8.22503e-06
7.78376e-06
7.35944e-06
6.94699e-06
6.5422e-06
6.14177e-06
5.74338e-06
5.34565e-06
4.94815e-06
4.55132e-06
4.15645e-06
3.76558e-06
3.38132e-06
3.00674e-06
2.64503e-06
2.29927e-06
1.9718e-06
1.66401e-06
1.37507e-06
1.1023e-06
8.41981e-07
5.90686e-07
3.46342e-07
1.09097e-07
-1.16071e-07
-3.1191e-07
-4.65216e-07
-5.67619e-07
-6.2265e-07
-6.48185e-07
-6.70125e-07
-7.1116e-07
-7.71924e-07
-8.33007e-07
-8.7099e-07
-8.7855e-07
-8.64828e-07
-8.52723e-07
-8.53426e-07
-8.66861e-07
-8.82394e-07
-8.91163e-07
-8.92214e-07
-8.90307e-07
-8.90578e-07
-8.95612e-07
-9.04999e-07
-9.16907e-07
-9.29729e-07
-9.42767e-07
-9.56129e-07
-9.70259e-07
-9.85618e-07
-1.00251e-06
-1.021e-06
-1.04098e-06
-1.06225e-06
-1.08455e-06
-1.10759e-06
-1.13106e-06
-1.1547e-06
-1.17865e-06
-1.20404e-06
-1.23258e-06
)
;

boundaryField
{
    fixedWalls
    {
        type            calculated;
        value           uniform 0;
    }
    inflowWall
    {
        type            calculated;
        value           nonuniform List<scalar> 10(-5e-05 -5e-05 -5e-05 -5e-05 -5e-05 -5e-05 -5e-05 -5e-05 -5e-05 -5e-05);
    }
    outflowWall
    {
        type            calculated;
        value           nonuniform List<scalar> 
20
(
1.21005e-05
2.57624e-05
3.46908e-05
4.17465e-05
4.69982e-05
4.99888e-05
5.05862e-05
4.923e-05
4.66332e-05
4.3016e-05
3.77606e-05
3.01892e-05
2.08757e-05
1.20329e-05
5.45095e-06
1.0634e-06
-1.55759e-06
-2.71512e-06
-2.58857e-06
-1.26407e-06
)
;
    }
    frontAndBack
    {
        type            empty;
        value           nonuniform List<scalar> 0();
    }
}


// ************************************************************************* //
