/*--------------------------------*- C++ -*----------------------------------*\
| =========                 |                                                 |
| \\      /  F ield         | OpenFOAM: The Open Source CFD Toolbox           |
|  \\    /   O peration     | Version:  2306                                  |
|   \\  /    A nd           | Website:  www.openfoam.com                      |
|    \\/     M anipulation  |                                                 |
\*---------------------------------------------------------------------------*/
FoamFile
{
    version     2.0;
    format      ascii;
    arch        "LSB;label=32;scalar=64";
    class       volVectorField;
    location    "3.79";
    object      U;
}
// * * * * * * * * * * * * * * * * * * * * * * * * * * * * * * * * * * * * * //

dimensions      [0 1 -1 0 0 0 0];

internalField   nonuniform List<vector> 
1900
(
(0.984286 0.00728433 0)
(0.96175 0.0216903 0)
(0.952352 0.0181649 0)
(0.918702 0.0253077 0)
(0.903462 0.015422 0)
(0.863093 0.0257505 0)
(0.852356 0.0115665 0)
(0.81204 0.02672 0)
(0.809833 0.00450245 0)
(0.770666 0.0259361 0)
(1.00256 0.0115575 0)
(1.00445 0.0258579 0)
(1.01945 0.0289548 0)
(1.02198 0.0304426 0)
(1.0349 0.0279837 0)
(1.03399 0.0283895 0)
(1.04411 0.0257405 0)
(1.04286 0.0250286 0)
(1.0513 0.0205697 0)
(1.0524 0.0160579 0)
(1.00048 0.00388331 0)
(1.00419 0.011149 0)
(1.01256 0.0139852 0)
(1.02114 0.0157687 0)
(1.03155 0.0146827 0)
(1.04055 0.0143801 0)
(1.05001 0.0123175 0)
(1.05842 0.0108513 0)
(1.06691 0.00719731 0)
(1.07476 0.00300106 0)
(1.00007 0.00207432 0)
(1.00313 0.00583508 0)
(1.00888 0.0080402 0)
(1.01649 0.0090124 0)
(1.02528 0.00852205 0)
(1.03432 0.00740902 0)
(1.04326 0.00561133 0)
(1.05182 0.00342755 0)
(1.06 0.000573783 0)
(1.06767 -0.00297679 0)
(1.00003 0.00042191 0)
(1.00261 0.0011633 0)
(1.00738 0.00141943 0)
(1.01402 0.00112932 0)
(1.02192 0.000219948 0)
(1.03036 -0.0011594 0)
(1.03879 -0.00297164 0)
(1.04692 -0.00519853 0)
(1.05459 -0.00788507 0)
(1.06172 -0.0110982 0)
(1.00003 -0.00106314 0)
(1.00255 -0.00303497 0)
(1.0072 -0.00476313 0)
(1.01366 -0.00620938 0)
(1.02132 -0.00751936 0)
(1.02948 -0.0088951 0)
(1.03757 -0.0105228 0)
(1.04531 -0.0125145 0)
(1.05256 -0.0149108 0)
(1.05933 -0.0176825 0)
(1.00003 -0.00271263 0)
(1.00303 -0.00743853 0)
(1.00836 -0.0110698 0)
(1.01545 -0.0135124 0)
(1.02346 -0.0151445 0)
(1.03162 -0.0165158 0)
(1.03948 -0.0180322 0)
(1.04686 -0.0198721 0)
(1.05377 -0.0220289 0)
(1.06024 -0.0244133 0)
(1.00004 -0.00477071 0)
(1.00441 -0.0122376 0)
(1.01137 -0.0169247 0)
(1.01979 -0.0193595 0)
(1.02838 -0.020691 0)
(1.03638 -0.0218681 0)
(1.04357 -0.0233399 0)
(1.05003 -0.0251338 0)
(1.05589 -0.0271089 0)
(1.06118 -0.0291323 0)
(1.00006 -0.0121195 0)
(1.00721 -0.0259543 0)
(1.01558 -0.0314335 0)
(1.02286 -0.0325843 0)
(1.02792 -0.0326705 0)
(1.0307 -0.0330489 0)
(1.0317 -0.0338318 0)
(1.03138 -0.0347565 0)
(1.02995 -0.0356076 0)
(1.02742 -0.0363263 0)
(0.980777 -0.00916374 0)
(0.964584 -0.0188222 0)
(0.945454 -0.0220474 0)
(0.920782 -0.0221874 0)
(0.891986 -0.0217421 0)
(0.861664 -0.021582 0)
(0.831413 -0.0216153 0)
(0.801711 -0.021607 0)
(0.772486 -0.021433 0)
(0.743495 -0.0211091 0)
(0.000206095 -0.00010751 0)
(0.000341034 -1.84605e-05 0)
(7.71074e-05 2.8315e-05 0)
(-0.000403642 5.62693e-05 0)
(-0.00104246 7.30157e-05 0)
(-0.00179859 8.95997e-05 0)
(-0.00265954 0.000109335 0)
(-0.00362088 0.000130864 0)
(-0.00467745 0.00015284 0)
(-0.00582289 0.00017457 0)
(-0.00705026 0.000195699 0)
(-0.00835232 0.000216003 0)
(-0.00972183 0.000235271 0)
(-0.0111517 0.00025331 0)
(-0.0126352 0.00026996 0)
(-0.0141661 0.000285106 0)
(-0.0157385 0.000298686 0)
(-0.0173473 0.000310694 0)
(-0.0189882 0.000321154 0)
(-0.0206578 0.000330136 0)
(-0.0223538 0.00033776 0)
(-0.0240754 0.000344161 0)
(-0.0258231 0.000349444 0)
(-0.0275988 0.000353646 0)
(-0.0294059 0.000356709 0)
(-0.0312489 0.00035841 0)
(-0.0331336 0.000358227 0)
(-0.0350665 0.000355205 0)
(-0.037055 0.000347888 0)
(-0.0391064 0.000334259 0)
(-0.0412291 0.000311946 0)
(-0.0434333 0.000278997 0)
(-0.0457342 0.000235355 0)
(-0.0481566 0.000184611 0)
(-0.050741 0.000135952 0)
(-0.0535492 0.000106249 0)
(-0.0566713 0.000121804 0)
(-0.0602311 0.000218935 0)
(-0.0643866 0.000442403 0)
(-0.0693251 0.00083987 0)
(-0.0752474 0.00145065 0)
(-0.0823393 0.00228929 0)
(-0.0907327 0.00332915 0)
(-0.100461 0.00449439 0)
(-0.111418 0.00567054 0)
(-0.12335 0.00672642 0)
(-0.13586 0.00753589 0)
(-0.148451 0.00800036 0)
(-0.160577 0.0080657 0)
(-0.171693 0.0077405 0)
(-0.181283 0.00710327 0)
(-0.188886 0.00626945 0)
(-0.194177 0.00530115 0)
(-0.196908 0.00416694 0)
(-0.196939 0.00287001 0)
(-0.194247 0.00144852 0)
(-0.188857 -5.79528e-06 0)
(-0.180818 -0.00143961 0)
(-0.17025 -0.00281819 0)
(-0.157416 -0.0040637 0)
(-0.142508 -0.00519905 0)
(-0.125815 -0.00616558 0)
(-0.107597 -0.00696033 0)
(-0.0881772 -0.00757821 0)
(-0.0678639 -0.00801497 0)
(-0.0469419 -0.00824997 0)
(-0.0258166 -0.00833029 0)
(-0.00458761 -0.00827315 0)
(0.0162566 -0.0080795 0)
(0.0367962 -0.00777062 0)
(0.0564408 -0.00734644 0)
(0.0754831 -0.00684998 0)
(0.0932485 -0.0062734 0)
(0.110247 -0.0056824 0)
(0.125689 -0.00505834 0)
(0.140339 -0.00446222 0)
(0.15326 -0.00385087 0)
(0.165506 -0.00329745 0)
(0.175922 -0.00274105 0)
(0.185918 -0.00227144 0)
(0.194008 -0.00180405 0)
(0.202071 -0.00144956 0)
(0.208122 -0.00109371 0)
(0.21471 -0.000876117 0)
(0.21906 -0.000644355 0)
(0.224765 -0.000582124 0)
(0.22771 -0.000477295 0)
(0.233301 -0.000598935 0)
(0.234903 -0.000581591 0)
(0.241576 -0.000994162 0)
(5.99567e-05 -0.000514578 0)
(-0.000529269 0.000145679 0)
(-0.00202144 0.000711152 0)
(-0.00392188 0.00110729 0)
(-0.00619822 0.001379 0)
(-0.00877919 0.00159529 0)
(-0.0116298 0.00179194 0)
(-0.0147238 0.00197608 0)
(-0.0180334 0.00214732 0)
(-0.0215321 0.00230482 0)
(-0.0251946 0.00244806 0)
(-0.0289976 0.00257692 0)
(-0.032919 0.00269185 0)
(-0.0369391 0.00279355 0)
(-0.0410404 0.00288298 0)
(-0.045208 0.00296127 0)
(-0.0494298 0.00302971 0)
(-0.0536966 0.00308978 0)
(-0.0580022 0.00314315 0)
(-0.0623439 0.00319195 0)
(-0.0667225 0.00323875 0)
(-0.0711424 0.00328635 0)
(-0.075612 0.00333758 0)
(-0.0801429 0.00339532 0)
(-0.0847505 0.00346249 0)
(-0.089454 0.00354207 0)
(-0.0942759 0.00363684 0)
(-0.0992424 0.0037494 0)
(-0.104383 0.00388243 0)
(-0.109731 0.00403922 0)
(-0.115321 0.00422481 0)
(-0.121195 0.00444811 0)
(-0.127395 0.00472427 0)
(-0.133971 0.00507545 0)
(-0.140974 0.00553068 0)
(-0.148455 0.00612506 0)
(-0.156458 0.00689681 0)
(-0.165008 0.00788073 0)
(-0.174103 0.00909832 0)
(-0.183699 0.0105444 0)
(-0.193699 0.0121732 0)
(-0.203946 0.0138902 0)
(-0.214218 0.0155547 0)
(-0.224229 0.0169888 0)
(-0.233643 0.0180112 0)
(-0.2421 0.0184657 0)
(-0.249229 0.0182321 0)
(-0.254669 0.0172494 0)
(-0.258074 0.0155179 0)
(-0.259123 0.0131038 0)
(-0.257548 0.0100926 0)
(-0.253227 0.00656445 0)
(-0.246242 0.00266142 0)
(-0.236406 -0.00146863 0)
(-0.223874 -0.00571253 0)
(-0.208597 -0.00993623 0)
(-0.190698 -0.0140476 0)
(-0.170368 -0.0179486 0)
(-0.147673 -0.021592 0)
(-0.123091 -0.024692 0)
(-0.0966575 -0.0274882 0)
(-0.0688361 -0.0298224 0)
(-0.0398167 -0.0317346 0)
(-0.00992336 -0.0331685 0)
(0.0204946 -0.0341448 0)
(0.05142 -0.0346606 0)
(0.0819621 -0.0347609 0)
(0.112666 -0.0344655 0)
(0.14229 -0.0338099 0)
(0.171919 -0.0328435 0)
(0.199797 -0.0315824 0)
(0.227622 -0.0301168 0)
(0.253104 -0.0284398 0)
(0.278639 -0.0266711 0)
(0.301291 -0.0247765 0)
(0.324312 -0.0228967 0)
(0.34393 -0.0209561 0)
(0.364452 -0.0191192 0)
(0.380979 -0.0172667 0)
(0.399212 -0.0155954 0)
(0.412706 -0.0139348 0)
(0.429042 -0.0125243 0)
(0.439628 -0.0111308 0)
(0.454625 -0.0100527 0)
(0.462443 -0.00897718 0)
(0.476817 -0.00828739 0)
(0.481984 -0.00756081 0)
(0.496606 -0.00730986 0)
(0.499167 -0.00694353 0)
(0.515011 -0.0071991 0)
(-0.000158466 0.000431953 0)
(-0.00193992 0.00229355 0)
(-0.00540791 0.00349732 0)
(-0.00934216 0.00429523 0)
(-0.0137099 0.00491686 0)
(-0.0184124 0.00547111 0)
(-0.0234112 0.00598217 0)
(-0.0286705 0.00644868 0)
(-0.0341399 0.00686567 0)
(-0.0397705 0.00723189 0)
(-0.0455183 0.00754788 0)
(-0.0513443 0.007816 0)
(-0.0572147 0.00804021 0)
(-0.0631019 0.00822523 0)
(-0.0689835 0.00837622 0)
(-0.0748423 0.00849866 0)
(-0.0806659 0.00859829 0)
(-0.0864464 0.00868136 0)
(-0.0921792 0.00875487 0)
(-0.0978636 0.008826 0)
(-0.103502 0.00890193 0)
(-0.109101 0.0089899 0)
(-0.114667 0.00909687 0)
(-0.120211 0.0092296 0)
(-0.125743 0.00939471 0)
(-0.131273 0.00959864 0)
(-0.136811 0.0098473 0)
(-0.142366 0.0101456 0)
(-0.147942 0.0104979 0)
(-0.153544 0.0109081 0)
(-0.159166 0.0113802 0)
(-0.164798 0.0119188 0)
(-0.170424 0.0125305 0)
(-0.176019 0.0132247 0)
(-0.18155 0.0140121 0)
(-0.186969 0.0149012 0)
(-0.192208 0.0158956 0)
(-0.197181 0.0169877 0)
(-0.201774 0.0181524 0)
(-0.205852 0.01934 0)
(-0.209249 0.0204723 0)
(-0.211776 0.0214393 0)
(-0.213232 0.0220936 0)
(-0.213394 0.0222566 0)
(-0.212045 0.0217528 0)
(-0.209011 0.0204582 0)
(-0.204125 0.0182833 0)
(-0.197266 0.015199 0)
(-0.188321 0.0112135 0)
(-0.177276 0.00641883 0)
(-0.164126 0.000910824 0)
(-0.148875 -0.00518173 0)
(-0.1316 -0.0117795 0)
(-0.112131 -0.0185748 0)
(-0.0906647 -0.0253927 0)
(-0.0674083 -0.0320193 0)
(-0.0423373 -0.0383715 0)
(-0.0158954 -0.0443206 0)
(0.0122041 -0.0497205 0)
(0.0415413 -0.0544442 0)
(0.0719046 -0.0585339 0)
(0.102934 -0.0618497 0)
(0.134441 -0.0644955 0)
(0.166386 -0.0663529 0)
(0.198069 -0.0674921 0)
(0.230039 -0.0679054 0)
(0.260978 -0.0677014 0)
(0.292118 -0.0668486 0)
(0.321456 -0.0654634 0)
(0.351076 -0.0635637 0)
(0.37817 -0.0612607 0)
(0.405784 -0.0586035 0)
(0.430177 -0.0556862 0)
(0.455517 -0.052575 0)
(0.476944 -0.0493347 0)
(0.499964 -0.0460461 0)
(0.518331 -0.042745 0)
(0.539173 -0.0395211 0)
(0.554503 -0.0363757 0)
(0.573462 -0.0334088 0)
(0.585856 -0.0305849 0)
(0.603353 -0.0280198 0)
(0.612953 -0.0256384 0)
(0.629511 -0.0235815 0)
(0.636476 -0.0217276 0)
(0.652704 -0.0202575 0)
(0.65718 -0.0189904 0)
(0.673762 -0.0181699 0)
(0.67587 -0.017536 0)
(0.693529 -0.0174173 0)
(-0.000916828 0.00121053 0)
(-0.0047773 0.00508179 0)
(-0.0106704 0.00753726 0)
(-0.0167099 0.009177 0)
(-0.0230782 0.0103974 0)
(-0.0297297 0.0113736 0)
(-0.0365831 0.0121766 0)
(-0.043544 0.0128419 0)
(-0.0505244 0.013383 0)
(-0.0574547 0.0138119 0)
(-0.0642815 0.0141414 0)
(-0.0709623 0.0143838 0)
(-0.0774653 0.0145509 0)
(-0.0837681 0.0146545 0)
(-0.0898556 0.0147061 0)
(-0.0957182 0.0147165 0)
(-0.10135 0.0146961 0)
(-0.106749 0.014655 0)
(-0.111914 0.0146031 0)
(-0.116848 0.0145502 0)
(-0.121552 0.0145054 0)
(-0.126029 0.0144767 0)
(-0.13028 0.0144709 0)
(-0.134305 0.0144935 0)
(-0.138101 0.0145487 0)
(-0.141662 0.0146399 0)
(-0.144979 0.0147691 0)
(-0.148038 0.0149357 0)
(-0.150821 0.0151377 0)
(-0.153304 0.0153715 0)
(-0.155456 0.0156332 0)
(-0.157238 0.0159184 0)
(-0.158601 0.0162238 0)
(-0.159491 0.0165497 0)
(-0.159841 0.0168993 0)
(-0.159576 0.0172701 0)
(-0.158609 0.0176529 0)
(-0.156838 0.0180251 0)
(-0.154146 0.0183451 0)
(-0.150401 0.0185481 0)
(-0.14546 0.0185482 0)
(-0.139191 0.0182433 0)
(-0.131495 0.0175058 0)
(-0.122273 0.0161645 0)
(-0.111397 0.014011 0)
(-0.09885 0.0109949 0)
(-0.0846218 0.00700989 0)
(-0.0687692 0.00208022 0)
(-0.0512558 -0.00376316 0)
(-0.0322263 -0.0104342 0)
(-0.0115509 -0.0178306 0)
(0.0105903 -0.0257097 0)
(0.0341969 -0.0338307 0)
(0.0590657 -0.0420187 0)
(0.0854301 -0.0501833 0)
(0.112804 -0.0581104 0)
(0.141497 -0.0656889 0)
(0.170999 -0.0727862 0)
(0.201451 -0.0791245 0)
(0.232404 -0.0846587 0)
(0.263993 -0.0894341 0)
(0.295751 -0.0932184 0)
(0.327532 -0.0961188 0)
(0.359254 -0.0979651 0)
(0.390347 -0.0989229 0)
(0.421252 -0.0988862 0)
(0.450844 -0.0980576 0)
(0.480257 -0.0963657 0)
(0.507681 -0.0940282 0)
(0.535102 -0.0910088 0)
(0.559886 -0.0875311 0)
(0.585016 -0.0835805 0)
(0.606877 -0.0793687 0)
(0.62962 -0.0748901 0)
(0.648451 -0.0703322 0)
(0.668892 -0.0656926 0)
(0.684726 -0.061128 0)
(0.703093 -0.0566364 0)
(0.716059 -0.0523378 0)
(0.732687 -0.048234 0)
(0.742969 -0.0444054 0)
(0.758275 -0.0408657 0)
(0.766083 -0.0376515 0)
(0.780537 -0.0348016 0)
(0.786084 -0.0323015 0)
(0.8002 -0.0302319 0)
(0.803684 -0.0285157 0)
(0.818012 -0.0272978 0)
(0.819609 -0.0264194 0)
(0.834725 -0.0261138 0)
(-0.00127042 0.0069061 0)
(-0.00684436 0.0137334 0)
(-0.0154543 0.0163379 0)
(-0.0239426 0.0174808 0)
(-0.0324579 0.0183115 0)
(-0.0407555 0.019104 0)
(-0.0487058 0.0198062 0)
(-0.0562662 0.0203381 0)
(-0.0634052 0.020679 0)
(-0.0700881 0.0208543 0)
(-0.0762943 0.0208924 0)
(-0.0820153 0.0208182 0)
(-0.0872515 0.0206535 0)
(-0.0920099 0.0204176 0)
(-0.0963016 0.0201275 0)
(-0.10014 0.0197979 0)
(-0.103539 0.0194411 0)
(-0.106511 0.0190673 0)
(-0.109067 0.0186863 0)
(-0.111218 0.0183071 0)
(-0.112972 0.0179378 0)
(-0.114333 0.0175848 0)
(-0.115304 0.0172521 0)
(-0.115883 0.0169417 0)
(-0.116062 0.0166536 0)
(-0.115829 0.0163865 0)
(-0.115171 0.0161393 0)
(-0.114067 0.0159056 0)
(-0.112493 0.0156763 0)
(-0.110417 0.0154414 0)
(-0.107804 0.0151896 0)
(-0.104611 0.014909 0)
(-0.100782 0.0145895 0)
(-0.0962544 0.0142246 0)
(-0.0909698 0.0138184 0)
(-0.0848459 0.0133576 0)
(-0.0778028 0.0128209 0)
(-0.0697481 0.0121785 0)
(-0.0605829 0.0113877 0)
(-0.0501993 0.0103842 0)
(-0.0384741 0.00907512 0)
(-0.0253246 0.00733866 0)
(-0.0107084 0.00506392 0)
(0.00535855 0.00212778 0)
(0.0228891 -0.00158383 0)
(0.0418898 -0.00613308 0)
(0.0623385 -0.0116001 0)
(0.0840803 -0.017985 0)
(0.107262 -0.0252442 0)
(0.131555 -0.0332301 0)
(0.157146 -0.0417979 0)
(0.183658 -0.0508337 0)
(0.211379 -0.0601251 0)
(0.239757 -0.0694436 0)
(0.269265 -0.0786835 0)
(0.299194 -0.0875627 0)
(0.330051 -0.0960057 0)
(0.361027 -0.103719 0)
(0.392603 -0.110658 0)
(0.423941 -0.116567 0)
(0.455473 -0.121506 0)
(0.486434 -0.125244 0)
(0.517082 -0.127903 0)
(0.546885 -0.129309 0)
(0.575874 -0.129657 0)
(0.603883 -0.128825 0)
(0.630601 -0.127063 0)
(0.65637 -0.124285 0)
(0.680404 -0.120776 0)
(0.70369 -0.116477 0)
(0.724824 -0.111691 0)
(0.745575 -0.106366 0)
(0.763764 -0.100802 0)
(0.782089 -0.094943 0)
(0.797422 -0.0890704 0)
(0.81355 -0.0831133 0)
(0.8262 -0.0773288 0)
(0.84044 -0.0716304 0)
(0.850629 -0.0662457 0)
(0.863339 -0.0610765 0)
(0.871306 -0.0563197 0)
(0.88287 -0.051873 0)
(0.888848 -0.0479023 0)
(0.899667 -0.0443112 0)
(0.903871 -0.0412326 0)
(0.914355 -0.0385887 0)
(0.916976 -0.0364746 0)
(0.927545 -0.034847 0)
(0.92874 -0.0337555 0)
(0.939821 -0.0332125 0)
(-0.00367347 0.00676585 0)
(-0.0134911 0.0171875 0)
(-0.0245521 0.0218978 0)
(-0.0336967 0.0245637 0)
(-0.0420097 0.0261755 0)
(-0.0496834 0.0270506 0)
(-0.0566711 0.0273616 0)
(-0.0628408 0.027291 0)
(-0.0680958 0.0269755 0)
(-0.0724344 0.026486 0)
(-0.0759101 0.0258691 0)
(-0.0785798 0.0251573 0)
(-0.080501 0.0243783 0)
(-0.0817283 0.0235548 0)
(-0.0823124 0.0227042 0)
(-0.0822988 0.0218405 0)
(-0.0817283 0.0209741 0)
(-0.0806329 0.0201108 0)
(-0.0790403 0.0192565 0)
(-0.0769724 0.0184172 0)
(-0.0744459 0.0175968 0)
(-0.0714725 0.0167971 0)
(-0.0680573 0.0160167 0)
(-0.0641995 0.0152523 0)
(-0.0598913 0.0144989 0)
(-0.0551142 0.0137496 0)
(-0.0498623 0.0130054 0)
(-0.0441062 0.0122554 0)
(-0.0378196 0.011485 0)
(-0.0309699 0.0106791 0)
(-0.023521 0.0098223 0)
(-0.0154295 0.00889779 0)
(-0.00664173 0.00788711 0)
(0.00293441 0.00676395 0)
(0.0133103 0.00550089 0)
(0.0245638 0.0040831 0)
(0.0367797 0.00250013 0)
(0.0500353 0.000721273 0)
(0.0644186 -0.0013012 0)
(0.0799999 -0.00362745 0)
(0.0968637 -0.00632608 0)
(0.115057 -0.00949645 0)
(0.134596 -0.0132094 0)
(0.155537 -0.017635 0)
(0.177912 -0.022814 0)
(0.201535 -0.02879 0)
(0.226508 -0.0355898 0)
(0.252525 -0.0431782 0)
(0.279773 -0.051536 0)
(0.307811 -0.0605362 0)
(0.336911 -0.0700724 0)
(0.366503 -0.0799398 0)
(0.396967 -0.0899938 0)
(0.427584 -0.0999696 0)
(0.458839 -0.109736 0)
(0.489876 -0.119007 0)
(0.521252 -0.127673 0)
(0.551985 -0.13545 0)
(0.582691 -0.142281 0)
(0.612324 -0.147906 0)
(0.641548 -0.152359 0)
(0.669335 -0.155436 0)
(0.696366 -0.157257 0)
(0.721718 -0.157675 0)
(0.746051 -0.156897 0)
(0.768631 -0.154824 0)
(0.790009 -0.151733 0)
(0.809723 -0.147559 0)
(0.828109 -0.142626 0)
(0.845062 -0.136882 0)
(0.860583 -0.130677 0)
(0.875016 -0.123947 0)
(0.887906 -0.117048 0)
(0.900144 -0.109888 0)
(0.910689 -0.102812 0)
(0.921091 -0.0956949 0)
(0.929585 -0.0888657 0)
(0.93851 -0.0821635 0)
(0.945231 -0.0759013 0)
(0.95302 -0.0698856 0)
(0.958214 -0.0644166 0)
(0.965184 -0.0592738 0)
(0.96906 -0.0547489 0)
(0.975508 -0.0506014 0)
(0.978239 -0.0471177 0)
(0.984442 -0.0440451 0)
(0.986165 -0.0416667 0)
(0.992393 -0.039727 0)
(0.993202 -0.0385062 0)
(0.999711 -0.0377584 0)
(-0.00179319 0.028773 0)
(-0.00959307 0.0404983 0)
(-0.0241523 0.0404306 0)
(-0.0356183 0.0380198 0)
(-0.0447218 0.0361923 0)
(-0.051206 0.0347277 0)
(-0.0553666 0.0332718 0)
(-0.0575971 0.0317482 0)
(-0.0582569 0.0301709 0)
(-0.0576215 0.028564 0)
(-0.0558783 0.0269504 0)
(-0.0531727 0.025344 0)
(-0.0496276 0.0237613 0)
(-0.0453469 0.0222137 0)
(-0.0404178 0.0207073 0)
(-0.0349125 0.0192444 0)
(-0.0288969 0.0178262 0)
(-0.0224094 0.0164433 0)
(-0.0154902 0.0150952 0)
(-0.00816939 0.0137847 0)
(-0.000466535 0.0125108 0)
(0.00760411 0.011271 0)
(0.0160405 0.0100574 0)
(0.0248496 0.00885952 0)
(0.0340371 0.00766678 0)
(0.04366 0.00646025 0)
(0.0536878 0.00521672 0)
(0.0641687 0.00392461 0)
(0.0751405 0.00257729 0)
(0.0866432 0.00115918 0)
(0.0987162 -0.000351384 0)
(0.111413 -0.00197814 0)
(0.12477 -0.00374562 0)
(0.138864 -0.00567497 0)
(0.153717 -0.00779355 0)
(0.169402 -0.0101362 0)
(0.186011 -0.0127307 0)
(0.203599 -0.0156109 0)
(0.222236 -0.0188178 0)
(0.241965 -0.0224078 0)
(0.262859 -0.026437 0)
(0.284922 -0.0309741 0)
(0.308218 -0.0360677 0)
(0.332666 -0.0417992 0)
(0.358349 -0.0482296 0)
(0.385035 -0.0553822 0)
(0.41281 -0.0632641 0)
(0.441331 -0.0718304 0)
(0.470722 -0.0810265 0)
(0.500516 -0.0907229 0)
(0.53089 -0.100793 0)
(0.561243 -0.111032 0)
(0.591831 -0.121278 0)
(0.621917 -0.131279 0)
(0.651868 -0.140874 0)
(0.680819 -0.149794 0)
(0.709265 -0.15791 0)
(0.736229 -0.164966 0)
(0.762361 -0.170893 0)
(0.786606 -0.17547 0)
(0.809785 -0.178719 0)
(0.83081 -0.180478 0)
(0.85067 -0.180869 0)
(0.868287 -0.179789 0)
(0.884784 -0.177459 0)
(0.899116 -0.173822 0)
(0.912475 -0.169175 0)
(0.92387 -0.163484 0)
(0.934481 -0.157097 0)
(0.943404 -0.149975 0)
(0.951724 -0.142489 0)
(0.95867 -0.13457 0)
(0.965149 -0.126594 0)
(0.970576 -0.118446 0)
(0.975612 -0.110497 0)
(0.979913 -0.10258 0)
(0.983824 -0.0950615 0)
(0.987316 -0.0877233 0)
(0.990347 -0.0809298 0)
(0.993278 -0.0744135 0)
(0.995609 -0.0685451 0)
(0.998171 -0.0630105 0)
(0.999931 -0.0581954 0)
(1.00228 -0.0537423 0)
(1.00355 -0.05006 0)
(1.00581 -0.0467501 0)
(1.00666 -0.0442522 0)
(1.00892 -0.0421293 0)
(1.00936 -0.0408585 0)
(1.01172 -0.0399642 0)
(-0.0196574 0.00821541 0)
(-0.0379682 0.0319106 0)
(-0.0412227 0.0392475 0)
(-0.043376 0.0400426 0)
(-0.0423012 0.0383872 0)
(-0.0388612 0.0356313 0)
(-0.0335087 0.0325637 0)
(-0.0265803 0.029512 0)
(-0.0183355 0.0265843 0)
(-0.00905403 0.0238406 0)
(0.00107817 0.0212624 0)
(0.0119012 0.0188225 0)
(0.0232642 0.0165159 0)
(0.0350566 0.014337 0)
(0.0471896 0.0122775 0)
(0.0596065 0.0103276 0)
(0.0722172 0.00848254 0)
(0.0850392 0.00673693 0)
(0.098038 0.00507137 0)
(0.111185 0.00345993 0)
(0.124479 0.00188352 0)
(0.137907 0.000328334 0)
(0.151485 -0.00121373 0)
(0.165245 -0.00275264 0)
(0.17919 -0.00430464 0)
(0.193381 -0.0058901 0)
(0.207815 -0.00753212 0)
(0.222553 -0.00925632 0)
(0.237644 -0.0110827 0)
(0.25314 -0.0130326 0)
(0.269079 -0.0151279 0)
(0.285518 -0.0173953 0)
(0.302501 -0.0198589 0)
(0.320086 -0.0225474 0)
(0.338319 -0.0254784 0)
(0.357252 -0.0286783 0)
(0.37694 -0.0321781 0)
(0.397424 -0.0360177 0)
(0.41875 -0.0402306 0)
(0.440935 -0.0448633 0)
(0.464016 -0.0499539 0)
(0.487966 -0.0555536 0)
(0.512804 -0.0616976 0)
(0.538425 -0.0684265 0)
(0.564824 -0.0757608 0)
(0.5918 -0.0837011 0)
(0.619319 -0.0922151 0)
(0.647078 -0.101242 0)
(0.675044 -0.11069 0)
(0.702816 -0.120433 0)
(0.730384 -0.130325 0)
(0.757235 -0.140184 0)
(0.783437 -0.149828 0)
(0.808381 -0.159037 0)
(0.832268 -0.167626 0)
(0.854403 -0.175369 0)
(0.875175 -0.182119 0)
(0.893812 -0.187674 0)
(0.910946 -0.191961 0)
(0.925724 -0.194825 0)
(0.939047 -0.196291 0)
(0.949978 -0.196265 0)
(0.959683 -0.194877 0)
(0.967128 -0.19208 0)
(0.973719 -0.188102 0)
(0.978293 -0.182931 0)
(0.982445 -0.176869 0)
(0.984863 -0.169909 0)
(0.987271 -0.162401 0)
(0.988208 -0.154307 0)
(0.989482 -0.145997 0)
(0.989497 -0.137384 0)
(0.990107 -0.128843 0)
(0.989609 -0.120226 0)
(0.989878 -0.111914 0)
(0.989133 -0.103696 0)
(0.989259 -0.0959607 0)
(0.988428 -0.0884371 0)
(0.988522 -0.0815262 0)
(0.987688 -0.0748986 0)
(0.987803 -0.0689765 0)
(0.987003 -0.0633737 0)
(0.987156 -0.0585431 0)
(0.986395 -0.0540427 0)
(0.98658 -0.0503655 0)
(0.985844 -0.0470139 0)
(0.986035 -0.0445305 0)
(0.985293 -0.0423607 0)
(0.985443 -0.041105 0)
(0.984646 -0.0401468 0)
(-0.0190542 0.108082 0)
(-0.01824 0.0728037 0)
(-0.0113896 0.0580662 0)
(0.00114046 0.046161 0)
(0.0175442 0.0363348 0)
(0.0361327 0.0287764 0)
(0.0559535 0.0228342 0)
(0.0762942 0.0179455 0)
(0.096915 0.0137296 0)
(0.117352 0.0100054 0)
(0.137633 0.00670579 0)
(0.157732 0.00378596 0)
(0.177536 0.00117325 0)
(0.197027 -0.00120258 0)
(0.216186 -0.0033895 0)
(0.235039 -0.00541955 0)
(0.253559 -0.00731731 0)
(0.271791 -0.00910556 0)
(0.289741 -0.0108067 0)
(0.307413 -0.0124491 0)
(0.324837 -0.0140602 0)
(0.342046 -0.0156635 0)
(0.359086 -0.0172777 0)
(0.376008 -0.0189224 0)
(0.392848 -0.0206166 0)
(0.409658 -0.0223856 0)
(0.426481 -0.0242476 0)
(0.443377 -0.0262266 0)
(0.460395 -0.0283484 0)
(0.477596 -0.0306403 0)
(0.495022 -0.0331253 0)
(0.51273 -0.0358282 0)
(0.530756 -0.0387699 0)
(0.549149 -0.0419752 0)
(0.567938 -0.0454636 0)
(0.587164 -0.0492601 0)
(0.606842 -0.053386 0)
(0.626998 -0.0578702 0)
(0.64763 -0.0627339 0)
(0.668738 -0.0680064 0)
(0.690293 -0.0737071 0)
(0.712256 -0.0798632 0)
(0.734563 -0.0864872 0)
(0.757114 -0.0935946 0)
(0.7798 -0.101175 0)
(0.802453 -0.10921 0)
(0.824921 -0.117641 0)
(0.846967 -0.126398 0)
(0.868421 -0.135368 0)
(0.888987 -0.144427 0)
(0.908514 -0.153417 0)
(0.926662 -0.162172 0)
(0.943367 -0.170502 0)
(0.95827 -0.178223 0)
(0.971452 -0.185151 0)
(0.982537 -0.191112 0)
(0.991817 -0.195967 0)
(0.998891 -0.199585 0)
(1.00431 -0.201903 0)
(1.0076 -0.202848 0)
(1.0096 -0.202451 0)
(1.00971 -0.200698 0)
(1.00906 -0.197713 0)
(1.00682 -0.193515 0)
(1.00439 -0.188311 0)
(1.00067 -0.182133 0)
(0.997317 -0.175254 0)
(0.992859 -0.167682 0)
(0.989236 -0.159729 0)
(0.984591 -0.151351 0)
(0.981136 -0.142888 0)
(0.97663 -0.134226 0)
(0.973577 -0.125727 0)
(0.969357 -0.117203 0)
(0.96679 -0.109042 0)
(0.962883 -0.100981 0)
(0.960802 -0.0934443 0)
(0.957173 -0.0860919 0)
(0.955546 -0.0793884 0)
(0.95214 -0.0729175 0)
(0.950925 -0.0671907 0)
(0.947672 -0.0617139 0)
(0.946826 -0.0570542 0)
(0.943648 -0.0526388 0)
(0.943124 -0.0491 0)
(0.939931 -0.0457857 0)
(0.939671 -0.0434019 0)
(0.936355 -0.0412159 0)
(0.936284 -0.0400139 0)
(0.932716 -0.0389798 0)
(0.0700311 0.00704814 0)
(0.0900433 0.00649055 0)
(0.153821 0.00598911 0)
(0.198865 0.00276213 0)
(0.237826 -0.00158606 0)
(0.273287 -0.00576157 0)
(0.306051 -0.00937946 0)
(0.335996 -0.0124578 0)
(0.363866 -0.0151071 0)
(0.389947 -0.0174065 0)
(0.414584 -0.019435 0)
(0.438004 -0.0212482 0)
(0.460296 -0.022885 0)
(0.481571 -0.0243801 0)
(0.501929 -0.0257593 0)
(0.521465 -0.027046 0)
(0.540247 -0.0282597 0)
(0.558345 -0.0294263 0)
(0.575815 -0.0305693 0)
(0.592715 -0.0317087 0)
(0.609097 -0.0328661 0)
(0.625026 -0.0340631 0)
(0.64056 -0.0353219 0)
(0.65576 -0.0366664 0)
(0.670676 -0.0381179 0)
(0.685367 -0.039698 0)
(0.69988 -0.0414266 0)
(0.714272 -0.0433251 0)
(0.728587 -0.045414 0)
(0.742875 -0.047715 0)
(0.757174 -0.0502478 0)
(0.771523 -0.0530335 0)
(0.785945 -0.0560907 0)
(0.800468 -0.0594383 0)
(0.815098 -0.063092 0)
(0.829849 -0.0670681 0)
(0.844709 -0.0713798 0)
(0.859674 -0.076042 0)
(0.874707 -0.0810658 0)
(0.889778 -0.0864634 0)
(0.904818 -0.0922401 0)
(0.919765 -0.0984014 0)
(0.934509 -0.104942 0)
(0.948944 -0.111851 0)
(0.962924 -0.119099 0)
(0.976309 -0.126646 0)
(0.98892 -0.134422 0)
(1.00059 -0.142345 0)
(1.01113 -0.150301 0)
(1.02038 -0.158167 0)
(1.02819 -0.165789 0)
(1.0344 -0.173018 0)
(1.03896 -0.179685 0)
(1.04177 -0.185644 0)
(1.0429 -0.190742 0)
(1.04231 -0.194867 0)
(1.04022 -0.19791 0)
(1.03661 -0.199811 0)
(1.03191 -0.200526 0)
(1.02603 -0.20005 0)
(1.01956 -0.198407 0)
(1.01229 -0.195641 0)
(1.00498 -0.191842 0)
(0.997134 -0.187082 0)
(0.989741 -0.181507 0)
(0.981913 -0.175188 0)
(0.974925 -0.168309 0)
(0.967439 -0.160906 0)
(0.961097 -0.153197 0)
(0.954048 -0.145162 0)
(0.9484 -0.137057 0)
(0.941741 -0.128793 0)
(0.936744 -0.120671 0)
(0.930377 -0.112523 0)
(0.925967 -0.104707 0)
(0.919788 -0.0969625 0)
(0.915924 -0.089717 0)
(0.909858 -0.0826089 0)
(0.906539 -0.076145 0)
(0.900533 -0.0698499 0)
(0.897783 -0.0643229 0)
(0.89178 -0.0589604 0)
(0.889624 -0.0544696 0)
(0.883542 -0.0501067 0)
(0.881991 -0.0467066 0)
(0.875704 -0.0433753 0)
(0.874742 -0.0410961 0)
(0.868078 -0.0388111 0)
(0.86766 -0.0376688 0)
(0.860402 -0.0364338 0)
(0.773927 -0.00929752 0)
(0.775568 -0.0207755 0)
(0.776491 -0.0270437 0)
(0.778269 -0.0307949 0)
(0.782035 -0.0335016 0)
(0.787557 -0.0357668 0)
(0.794563 -0.0377178 0)
(0.802415 -0.0393252 0)
(0.810896 -0.0406036 0)
(0.819793 -0.041595 0)
(0.82892 -0.0423753 0)
(0.838152 -0.0430187 0)
(0.847391 -0.0435691 0)
(0.856564 -0.0440524 0)
(0.865618 -0.0444861 0)
(0.874514 -0.0448872 0)
(0.883222 -0.0452728 0)
(0.891722 -0.0456629 0)
(0.900005 -0.0460778 0)
(0.908067 -0.0465386 0)
(0.915914 -0.0470663 0)
(0.923559 -0.0476842 0)
(0.931017 -0.0484164 0)
(0.938309 -0.0492869 0)
(0.945453 -0.0503176 0)
(0.952472 -0.0515291 0)
(0.959385 -0.05294 0)
(0.966213 -0.0545682 0)
(0.972972 -0.0564302 0)
(0.979678 -0.0585423 0)
(0.986341 -0.0609191 0)
(0.992965 -0.063575 0)
(0.99955 -0.0665227 0)
(1.00609 -0.0697732 0)
(1.01258 -0.0733358 0)
(1.01899 -0.0772179 0)
(1.0253 -0.0814254 0)
(1.03148 -0.0859626 0)
(1.03748 -0.0908317 0)
(1.04325 -0.0960321 0)
(1.04872 -0.101559 0)
(1.05383 -0.107402 0)
(1.05847 -0.113543 0)
(1.06256 -0.11995 0)
(1.066 -0.126582 0)
(1.06868 -0.133383 0)
(1.07049 -0.140283 0)
(1.07135 -0.147195 0)
(1.07116 -0.154019 0)
(1.06986 -0.160642 0)
(1.06742 -0.16694 0)
(1.06382 -0.172792 0)
(1.05909 -0.178072 0)
(1.05331 -0.182671 0)
(1.04656 -0.18648 0)
(1.03899 -0.18942 0)
(1.03075 -0.191416 0)
(1.02199 -0.192436 0)
(1.01292 -0.192449 0)
(1.00364 -0.191471 0)
(0.994352 -0.18951 0)
(0.98503 -0.186622 0)
(0.975928 -0.182849 0)
(0.966793 -0.178277 0)
(0.957989 -0.17297 0)
(0.94901 -0.167015 0)
(0.940444 -0.160499 0)
(0.93147 -0.153499 0)
(0.923029 -0.146128 0)
(0.913898 -0.13844 0)
(0.905514 -0.130581 0)
(0.896139 -0.122567 0)
(0.887854 -0.11459 0)
(0.878248 -0.106612 0)
(0.870204 -0.0988784 0)
(0.860448 -0.0912631 0)
(0.852852 -0.0840769 0)
(0.843045 -0.0770833 0)
(0.836126 -0.0706819 0)
(0.826339 -0.0645006 0)
(0.820313 -0.0590543 0)
(0.810546 -0.0538042 0)
(0.805588 -0.0494139 0)
(0.795738 -0.0451433 0)
(0.791971 -0.0418502 0)
(0.781811 -0.0385586 0)
(0.779309 -0.0363725 0)
(0.768497 -0.0340353 0)
(0.767313 -0.0329497 0)
(0.755404 -0.031527 0)
(1.05731 0.00811712 0)
(1.06044 -0.000325879 0)
(1.06119 -0.00753621 0)
(1.06049 -0.0132484 0)
(1.05967 -0.0179408 0)
(1.05941 -0.0220228 0)
(1.05988 -0.0256691 0)
(1.06091 -0.0288915 0)
(1.06229 -0.0316866 0)
(1.06385 -0.0340764 0)
(1.06553 -0.0361054 0)
(1.06726 -0.0378283 0)
(1.06902 -0.0392971 0)
(1.07079 -0.0405578 0)
(1.07255 -0.0416494 0)
(1.07428 -0.0426077 0)
(1.07595 -0.0434658 0)
(1.07755 -0.0442567 0)
(1.07907 -0.0450122 0)
(1.08051 -0.0457647 0)
(1.08184 -0.046545 0)
(1.08309 -0.0473847 0)
(1.08424 -0.0483137 0)
(1.08531 -0.0493613 0)
(1.08629 -0.0505539 0)
(1.08719 -0.0519159 0)
(1.08802 -0.053469 0)
(1.08877 -0.0552332 0)
(1.08945 -0.0572257 0)
(1.09005 -0.0594624 0)
(1.09058 -0.0619567 0)
(1.09102 -0.0647191 0)
(1.09136 -0.067758 0)
(1.0916 -0.0710798 0)
(1.0917 -0.0746893 0)
(1.09166 -0.0785891 0)
(1.09146 -0.0827806 0)
(1.09105 -0.087262 0)
(1.09041 -0.0920302 0)
(1.0895 -0.0970773 0)
(1.08829 -0.102392 0)
(1.08673 -0.107956 0)
(1.08478 -0.113745 0)
(1.08239 -0.119723 0)
(1.07952 -0.125846 0)
(1.07612 -0.132059 0)
(1.07216 -0.138296 0)
(1.06762 -0.144478 0)
(1.06248 -0.15052 0)
(1.05675 -0.156328 0)
(1.05043 -0.161805 0)
(1.04356 -0.166855 0)
(1.03618 -0.171384 0)
(1.02834 -0.175304 0)
(1.02011 -0.178532 0)
(1.01153 -0.180995 0)
(1.00264 -0.182629 0)
(0.993487 -0.183387 0)
(0.984054 -0.183232 0)
(0.974344 -0.182156 0)
(0.964315 -0.180156 0)
(0.953914 -0.17727 0)
(0.943093 -0.173523 0)
(0.931761 -0.168972 0)
(0.919928 -0.163647 0)
(0.907461 -0.157626 0)
(0.894503 -0.150967 0)
(0.880856 -0.143788 0)
(0.866878 -0.136173 0)
(0.852219 -0.12825 0)
(0.837537 -0.120109 0)
(0.822203 -0.111874 0)
(0.807283 -0.103654 0)
(0.791702 -0.095556 0)
(0.777088 -0.0876986 0)
(0.761698 -0.0801316 0)
(0.747921 -0.0729768 0)
(0.733059 -0.0662024 0)
(0.720562 -0.0599618 0)
(0.706404 -0.0541247 0)
(0.695523 -0.0489141 0)
(0.682057 -0.0440724 0)
(0.673032 -0.0399386 0)
(0.660044 -0.0360876 0)
(0.653046 -0.0330345 0)
(0.640091 -0.0301235 0)
(0.635263 -0.0281243 0)
(0.62167 -0.0260705 0)
(0.619218 -0.0250879 0)
(0.604087 -0.0237994 0)
(1.08195 -0.00341954 0)
(1.08794 -0.0110486 0)
(1.09225 -0.0184405 0)
(1.09491 -0.0246011 0)
(1.09643 -0.0293878 0)
(1.0974 -0.0331253 0)
(1.09824 -0.0361722 0)
(1.09908 -0.038755 0)
(1.09994 -0.0409677 0)
(1.10075 -0.042837 0)
(1.10148 -0.0443767 0)
(1.10212 -0.0456136 0)
(1.10265 -0.0465881 0)
(1.1031 -0.0473476 0)
(1.10347 -0.0479395 0)
(1.10375 -0.0484078 0)
(1.10396 -0.0487923 0)
(1.10407 -0.0491302 0)
(1.10409 -0.0494562 0)
(1.10401 -0.049804 0)
(1.10383 -0.0502053 0)
(1.10354 -0.0506915 0)
(1.10315 -0.0512914 0)
(1.10265 -0.0520329 0)
(1.10204 -0.0529405 0)
(1.10134 -0.0540375 0)
(1.10053 -0.0553431 0)
(1.09961 -0.0568752 0)
(1.09859 -0.058648 0)
(1.09746 -0.0606742 0)
(1.09622 -0.0629627 0)
(1.09486 -0.0655212 0)
(1.09337 -0.068354 0)
(1.09176 -0.0714647 0)
(1.09 -0.0748546 0)
(1.08809 -0.0785239 0)
(1.08601 -0.0824701 0)
(1.08376 -0.0866893 0)
(1.0813 -0.0911742 0)
(1.07864 -0.095914 0)
(1.07574 -0.100894 0)
(1.07259 -0.106093 0)
(1.06916 -0.111484 0)
(1.06543 -0.117031 0)
(1.06138 -0.122691 0)
(1.05698 -0.128408 0)
(1.0522 -0.134119 0)
(1.04701 -0.139749 0)
(1.04139 -0.14522 0)
(1.03528 -0.150442 0)
(1.02866 -0.155331 0)
(1.02148 -0.159795 0)
(1.01369 -0.163751 0)
(1.00524 -0.167117 0)
(0.996075 -0.169817 0)
(0.986122 -0.171775 0)
(0.975316 -0.172919 0)
(0.963568 -0.173174 0)
(0.950804 -0.172483 0)
(0.936934 -0.170809 0)
(0.921897 -0.168152 0)
(0.905643 -0.164548 0)
(0.888163 -0.160044 0)
(0.869486 -0.154691 0)
(0.849679 -0.148537 0)
(0.828822 -0.141656 0)
(0.807043 -0.134143 0)
(0.784481 -0.126149 0)
(0.761373 -0.117818 0)
(0.73788 -0.109313 0)
(0.714334 -0.100745 0)
(0.690808 -0.0922588 0)
(0.667735 -0.0839468 0)
(0.645011 -0.0759526 0)
(0.623253 -0.0683441 0)
(0.602069 -0.0612382 0)
(0.582349 -0.0546526 0)
(0.563207 -0.0486513 0)
(0.545983 -0.0432016 0)
(0.529053 -0.0383241 0)
(0.514531 -0.0339736 0)
(0.499684 -0.0301413 0)
(0.487896 -0.026807 0)
(0.474722 -0.0239214 0)
(0.465632 -0.0215228 0)
(0.453449 -0.0194748 0)
(0.447069 -0.017931 0)
(0.434877 -0.0165978 0)
(0.431442 -0.0158433 0)
(0.417828 -0.0151115 0)
(1.07465 -0.00731776 0)
(1.08072 -0.0123269 0)
(1.08565 -0.0175383 0)
(1.08937 -0.0224082 0)
(1.09204 -0.0265859 0)
(1.09395 -0.0300262 0)
(1.09543 -0.0328664 0)
(1.0967 -0.0352689 0)
(1.09785 -0.037342 0)
(1.09891 -0.0391346 0)
(1.09985 -0.0406615 0)
(1.10066 -0.0419325 0)
(1.10133 -0.042967 0)
(1.10186 -0.0437962 0)
(1.10227 -0.0444585 0)
(1.10256 -0.0449943 0)
(1.10273 -0.0454428 0)
(1.10278 -0.0458413 0)
(1.1027 -0.0462247 0)
(1.1025 -0.0466269 0)
(1.10216 -0.0470799 0)
(1.10168 -0.0476143 0)
(1.10107 -0.0482584 0)
(1.10033 -0.0490392 0)
(1.09946 -0.0499804 0)
(1.09846 -0.0511044 0)
(1.09732 -0.0524297 0)
(1.09606 -0.0539737 0)
(1.09468 -0.0557491 0)
(1.09316 -0.0577676 0)
(1.09151 -0.0600364 0)
(1.08972 -0.0625621 0)
(1.08779 -0.0653476 0)
(1.08571 -0.0683954 0)
(1.08346 -0.0717049 0)
(1.08105 -0.0752752 0)
(1.07843 -0.0791017 0)
(1.07562 -0.0831791 0)
(1.07257 -0.087497 0)
(1.06926 -0.0920426 0)
(1.06568 -0.0967973 0)
(1.06177 -0.101737 0)
(1.05751 -0.106832 0)
(1.05285 -0.112042 0)
(1.04772 -0.117323 0)
(1.04209 -0.122615 0)
(1.03586 -0.127855 0)
(1.02897 -0.132965 0)
(1.02131 -0.137862 0)
(1.01279 -0.142452 0)
(1.00329 -0.146644 0)
(0.992687 -0.150341 0)
(0.98087 -0.153456 0)
(0.967708 -0.155902 0)
(0.953103 -0.157611 0)
(0.936948 -0.158506 0)
(0.91918 -0.158517 0)
(0.899719 -0.15756 0)
(0.87853 -0.155563 0)
(0.855568 -0.152486 0)
(0.830847 -0.148356 0)
(0.804405 -0.143247 0)
(0.776382 -0.137255 0)
(0.746979 -0.130476 0)
(0.716471 -0.123004 0)
(0.685102 -0.114942 0)
(0.653136 -0.106425 0)
(0.620844 -0.0976469 0)
(0.588592 -0.0888194 0)
(0.556758 -0.0801409 0)
(0.525759 -0.0717614 0)
(0.49589 -0.0638012 0)
(0.467464 -0.0563373 0)
(0.440631 -0.0494382 0)
(0.415675 -0.0431315 0)
(0.392612 -0.0374709 0)
(0.371716 -0.0324533 0)
(0.352778 -0.0281039 0)
(0.336078 -0.0243558 0)
(0.321089 -0.0212028 0)
(0.308237 -0.0185301 0)
(0.296592 -0.0163405 0)
(0.286984 -0.0144947 0)
(0.277869 -0.0130305 0)
(0.270886 -0.0117926 0)
(0.263381 -0.0108678 0)
(0.258571 -0.0100894 0)
(0.251596 -0.00957657 0)
(0.248909 -0.00918588 0)
(0.24097 -0.00901175 0)
(1.06826 -0.0147873 0)
(1.0741 -0.0188364 0)
(1.07914 -0.0230213 0)
(1.0833 -0.0270681 0)
(1.08661 -0.0307353 0)
(1.0892 -0.0338969 0)
(1.09129 -0.036555 0)
(1.09306 -0.0387841 0)
(1.09463 -0.0406663 0)
(1.09606 -0.0422599 0)
(1.09734 -0.0435957 0)
(1.09847 -0.0446903 0)
(1.09944 -0.0455588 0)
(1.10023 -0.0462243 0)
(1.10085 -0.0467172 0)
(1.1013 -0.0470743 0)
(1.10157 -0.0473341 0)
(1.10167 -0.0475353 0)
(1.10159 -0.0477157 0)
(1.10132 -0.0479117 0)
(1.10087 -0.0481578 0)
(1.10023 -0.0484862 0)
(1.0994 -0.048926 0)
(1.09838 -0.0495036 0)
(1.09717 -0.0502421 0)
(1.09578 -0.0511629 0)
(1.0942 -0.052284 0)
(1.09244 -0.053621 0)
(1.09048 -0.0551862 0)
(1.08833 -0.0569894 0)
(1.08598 -0.0590369 0)
(1.08342 -0.0613331 0)
(1.08062 -0.0638791 0)
(1.07758 -0.0666748 0)
(1.07427 -0.0697168 0)
(1.07066 -0.0730012 0)
(1.06671 -0.0765196 0)
(1.06241 -0.0802629 0)
(1.05768 -0.084216 0)
(1.0525 -0.0883613 0)
(1.0468 -0.0926735 0)
(1.04052 -0.0971227 0)
(1.03358 -0.101669 0)
(1.02589 -0.106268 0)
(1.01737 -0.110864 0)
(1.00791 -0.115395 0)
(0.997386 -0.119787 0)
(0.985689 -0.123953 0)
(0.972667 -0.1278 0)
(0.958191 -0.131223 0)
(0.942098 -0.134122 0)
(0.924255 -0.136395 0)
(0.904509 -0.137953 0)
(0.882749 -0.13871 0)
(0.858879 -0.138614 0)
(0.832847 -0.137611 0)
(0.804675 -0.135667 0)
(0.774392 -0.132719 0)
(0.74212 -0.128719 0)
(0.707942 -0.123659 0)
(0.672017 -0.117613 0)
(0.634495 -0.11069 0)
(0.595728 -0.103035 0)
(0.556172 -0.0948274 0)
(0.516404 -0.0862742 0)
(0.476948 -0.0775609 0)
(0.438265 -0.0688649 0)
(0.400694 -0.0603803 0)
(0.364713 -0.0522879 0)
(0.330885 -0.0447524 0)
(0.299759 -0.0379474 0)
(0.271678 -0.0320148 0)
(0.246788 -0.0270041 0)
(0.22508 -0.0228998 0)
(0.206431 -0.0196128 0)
(0.190545 -0.0170177 0)
(0.177167 -0.0149577 0)
(0.165915 -0.0133187 0)
(0.156547 -0.0119863 0)
(0.148649 -0.0109 0)
(0.142079 -0.00997859 0)
(0.136417 -0.00921257 0)
(0.131714 -0.00853481 0)
(0.127482 -0.00797896 0)
(0.124034 -0.00746515 0)
(0.120642 -0.00707752 0)
(0.11808 -0.00668809 0)
(0.114962 -0.00645228 0)
(0.113231 -0.00616942 0)
(0.10933 -0.00602618 0)
(1.06559 -0.020751 0)
(1.07129 -0.0240114 0)
(1.07638 -0.0273398 0)
(1.08078 -0.0305924 0)
(1.08448 -0.0336228 0)
(1.08754 -0.036319 0)
(1.09009 -0.038633 0)
(1.09225 -0.0405768 0)
(1.09413 -0.0421928 0)
(1.09579 -0.0435261 0)
(1.09725 -0.0446095 0)
(1.0985 -0.0454641 0)
(1.09952 -0.0461057 0)
(1.1003 -0.0465527 0)
(1.10082 -0.0468296 0)
(1.10108 -0.046968 0)
(1.10107 -0.0470035 0)
(1.10079 -0.0469748 0)
(1.10021 -0.0469206 0)
(1.09935 -0.0468799 0)
(1.0982 -0.0468894 0)
(1.09675 -0.046984 0)
(1.09501 -0.0471932 0)
(1.09297 -0.0475425 0)
(1.09063 -0.0480533 0)
(1.088 -0.0487446 0)
(1.08506 -0.0496318 0)
(1.08181 -0.0507279 0)
(1.07823 -0.0520423 0)
(1.07432 -0.053582 0)
(1.07005 -0.0553502 0)
(1.0654 -0.0573477 0)
(1.06034 -0.0595717 0)
(1.05483 -0.0620175 0)
(1.04883 -0.064677 0)
(1.04228 -0.0675403 0)
(1.03513 -0.0705937 0)
(1.02731 -0.073821 0)
(1.01875 -0.0772009 0)
(1.00937 -0.0807077 0)
(0.999071 -0.0843087 0)
(0.987771 -0.0879634 0)
(0.975348 -0.0916221 0)
(0.961696 -0.0952265 0)
(0.946678 -0.0987118 0)
(0.930176 -0.10201 0)
(0.912041 -0.10504 0)
(0.892156 -0.107708 0)
(0.870368 -0.109914 0)
(0.846565 -0.111558 0)
(0.820603 -0.112548 0)
(0.792406 -0.1128 0)
(0.761875 -0.112239 0)
(0.729019 -0.110813 0)
(0.693793 -0.108457 0)
(0.656325 -0.105146 0)
(0.616753 -0.100875 0)
(0.575389 -0.0956324 0)
(0.532739 -0.0895156 0)
(0.489138 -0.0826256 0)
(0.445069 -0.0751429 0)
(0.400796 -0.0671598 0)
(0.357097 -0.0589143 0)
(0.314669 -0.0505458 0)
(0.274527 -0.0423417 0)
(0.237639 -0.0347483 0)
(0.204649 -0.0282621 0)
(0.175612 -0.023068 0)
(0.150794 -0.0191171 0)
(0.130159 -0.0162484 0)
(0.11335 -0.0141876 0)
(0.0997229 -0.0126257 0)
(0.0885182 -0.0113525 0)
(0.079103 -0.0103049 0)
(0.0710398 -0.00946161 0)
(0.0640474 -0.00879188 0)
(0.0579603 -0.00824612 0)
(0.0526316 -0.00777042 0)
(0.048008 -0.0073305 0)
(0.0439876 -0.00692164 0)
(0.040514 -0.00653143 0)
(0.0374711 -0.00617175 0)
(0.0348423 -0.00583406 0)
(0.0324929 -0.00554158 0)
(0.03045 -0.00526695 0)
(0.0285292 -0.00503777 0)
(0.0268543 -0.00479499 0)
(0.0251168 -0.00458872 0)
(0.0236773 -0.00429225 0)
(0.0215165 -0.00418289 0)
(1.06626 -0.0269341 0)
(1.07178 -0.029525 0)
(1.07672 -0.0321327 0)
(1.08102 -0.0346911 0)
(1.08464 -0.0371182 0)
(1.08762 -0.0393289 0)
(1.09001 -0.0412592 0)
(1.0919 -0.0428827 0)
(1.09336 -0.0442069 0)
(1.09443 -0.045256 0)
(1.09514 -0.0460553 0)
(1.09547 -0.0466249 0)
(1.0954 -0.0469804 0)
(1.09492 -0.047138 0)
(1.094 -0.0471186 0)
(1.09264 -0.0469499 0)
(1.09083 -0.0466649 0)
(1.08855 -0.0463022 0)
(1.08581 -0.045901 0)
(1.0826 -0.0455027 0)
(1.07893 -0.0451458 0)
(1.0748 -0.0448687 0)
(1.07021 -0.0447028 0)
(1.06517 -0.0446754 0)
(1.05967 -0.0448069 0)
(1.0537 -0.0451146 0)
(1.04726 -0.0456091 0)
(1.04032 -0.0462993 0)
(1.03287 -0.0471877 0)
(1.02487 -0.0482759 0)
(1.0163 -0.0495596 0)
(1.00711 -0.0510345 0)
(0.997248 -0.0526903 0)
(0.986664 -0.0545175 0)
(0.97528 -0.0565003 0)
(0.963038 -0.0586236 0)
(0.949839 -0.0608659 0)
(0.935615 -0.0632058 0)
(0.920251 -0.0656144 0)
(0.90367 -0.0680614 0)
(0.885744 -0.0705075 0)
(0.866393 -0.0729082 0)
(0.845478 -0.0752078 0)
(0.822916 -0.0773397 0)
(0.798576 -0.0792326 0)
(0.772351 -0.0808033 0)
(0.744148 -0.0819593 0)
(0.713914 -0.0826031 0)
(0.681594 -0.0826457 0)
(0.647184 -0.0820066 0)
(0.610679 -0.0806327 0)
(0.572163 -0.078491 0)
(0.531799 -0.0756017 0)
(0.48979 -0.0719456 0)
(0.44649 -0.0675188 0)
(0.40222 -0.062243 0)
(0.357425 -0.0560386 0)
(0.312943 -0.048941 0)
(0.269805 -0.0413656 0)
(0.228919 -0.0339285 0)
(0.191144 -0.0272695 0)
(0.156994 -0.021841 0)
(0.127567 -0.0177804 0)
(0.103597 -0.0148824 0)
(0.0846063 -0.0126624 0)
(0.0694554 -0.0108184 0)
(0.0569951 -0.0092966 0)
(0.0461872 -0.00813419 0)
(0.0366912 -0.0074828 0)
(0.0283463 -0.00719749 0)
(0.021142 -0.00695614 0)
(0.0149371 -0.00656394 0)
(0.00955207 -0.00601457 0)
(0.00483952 -0.00540993 0)
(0.000677134 -0.0048702 0)
(-0.00302367 -0.00447137 0)
(-0.0063133 -0.00422267 0)
(-0.00927264 -0.00408415 0)
(-0.0119534 -0.00401214 0)
(-0.0143958 -0.00397122 0)
(-0.0166217 -0.00393124 0)
(-0.0186646 -0.00388214 0)
(-0.0205375 -0.00381645 0)
(-0.022274 -0.00373861 0)
(-0.0238799 -0.00363634 0)
(-0.0253986 -0.00351455 0)
(-0.0268103 -0.00334992 0)
(-0.0281786 -0.00315875 0)
(-0.0294977 -0.00295659 0)
(-0.0308607 -0.00295825 0)
(1.06584 -0.0311443 0)
(1.06977 -0.0331387 0)
(1.07286 -0.0351144 0)
(1.07506 -0.0370448 0)
(1.07633 -0.0388758 0)
(1.07668 -0.0405404 0)
(1.07616 -0.0419792 0)
(1.07482 -0.0431517 0)
(1.0727 -0.0440453 0)
(1.06986 -0.0446662 0)
(1.06633 -0.0450302 0)
(1.06211 -0.045154 0)
(1.05722 -0.0450545 0)
(1.05167 -0.0447475 0)
(1.04545 -0.0442534 0)
(1.03859 -0.0435974 0)
(1.03109 -0.0428125 0)
(1.02299 -0.0419363 0)
(1.0143 -0.0410109 0)
(1.00503 -0.040078 0)
(0.995219 -0.0391788 0)
(0.984862 -0.0383501 0)
(0.973981 -0.0376284 0)
(0.962587 -0.0370467 0)
(0.950678 -0.0366291 0)
(0.938249 -0.0363914 0)
(0.925279 -0.0363395 0)
(0.911745 -0.0364729 0)
(0.897611 -0.0367839 0)
(0.882841 -0.0372625 0)
(0.867381 -0.0378932 0)
(0.851184 -0.0386613 0)
(0.834179 -0.039547 0)
(0.816311 -0.040533 0)
(0.797493 -0.0415953 0)
(0.777665 -0.0427144 0)
(0.756727 -0.0438614 0)
(0.734625 -0.0450145 0)
(0.711247 -0.0461386 0)
(0.686558 -0.0472091 0)
(0.660437 -0.048182 0)
(0.632889 -0.0490284 0)
(0.603791 -0.0496887 0)
(0.573227 -0.0501203 0)
(0.541139 -0.0502336 0)
(0.507555 -0.0499128 0)
(0.472544 -0.0490328 0)
(0.436277 -0.0474889 0)
(0.398917 -0.0452031 0)
(0.360777 -0.0421593 0)
(0.322118 -0.0383891 0)
(0.283359 -0.0340538 0)
(0.245054 -0.0294246 0)
(0.207837 -0.0248018 0)
(0.172847 -0.0206119 0)
(0.140903 -0.0169844 0)
(0.113101 -0.0138769 0)
(0.0901511 -0.0113442 0)
(0.0714565 -0.00916741 0)
(0.0560123 -0.00729987 0)
(0.042974 -0.00585046 0)
(0.0317045 -0.00507926 0)
(0.0216878 -0.00508399 0)
(0.0130042 -0.00551803 0)
(0.00566202 -0.0055737 0)
(-0.000551805 -0.00485094 0)
(-0.00583 -0.00364979 0)
(-0.0103738 -0.00259411 0)
(-0.0143227 -0.00201528 0)
(-0.0178598 -0.00185606 0)
(-0.0210921 -0.00193716 0)
(-0.0240607 -0.00205368 0)
(-0.0267513 -0.00209552 0)
(-0.0291686 -0.00206525 0)
(-0.0313501 -0.00201098 0)
(-0.0333529 -0.00197237 0)
(-0.0352283 -0.00196731 0)
(-0.0370142 -0.00200181 0)
(-0.0387325 -0.00205848 0)
(-0.0403974 -0.00211888 0)
(-0.0420125 -0.00217001 0)
(-0.0435797 -0.00220678 0)
(-0.0450962 -0.0022239 0)
(-0.0465629 -0.00221933 0)
(-0.0479744 -0.00218873 0)
(-0.0493253 -0.00213362 0)
(-0.0505935 -0.00205146 0)
(-0.0517953 -0.00196234 0)
(-0.0529727 -0.00190491 0)
(-0.0539571 -0.00194746 0)
(1.0237 -0.0369559 0)
(1.01869 -0.0375568 0)
(1.01234 -0.0381548 0)
(1.00462 -0.0387372 0)
(0.995583 -0.0392609 0)
(0.985273 -0.039675 0)
(0.973771 -0.039932 0)
(0.96119 -0.0399973 0)
(0.947628 -0.0398465 0)
(0.933194 -0.0394697 0)
(0.917997 -0.0388707 0)
(0.902133 -0.0380614 0)
(0.885694 -0.0370585 0)
(0.868761 -0.0358803 0)
(0.851412 -0.0345484 0)
(0.83372 -0.0330881 0)
(0.815757 -0.0315306 0)
(0.797584 -0.0299114 0)
(0.779259 -0.0282703 0)
(0.760819 -0.0266464 0)
(0.742302 -0.0250781 0)
(0.723708 -0.0235973 0)
(0.705046 -0.0222346 0)
(0.686318 -0.0210162 0)
(0.667517 -0.0199609 0)
(0.648625 -0.019079 0)
(0.629611 -0.0183721 0)
(0.610435 -0.0178338 0)
(0.591048 -0.0174512 0)
(0.571397 -0.0172066 0)
(0.551424 -0.0170793 0)
(0.53107 -0.017046 0)
(0.510277 -0.0170822 0)
(0.488987 -0.0171623 0)
(0.467149 -0.0172598 0)
(0.444718 -0.0173478 0)
(0.421656 -0.0173992 0)
(0.397944 -0.0173879 0)
(0.373567 -0.0172879 0)
(0.348553 -0.0170782 0)
(0.322921 -0.0167374 0)
(0.296788 -0.0162591 0)
(0.270211 -0.0156292 0)
(0.243527 -0.0148717 0)
(0.216961 -0.0139634 0)
(0.190833 -0.0128854 0)
(0.165548 -0.0116316 0)
(0.141584 -0.0102382 0)
(0.119316 -0.00872897 0)
(0.0991694 -0.00706696 0)
(0.081301 -0.00542537 0)
(0.0655721 -0.00385369 0)
(0.0517716 -0.00247243 0)
(0.0396779 -0.00152782 0)
(0.0290957 -0.00126863 0)
(0.0196979 -0.00181466 0)
(0.0112606 -0.00286161 0)
(0.00393729 -0.00373091 0)
(-0.00230164 -0.00365108 0)
(-0.00742129 -0.0025912 0)
(-0.0114251 -0.0011635 0)
(-0.0146581 -0.000142497 0)
(-0.0174561 0.000104095 0)
(-0.0201264 -0.000121576 0)
(-0.022743 -0.000389751 0)
(-0.0250941 -0.000439183 0)
(-0.0269835 -0.000277796 0)
(-0.0284153 -0.000112165 0)
(-0.0295441 -6.8939e-05 0)
(-0.0305773 -0.000172504 0)
(-0.0316386 -0.000343646 0)
(-0.0327513 -0.000479479 0)
(-0.0338807 -0.000542925 0)
(-0.0349833 -0.000552158 0)
(-0.036039 -0.00054436 0)
(-0.0370537 -0.000547894 0)
(-0.0380485 -0.000571297 0)
(-0.0390466 -0.000611441 0)
(-0.040064 -0.000661583 0)
(-0.0411074 -0.000713819 0)
(-0.042175 -0.000761808 0)
(-0.0432611 -0.000802468 0)
(-0.0443573 -0.000833663 0)
(-0.0454547 -0.000854562 0)
(-0.0465414 -0.000863962 0)
(-0.0476002 -0.000864141 0)
(-0.0486112 -0.000863757 0)
(-0.0495925 -0.000887061 0)
(-0.0506035 -0.000947657 0)
(-0.0514525 -0.00101101 0)
(0.714524 -0.0207113 0)
(0.685456 -0.0203025 0)
(0.656253 -0.0199088 0)
(0.626936 -0.0195247 0)
(0.597553 -0.0191263 0)
(0.568191 -0.0186833 0)
(0.53896 -0.0181661 0)
(0.510039 -0.0175535 0)
(0.481584 -0.0168215 0)
(0.453766 -0.015956 0)
(0.426753 -0.0149575 0)
(0.400701 -0.013839 0)
(0.375748 -0.0126217 0)
(0.352012 -0.0113327 0)
(0.329592 -0.010002 0)
(0.308559 -0.00866191 0)
(0.288957 -0.00734697 0)
(0.270801 -0.00609223 0)
(0.254067 -0.00493069 0)
(0.238698 -0.00389106 0)
(0.224607 -0.00299396 0)
(0.21168 -0.00225064 0)
(0.199794 -0.00165315 0)
(0.188822 -0.00118476 0)
(0.17863 -0.000828218 0)
(0.169084 -0.000567842 0)
(0.160053 -0.000388338 0)
(0.151416 -0.00027372 0)
(0.143062 -0.000207145 0)
(0.1349 -0.000171645 0)
(0.126854 -0.000150662 0)
(0.11887 -0.00012864 0)
(0.110909 -9.12201e-05 0)
(0.102955 -2.57488e-05 0)
(0.0950067 7.833e-05 0)
(0.0870833 0.000228703 0)
(0.0792177 0.000429355 0)
(0.0714578 0.000679542 0)
(0.0638605 0.00097221 0)
(0.0564903 0.00129296 0)
(0.0494089 0.00161721 0)
(0.0426746 0.00191018 0)
(0.0363194 0.002121 0)
(0.0303552 0.00218582 0)
(0.0247373 0.00201467 0)
(0.0193942 0.00155381 0)
(0.0142618 0.000818351 0)
(0.00930098 -8.33053e-05 0)
(0.0044733 -0.000947571 0)
(-0.000205622 -0.00156433 0)
(-0.00447782 -0.00188736 0)
(-0.00798285 -0.00175204 0)
(-0.0105186 -0.0011939 0)
(-0.0120283 -0.00039896 0)
(-0.0127492 0.000371962 0)
(-0.0131672 0.000864961 0)
(-0.0137917 0.00102264 0)
(-0.0148617 0.00100296 0)
(-0.0161431 0.000902781 0)
(-0.0171502 0.00085241 0)
(-0.0175693 0.000783634 0)
(-0.0174534 0.000628767 0)
(-0.0171567 0.000394042 0)
(-0.0170387 0.000106551 0)
(-0.017208 -8.42877e-05 0)
(-0.0175223 -0.0001176 0)
(-0.0177669 -3.1696e-05 0)
(-0.0178511 8.06291e-05 0)
(-0.0178255 0.000152199 0)
(-0.0177994 0.000158684 0)
(-0.0178515 0.000123488 0)
(-0.0180002 7.58557e-05 0)
(-0.0182179 3.59304e-05 0)
(-0.0184674 1.05472e-05 0)
(-0.0187257 -3.01778e-06 0)
(-0.0189879 -1.10642e-05 0)
(-0.0192609 -1.91273e-05 0)
(-0.0195546 -2.98822e-05 0)
(-0.0198766 -4.31746e-05 0)
(-0.0202307 -5.75778e-05 0)
(-0.0206161 -7.16503e-05 0)
(-0.0210295 -8.46324e-05 0)
(-0.0214662 -9.61232e-05 0)
(-0.0219209 -0.000106113 0)
(-0.0223875 -0.000114406 0)
(-0.0228585 -0.000121922 0)
(-0.0233283 -0.000134547 0)
(-0.02382 -0.000167599 0)
(-0.0244146 -0.000226355 0)
(-0.0250655 -0.000273987 0)
)
;

boundaryField
{
    fixedWalls
    {
        type            noSlip;
    }
    inflowWall
    {
        type            fixedValue;
        value           uniform (1 0 0);
    }
    outflowWall
    {
        type            zeroGradient;
    }
    frontAndBack
    {
        type            empty;
    }
}


// ************************************************************************* //
