/*--------------------------------*- C++ -*----------------------------------*\
| =========                 |                                                 |
| \\      /  F ield         | OpenFOAM: The Open Source CFD Toolbox           |
|  \\    /   O peration     | Version:  2306                                  |
|   \\  /    A nd           | Website:  www.openfoam.com                      |
|    \\/     M anipulation  |                                                 |
\*---------------------------------------------------------------------------*/
FoamFile
{
    version     2.0;
    format      ascii;
    arch        "LSB;label=32;scalar=64";
    class       surfaceScalarField;
    location    "4.97";
    object      phi;
}
// * * * * * * * * * * * * * * * * * * * * * * * * * * * * * * * * * * * * * //

dimensions      [0 3 -1 0 0 0 0];

oriented        oriented;

internalField   nonuniform List<scalar> 
3680
(
4.93469e-05
6.53116e-07
4.79741e-05
1.37281e-06
4.66975e-05
1.27657e-06
4.52603e-05
1.43719e-06
4.41219e-05
1.1384e-06
4.27179e-05
1.40405e-06
4.17331e-05
9.84724e-07
4.04311e-05
1.30203e-06
3.97976e-05
6.33488e-07
9.88344e-07
3.88093e-05
5.03392e-05
3.13889e-07
5.08677e-05
8.44321e-07
5.1132e-05
1.01232e-06
5.14648e-05
1.10434e-06
5.15922e-05
1.01104e-06
5.19748e-05
1.02144e-06
5.20596e-05
8.99895e-07
5.25102e-05
8.51444e-07
5.2504e-05
6.39699e-07
4.34095e-07
5.30582e-05
5.01633e-05
1.50612e-07
5.05553e-05
4.52298e-07
5.09758e-05
5.91867e-07
5.14192e-05
6.6086e-07
5.18162e-05
6.14086e-07
5.2267e-05
5.7061e-07
5.2694e-05
4.72964e-07
5.31628e-05
3.82576e-07
5.35795e-05
2.23026e-07
1.51753e-08
5.39984e-05
5.00932e-05
5.73947e-08
5.03763e-05
1.69195e-07
5.07339e-05
2.34261e-07
5.11459e-05
2.4891e-07
5.15494e-05
2.10604e-07
5.19717e-05
1.4827e-07
5.23826e-05
6.20312e-08
5.28109e-05
-4.57399e-08
5.3221e-05
-1.87007e-07
-3.56099e-07
5.35923e-05
5.00738e-05
-1.63942e-08
5.02912e-05
-4.82407e-08
5.0611e-05
-8.55279e-08
5.09886e-05
-1.28661e-07
5.138e-05
-1.80859e-07
5.1774e-05
-2.45671e-07
5.21647e-05
-3.28671e-07
5.2551e-05
-4.32005e-07
5.29206e-05
-5.56619e-07
-7.02071e-07
5.32665e-05
5.00732e-05
-8.95598e-08
5.02829e-05
-2.57987e-07
5.05977e-05
-4.00347e-07
5.09652e-05
-4.96126e-07
5.13443e-05
-5.59933e-07
5.17214e-05
-6.22837e-07
5.20912e-05
-6.98454e-07
5.24523e-05
-7.93041e-07
5.28018e-05
-9.0621e-07
-1.03368e-06
5.31335e-05
5.00942e-05
-1.8376e-07
5.03556e-05
-5.19361e-07
5.06982e-05
-7.43003e-07
5.10682e-05
-8.6608e-07
5.14406e-05
-9.32326e-07
5.18044e-05
-9.86644e-07
5.21611e-05
-1.0552e-06
5.25125e-05
-1.1444e-06
5.28534e-05
-1.24708e-06
-1.35508e-06
5.31747e-05
5.01665e-05
-3.5024e-07
5.0518e-05
-8.70919e-07
5.09208e-05
-1.14579e-06
5.12996e-05
-1.24489e-06
5.16485e-05
-1.28119e-06
5.19859e-05
-1.32408e-06
5.23199e-05
-1.38913e-06
5.26413e-05
-1.46588e-06
5.29366e-05
-1.5423e-06
-1.61293e-06
5.31944e-05
5.03676e-05
-7.1786e-07
5.08004e-05
-1.30374e-06
5.10992e-05
-1.44454e-06
5.12768e-05
-1.42246e-06
5.14054e-05
-1.40986e-06
5.15043e-05
-1.42292e-06
5.15559e-05
-1.44073e-06
5.15436e-05
-1.45359e-06
5.14591e-05
-1.45786e-06
-1.45688e-06
5.13031e-05
4.92821e-05
4.79784e-05
4.65339e-05
4.51114e-05
4.37015e-05
4.22786e-05
4.08379e-05
3.93843e-05
3.79264e-05
3.64696e-05
1.4385e-08
-1.4385e-08
1.08801e-08
3.50507e-09
-7.73065e-09
1.86107e-08
-3.60905e-08
2.83598e-08
-7.14246e-08
3.53342e-08
-1.12426e-07
4.10009e-08
-1.58684e-07
4.62584e-08
-2.0994e-07
5.12559e-08
-2.659e-07
5.59604e-08
-3.26233e-07
6.03326e-08
-3.90577e-07
6.43443e-08
-4.5856e-07
6.79831e-08
-5.2981e-07
7.12496e-08
-6.03963e-07
7.41528e-08
-6.8067e-07
7.67076e-08
-7.59604e-07
7.89342e-08
-8.4046e-07
8.08559e-08
-9.22958e-07
8.24979e-08
-1.00685e-06
8.38874e-08
-1.09191e-06
8.50623e-08
-1.17798e-06
8.60705e-08
-1.26495e-06
8.69667e-08
-1.35276e-06
8.78111e-08
-1.44142e-06
8.86671e-08
-1.53103e-06
8.96028e-08
-1.62172e-06
9.06939e-08
-1.71374e-06
9.20224e-08
-1.80741e-06
9.36701e-08
-1.90313e-06
9.57126e-08
-2.00134e-06
9.82181e-08
-2.10259e-06
1.01243e-07
-2.20742e-06
1.04835e-07
-2.31647e-06
1.09051e-07
-2.43047e-06
1.13992e-07
-2.55031e-06
1.19843e-07
-2.6772e-06
1.2689e-07
-2.81274e-06
1.35541e-07
-2.9591e-06
1.46363e-07
-3.11919e-06
1.60089e-07
-3.29678e-06
1.77594e-07
-3.49661e-06
1.99822e-07
-3.7242e-06
2.27595e-07
-3.9855e-06
2.61302e-07
-4.28605e-06
3.00546e-07
-4.62988e-06
3.43829e-07
-5.01832e-06
3.88445e-07
-5.449e-06
4.30672e-07
-5.91516e-06
4.66167e-07
-6.40543e-06
4.90265e-07
-6.90394e-06
4.98508e-07
-7.3917e-06
4.87763e-07
-7.84859e-06
4.56895e-07
-8.25448e-06
4.0589e-07
-8.59045e-06
3.35962e-07
-8.84027e-06
2.49825e-07
-8.99151e-06
1.51242e-07
-9.03103e-06
3.95178e-08
-8.95616e-06
-7.48735e-08
-8.76566e-06
-1.90495e-07
-8.45965e-06
-3.06012e-07
-8.04046e-06
-4.19187e-07
-7.51467e-06
-5.25795e-07
-6.89231e-06
-6.22359e-07
-6.18254e-06
-7.0977e-07
-5.39702e-06
-7.8552e-07
-4.54802e-06
-8.48997e-07
-3.649e-06
-8.99023e-07
-2.71113e-06
-9.37867e-07
-1.75143e-06
-9.59703e-07
-7.79343e-07
-9.72087e-07
1.91541e-07
-9.70883e-07
1.15387e-06
-9.6233e-07
2.09482e-06
-9.40951e-07
3.01057e-06
-9.15749e-07
3.88934e-06
-8.78771e-07
4.73164e-06
-8.42295e-07
5.52695e-06
-7.95311e-07
6.28035e-06
-7.53403e-07
6.98211e-06
-7.01759e-07
7.64213e-06
-6.6002e-07
8.25049e-06
-6.08366e-07
8.82202e-06
-5.71523e-07
9.3459e-06
-5.23886e-07
9.84167e-06
-4.95763e-07
1.02975e-05
-4.55867e-07
1.07374e-05
-4.39836e-07
1.11481e-05
-4.10779e-07
1.15597e-05
-4.11584e-07
1.1956e-05
-3.96233e-07
-4.30574e-07
-1.08936e-08
-3.49153e-09
-6.46019e-08
5.72134e-08
-1.48284e-07
1.02293e-07
-2.53904e-07
1.33979e-07
-3.76587e-07
1.58017e-07
-5.13958e-07
1.78372e-07
-6.64355e-07
1.96655e-07
-8.26299e-07
2.13201e-07
-9.98392e-07
2.28053e-07
-1.17929e-06
2.41231e-07
-1.36771e-06
2.52764e-07
-1.56243e-06
2.62706e-07
-1.76233e-06
2.71142e-07
-1.96635e-06
2.78181e-07
-2.1736e-06
2.8395e-07
-2.38325e-06
2.88588e-07
-2.59464e-06
2.92244e-07
-2.80721e-06
2.95068e-07
-3.02054e-06
2.97218e-07
-3.23435e-06
2.98871e-07
-3.4485e-06
3.00227e-07
-3.66304e-06
3.01498e-07
-3.87813e-06
3.02902e-07
-4.09412e-06
3.04659e-07
-4.31151e-06
3.06991e-07
-4.53095e-06
3.10133e-07
-4.75325e-06
3.14326e-07
-4.97938e-06
3.198e-07
-5.21042e-06
3.26757e-07
-5.44758e-06
3.35374e-07
-5.69213e-06
3.4579e-07
-5.9454e-06
3.58108e-07
-6.20876e-06
3.72412e-07
-6.48359e-06
3.88821e-07
-6.77128e-06
4.07532e-07
-7.0732e-06
4.28812e-07
-7.3906e-06
4.52945e-07
-7.7245e-06
4.80263e-07
-8.0755e-06
5.11087e-07
-8.44356e-06
5.45649e-07
-8.8277e-06
5.83966e-07
-9.22575e-06
6.25644e-07
-9.63394e-06
6.69492e-07
-1.00465e-05
7.13157e-07
-1.04557e-05
7.5296e-07
-1.08512e-05
7.8401e-07
-1.12212e-05
8.00618e-07
-1.15523e-05
7.973e-07
-1.18309e-05
7.68885e-07
-1.20429e-05
7.10427e-07
-1.21741e-05
6.1899e-07
-1.2212e-05
4.94815e-07
-1.21466e-05
3.40453e-07
-1.19671e-05
1.56456e-07
-1.16642e-05
-5.30818e-08
-1.12459e-05
-2.66971e-07
-1.07091e-05
-4.9734e-07
-1.00508e-05
-7.3312e-07
-9.27206e-06
-9.69277e-07
-8.38035e-06
-1.19773e-06
-7.38215e-06
-1.41738e-06
-6.28592e-06
-1.62203e-06
-5.1043e-06
-1.80398e-06
-3.84788e-06
-1.96619e-06
-2.52893e-06
-2.10447e-06
-1.16183e-06
-2.2161e-06
2.42341e-07
-2.30319e-06
1.66576e-06
-2.36128e-06
3.10187e-06
-2.39582e-06
4.5376e-06
-2.40781e-06
5.9616e-06
-2.39488e-06
7.36473e-06
-2.36546e-06
8.73712e-06
-2.31334e-06
1.00729e-05
-2.25153e-06
1.13643e-05
-2.17019e-06
1.26087e-05
-2.08666e-06
1.38004e-05
-1.98698e-06
1.49397e-05
-1.89274e-06
1.60231e-05
-1.78521e-06
1.70537e-05
-1.69057e-06
1.80298e-05
-1.58448e-06
1.89568e-05
-1.4985e-06
1.98346e-05
-1.40169e-06
2.06711e-05
-1.3323e-06
2.14667e-05
-1.2514e-06
2.22328e-05
-1.20596e-06
2.29688e-05
-1.14675e-06
2.36907e-05
-1.13355e-06
2.43958e-05
-1.10135e-06
-1.12216e-06
-5.01722e-08
4.66807e-08
-1.86893e-07
1.93934e-07
-3.69664e-07
2.85064e-07
-5.79616e-07
3.43931e-07
-8.07842e-07
3.86243e-07
-1.05186e-06
4.22387e-07
-1.31003e-06
4.5483e-07
-1.5798e-06
4.82971e-07
-1.85854e-06
5.06788e-07
-2.14379e-06
5.26485e-07
-2.43335e-06
5.42325e-07
-2.72527e-06
5.54626e-07
-3.01789e-06
5.63758e-07
-3.30982e-06
5.70111e-07
-3.59994e-06
5.74074e-07
-3.88738e-06
5.7603e-07
-4.17149e-06
5.76347e-07
-4.4518e-06
5.75384e-07
-4.72802e-06
5.73436e-07
-5.00001e-06
5.70861e-07
-5.26781e-06
5.68028e-07
-5.5316e-06
5.65286e-07
-5.79167e-06
5.62969e-07
-6.04839e-06
5.61382e-07
-6.3022e-06
5.60805e-07
-6.55358e-06
5.61505e-07
-6.80299e-06
5.63742e-07
-7.05092e-06
5.67731e-07
-7.29776e-06
5.73599e-07
-7.5438e-06
5.81408e-07
-7.78915e-06
5.91137e-07
-8.03371e-06
6.02672e-07
-8.27712e-06
6.15822e-07
-8.51867e-06
6.30366e-07
-8.7573e-06
6.46162e-07
-8.99166e-06
6.63174e-07
-9.21986e-06
6.81151e-07
-9.43945e-06
6.99846e-07
-9.64728e-06
7.18918e-07
-9.83945e-06
7.37819e-07
-1.00112e-05
7.55675e-07
-1.01569e-05
7.71364e-07
-1.027e-05
7.82664e-07
-1.03433e-05
7.86444e-07
-1.03689e-05
7.78482e-07
-1.03384e-05
7.53577e-07
-1.02434e-05
7.05617e-07
-1.00757e-05
6.29556e-07
-9.82887e-06
5.2207e-07
-9.49812e-06
3.79679e-07
-9.07816e-06
1.99035e-07
-8.5621e-06
-2.12462e-08
-7.95646e-06
-2.65186e-07
-7.25895e-06
-5.41058e-07
-6.46953e-06
-8.42499e-07
-5.58053e-06
-1.15597e-06
-4.59907e-06
-1.4788e-06
-3.53183e-06
-1.80036e-06
-2.38237e-06
-2.11873e-06
-1.1579e-06
-2.42219e-06
1.36888e-07
-2.71217e-06
1.48433e-06
-2.96947e-06
2.88596e-06
-3.20561e-06
4.3262e-06
-3.40642e-06
5.79852e-06
-3.57679e-06
7.28988e-06
-3.70746e-06
8.79217e-06
-3.80548e-06
1.02952e-05
-3.86428e-06
1.17889e-05
-3.88958e-06
1.32628e-05
-3.88165e-06
1.47104e-05
-3.84253e-06
1.61223e-05
-3.77736e-06
1.74945e-05
-3.68549e-06
1.88197e-05
-3.57675e-06
2.00963e-05
-3.44682e-06
2.13196e-05
-3.31e-06
2.24901e-05
-3.15748e-06
2.36055e-05
-3.00807e-06
2.46679e-05
-2.84759e-06
2.56771e-05
-2.69977e-06
2.66367e-05
-2.54412e-06
2.75484e-05
-2.41019e-06
2.84167e-05
-2.27002e-06
2.92451e-05
-2.16071e-06
3.00385e-05
-2.04482e-06
3.08022e-05
-1.9696e-06
3.15411e-05
-1.88566e-06
3.22608e-05
-1.85327e-06
3.29662e-05
-1.80675e-06
-1.82941e-06
-1.38477e-07
1.85158e-07
-3.92908e-07
4.48365e-07
-6.8686e-07
5.79016e-07
-9.98159e-07
6.5523e-07
-1.32457e-06
7.12656e-07
-1.66326e-06
7.61076e-07
-2.00918e-06
8.00752e-07
-2.35759e-06
8.31375e-07
-2.70444e-06
8.53642e-07
-3.0467e-06
8.68745e-07
-3.38189e-06
8.77518e-07
-3.70812e-06
8.80854e-07
-4.02404e-06
8.79671e-07
-4.3287e-06
8.74774e-07
-4.62151e-06
8.66881e-07
-4.90211e-06
8.56635e-07
-5.17037e-06
8.44602e-07
-5.42625e-06
8.31266e-07
-5.66987e-06
8.17056e-07
-5.90141e-06
8.02401e-07
-6.12108e-06
7.877e-07
-6.32911e-06
7.73316e-07
-6.52571e-06
7.59565e-07
-6.71103e-06
7.46708e-07
-6.88516e-06
7.34932e-07
-7.04804e-06
7.24385e-07
-7.19951e-06
7.15209e-07
-7.33929e-06
7.07511e-07
-7.4669e-06
7.01218e-07
-7.58167e-06
6.96177e-07
-7.68267e-06
6.92134e-07
-7.76871e-06
6.88715e-07
-7.83832e-06
6.85431e-07
-7.88966e-06
6.81705e-07
-7.92054e-06
6.77042e-07
-7.92852e-06
6.71148e-07
-7.91071e-06
6.63342e-07
-7.86378e-06
6.52917e-07
-7.7839e-06
6.39042e-07
-7.66676e-06
6.20681e-07
-7.50749e-06
5.96399e-07
-7.30045e-06
5.64332e-07
-7.04026e-06
5.22467e-07
-6.72182e-06
4.68011e-07
-6.33987e-06
3.96527e-07
-5.89007e-06
3.03779e-07
-5.36833e-06
1.83878e-07
-4.76982e-06
3.10406e-08
-4.09736e-06
-1.50387e-07
-3.34972e-06
-3.67965e-07
-2.52693e-06
-6.23747e-07
-1.63383e-06
-9.14351e-07
-6.63259e-07
-1.23576e-06
3.78762e-07
-1.58308e-06
1.48746e-06
-1.95119e-06
2.65961e-06
-2.32812e-06
3.89319e-06
-2.71238e-06
5.183e-06
-3.09017e-06
6.52547e-06
-3.46121e-06
7.91296e-06
-3.80968e-06
9.3396e-06
-4.13882e-06
1.08e-05
-4.4299e-06
1.22851e-05
-4.69066e-06
1.37849e-05
-4.90624e-06
1.52926e-05
-5.0845e-06
1.67974e-05
-5.2123e-06
1.8292e-05
-5.30001e-06
1.97661e-05
-5.33837e-06
2.12139e-05
-5.33742e-06
2.26252e-05
-5.2929e-06
2.39968e-05
-5.21415e-06
2.532e-05
-5.10057e-06
2.65943e-05
-4.95976e-06
2.78127e-05
-4.79518e-06
2.89773e-05
-4.61139e-06
3.0083e-05
-4.41576e-06
3.11341e-05
-4.20853e-06
3.21272e-05
-4.00119e-06
3.30682e-05
-3.78856e-06
3.39552e-05
-3.58682e-06
3.47954e-05
-3.38427e-06
3.5588e-05
-3.2028e-06
3.6341e-05
-3.02308e-06
3.70545e-05
-2.87413e-06
3.77372e-05
-2.72754e-06
3.8389e-05
-2.62143e-06
3.90199e-05
-2.51657e-06
3.96293e-05
-2.46265e-06
4.02308e-05
-2.40827e-06
-2.41998e-06
-1.95628e-07
3.80786e-07
-5.66602e-07
8.1934e-07
-9.85046e-07
9.97459e-07
-1.41273e-06
1.08292e-06
-1.8334e-06
1.13333e-06
-2.23835e-06
1.16602e-06
-2.62384e-06
1.18624e-06
-2.98877e-06
1.19631e-06
-3.33141e-06
1.19628e-06
-3.6503e-06
1.18764e-06
-3.94483e-06
1.17205e-06
-4.21492e-06
1.15094e-06
-4.46088e-06
1.12563e-06
-4.6833e-06
1.09719e-06
-4.88293e-06
1.06651e-06
-5.06063e-06
1.03433e-06
-5.21726e-06
1.00123e-06
-5.35365e-06
9.67658e-07
-5.47054e-06
9.33943e-07
-5.56858e-06
9.00447e-07
-5.64836e-06
8.67473e-07
-5.71029e-06
8.35253e-07
-5.75468e-06
8.03954e-07
-5.78166e-06
7.73684e-07
-5.79116e-06
7.4443e-07
-5.78289e-06
7.16114e-07
-5.75634e-06
6.88663e-07
-5.71092e-06
6.62091e-07
-5.64578e-06
6.36078e-07
-5.55984e-06
6.1024e-07
-5.45181e-06
5.84106e-07
-5.32017e-06
5.57073e-07
-5.16316e-06
5.28415e-07
-4.97873e-06
4.97275e-07
-4.76435e-06
4.62667e-07
-4.51765e-06
4.24449e-07
-4.23587e-06
3.81556e-07
-3.91583e-06
3.32882e-07
-3.55403e-06
2.77236e-07
-3.14658e-06
2.13238e-07
-2.68925e-06
1.39066e-07
-2.17697e-06
5.20503e-08
-1.60648e-06
-4.80181e-08
-9.75709e-07
-1.62763e-07
-2.80659e-07
-2.98523e-07
4.81541e-07
-4.58421e-07
1.31178e-06
-6.4636e-07
2.20704e-06
-8.64218e-07
3.17111e-06
-1.11446e-06
4.20114e-06
-1.398e-06
5.29385e-06
-1.71646e-06
6.4448e-06
-2.0653e-06
7.65179e-06
-2.44274e-06
8.90908e-06
-2.84037e-06
1.02141e-05
-3.25625e-06
1.15626e-05
-3.67654e-06
1.29507e-05
-4.10055e-06
1.43727e-05
-4.51213e-06
1.58234e-05
-4.91194e-06
1.72957e-05
-5.28195e-06
1.87823e-05
-5.62545e-06
2.02763e-05
-5.92391e-06
2.17694e-05
-6.18371e-06
2.3252e-05
-6.3889e-06
2.47168e-05
-6.54927e-06
2.61549e-05
-6.65038e-06
2.75599e-05
-6.70504e-06
2.89236e-05
-6.70202e-06
3.02423e-05
-6.65612e-06
3.15085e-05
-6.55915e-06
3.27215e-05
-6.42708e-06
3.38751e-05
-6.25424e-06
3.49716e-05
-6.05627e-06
3.60063e-05
-5.82987e-06
3.6984e-05
-5.58903e-06
3.79008e-05
-5.3326e-06
3.87639e-05
-5.07162e-06
3.95699e-05
-4.8072e-06
4.03278e-05
-4.54645e-06
4.10341e-05
-4.29317e-06
4.16996e-05
-4.04969e-06
4.23201e-05
-3.82334e-06
4.29079e-05
-3.61083e-06
4.34578e-05
-3.42412e-06
4.39837e-05
-3.25341e-06
4.4479e-05
-3.1167e-06
4.4959e-05
-2.99663e-06
4.54156e-05
-2.91919e-06
4.58656e-05
-2.85828e-06
-2.85538e-06
-4.22151e-07
8.02937e-07
-9.62554e-07
1.35974e-06
-1.45574e-06
1.49064e-06
-1.88981e-06
1.51699e-06
-2.28624e-06
1.52975e-06
-2.65015e-06
1.52994e-06
-2.97698e-06
1.51307e-06
-3.26076e-06
1.48008e-06
-3.49808e-06
1.4336e-06
-3.69114e-06
1.38071e-06
-3.84302e-06
1.32392e-06
-3.95675e-06
1.26467e-06
-4.0353e-06
1.20419e-06
-4.08151e-06
1.14339e-06
-4.09793e-06
1.08294e-06
-4.0869e-06
1.0233e-06
-4.05048e-06
9.64814e-07
-3.99046e-06
9.07636e-07
-3.90827e-06
8.51758e-07
-3.80513e-06
7.97308e-07
-3.682e-06
7.44341e-07
-3.53958e-06
6.92833e-07
-3.3783e-06
6.42672e-07
-3.19833e-06
5.93719e-07
-2.99956e-06
5.4566e-07
-2.78157e-06
4.98118e-07
-2.5436e-06
4.50695e-07
-2.28498e-06
4.03476e-07
-2.00456e-06
3.55651e-07
-1.70098e-06
3.06663e-07
-1.37276e-06
2.55888e-07
-1.0182e-06
2.02514e-07
-6.35354e-07
1.45565e-07
-2.21897e-07
8.38188e-08
2.25525e-07
1.52446e-08
7.07254e-07
-5.72808e-08
1.22643e-06
-1.37617e-07
1.78632e-06
-2.27008e-07
2.39e-06
-3.2645e-07
3.04068e-06
-4.37436e-07
3.7414e-06
-5.61658e-07
4.49425e-06
-7.008e-07
5.30289e-06
-8.56658e-07
6.17163e-06
-1.0315e-06
7.10158e-06
-1.22848e-06
8.0933e-06
-1.45014e-06
9.14644e-06
-1.6995e-06
1.02599e-05
-1.97766e-06
1.1432e-05
-2.28655e-06
1.26589e-05
-2.62492e-06
1.39365e-05
-2.99402e-06
1.52594e-05
-3.38829e-06
1.66233e-05
-3.80656e-06
1.80218e-05
-4.23888e-06
1.9449e-05
-4.68346e-06
2.0899e-05
-5.12654e-06
2.23648e-05
-5.56633e-06
2.38393e-05
-5.98665e-06
2.53143e-05
-6.38698e-06
2.67821e-05
-6.74971e-06
2.82336e-05
-7.07697e-06
2.9661e-05
-7.35135e-06
3.10559e-05
-7.57858e-06
3.24104e-05
-7.74337e-06
3.37176e-05
-7.8565e-06
3.49717e-05
-7.90447e-06
3.61686e-05
-7.902e-06
3.73041e-05
-7.83752e-06
3.83772e-05
-7.72914e-06
3.93849e-05
-7.56694e-06
4.03293e-05
-7.37141e-06
4.12087e-05
-7.13367e-06
4.20277e-05
-6.87523e-06
4.27853e-05
-6.58757e-06
4.34883e-05
-6.29201e-06
4.41357e-05
-5.97999e-06
4.47357e-05
-5.67162e-06
4.52868e-05
-5.35826e-06
4.57984e-05
-5.05812e-06
4.6268e-05
-4.76271e-06
4.67062e-05
-4.48792e-06
4.71088e-05
-4.22592e-06
4.74879e-05
-3.9899e-06
4.78371e-05
-3.7734e-06
4.81702e-05
-3.58651e-06
4.84786e-05
-3.42507e-06
4.87775e-05
-3.29556e-06
4.90556e-05
-3.19726e-06
4.93298e-05
-3.13248e-06
-3.11125e-06
-2.66823e-07
1.06976e-06
-8.62202e-07
1.95512e-06
-1.48183e-06
2.11027e-06
-2.00029e-06
2.03545e-06
-2.39041e-06
1.91987e-06
-2.65513e-06
1.79465e-06
-2.8123e-06
1.67024e-06
-2.88229e-06
1.55008e-06
-2.88253e-06
1.43384e-06
-2.82411e-06
1.32228e-06
-2.71542e-06
1.21523e-06
-2.56315e-06
1.1124e-06
-2.37306e-06
1.0141e-06
-2.1501e-06
9.20437e-07
-1.89845e-06
8.31281e-07
-1.62157e-06
7.46422e-07
-1.32241e-06
6.65654e-07
-1.00332e-06
5.88543e-07
-6.66045e-07
5.14484e-07
-3.1211e-07
4.43373e-07
5.74057e-08
3.74825e-07
4.4181e-07
3.08429e-07
8.40729e-07
2.43753e-07
1.25414e-06
1.80304e-07
1.68256e-06
1.17249e-07
2.12695e-06
5.37222e-08
2.58879e-06
-1.11455e-08
3.06763e-06
-7.53655e-08
3.56576e-06
-1.42478e-07
4.08495e-06
-2.12529e-07
4.62706e-06
-2.86212e-07
5.19411e-06
-3.64538e-07
5.7882e-06
-4.48528e-07
6.41136e-06
-5.39337e-07
7.06446e-06
-6.37861e-07
7.7521e-06
-7.44919e-07
8.47638e-06
-8.61899e-07
9.2397e-06
-9.90332e-07
1.00446e-05
-1.13136e-06
1.08937e-05
-1.28651e-06
1.17892e-05
-1.45715e-06
1.27334e-05
-1.64506e-06
1.37286e-05
-1.85178e-06
1.47761e-05
-2.07906e-06
1.58765e-05
-2.32887e-06
1.70293e-05
-2.60292e-06
1.82327e-05
-2.90294e-06
1.94843e-05
-3.2292e-06
2.07801e-05
-3.58236e-06
2.21155e-05
-3.96034e-06
2.3484e-05
-4.36253e-06
2.48793e-05
-4.78352e-06
2.62931e-05
-5.22037e-06
2.77179e-05
-5.66374e-06
2.91443e-05
-6.10979e-06
3.05642e-05
-6.54643e-06
3.19675e-05
-6.96967e-06
3.33462e-05
-7.36532e-06
3.469e-05
-7.73081e-06
3.59913e-05
-8.05103e-06
3.72412e-05
-8.32685e-06
3.84336e-05
-8.54369e-06
3.95615e-05
-8.70648e-06
4.06207e-05
-8.80257e-06
4.16074e-05
-8.84323e-06
4.25207e-05
-8.81782e-06
4.33608e-05
-8.74206e-06
4.41287e-05
-8.60537e-06
4.48271e-05
-8.4276e-06
4.54587e-05
-8.19851e-06
4.60284e-05
-7.94118e-06
4.65395e-05
-7.64472e-06
4.69984e-05
-7.33417e-06
4.7408e-05
-6.99716e-06
4.77757e-05
-6.65965e-06
4.81031e-05
-6.30738e-06
4.8398e-05
-5.96659e-06
4.86607e-05
-5.62095e-06
4.88993e-05
-5.29667e-06
4.91121e-05
-4.97551e-06
4.93077e-05
-4.68351e-06
4.94825e-05
-4.40078e-06
4.96458e-05
-4.15318e-06
4.9792e-05
-3.91958e-06
4.99311e-05
-3.72563e-06
5.00555e-05
-3.54942e-06
5.01763e-05
-3.41639e-06
5.02833e-05
-3.30427e-06
5.03886e-05
-3.2378e-06
-3.19854e-06
-1.49377e-06
2.56353e-06
-1.94441e-06
2.40576e-06
-2.10965e-06
2.27551e-06
-2.12626e-06
2.05205e-06
-2.01407e-06
1.80769e-06
-1.79702e-06
1.5776e-06
-1.49436e-06
1.36758e-06
-1.12058e-06
1.17631e-06
-6.88319e-07
1.00158e-06
-2.09973e-07
8.43939e-07
3.0521e-07
7.00051e-07
8.49413e-07
5.68196e-07
1.41588e-06
4.47626e-07
1.99953e-06
3.36795e-07
2.59644e-06
2.34366e-07
3.20344e-06
1.39427e-07
3.81756e-06
5.15285e-08
4.43759e-06
-3.14797e-08
5.06356e-06
-1.11494e-07
5.69365e-06
-1.8671e-07
6.3274e-06
-2.58925e-07
6.96498e-06
-3.29154e-07
7.60677e-06
-3.98042e-07
8.25285e-06
-4.65772e-07
8.90478e-06
-5.3468e-07
9.56377e-06
-6.0527e-07
1.02306e-05
-6.77991e-07
1.09087e-05
-7.53477e-07
1.15993e-05
-8.33026e-07
1.23044e-05
-9.17644e-07
1.30263e-05
-1.00813e-06
1.37673e-05
-1.10555e-06
1.45296e-05
-1.21081e-06
1.53154e-05
-1.32509e-06
1.61268e-05
-1.44933e-06
1.69666e-05
-1.5847e-06
1.78367e-05
-1.73204e-06
1.87392e-05
-1.89283e-06
1.96759e-05
-2.068e-06
2.06484e-05
-2.25905e-06
2.16581e-05
-2.46683e-06
2.2706e-05
-2.69291e-06
2.37923e-05
-2.93814e-06
2.49172e-05
-3.20391e-06
2.60791e-05
-3.49076e-06
2.72758e-05
-3.79968e-06
2.85036e-05
-4.13077e-06
2.97582e-05
-4.48379e-06
3.10333e-05
-4.85747e-06
3.23225e-05
-5.24951e-06
3.3617e-05
-5.65702e-06
3.49091e-05
-6.07566e-06
3.61881e-05
-6.4993e-06
3.74448e-05
-6.92046e-06
3.86682e-05
-7.33317e-06
3.98496e-05
-7.72783e-06
4.09783e-05
-8.09836e-06
4.2047e-05
-8.43404e-06
4.30468e-05
-8.73062e-06
4.39731e-05
-8.97737e-06
4.48199e-05
-9.17367e-06
4.55859e-05
-9.30966e-06
4.62689e-05
-9.38947e-06
4.68705e-05
-9.40422e-06
4.73914e-05
-9.36407e-06
4.78372e-05
-9.26365e-06
4.82127e-05
-9.11754e-06
4.85244e-05
-8.91706e-06
4.87787e-05
-8.68194e-06
4.89825e-05
-8.4023e-06
4.91431e-05
-8.10179e-06
4.92664e-05
-7.76797e-06
4.93597e-05
-7.42747e-06
4.9427e-05
-7.06443e-06
4.94752e-05
-6.70793e-06
4.95061e-05
-6.33828e-06
4.95262e-05
-5.98668e-06
4.95348e-05
-5.62957e-06
4.95383e-05
-5.30018e-06
4.9534e-05
-4.97114e-06
4.95282e-05
-4.67774e-06
4.95163e-05
-4.38891e-06
4.95053e-05
-4.14211e-06
4.94885e-05
-3.90281e-06
4.94736e-05
-3.71071e-06
4.94522e-05
-3.52807e-06
4.94327e-05
-3.39691e-06
4.94052e-05
-3.27669e-06
4.93792e-05
-3.21181e-06
-3.15534e-06
-8.94951e-07
3.45848e-06
-7.41938e-07
2.25275e-06
-2.53086e-07
1.78666e-06
4.56935e-07
1.34203e-06
1.32292e-06
9.41703e-07
2.27877e-06
6.21742e-07
3.27814e-06
3.68216e-07
4.29357e-06
1.6087e-07
5.31145e-06
-1.62943e-08
6.31629e-06
-1.60905e-07
7.31045e-06
-2.94112e-07
8.29147e-06
-4.12823e-07
9.25501e-06
-5.15911e-07
1.02003e-05
-6.08478e-07
1.11271e-05
-6.92433e-07
1.20355e-05
-7.69025e-07
1.29265e-05
-8.39428e-07
1.38001e-05
-9.05132e-07
1.46561e-05
-9.67442e-07
1.54963e-05
-1.02692e-06
1.6322e-05
-1.08468e-06
1.71348e-05
-1.1419e-06
1.79361e-05
-1.19937e-06
1.87284e-05
-1.25801e-06
1.95135e-05
-1.3198e-06
2.02936e-05
-1.38535e-06
2.10711e-05
-1.45549e-06
2.18487e-05
-1.5311e-06
2.26287e-05
-1.61307e-06
2.34136e-05
-1.70249e-06
2.42057e-05
-1.80024e-06
2.50074e-05
-1.90729e-06
2.5821e-05
-2.02434e-06
2.66483e-05
-2.15243e-06
2.74913e-05
-2.29233e-06
2.83517e-05
-2.44506e-06
2.92309e-05
-2.61126e-06
3.01301e-05
-2.79201e-06
3.105e-05
-2.98792e-06
3.1991e-05
-3.20003e-06
3.29529e-05
-3.42875e-06
3.3935e-05
-3.67503e-06
3.49361e-05
-3.9392e-06
3.59542e-05
-4.22203e-06
3.69859e-05
-4.52252e-06
3.80273e-05
-4.84101e-06
3.90728e-05
-5.17627e-06
4.01163e-05
-5.52735e-06
4.11504e-05
-5.89151e-06
4.21671e-05
-6.26627e-06
4.31573e-05
-6.64716e-06
4.41114e-05
-7.02981e-06
4.50199e-05
-7.40778e-06
4.58745e-05
-7.77503e-06
4.66657e-05
-8.12442e-06
4.73871e-05
-8.44919e-06
4.80312e-05
-8.74251e-06
4.85949e-05
-8.99769e-06
4.9074e-05
-9.20972e-06
4.94695e-05
-9.37287e-06
4.9781e-05
-9.48522e-06
5.00137e-05
-9.54229e-06
5.01705e-05
-9.54631e-06
5.02602e-05
-9.49393e-06
5.02885e-05
-9.39232e-06
5.02653e-05
-9.2405e-06
5.01977e-05
-9.04989e-06
5.00959e-05
-8.81524e-06
4.99664e-05
-8.55246e-06
4.98179e-05
-8.2538e-06
4.96558e-05
-7.93968e-06
4.94861e-05
-7.59826e-06
4.9313e-05
-7.25439e-06
4.91396e-05
-6.89107e-06
4.89693e-05
-6.53765e-06
4.88023e-05
-6.17123e-06
4.86416e-05
-5.82605e-06
4.8485e-05
-5.47291e-06
4.83361e-05
-5.15133e-06
4.81903e-05
-4.82535e-06
4.80527e-05
-4.54006e-06
4.79161e-05
-4.25235e-06
4.77873e-05
-4.01331e-06
4.76569e-05
-3.77246e-06
4.75335e-05
-3.58726e-06
4.74051e-05
-3.39969e-06
4.72821e-05
-3.27386e-06
4.71497e-05
-3.14436e-06
4.70202e-05
-3.0823e-06
-3.01194e-06
3.65086e-06
-1.92381e-07
6.37234e-06
-4.6873e-07
8.77914e-06
-6.20139e-07
1.08955e-05
-7.74352e-07
1.27644e-05
-9.27209e-07
1.44501e-05
-1.06388e-06
1.59971e-05
-1.1788e-06
1.74227e-05
-1.26479e-06
1.87519e-05
-1.34547e-06
2.00079e-05
-1.41686e-06
2.11931e-05
-1.47934e-06
2.23149e-05
-1.53465e-06
2.33825e-05
-1.58344e-06
2.44007e-05
-1.62673e-06
2.53738e-05
-1.66554e-06
2.63055e-05
-1.70074e-06
2.71993e-05
-1.73317e-06
2.80579e-05
-1.76375e-06
2.8884e-05
-1.79355e-06
2.96806e-05
-1.82354e-06
3.04506e-05
-1.85466e-06
3.11966e-05
-1.88791e-06
3.19216e-05
-1.92435e-06
3.26286e-05
-1.96503e-06
3.33199e-05
-2.01112e-06
3.39982e-05
-2.06359e-06
3.4666e-05
-2.12328e-06
3.53258e-05
-2.19098e-06
3.59802e-05
-2.26743e-06
3.66312e-05
-2.35348e-06
3.7281e-05
-2.45002e-06
3.79315e-05
-2.55781e-06
3.85842e-05
-2.67706e-06
3.92404e-05
-2.80865e-06
3.99012e-05
-2.95312e-06
4.05673e-05
-3.11112e-06
4.1239e-05
-3.28302e-06
4.19164e-05
-3.4694e-06
4.2599e-05
-3.67052e-06
4.32858e-05
-3.88683e-06
4.39754e-05
-4.11835e-06
4.46657e-05
-4.36534e-06
4.5354e-05
-4.62743e-06
4.60364e-05
-4.90443e-06
4.6709e-05
-5.1952e-06
4.7367e-05
-5.49895e-06
4.80045e-05
-5.81381e-06
4.86153e-05
-6.1381e-06
4.91925e-05
-6.46871e-06
4.9729e-05
-6.80279e-06
5.02176e-05
-7.1358e-06
5.06515e-05
-7.46371e-06
5.10245e-05
-7.78073e-06
5.13316e-05
-8.0821e-06
5.15685e-05
-8.36141e-06
5.17334e-05
-8.61403e-06
5.18249e-05
-8.834e-06
5.1845e-05
-9.01785e-06
5.17964e-05
-9.16109e-06
5.16851e-05
-9.26158e-06
5.15165e-05
-9.31666e-06
5.12999e-05
-9.32568e-06
5.10419e-05
-9.28823e-06
5.07533e-05
-9.20536e-06
5.04412e-05
-9.08026e-06
5.01151e-05
-8.91442e-06
4.9779e-05
-8.71378e-06
4.94418e-05
-8.478e-06
4.9105e-05
-8.21572e-06
4.87753e-05
-7.92406e-06
4.84515e-05
-7.61582e-06
4.81378e-05
-7.28466e-06
4.78319e-05
-6.94844e-06
4.75364e-05
-6.59561e-06
4.72484e-05
-6.24963e-06
4.69693e-05
-5.8921e-06
4.66966e-05
-5.55332e-06
4.64304e-05
-5.20671e-06
4.61697e-05
-4.89071e-06
4.59132e-05
-4.56881e-06
4.56619e-05
-4.28879e-06
4.54121e-05
-4.0025e-06
4.51676e-05
-3.76879e-06
4.49212e-05
-3.52609e-06
4.46802e-05
-3.34627e-06
4.4433e-05
-3.15246e-06
4.41906e-05
-3.03147e-06
4.39355e-05
-2.88929e-06
4.36826e-05
-2.82942e-06
-2.74507e-06
3.86e-05
1.6846e-08
3.8566e-05
-4.3472e-07
3.87023e-05
-7.56356e-07
3.89243e-05
-9.96374e-07
3.91941e-05
-1.19707e-06
3.9506e-05
-1.37573e-06
3.9861e-05
-1.53382e-06
4.02606e-05
-1.66436e-06
4.06843e-05
-1.76924e-06
4.11227e-05
-1.85516e-06
4.15683e-05
-1.92502e-06
4.20158e-05
-1.98215e-06
4.24612e-05
-2.02878e-06
4.29011e-05
-2.06667e-06
4.3333e-05
-2.09747e-06
4.37551e-05
-2.12275e-06
4.41659e-05
-2.14402e-06
4.45649e-05
-2.16272e-06
4.49516e-05
-2.18031e-06
4.53263e-05
-2.19818e-06
4.56893e-05
-2.21767e-06
4.60414e-05
-2.24004e-06
4.63836e-05
-2.26654e-06
4.67169e-05
-2.29834e-06
4.70423e-05
-2.33655e-06
4.73609e-05
-2.38219e-06
4.76739e-05
-2.43618e-06
4.79822e-05
-2.49929e-06
4.8287e-05
-2.57223e-06
4.85892e-05
-2.65568e-06
4.88894e-05
-2.75023e-06
4.9188e-05
-2.85642e-06
4.94855e-05
-2.9746e-06
4.97821e-05
-3.1052e-06
5.00775e-05
-3.24856e-06
5.03714e-05
-3.40498e-06
5.0663e-05
-3.57467e-06
5.09514e-05
-3.75776e-06
5.12351e-05
-3.95429e-06
5.15126e-05
-4.16423e-06
5.17816e-05
-4.38736e-06
5.20396e-05
-4.62336e-06
5.22838e-05
-4.87161e-06
5.25107e-05
-5.13137e-06
5.2717e-05
-5.40146e-06
5.28985e-05
-5.68051e-06
5.30514e-05
-5.96665e-06
5.3171e-05
-6.25778e-06
5.32536e-05
-6.55123e-06
5.32949e-05
-6.8441e-06
5.32918e-05
-7.13273e-06
5.32415e-05
-7.41346e-06
5.31427e-05
-7.68187e-06
5.29946e-05
-7.93402e-06
5.27984e-05
-8.16519e-06
5.2556e-05
-8.37169e-06
5.2271e-05
-8.54891e-06
5.19478e-05
-8.69473e-06
5.15925e-05
-8.80572e-06
5.12112e-05
-8.88032e-06
5.08102e-05
-8.91566e-06
5.0396e-05
-8.91149e-06
4.99735e-05
-8.86574e-06
4.9548e-05
-8.77986e-06
4.91214e-05
-8.6536e-06
4.86968e-05
-8.48987e-06
4.82731e-05
-8.29006e-06
4.78526e-05
-8.05749e-06
4.7432e-05
-7.79511e-06
4.70136e-05
-7.50569e-06
4.65923e-05
-7.19455e-06
4.61713e-05
-6.86365e-06
4.57449e-05
-6.52203e-06
4.53181e-05
-6.16876e-06
4.4885e-05
-5.81659e-06
4.44523e-05
-5.45939e-06
4.40142e-05
-5.11518e-06
4.35781e-05
-4.77068e-06
4.31385e-05
-4.45109e-06
4.27029e-05
-4.13323e-06
4.2266e-05
-3.85185e-06
4.18342e-05
-3.57072e-06
4.14031e-05
-3.33763e-06
4.09764e-05
-3.09943e-06
4.05516e-05
-2.92149e-06
4.01279e-05
-2.72878e-06
3.97064e-05
-2.60992e-06
3.92792e-05
-2.4621e-06
3.88534e-05
-2.40363e-06
-2.30271e-06
5.29804e-05
9.46767e-08
5.28846e-05
-3.38879e-07
5.28542e-05
-7.25982e-07
5.28765e-05
-1.01865e-06
5.29202e-05
-1.24077e-06
5.29661e-05
-1.42165e-06
5.30105e-05
-1.57826e-06
5.30612e-05
-1.71509e-06
5.31234e-05
-1.83137e-06
5.31954e-05
-1.92715e-06
5.32745e-05
-2.00421e-06
5.33577e-05
-2.06529e-06
5.34422e-05
-2.11327e-06
5.35262e-05
-2.15068e-06
5.36084e-05
-2.17969e-06
5.36878e-05
-2.20215e-06
5.37636e-05
-2.21983e-06
5.38353e-05
-2.2344e-06
5.39024e-05
-2.24746e-06
5.39649e-05
-2.26061e-06
5.40226e-05
-2.27536e-06
5.40756e-05
-2.29313e-06
5.41244e-05
-2.31525e-06
5.4169e-05
-2.34296e-06
5.42098e-05
-2.37736e-06
5.42471e-05
-2.41947e-06
5.42811e-05
-2.47019e-06
5.43121e-05
-2.53029e-06
5.43402e-05
-2.60041e-06
5.43657e-05
-2.68113e-06
5.43883e-05
-2.77289e-06
5.4408e-05
-2.87611e-06
5.44246e-05
-2.99111e-06
5.44375e-05
-3.11814e-06
5.44463e-05
-3.25737e-06
5.44503e-05
-3.40895e-06
5.44485e-05
-3.57293e-06
5.44401e-05
-3.7493e-06
5.44237e-05
-3.93792e-06
5.43981e-05
-4.13859e-06
5.43617e-05
-4.35096e-06
5.43129e-05
-4.57455e-06
5.42499e-05
-4.80867e-06
5.4171e-05
-5.05244e-06
5.40743e-05
-5.30473e-06
5.39578e-05
-5.56408e-06
5.38199e-05
-5.82876e-06
5.36588e-05
-6.09662e-06
5.3473e-05
-6.36547e-06
5.32616e-05
-6.63268e-06
5.3024e-05
-6.89513e-06
5.276e-05
-7.14943e-06
5.24701e-05
-7.39198e-06
5.21551e-05
-7.61908e-06
5.18168e-05
-7.82689e-06
5.14568e-05
-8.01167e-06
5.10776e-05
-8.16966e-06
5.06806e-05
-8.29778e-06
5.02678e-05
-8.39286e-06
4.98399e-05
-8.45246e-06
4.93981e-05
-8.47382e-06
4.89418e-05
-8.45522e-06
4.84703e-05
-8.39426e-06
4.79817e-05
-8.29127e-06
4.74741e-05
-8.14596e-06
4.69455e-05
-7.96126e-06
4.63935e-05
-7.73806e-06
4.58165e-05
-7.48057e-06
4.52134e-05
-7.19201e-06
4.4586e-05
-6.87821e-06
4.39334e-05
-6.542e-06
4.32602e-05
-6.19042e-06
4.2566e-05
-5.82784e-06
4.18582e-05
-5.46094e-06
4.11361e-05
-5.09456e-06
4.041e-05
-4.73327e-06
3.96777e-05
-4.38288e-06
3.89514e-05
-4.04436e-06
3.8226e-05
-3.72568e-06
3.7515e-05
-3.42224e-06
3.68097e-05
-3.14652e-06
3.61247e-05
-2.88577e-06
3.54475e-05
-2.66038e-06
3.47933e-05
-2.44525e-06
3.41462e-05
-2.27438e-06
3.3521e-05
-2.10353e-06
3.28998e-05
-1.98876e-06
3.22953e-05
-1.85757e-06
3.16922e-05
-1.8006e-06
-1.69833e-06
5.4318e-05
-2.2491e-07
5.45011e-05
-5.2193e-07
5.46056e-05
-8.30533e-07
5.46931e-05
-1.1061e-06
5.47802e-05
-1.32787e-06
5.4861e-05
-1.50244e-06
5.4928e-05
-1.64531e-06
5.49802e-05
-1.76726e-06
5.50215e-05
-1.87272e-06
5.50567e-05
-1.96235e-06
5.50885e-05
-2.03599e-06
5.51176e-05
-2.09442e-06
5.51438e-05
-2.13944e-06
5.51665e-05
-2.17332e-06
5.51851e-05
-2.19831e-06
5.51994e-05
-2.21647e-06
5.52092e-05
-2.22965e-06
5.52144e-05
-2.23957e-06
5.52148e-05
-2.24789e-06
5.52104e-05
-2.25623e-06
5.52012e-05
-2.26614e-06
5.51872e-05
-2.27909e-06
5.51684e-05
-2.29645e-06
5.51449e-05
-2.31949e-06
5.51169e-05
-2.34933e-06
5.50844e-05
-2.38696e-06
5.50474e-05
-2.43325e-06
5.50061e-05
-2.48895e-06
5.49604e-05
-2.55468e-06
5.49102e-05
-2.63095e-06
5.48555e-05
-2.71815e-06
5.4796e-05
-2.81662e-06
5.47315e-05
-2.92661e-06
5.46616e-05
-3.04831e-06
5.45861e-05
-3.18181e-06
5.45043e-05
-3.3272e-06
5.44158e-05
-3.48443e-06
5.432e-05
-3.65344e-06
5.42161e-05
-3.83403e-06
5.41034e-05
-4.02593e-06
5.39812e-05
-4.22872e-06
5.38485e-05
-4.44188e-06
5.37045e-05
-4.66466e-06
5.35482e-05
-4.89616e-06
5.33786e-05
-5.13516e-06
5.31947e-05
-5.38018e-06
5.29953e-05
-5.62938e-06
5.27794e-05
-5.88067e-06
5.25457e-05
-6.13171e-06
5.22927e-05
-6.37978e-06
5.20192e-05
-6.62163e-06
5.17236e-05
-6.85374e-06
5.14039e-05
-7.07233e-06
5.10584e-05
-7.27355e-06
5.0685e-05
-7.45356e-06
5.02818e-05
-7.60846e-06
4.98466e-05
-7.73443e-06
4.93766e-05
-7.82778e-06
4.8869e-05
-7.88529e-06
4.83205e-05
-7.9039e-06
4.77276e-05
-7.88098e-06
4.70868e-05
-7.81437e-06
4.63953e-05
-7.7028e-06
4.56511e-05
-7.547e-06
4.48541e-05
-7.34899e-06
4.40048e-05
-7.11195e-06
4.31049e-05
-6.83815e-06
4.21556e-05
-6.53131e-06
4.11616e-05
-6.19795e-06
4.01286e-05
-5.84527e-06
3.90646e-05
-5.47795e-06
3.79775e-05
-5.10335e-06
3.68756e-05
-4.72594e-06
3.57676e-05
-4.35297e-06
3.46612e-05
-3.98816e-06
3.35665e-05
-3.63854e-06
3.24894e-05
-3.30577e-06
3.14403e-05
-2.99522e-06
3.04208e-05
-2.70618e-06
2.94409e-05
-2.44241e-06
2.84968e-05
-2.20244e-06
2.75993e-05
-1.98825e-06
2.67377e-05
-1.79874e-06
2.5925e-05
-1.63255e-06
2.51422e-05
-1.49162e-06
2.44071e-05
-1.36841e-06
2.36917e-05
-1.27341e-06
2.30204e-05
-1.18626e-06
2.23564e-05
-1.13655e-06
-1.07336e-06
5.39204e-05
-5.53029e-07
5.41743e-05
-7.75859e-07
5.43572e-05
-1.01338e-06
5.44923e-05
-1.24125e-06
5.46038e-05
-1.43938e-06
5.47033e-05
-1.60195e-06
5.47919e-05
-1.73385e-06
5.48677e-05
-1.8431e-06
5.49307e-05
-1.93571e-06
5.49827e-05
-2.0144e-06
5.50265e-05
-2.07971e-06
5.50638e-05
-2.13178e-06
5.50957e-05
-2.17137e-06
5.51223e-05
-2.19992e-06
5.51434e-05
-2.21935e-06
5.51585e-05
-2.23164e-06
5.51676e-05
-2.23874e-06
5.51705e-05
-2.24245e-06
5.51671e-05
-2.24452e-06
5.51575e-05
-2.2466e-06
5.51417e-05
-2.25028e-06
5.51196e-05
-2.25707e-06
5.50916e-05
-2.26837e-06
5.50575e-05
-2.28547e-06
5.50177e-05
-2.3095e-06
5.49722e-05
-2.34142e-06
5.4921e-05
-2.3821e-06
5.48643e-05
-2.43225e-06
5.48021e-05
-2.49249e-06
5.47344e-05
-2.56322e-06
5.4661e-05
-2.64479e-06
5.45818e-05
-2.73743e-06
5.44965e-05
-2.84132e-06
5.44048e-05
-2.95655e-06
5.43061e-05
-3.08316e-06
5.42e-05
-3.2211e-06
5.40859e-05
-3.37027e-06
5.39629e-05
-3.53049e-06
5.38304e-05
-3.70146e-06
5.36872e-05
-3.88278e-06
5.35324e-05
-4.07393e-06
5.33647e-05
-4.27419e-06
5.31828e-05
-4.48269e-06
5.29849e-05
-4.69831e-06
5.27694e-05
-4.91962e-06
5.25341e-05
-5.1449e-06
5.22767e-05
-5.37201e-06
5.19946e-05
-5.59859e-06
5.16848e-05
-5.82186e-06
5.13437e-05
-6.03866e-06
5.09673e-05
-6.2453e-06
5.05514e-05
-6.43784e-06
5.00912e-05
-6.61209e-06
4.95817e-05
-6.76402e-06
4.90178e-05
-6.88968e-06
4.83949e-05
-6.98562e-06
4.7709e-05
-7.04844e-06
4.69563e-05
-7.07514e-06
4.61338e-05
-7.06282e-06
4.52385e-05
-7.00852e-06
4.42671e-05
-6.90964e-06
4.32173e-05
-6.76451e-06
4.20883e-05
-6.57386e-06
4.08831e-05
-6.34178e-06
3.96081e-05
-6.07399e-06
3.82707e-05
-5.77454e-06
3.68788e-05
-5.44622e-06
3.54407e-05
-5.09323e-06
3.39662e-05
-4.72346e-06
3.24673e-05
-4.34641e-06
3.09597e-05
-3.97032e-06
2.94581e-05
-3.60171e-06
2.79772e-05
-3.24503e-06
2.65294e-05
-2.90519e-06
2.51275e-05
-2.58626e-06
2.37819e-05
-2.29292e-06
2.25024e-05
-2.02632e-06
2.1296e-05
-1.7888e-06
2.01682e-05
-1.57835e-06
1.9122e-05
-1.3963e-06
1.81577e-05
-1.23807e-06
1.72745e-05
-1.10509e-06
1.64664e-05
-9.90627e-07
1.57315e-05
-8.97616e-07
1.50572e-05
-8.1732e-07
1.44445e-05
-7.55688e-07
1.38733e-05
-7.02209e-07
1.33534e-05
-6.66412e-07
1.28541e-05
-6.37288e-07
-6.21234e-07
5.35795e-05
-8.6595e-07
5.38474e-05
-1.04378e-06
5.40627e-05
-1.22868e-06
5.42318e-05
-1.41038e-06
5.43702e-05
-1.57774e-06
5.44904e-05
-1.72222e-06
5.45982e-05
-1.84165e-06
5.46947e-05
-1.9396e-06
5.47797e-05
-2.02066e-06
5.48532e-05
-2.08791e-06
5.49163e-05
-2.14277e-06
5.49702e-05
-2.18573e-06
5.5016e-05
-2.2172e-06
5.50542e-05
-2.23804e-06
5.50845e-05
-2.24965e-06
5.51066e-05
-2.25381e-06
5.51203e-05
-2.25241e-06
5.51252e-05
-2.24738e-06
5.51213e-05
-2.24058e-06
5.51085e-05
-2.23379e-06
5.50869e-05
-2.22869e-06
5.50567e-05
-2.22684e-06
5.50179e-05
-2.22963e-06
5.49708e-05
-2.23836e-06
5.49154e-05
-2.25412e-06
5.48519e-05
-2.27786e-06
5.47802e-05
-2.31041e-06
5.47004e-05
-2.35249e-06
5.46126e-05
-2.40466e-06
5.45165e-05
-2.46714e-06
5.44119e-05
-2.54015e-06
5.42982e-05
-2.62379e-06
5.4175e-05
-2.71808e-06
5.40414e-05
-2.82297e-06
5.38966e-05
-2.93834e-06
5.37394e-05
-3.06397e-06
5.35688e-05
-3.19959e-06
5.33831e-05
-3.34481e-06
5.31808e-05
-3.49917e-06
5.29601e-05
-3.66203e-06
5.27188e-05
-3.83263e-06
5.24545e-05
-4.00997e-06
5.21647e-05
-4.19286e-06
5.18462e-05
-4.37983e-06
5.14958e-05
-4.56918e-06
5.11097e-05
-4.75879e-06
5.06839e-05
-4.94621e-06
5.0214e-05
-5.12869e-06
4.96952e-05
-5.30307e-06
4.91221e-05
-5.46558e-06
4.8489e-05
-5.61216e-06
4.77897e-05
-5.7386e-06
4.70184e-05
-5.84074e-06
4.61689e-05
-5.9145e-06
4.52354e-05
-5.95623e-06
4.42128e-05
-5.96298e-06
4.30979e-05
-5.93357e-06
4.18902e-05
-5.86745e-06
4.05903e-05
-5.76288e-06
3.91998e-05
-5.61804e-06
3.77197e-05
-5.42959e-06
3.61513e-05
-5.19609e-06
3.45001e-05
-4.92262e-06
3.27768e-05
-4.61854e-06
3.09974e-05
-4.29458e-06
2.91778e-05
-3.95488e-06
2.73359e-05
-3.60435e-06
2.54912e-05
-3.24851e-06
2.36614e-05
-2.89369e-06
2.18652e-05
-2.55024e-06
2.01241e-05
-2.22916e-06
1.8459e-05
-1.93669e-06
1.68893e-05
-1.67531e-06
1.54312e-05
-1.44706e-06
1.40968e-05
-1.25185e-06
1.28925e-05
-1.08861e-06
1.18199e-05
-9.53776e-07
1.08742e-05
-8.4303e-07
1.00474e-05
-7.5162e-07
9.32791e-06
-6.7677e-07
8.70396e-06
-6.14126e-07
8.16122e-06
-5.62353e-07
7.68782e-06
-5.17219e-07
7.26996e-06
-4.79764e-07
6.89792e-06
-4.45278e-07
6.56088e-06
-4.1865e-07
6.25194e-06
-3.9327e-07
5.96602e-06
-3.80486e-07
5.69546e-06
-3.66728e-07
-3.70158e-07
5.34381e-05
-1.17062e-06
5.37078e-05
-1.3134e-06
5.39379e-05
-1.45886e-06
5.41302e-05
-1.60262e-06
5.42913e-05
-1.73881e-06
5.44301e-05
-1.86112e-06
5.45536e-05
-1.96511e-06
5.46643e-05
-2.05028e-06
5.47625e-05
-2.11887e-06
5.4848e-05
-2.17337e-06
5.49206e-05
-2.21542e-06
5.49808e-05
-2.24587e-06
5.50288e-05
-2.26521e-06
5.50648e-05
-2.27409e-06
5.50887e-05
-2.27357e-06
5.51001e-05
-2.26517e-06
5.50984e-05
-2.25071e-06
5.50832e-05
-2.2322e-06
5.50544e-05
-2.2117e-06
5.50117e-05
-2.19115e-06
5.49555e-05
-2.17244e-06
5.48859e-05
-2.15727e-06
5.48033e-05
-2.14702e-06
5.47077e-05
-2.14275e-06
5.4599e-05
-2.14542e-06
5.44772e-05
-2.15606e-06
5.43423e-05
-2.17549e-06
5.41941e-05
-2.20432e-06
5.40323e-05
-2.24286e-06
5.38564e-05
-2.29123e-06
5.36656e-05
-2.34939e-06
5.34591e-05
-2.41721e-06
5.32354e-05
-2.49447e-06
5.29933e-05
-2.58088e-06
5.27311e-05
-2.67605e-06
5.24466e-05
-2.77953e-06
5.21378e-05
-2.89076e-06
5.18021e-05
-3.00911e-06
5.14367e-05
-3.13382e-06
5.10387e-05
-3.26397e-06
5.06046e-05
-3.39851e-06
5.01307e-05
-3.53613e-06
4.96131e-05
-3.67528e-06
4.90474e-05
-3.81409e-06
4.84287e-05
-3.95045e-06
4.77518e-05
-4.08193e-06
4.70118e-05
-4.20624e-06
4.62038e-05
-4.32062e-06
4.53221e-05
-4.42144e-06
4.43611e-05
-4.50458e-06
4.3315e-05
-4.566e-06
4.21782e-05
-4.60181e-06
4.09462e-05
-4.60877e-06
3.96155e-05
-4.58381e-06
3.81836e-05
-4.52433e-06
3.66474e-05
-4.4268e-06
3.50082e-05
-4.29433e-06
3.32727e-05
-4.13197e-06
3.14485e-05
-3.93869e-06
2.95481e-05
-3.71765e-06
2.75836e-05
-3.46502e-06
2.55659e-05
-3.17845e-06
2.35142e-05
-2.87089e-06
2.14513e-05
-2.55567e-06
1.94034e-05
-2.24664e-06
1.73977e-05
-1.94916e-06
1.54622e-05
-1.66884e-06
1.36372e-05
-1.42351e-06
1.19502e-05
-1.20672e-06
1.04208e-05
-1.0208e-06
9.0612e-06
-8.69609e-07
7.88178e-06
-7.57278e-07
6.87236e-06
-6.65881e-07
6.02129e-06
-5.95994e-07
5.309e-06
-5.39564e-07
4.7106e-06
-4.90205e-07
4.20172e-06
-4.44905e-07
3.7624e-06
-4.03708e-07
3.37817e-06
-3.67387e-07
3.03822e-06
-3.36825e-07
2.73539e-06
-3.11293e-07
2.46309e-06
-2.90052e-07
2.21825e-06
-2.72381e-07
1.99564e-06
-2.57154e-07
1.79289e-06
-2.42521e-07
1.60497e-06
-2.30732e-07
1.43259e-06
-2.20895e-07
1.27049e-06
-2.18381e-07
1.12119e-06
-2.17436e-07
-2.38921e-07
5.34684e-05
-1.46428e-06
5.37291e-05
-1.57406e-06
5.39548e-05
-1.68458e-06
5.41465e-05
-1.79438e-06
5.43073e-05
-1.89954e-06
5.4441e-05
-1.99484e-06
5.45519e-05
-2.07605e-06
5.4643e-05
-2.14137e-06
5.47152e-05
-2.19103e-06
5.47681e-05
-2.2263e-06
5.48011e-05
-2.24844e-06
5.48137e-05
-2.25846e-06
5.48056e-05
-2.25714e-06
5.47768e-05
-2.24522e-06
5.47269e-05
-2.22373e-06
5.46559e-05
-2.19412e-06
5.45633e-05
-2.15815e-06
5.44491e-05
-2.11794e-06
5.43131e-05
-2.07579e-06
5.41557e-05
-2.03375e-06
5.39772e-05
-1.99387e-06
5.37782e-05
-1.95829e-06
5.35598e-05
-1.92863e-06
5.33217e-05
-1.90469e-06
5.30638e-05
-1.88753e-06
5.2786e-05
-1.87826e-06
5.24881e-05
-1.87758e-06
5.21696e-05
-1.88582e-06
5.18298e-05
-1.90301e-06
5.14676e-05
-1.92901e-06
5.10816e-05
-1.96346e-06
5.06704e-05
-2.00594e-06
5.02318e-05
-2.05588e-06
4.97636e-05
-2.11271e-06
4.92633e-05
-2.17571e-06
4.87279e-05
-2.24417e-06
4.81544e-05
-2.3172e-06
4.75392e-05
-2.39395e-06
4.68787e-05
-2.47333e-06
4.6169e-05
-2.55429e-06
4.5406e-05
-2.63549e-06
4.45855e-05
-2.7156e-06
4.37031e-05
-2.79285e-06
4.27543e-05
-2.86535e-06
4.17343e-05
-2.93041e-06
4.06374e-05
-2.98507e-06
3.94603e-05
-3.02916e-06
3.82e-05
-3.06026e-06
3.68527e-05
-3.07416e-06
3.54156e-05
-3.06744e-06
3.38867e-05
-3.03709e-06
3.22654e-05
-2.98057e-06
3.05528e-05
-2.89611e-06
2.87532e-05
-2.78422e-06
2.68731e-05
-2.64428e-06
2.4923e-05
-2.47665e-06
2.29126e-05
-2.28397e-06
2.08593e-05
-2.07871e-06
1.87876e-05
-1.8669e-06
1.67206e-05
-1.65065e-06
1.46899e-05
-1.4344e-06
1.2735e-05
-1.22351e-06
1.08913e-05
-1.02721e-06
9.18978e-06
-8.54133e-07
7.65799e-06
-7.14859e-07
6.3315e-06
-6.22661e-07
5.21788e-06
-5.55222e-07
4.29655e-06
-5.02173e-07
3.53754e-06
-4.47715e-07
2.90392e-06
-3.87171e-07
2.36095e-06
-3.26636e-07
1.88012e-06
-2.76448e-07
1.45403e-06
-2.39795e-07
1.07914e-06
-2.21102e-07
7.5024e-07
-2.10666e-07
4.61566e-07
-2.01531e-07
2.07306e-07
-1.90645e-07
-1.81519e-08
-1.7825e-07
-2.1955e-07
-1.65989e-07
-4.00784e-07
-1.55592e-07
-5.64658e-07
-1.47418e-07
-7.14255e-07
-1.40454e-07
-8.52276e-07
-1.3436e-07
-9.80694e-07
-1.28736e-07
-1.10005e-06
-1.2316e-07
-1.21158e-06
-1.19204e-07
-1.31445e-06
-1.18031e-07
-1.41062e-06
-1.22209e-07
-1.49539e-06
-1.3266e-07
-1.55263e-07
5.34098e-05
-1.67967e-06
5.35816e-05
-1.74582e-06
5.37094e-05
-1.8124e-06
5.37931e-05
-1.87812e-06
5.38338e-05
-1.94016e-06
5.38327e-05
-1.99377e-06
5.37915e-05
-2.03483e-06
5.37127e-05
-2.06257e-06
5.35984e-05
-2.0768e-06
5.34498e-05
-2.07768e-06
5.32671e-05
-2.06568e-06
5.30505e-05
-2.04191e-06
5.28009e-05
-2.0075e-06
5.25191e-05
-1.96341e-06
5.22062e-05
-1.91087e-06
5.18635e-05
-1.85144e-06
5.14923e-05
-1.78695e-06
5.10939e-05
-1.71952e-06
5.06694e-05
-1.6513e-06
5.02201e-05
-1.58441e-06
4.9747e-05
-1.52075e-06
4.92514e-05
-1.46268e-06
4.87351e-05
-1.41237e-06
4.81978e-05
-1.36736e-06
4.76397e-05
-1.32942e-06
4.70606e-05
-1.29922e-06
4.646e-05
-1.27703e-06
4.58371e-05
-1.26283e-06
4.51904e-05
-1.25631e-06
4.45183e-05
-1.25697e-06
4.3819e-05
-1.26415e-06
4.30902e-05
-1.27711e-06
4.23293e-05
-1.29503e-06
4.15337e-05
-1.31707e-06
4.07003e-05
-1.34234e-06
3.98261e-05
-1.36991e-06
3.89077e-05
-1.3988e-06
3.79418e-05
-1.42803e-06
3.69249e-05
-1.45651e-06
3.58539e-05
-1.48321e-06
3.47253e-05
-1.50695e-06
3.35364e-05
-1.52666e-06
3.22846e-05
-1.54106e-06
3.09682e-05
-1.54899e-06
2.95854e-05
-1.54759e-06
2.81349e-05
-1.53456e-06
2.66193e-05
-1.51358e-06
2.50399e-05
-1.4809e-06
2.34003e-05
-1.4345e-06
2.1706e-05
-1.37313e-06
1.99652e-05
-1.29635e-06
1.81895e-05
-1.20481e-06
1.63914e-05
-1.09802e-06
1.45879e-05
-9.80765e-07
1.28017e-05
-8.58055e-07
1.10618e-05
-7.36747e-07
9.40432e-06
-6.26475e-07
7.86222e-06
-5.36613e-07
6.46864e-06
-4.73314e-07
5.25672e-06
-4.38741e-07
4.22322e-06
-4.0089e-07
3.35321e-06
-3.53508e-07
2.61954e-06
-2.93545e-07
1.99288e-06
-2.27469e-07
1.44916e-06
-1.71139e-07
9.62233e-07
-1.35734e-07
5.35123e-07
-1.28113e-07
1.65176e-07
-1.32225e-07
-1.52959e-07
-1.2958e-07
-4.27155e-07
-1.12975e-07
-6.6489e-07
-8.89017e-08
-8.72992e-07
-6.83459e-08
-1.05586e-06
-5.69317e-08
-1.22162e-06
-5.53381e-08
-1.37392e-06
-5.83614e-08
-1.51331e-06
-6.21418e-08
-1.64011e-06
-6.38461e-08
-1.75521e-06
-6.31494e-08
-1.86015e-06
-6.10512e-08
-1.95698e-06
-5.87602e-08
-2.0475e-06
-5.69012e-08
-2.13255e-06
-5.54062e-08
-2.21295e-06
-5.39535e-08
-2.2893e-06
-5.23892e-08
-2.36159e-06
-5.08706e-08
-2.43018e-06
-5.06141e-08
-2.49498e-06
-5.32313e-08
-2.55608e-06
-6.11081e-08
-2.61371e-06
-7.50338e-08
-9.09682e-08
5.10793e-05
-1.45583e-06
5.07904e-05
-1.45696e-06
5.04375e-05
-1.45947e-06
5.00209e-05
-1.46153e-06
4.95417e-05
-1.46103e-06
4.90036e-05
-1.45558e-06
4.84107e-05
-1.44201e-06
4.77682e-05
-1.41999e-06
4.70819e-05
-1.3905e-06
4.63568e-05
-1.35263e-06
4.55978e-05
-1.30671e-06
4.48094e-05
-1.25349e-06
4.39959e-05
-1.19393e-06
4.31615e-05
-1.12905e-06
4.23106e-05
-1.05997e-06
4.14472e-05
-9.88017e-07
4.05749e-05
-9.14689e-07
3.9697e-05
-8.41652e-07
3.88163e-05
-7.70597e-07
3.79351e-05
-7.03164e-07
3.70551e-05
-6.40739e-07
3.61768e-05
-5.84411e-07
3.52992e-05
-5.34751e-07
3.44236e-05
-4.91774e-07
3.35496e-05
-4.55472e-07
3.26762e-05
-4.25797e-07
3.18017e-05
-4.02543e-07
3.09242e-05
-3.8529e-07
3.00413e-05
-3.73415e-07
2.91505e-05
-3.66163e-07
2.8249e-05
-3.62717e-07
2.73342e-05
-3.62248e-07
2.64031e-05
-3.63943e-07
2.5453e-05
-3.67015e-07
2.44814e-05
-3.70711e-07
2.34858e-05
-3.74308e-07
2.24641e-05
-3.77132e-07
2.14147e-05
-3.78558e-07
2.03362e-05
-3.78036e-07
1.92281e-05
-3.75105e-07
1.80906e-05
-3.69426e-07
1.69247e-05
-3.60825e-07
1.5733e-05
-3.49316e-07
1.45192e-05
-3.35227e-07
1.32908e-05
-3.19167e-07
1.20587e-05
-3.02475e-07
1.08314e-05
-2.86329e-07
9.62206e-06
-2.71514e-07
8.44596e-06
-2.58392e-07
7.31955e-06
-2.46727e-07
6.25856e-06
-2.35358e-07
5.27712e-06
-2.23364e-07
4.38665e-06
-2.07556e-07
3.58568e-06
-1.79799e-07
2.87208e-06
-1.44458e-07
2.24014e-06
-1.04799e-07
1.68168e-06
-6.80229e-08
1.18802e-06
-4.29447e-08
7.47887e-07
-3.31854e-08
3.49755e-07
-4.06089e-08
1.6439e-09
-5.27784e-08
-2.95346e-07
-5.65188e-08
-5.44691e-07
-4.42e-08
-7.49857e-07
-2.23031e-08
-9.18787e-07
-2.20792e-09
-1.06196e-06
7.44201e-09
-1.19375e-06
3.67671e-09
-1.32028e-06
-5.69724e-09
-1.43681e-06
-1.30496e-08
-1.53665e-06
-1.31329e-08
-1.61733e-06
-8.22944e-09
-1.6827e-06
-2.97121e-09
-1.73925e-06
-3.79666e-10
-1.79313e-06
-1.45985e-09
-1.8469e-06
-4.59689e-09
-1.90116e-06
-7.87722e-09
-1.95484e-06
-1.01686e-08
-2.00668e-06
-1.13083e-08
-2.05604e-06
-1.16864e-08
-2.10301e-06
-1.17909e-08
-2.14805e-06
-1.18649e-08
-2.19155e-06
-1.19056e-08
-2.23367e-06
-1.18374e-08
-2.27444e-06
-1.16169e-08
-2.31395e-06
-1.13609e-08
-2.3529e-06
-1.1665e-08
-2.39245e-06
-1.36743e-08
-2.43428e-06
-1.92775e-08
-2.48038e-06
-2.89401e-08
-3.78024e-08
3.50137e-05
3.35568e-05
3.20973e-05
3.06358e-05
2.91747e-05
2.77192e-05
2.62771e-05
2.48572e-05
2.34667e-05
2.2114e-05
2.08073e-05
1.95538e-05
1.83599e-05
1.72308e-05
1.61709e-05
1.51829e-05
1.42682e-05
1.34265e-05
1.26559e-05
1.19528e-05
1.1312e-05
1.07276e-05
1.01929e-05
9.70108e-06
9.24561e-06
8.81981e-06
8.41727e-06
8.03198e-06
7.65856e-06
7.2924e-06
6.92968e-06
6.56743e-06
6.20349e-06
5.83648e-06
5.46577e-06
5.09146e-06
4.71433e-06
4.33577e-06
3.95773e-06
3.58263e-06
3.2132e-06
2.85238e-06
2.50306e-06
2.16783e-06
1.84867e-06
1.54619e-06
1.25986e-06
9.88348e-07
7.29957e-07
4.8323e-07
2.47871e-07
2.45074e-08
-1.83049e-07
-3.62848e-07
-5.07306e-07
-6.12105e-07
-6.80127e-07
-7.23072e-07
-7.56258e-07
-7.96866e-07
-8.49645e-07
-9.06164e-07
-9.50364e-07
-9.72667e-07
-9.74875e-07
-9.67433e-07
-9.63756e-07
-9.69453e-07
-9.82503e-07
-9.95636e-07
-1.00387e-06
-1.00684e-06
-1.00722e-06
-1.00868e-06
-1.01327e-06
-1.02115e-06
-1.03132e-06
-1.04263e-06
-1.05431e-06
-1.0661e-06
-1.07797e-06
-1.08987e-06
-1.10171e-06
-1.11333e-06
-1.12469e-06
-1.13635e-06
-1.15003e-06
-1.16931e-06
-1.19825e-06
)
;

boundaryField
{
    fixedWalls
    {
        type            calculated;
        value           uniform 0;
    }
    inflowWall
    {
        type            calculated;
        value           nonuniform List<scalar> 10(-5e-05 -5e-05 -5e-05 -5e-05 -5e-05 -5e-05 -5e-05 -5e-05 -5e-05 -5e-05);
    }
    outflowWall
    {
        type            calculated;
        value           nonuniform List<scalar> 
20
(
1.23865e-05
2.50874e-05
3.36735e-05
4.08214e-05
4.6301e-05
4.95857e-05
5.04759e-05
4.9336e-05
4.68768e-05
4.34158e-05
3.8411e-05
3.10879e-05
2.17314e-05
1.2402e-05
5.44438e-06
9.89957e-07
-1.57905e-06
-2.678e-06
-2.53354e-06
-1.23605e-06
)
;
    }
    frontAndBack
    {
        type            empty;
        value           nonuniform List<scalar> 0();
    }
}


// ************************************************************************* //
