/*--------------------------------*- C++ -*----------------------------------*\
| =========                 |                                                 |
| \\      /  F ield         | OpenFOAM: The Open Source CFD Toolbox           |
|  \\    /   O peration     | Version:  2306                                  |
|   \\  /    A nd           | Website:  www.openfoam.com                      |
|    \\/     M anipulation  |                                                 |
\*---------------------------------------------------------------------------*/
FoamFile
{
    version     2.0;
    format      ascii;
    arch        "LSB;label=32;scalar=64";
    class       volScalarField;
    location    "4.32";
    object      p;
}
// * * * * * * * * * * * * * * * * * * * * * * * * * * * * * * * * * * * * * //

dimensions      [0 2 -2 0 0 0 0];

internalField   nonuniform List<scalar> 
1900
(
0.0564282
0.032206
0.0118131
-0.00352904
-0.014551
-0.0251096
-0.0355552
-0.0477256
-0.0602878
-0.0743525
0.0271674
0.0189687
0.00765198
-0.00390198
-0.0149285
-0.0251189
-0.0355556
-0.0460733
-0.0575751
-0.068633
0.0180747
0.013584
0.00606804
-0.0033007
-0.0133851
-0.0233649
-0.0331449
-0.0426981
-0.052126
-0.0612126
0.0123739
0.00930053
0.00365063
-0.00399785
-0.0128496
-0.0220899
-0.0312811
-0.0401951
-0.0487881
-0.0569475
0.01015
0.0076147
0.0028761
-0.00377183
-0.0117503
-0.0203534
-0.0290276
-0.0374501
-0.0454713
-0.0530021
0.0107846
0.00830388
0.00369333
-0.00277144
-0.0105095
-0.0188125
-0.0271214
-0.0351191
-0.0426812
-0.0497789
0.0142404
0.0112945
0.00601368
-0.00106892
-0.00912836
-0.0174141
-0.0254605
-0.03309
-0.0402944
-0.0471086
0.0209396
0.0166443
0.00974706
0.00127894
-0.00753991
-0.0159628
-0.0237939
-0.0311269
-0.0381113
-0.0448089
0.0310806
0.0229818
0.0125464
0.00208654
-0.0072189
-0.0153285
-0.0226945
-0.0297397
-0.0366274
-0.0433175
0.0599309
0.0372589
0.0175528
0.00349139
-0.00616416
-0.0138569
-0.0210828
-0.0282969
-0.0354491
-0.042334
-0.0975645
-0.0975979
-0.0976428
-0.0976969
-0.0977572
-0.0978234
-0.0978949
-0.0979707
-0.0980495
-0.0981298
-0.0982098
-0.0982879
-0.0983624
-0.0984316
-0.0984939
-0.0985475
-0.0985912
-0.0986233
-0.0986427
-0.0986481
-0.0986387
-0.0986136
-0.098572
-0.0985136
-0.0984377
-0.0983443
-0.0982329
-0.0981036
-0.0979561
-0.0977904
-0.0976064
-0.0974039
-0.097183
-0.0969436
-0.0966855
-0.096408
-0.0961098
-0.0957874
-0.095435
-0.0950427
-0.0945953
-0.0940717
-0.093444
-0.0926789
-0.0917379
-0.0905795
-0.0891581
-0.0874234
-0.0853174
-0.0827741
-0.0797214
-0.076085
-0.0717934
-0.0667902
-0.0610422
-0.0545472
-0.0473616
-0.0395506
-0.0312139
-0.0224856
-0.0135241
-0.0045049
0.00439419
0.0129952
0.0211312
0.0286544
0.0354346
0.0413793
0.046416
0.0505129
0.0536524
0.0558563
0.0571517
0.0576004
0.0572581
0.0562096
0.0545204
0.0522817
0.0495556
0.0464294
0.0429501
0.0391945
0.0351876
0.0309951
0.0266148
0.0221071
0.0174342
0.0126669
0.00770634
0.00268215
-0.09756
-0.0975916
-0.0976187
-0.0976602
-0.0977114
-0.097771
-0.0978373
-0.0979086
-0.0979835
-0.0980604
-0.0981375
-0.0982133
-0.0982858
-0.0983535
-0.0984145
-0.0984672
-0.0985101
-0.0985417
-0.0985607
-0.0985658
-0.098556
-0.0985304
-0.0984883
-0.0984289
-0.0983518
-0.0982565
-0.0981429
-0.0980106
-0.0978594
-0.097689
-0.0974993
-0.0972898
-0.0970602
-0.0968097
-0.0965376
-0.0962427
-0.095923
-0.0955754
-0.0951944
-0.0947719
-0.0942961
-0.0937509
-0.0931154
-0.0923629
-0.0914612
-0.0903722
-0.0890512
-0.0874452
-0.0854893
-0.0831049
-0.0802033
-0.0766954
-0.0725043
-0.067591
-0.0619471
-0.0555648
-0.0484495
-0.040677
-0.0323562
-0.0236269
-0.0146484
-0.00560145
0.00333286
0.0119697
0.0201358
0.0276965
0.0345002
0.0404664
0.0455197
0.0496334
0.052787
0.0550053
0.0563126
0.0567763
0.0564478
0.0554188
0.0537503
0.0515419
0.0488454
0.0457585
0.0423151
0.0386069
0.0346417
0.0305049
0.0261727
0.0217271
0.0171059
0.0123996
0.00751496
0.00258413
-0.0974424
-0.0975236
-0.0975692
-0.0976227
-0.097679
-0.0977405
-0.0978084
-0.0978816
-0.0979588
-0.0980383
-0.0981184
-0.0981974
-0.0982733
-0.0983444
-0.0984088
-0.0984649
-0.098511
-0.0985456
-0.0985672
-0.0985745
-0.0985664
-0.0985419
-0.0985004
-0.0984412
-0.0983637
-0.0982677
-0.0981529
-0.0980193
-0.0978668
-0.0976954
-0.097505
-0.0972953
-0.0970656
-0.096815
-0.0965425
-0.0962464
-0.0959245
-0.0955732
-0.095188
-0.0947621
-0.0942876
-0.0937541
-0.0931478
-0.0924498
-0.0916335
-0.0906617
-0.0894853
-0.088043
-0.0862582
-0.0840383
-0.0812876
-0.0779353
-0.0738862
-0.0690658
-0.063443
-0.0570395
-0.0498979
-0.0421
-0.0337522
-0.0249932
-0.0159916
-0.00694323
0.00197807
0.0106019
0.0187503
0.0262847
0.0330638
0.0390031
0.0440263
0.0481103
0.0512352
0.0534308
0.054721
0.0551783
0.0548526
0.0538402
0.052198
0.0500302
0.0473849
0.0443638
0.0409971
0.0373791
0.0335155
0.0294918
0.0252856
0.0209756
0.0165106
0.0119699
0.00728039
0.00253311
-0.0975245
-0.0975982
-0.0976024
-0.0976283
-0.097674
-0.0977362
-0.0978096
-0.0978903
-0.0979758
-0.0980639
-0.0981524
-0.0982394
-0.0983226
-0.0984004
-0.0984707
-0.0985318
-0.0985821
-0.0986199
-0.0986439
-0.0986527
-0.0986454
-0.0986209
-0.0985785
-0.0985176
-0.0984378
-0.0983388
-0.0982205
-0.0980831
-0.0979266
-0.0977514
-0.0975574
-0.0973445
-0.0971119
-0.0968585
-0.0965826
-0.0962827
-0.0959571
-0.0956033
-0.0952186
-0.0947984
-0.0943364
-0.0938252
-0.0932573
-0.0926186
-0.0918834
-0.0910111
-0.0899449
-0.088621
-0.0869588
-0.0848583
-0.0822091
-0.0789117
-0.0749033
-0.0701197
-0.0645374
-0.0581715
-0.0510659
-0.0433098
-0.0350172
-0.0263327
-0.017428
-0.00848733
0.000305324
0.00878097
0.0167678
0.0241295
0.030737
0.0365087
0.0413746
0.0453147
0.0483148
0.0504088
0.0516251
0.0520375
0.051699
0.0507044
0.0491124
0.0470237
0.0444885
0.041603
0.0384002
0.0349663
0.0313127
0.0275144
0.0235594
0.0195138
0.0153428
0.0111071
0.00675058
0.00233417
-0.097198
-0.0974034
-0.0974943
-0.0975984
-0.0976972
-0.0977906
-0.0978832
-0.0979785
-0.0980762
-0.0981745
-0.0982717
-0.0983658
-0.098455
-0.0985374
-0.0986111
-0.0986745
-0.098726
-0.098764
-0.0987871
-0.098794
-0.0987836
-0.0987552
-0.0987081
-0.0986419
-0.0985564
-0.0984514
-0.0983271
-0.0981839
-0.0980223
-0.0978427
-0.0976455
-0.0974305
-0.0971968
-0.0969428
-0.0966662
-0.096366
-0.0960409
-0.0956891
-0.0953085
-0.0948962
-0.0944467
-0.0939522
-0.0934115
-0.0928097
-0.0921199
-0.0912969
-0.0902762
-0.0889832
-0.0873326
-0.0852358
-0.0825869
-0.0792967
-0.0752906
-0.0705209
-0.0649683
-0.0586543
-0.0516316
-0.0439927
-0.0358576
-0.027374
-0.0187095
-0.0100424
-0.0015532
0.00659253
0.014236
0.0212474
0.0275123
0.0329559
0.0375204
0.041191
0.0439638
0.0458754
0.046962
0.0472961
0.0469355
0.0459696
0.0444603
0.0424996
0.0401412
0.0374699
0.0345237
0.0313756
0.0280445
0.0245911
0.0210147
0.0173657
0.013625
0.00983563
0.00596315
0.00205152
-0.0980298
-0.0980524
-0.0979513
-0.0979064
-0.097917
-0.097975
-0.098063
-0.098164
-0.0982672
-0.0983691
-0.0984677
-0.0985614
-0.0986483
-0.098727
-0.0987959
-0.0988535
-0.0988987
-0.0989298
-0.0989456
-0.0989448
-0.0989265
-0.0988901
-0.0988351
-0.0987614
-0.0986688
-0.0985571
-0.0984266
-0.0982779
-0.0981119
-0.0979289
-0.0977293
-0.097513
-0.0972787
-0.0970243
-0.0967469
-0.0964494
-0.0961288
-0.0957824
-0.095408
-0.0950029
-0.0945626
-0.0940762
-0.093528
-0.092909
-0.0921909
-0.0913281
-0.0902568
-0.0889048
-0.0871862
-0.0850127
-0.0822893
-0.0789349
-0.0748849
-0.0701036
-0.064582
-0.058349
-0.0514658
-0.0440299
-0.0361652
-0.0280199
-0.0197564
-0.0115444
-0.00355112
0.00406831
0.011173
0.0176455
0.02339
0.0283427
0.0324629
0.0357434
0.0381937
0.0398529
0.0407665
0.041003
0.040625
0.0397132
0.0383318
0.0365604
0.0344546
0.032085
0.0294927
0.0267356
0.0238384
0.0208462
0.0177675
0.0146369
0.0114489
0.00823115
0.00496818
0.00168805
-0.0967026
-0.0973496
-0.0975525
-0.0978092
-0.0980248
-0.0981881
-0.0983105
-0.0984115
-0.0985045
-0.0985929
-0.098677
-0.0987556
-0.0988275
-0.0988914
-0.0989461
-0.0989903
-0.0990229
-0.0990427
-0.0990481
-0.0990377
-0.0990106
-0.0989661
-0.0989038
-0.0988235
-0.0987248
-0.0986074
-0.0984718
-0.0983198
-0.0981516
-0.0979672
-0.0977668
-0.0975503
-0.0973165
-0.0970633
-0.0967855
-0.0964786
-0.0961456
-0.0957846
-0.095391
-0.0949598
-0.0944834
-0.0939522
-0.0933513
-0.0926617
-0.0918511
-0.090874
-0.0896687
-0.0881648
-0.0862823
-0.0839415
-0.0810633
-0.0775818
-0.0734474
-0.0686381
-0.0631582
-0.0570473
-0.0503748
-0.0432433
-0.0357771
-0.0281213
-0.0204292
-0.0128581
-0.00555568
0.00134247
0.00771972
0.0134783
0.0185452
0.0228726
0.0264391
0.0292472
0.0313195
0.0326969
0.0334309
0.033584
0.0332202
0.0324084
0.0312121
0.0296963
0.0279154
0.0259245
0.0237653
0.0214802
0.0190972
0.0166467
0.0141439
0.0116092
0.00904753
0.006473
0.00388452
0.00129714
-0.101416
-0.100036
-0.099408
-0.0989747
-0.0987482
-0.098659
-0.0986472
-0.0986717
-0.0987107
-0.0987564
-0.0988059
-0.0988557
-0.0989037
-0.0989482
-0.0989872
-0.0990187
-0.0990413
-0.0990521
-0.0990487
-0.0990306
-0.0989974
-0.0989484
-0.0988834
-0.0988016
-0.0987021
-0.0985836
-0.0984445
-0.098285
-0.0981078
-0.097913
-0.0976994
-0.0974655
-0.0972093
-0.0969278
-0.0966175
-0.0962752
-0.0958986
-0.0954839
-0.0950252
-0.094515
-0.0939438
-0.0932986
-0.0925614
-0.0917083
-0.0907057
-0.0895101
-0.0880656
-0.0863093
-0.0841727
-0.0815897
-0.0784995
-0.0748564
-0.0706302
-0.0658153
-0.0604306
-0.0545259
-0.0481759
-0.0414829
-0.0345665
-0.0275627
-0.0206091
-0.013845
-0.00739547
-0.00137111
0.0041412
0.00906881
0.0133645
0.0169992
0.0199695
0.0222867
0.0239821
0.0250951
0.0256783
0.0257852
0.0254766
0.0248087
0.0238408
0.0226234
0.0212074
0.0196329
0.0179402
0.0161577
0.0143148
0.0124289
0.0105202
0.00859688
0.00667207
0.00474766
0.00283219
0.000924981
-0.0955733
-0.0966611
-0.0974988
-0.0981109
-0.0984278
-0.0985465
-0.098581
-0.0985945
-0.0986103
-0.0986406
-0.0986799
-0.0987207
-0.0987614
-0.0988004
-0.0988359
-0.0988657
-0.0988888
-0.0989051
-0.0989096
-0.0988968
-0.0988649
-0.0988138
-0.098743
-0.0986531
-0.0985428
-0.0984097
-0.0982517
-0.0980685
-0.0978602
-0.0976264
-0.0973655
-0.0970752
-0.0967527
-0.0963943
-0.0959957
-0.095552
-0.0950582
-0.0945088
-0.0938967
-0.0932126
-0.0924449
-0.0915784
-0.0905941
-0.0894682
-0.0881698
-0.0866608
-0.0848954
-0.0828236
-0.0803934
-0.077556
-0.0742688
-0.070502
-0.0662438
-0.0615061
-0.0563223
-0.0507502
-0.0448666
-0.0387686
-0.0325638
-0.0263701
-0.0203014
-0.0144696
-0.00897072
-0.00389103
0.000708275
0.00477956
0.00829983
0.0112563
0.0136586
0.0155221
0.0168817
0.0177717
0.0182416
0.0183343
0.0181052
0.0175981
0.0168675
0.0159506
0.014895
0.0137272
0.0124862
0.0111868
0.00986036
0.00851134
0.00716511
0.00581736
0.00449004
0.00317206
0.00188351
0.000606213
-0.118252
-0.103332
-0.101405
-0.0999287
-0.0990138
-0.0985853
-0.0984107
-0.0983486
-0.0983296
-0.0983331
-0.0983716
-0.0984336
-0.0984986
-0.0985592
-0.0986138
-0.098661
-0.0986979
-0.0987209
-0.0987249
-0.0987048
-0.0986577
-0.0985827
-0.0984804
-0.0983512
-0.0981931
-0.0980029
-0.0977776
-0.0975151
-0.0972138
-0.0968723
-0.0964886
-0.0960606
-0.0955852
-0.0950586
-0.0944762
-0.0938327
-0.0931228
-0.0923402
-0.0914774
-0.0905256
-0.0894732
-0.0883059
-0.0870047
-0.0855461
-0.0839031
-0.082046
-0.0799414
-0.077555
-0.0748529
-0.0718059
-0.0683924
-0.0646029
-0.0604428
-0.0559351
-0.0511191
-0.0460508
-0.0407989
-0.0354462
-0.0300812
-0.0247981
-0.0196854
-0.0148273
-0.0102931
-0.00614441
-0.00242213
0.000846014
0.0036535
0.00599754
0.00789373
0.00935809
0.0104252
0.0111242
0.0115006
0.0115882
0.0114371
0.0110805
0.0105682
0.00992691
0.00920093
0.00840518
0.00757726
0.0067197
0.00586514
0.00500476
0.00416952
0.00334064
0.00255077
0.00177214
0.00104072
0.000315784
-0.0858085
-0.0922654
-0.0947731
-0.0956162
-0.0960635
-0.0964651
-0.0968365
-0.0971485
-0.0974185
-0.0976536
-0.0978559
-0.0980278
-0.0981724
-0.0982934
-0.0983931
-0.0984712
-0.0985244
-0.098548
-0.0985369
-0.0984867
-0.098394
-0.0982572
-0.0980759
-0.0978495
-0.0975768
-0.0972559
-0.0968847
-0.0964614
-0.0959846
-0.0954531
-0.0948646
-0.0942156
-0.0935026
-0.0927223
-0.0918708
-0.090944
-0.089937
-0.0888443
-0.0876594
-0.0863746
-0.0849802
-0.0834646
-0.0818136
-0.0800111
-0.0780387
-0.0758773
-0.0735066
-0.0709067
-0.0680596
-0.0649522
-0.061578
-0.0579394
-0.0540497
-0.0499338
-0.0456282
-0.0411801
-0.0366451
-0.0320884
-0.0275798
-0.0231918
-0.0189927
-0.0150457
-0.0114016
-0.00810049
-0.0051648
-0.00260833
-0.000429402
0.0013757
0.00282461
0.00393444
0.00473836
0.00526376
0.00555237
0.00563315
0.0055502
0.00532923
0.00501368
0.00462169
0.00419301
0.00373387
0.00327902
0.00282054
0.00239056
0.00196736
0.00158602
0.0012123
0.000890167
0.000570648
0.000309291
3.68758e-05
-0.0798758
-0.0876521
-0.0916341
-0.093059
-0.0934939
-0.0938315
-0.0943299
-0.094946
-0.0955663
-0.0961163
-0.0965728
-0.0969445
-0.0972494
-0.097502
-0.0977093
-0.0978716
-0.0979847
-0.0980423
-0.0980385
-0.0979683
-0.0978282
-0.0976164
-0.0973326
-0.0969769
-0.0965499
-0.096052
-0.0954833
-0.0948439
-0.0941341
-0.0933535
-0.0925015
-0.0915767
-0.0905776
-0.0895023
-0.0883485
-0.0871138
-0.0857948
-0.0843877
-0.082888
-0.0812904
-0.0795888
-0.077776
-0.0758436
-0.0737826
-0.0715827
-0.0692333
-0.0667234
-0.0640427
-0.0611832
-0.0581411
-0.0549176
-0.0515205
-0.0479649
-0.044275
-0.0404841
-0.036634
-0.032773
-0.0289524
-0.0252248
-0.021643
-0.018257
-0.0151115
-0.0122415
-0.00967247
-0.00741805
-0.0054834
-0.00385989
-0.00253359
-0.00148294
-0.000687418
-0.000116588
0.000257132
0.00047194
0.000556682
0.000549025
0.000469572
0.000350418
0.000202278
5.46808e-05
-9.14651e-05
-0.000208916
-0.000310903
-0.000370907
-0.000417825
-0.000418469
-0.000417281
-0.00036349
-0.000324348
-0.000224804
-0.000166839
-0.069676
-0.0768651
-0.0822086
-0.0856979
-0.0878418
-0.0892981
-0.0905152
-0.091672
-0.092781
-0.0937968
-0.0946816
-0.0954255
-0.096039
-0.0965391
-0.0969391
-0.0972455
-0.097459
-0.0975764
-0.097594
-0.0975085
-0.0973183
-0.0970233
-0.096625
-0.0961258
-0.0955288
-0.0948372
-0.0940543
-0.0931829
-0.0922256
-0.0911848
-0.0900619
-0.0888581
-0.0875738
-0.0862088
-0.0847623
-0.0832333
-0.08162
-0.0799204
-0.0781322
-0.0762529
-0.0742795
-0.0722089
-0.0700379
-0.0677633
-0.0653816
-0.0628897
-0.0602852
-0.0575665
-0.0547332
-0.0517874
-0.048734
-0.0455822
-0.0423465
-0.0390488
-0.0357189
-0.0323948
-0.0291198
-0.0259391
-0.0228954
-0.020026
-0.0173604
-0.0149208
-0.0127241
-0.0107855
-0.00911629
-0.00771858
-0.00657651
-0.00566093
-0.00493897
-0.00438428
-0.00397238
-0.00368087
-0.00347879
-0.00333706
-0.00322505
-0.00312705
-0.00302748
-0.00292494
-0.00280707
-0.00267659
-0.00251862
-0.0023437
-0.00213487
-0.00191455
-0.0016568
-0.00140059
-0.00110203
-0.000829154
-0.00050212
-0.00024486
-0.0644608
-0.0710843
-0.0765588
-0.0807797
-0.0838706
-0.0861417
-0.0879342
-0.0894866
-0.090907
-0.0922129
-0.0933842
-0.0944005
-0.0952553
-0.0959542
-0.0965075
-0.0969232
-0.097205
-0.097353
-0.0973653
-0.0972403
-0.0969781
-0.0965802
-0.0960503
-0.095393
-0.094614
-0.0937193
-0.0927148
-0.0916061
-0.0903985
-0.0890969
-0.0877053
-0.0862268
-0.0846636
-0.083017
-0.0812876
-0.0794755
-0.0775808
-0.0756031
-0.0735425
-0.071399
-0.0691731
-0.0668657
-0.0644782
-0.0620126
-0.0594719
-0.0568599
-0.0541813
-0.0514416
-0.0486471
-0.0458044
-0.0429212
-0.0400069
-0.0370736
-0.0341384
-0.0312258
-0.0283694
-0.025611
-0.0229964
-0.0205658
-0.0183445
-0.0163375
-0.0145345
-0.012924
-0.0115091
-0.010306
-0.0093233
-0.00854318
-0.00792128
-0.00740485
-0.00696029
-0.00657641
-0.00625081
-0.00597175
-0.00571854
-0.00546613
-0.00519874
-0.00490753
-0.00459621
-0.00426822
-0.00393311
-0.00358987
-0.00324459
-0.00288897
-0.00253132
-0.00215744
-0.00178606
-0.00139162
-0.00101678
-0.000604669
-0.000258119
-0.0599593
-0.0662355
-0.0717028
-0.0762655
-0.0799306
-0.0828315
-0.0851783
-0.0871706
-0.0889411
-0.0905484
-0.0919999
-0.0932824
-0.0943822
-0.0952943
-0.0960208
-0.0965667
-0.0969357
-0.0971297
-0.0971489
-0.0969937
-0.0966663
-0.0961711
-0.0955144
-0.0947039
-0.0937479
-0.092655
-0.0914336
-0.0900923
-0.0886394
-0.0870827
-0.0854288
-0.0836831
-0.0818496
-0.0799312
-0.0779297
-0.0758468
-0.0736839
-0.0714426
-0.0691253
-0.0667349
-0.0642754
-0.0617517
-0.0591699
-0.0565368
-0.0538611
-0.0511527
-0.0484233
-0.0456855
-0.0429524
-0.0402355
-0.0375448
-0.0348889
-0.0322761
-0.0297163
-0.027223
-0.0248174
-0.0225356
-0.020426
-0.0185341
-0.0168813
-0.0154463
-0.014177
-0.0130261
-0.0119849
-0.0110773
-0.0103263
-0.00972839
-0.00923866
-0.0087902
-0.00833805
-0.00787692
-0.00742505
-0.0069993
-0.00660289
-0.00622709
-0.00586119
-0.00549356
-0.00511745
-0.00473007
-0.00433497
-0.00393386
-0.00353112
-0.00312472
-0.00271811
-0.00230574
-0.00189427
-0.00147355
-0.00106225
-0.000633674
-0.000251496
-0.0563929
-0.0624684
-0.0679192
-0.0726677
-0.0766907
-0.080042
-0.0828432
-0.0852396
-0.087352
-0.0892521
-0.0909659
-0.0924909
-0.0938142
-0.0949246
-0.0958163
-0.0964886
-0.0969424
-0.0971788
-0.0971988
-0.0970046
-0.0966008
-0.0959954
-0.0951991
-0.094224
-0.0930817
-0.0917835
-0.0903405
-0.0887641
-0.0870652
-0.0852543
-0.0833406
-0.081332
-0.0792346
-0.0770531
-0.0747911
-0.0724517
-0.070038
-0.0675537
-0.0650034
-0.0623933
-0.0597313
-0.057027
-0.0542913
-0.0515363
-0.0487748
-0.046021
-0.0432923
-0.040609
-0.0379908
-0.0354527
-0.0330035
-0.0306473
-0.0283866
-0.0262233
-0.0241574
-0.0221881
-0.0203338
-0.0186374
-0.0171478
-0.015897
-0.0148516
-0.0139338
-0.0130778
-0.0122622
-0.0114993
-0.0107996
-0.0101859
-0.0096589
-0.00918183
-0.00872131
-0.00827533
-0.00783822
-0.00740162
-0.00696248
-0.0065204
-0.00607629
-0.00563332
-0.00519658
-0.004769
-0.00435096
-0.00393945
-0.00353355
-0.0031295
-0.00272545
-0.00231732
-0.00190624
-0.00148845
-0.00107048
-0.000646534
-0.000255498
-0.0535308
-0.0595055
-0.0649513
-0.0698025
-0.0740385
-0.0776921
-0.08084
-0.083581
-0.0860085
-0.0881886
-0.0901541
-0.0919101
-0.0934464
-0.0947483
-0.0958033
-0.096604
-0.0971464
-0.0974289
-0.0974519
-0.0972184
-0.0967349
-0.0960131
-0.09507
-0.0939239
-0.0925913
-0.0910869
-0.0894249
-0.0876194
-0.0856843
-0.0836329
-0.0814771
-0.0792272
-0.0768918
-0.0744776
-0.0719901
-0.0694344
-0.0668154
-0.0641389
-0.061412
-0.0586439
-0.0558464
-0.0530339
-0.0502234
-0.0474324
-0.0446773
-0.0419712
-0.0393328
-0.0367871
-0.0343559
-0.0320508
-0.0298731
-0.0278165
-0.0258748
-0.0240457
-0.0223272
-0.0207205
-0.0192215
-0.0178483
-0.0166284
-0.0155614
-0.0146301
-0.0138065
-0.0130608
-0.0123787
-0.0117588
-0.0112083
-0.0106706
-0.0101008
-0.00949627
-0.00889376
-0.00832134
-0.00779338
-0.00731386
-0.00687268
-0.0064514
-0.00603641
-0.00562122
-0.00520453
-0.00478719
-0.00437162
-0.00395959
-0.00355059
-0.00314285
-0.00273499
-0.00232497
-0.00191182
-0.001494
-0.00107489
-0.000659507
-0.00025219
-0.0511803
-0.0571343
-0.0625874
-0.0674952
-0.0718583
-0.0757143
-0.0791238
-0.0821541
-0.084869
-0.0873188
-0.0895326
-0.0915177
-0.0932652
-0.0947582
-0.095979
-0.096913
-0.0975499
-0.0978847
-0.0979166
-0.0976494
-0.0970918
-0.0962587
-0.0951728
-0.0938593
-0.0923415
-0.0906411
-0.0887781
-0.0867711
-0.0846375
-0.0823931
-0.0800518
-0.0776253
-0.0751232
-0.0725535
-0.0699229
-0.0672375
-0.0645036
-0.0617283
-0.0589201
-0.0560901
-0.0532517
-0.0504224
-0.0476222
-0.0448742
-0.0421986
-0.0396101
-0.0371311
-0.0347812
-0.0325702
-0.0304956
-0.0285467
-0.0267047
-0.0249516
-0.0232841
-0.021721
-0.0202939
-0.0190364
-0.0179616
-0.0170484
-0.0162022
-0.0153287
-0.0144001
-0.0134462
-0.0125423
-0.011757
-0.0110817
-0.0104942
-0.0099534
-0.00941948
-0.00888921
-0.00836894
-0.00787121
-0.00740083
-0.00695015
-0.00651075
-0.00607723
-0.00564761
-0.00522217
-0.00480134
-0.00438423
-0.0039705
-0.00355947
-0.00314982
-0.00274023
-0.00232931
-0.0019159
-0.00149914
-0.00108261
-0.000672519
-0.000250444
-0.0496815
-0.0556045
-0.0610269
-0.0659405
-0.0703698
-0.0743557
-0.0779481
-0.0811957
-0.0841408
-0.0868179
-0.0892468
-0.0914318
-0.0933634
-0.0950233
-0.0963895
-0.0974417
-0.0981635
-0.098545
-0.0985837
-0.098285
-0.0976623
-0.0967353
-0.0955262
-0.0940625
-0.0923759
-0.0904989
-0.0884616
-0.0862903
-0.0840073
-0.0816311
-0.0791766
-0.0766555
-0.0740768
-0.0714476
-0.0687738
-0.0660605
-0.0633133
-0.0605382
-0.0577432
-0.0549381
-0.0521359
-0.049353
-0.0466097
-0.0439316
-0.041347
-0.03889
-0.0365865
-0.0344501
-0.0324785
-0.0306508
-0.0289318
-0.0272818
-0.0256525
-0.0240213
-0.0223989
-0.0208284
-0.0193693
-0.0180804
-0.0169615
-0.0159776
-0.0150791
-0.0142216
-0.0133972
-0.0126168
-0.0118969
-0.0112497
-0.0106513
-0.0100747
-0.00950812
-0.00895344
-0.00841908
-0.00791129
-0.00742964
-0.00696994
-0.00652563
-0.00609084
-0.00566187
-0.00523706
-0.00481596
-0.00439835
-0.00398375
-0.00357135
-0.00316013
-0.00274909
-0.00233733
-0.00192391
-0.00150838
-0.00109357
-0.000682581
-0.000251404
-0.0487857
-0.0547285
-0.0601538
-0.0650882
-0.0695717
-0.0736472
-0.077359
-0.0807506
-0.0838592
-0.0867071
-0.0893022
-0.0916405
-0.0937082
-0.0954853
-0.0969497
-0.0980801
-0.09886
-0.0992793
-0.0993363
-0.0990382
-0.0984009
-0.0974478
-0.0962079
-0.0947131
-0.0929966
-0.091091
-0.0890268
-0.0868314
-0.0845282
-0.0821366
-0.0796721
-0.0771467
-0.0745696
-0.0719478
-0.0692869
-0.0665919
-0.0638675
-0.0611191
-0.0583532
-0.0555784
-0.0528054
-0.0500483
-0.0473245
-0.0446548
-0.042063
-0.039573
-0.0372058
-0.0349751
-0.0328843
-0.0309261
-0.0290888
-0.0273339
-0.0256281
-0.0239691
-0.0223686
-0.0208607
-0.0194859
-0.0182656
-0.0171951
-0.0162243
-0.0152993
-0.0143962
-0.0135208
-0.0126991
-0.0119537
-0.0112817
-0.0106655
-0.0100812
-0.00951542
-0.0089673
-0.00844073
-0.00793864
-0.00745976
-0.00699943
-0.00655234
-0.00611439
-0.0056831
-0.00525718
-0.00483583
-0.00441831
-0.00400382
-0.00359139
-0.00317996
-0.00276864
-0.00235675
-0.00194383
-0.00152957
-0.00111439
-0.000697345
-0.000258037
)
;

boundaryField
{
    fixedWalls
    {
        type            zeroGradient;
    }
    inflowWall
    {
        type            zeroGradient;
    }
    outflowWall
    {
        type            fixedValue;
        value           uniform 0;
    }
    frontAndBack
    {
        type            empty;
    }
}


// ************************************************************************* //
