/*--------------------------------*- C++ -*----------------------------------*\
| =========                 |                                                 |
| \\      /  F ield         | OpenFOAM: The Open Source CFD Toolbox           |
|  \\    /   O peration     | Version:  2306                                  |
|   \\  /    A nd           | Website:  www.openfoam.com                      |
|    \\/     M anipulation  |                                                 |
\*---------------------------------------------------------------------------*/
FoamFile
{
    version     2.0;
    format      ascii;
    arch        "LSB;label=32;scalar=64";
    class       volVectorField;
    location    "3.58";
    object      U;
}
// * * * * * * * * * * * * * * * * * * * * * * * * * * * * * * * * * * * * * //

dimensions      [0 1 -1 0 0 0 0];

internalField   nonuniform List<vector> 
1900
(
(0.984288 0.00728314 0)
(0.961748 0.0216916 0)
(0.952358 0.0181621 0)
(0.918703 0.0253085 0)
(0.903475 0.015417 0)
(0.863102 0.0257507 0)
(0.852382 0.0115579 0)
(0.812067 0.026718 0)
(0.809886 0.00448641 0)
(0.770731 0.0259254 0)
(1.00257 0.011557 0)
(1.00445 0.0258567 0)
(1.01945 0.0289519 0)
(1.02198 0.0304384 0)
(1.03491 0.0279772 0)
(1.034 0.0283807 0)
(1.04413 0.0257275 0)
(1.04288 0.0250098 0)
(1.05133 0.020542 0)
(1.05244 0.016017 0)
(1.00048 0.00388233 0)
(1.00419 0.0111471 0)
(1.01256 0.013981 0)
(1.02114 0.0157629 0)
(1.03156 0.0146734 0)
(1.04056 0.0143677 0)
(1.05002 0.0122992 0)
(1.05844 0.0108265 0)
(1.06693 0.00716215 0)
(1.07478 0.00295442 0)
(1.00007 0.00207344 0)
(1.00313 0.00583254 0)
(1.00888 0.00803551 0)
(1.01649 0.0090053 0)
(1.02528 0.00851156 0)
(1.03433 0.00739449 0)
(1.04326 0.00559138 0)
(1.05183 0.00340112 0)
(1.06001 0.000538965 0)
(1.06768 -0.00302206 0)
(1.00003 0.000420997 0)
(1.00261 0.00116041 0)
(1.00738 0.00141437 0)
(1.01402 0.00112142 0)
(1.02192 0.000208694 0)
(1.03036 -0.0011752 0)
(1.03879 -0.00299283 0)
(1.04692 -0.00522698 0)
(1.05459 -0.00792228 0)
(1.06172 -0.0111472 0)
(1.00003 -0.00106404 0)
(1.00255 -0.00303776 0)
(1.00719 -0.00476809 0)
(1.01366 -0.00621699 0)
(1.02132 -0.00753021 0)
(1.02948 -0.0089101 0)
(1.03757 -0.010543 0)
(1.0453 -0.0125414 0)
(1.05256 -0.0149461 0)
(1.05932 -0.0177277 0)
(1.00003 -0.00271343 0)
(1.00303 -0.00744104 0)
(1.00836 -0.0110742 0)
(1.01545 -0.0135191 0)
(1.02345 -0.0151541 0)
(1.03161 -0.0165292 0)
(1.03947 -0.0180502 0)
(1.04685 -0.0198958 0)
(1.05376 -0.0220598 0)
(1.06022 -0.0244528 0)
(1.00004 -0.00477139 0)
(1.00441 -0.0122398 0)
(1.01137 -0.0169285 0)
(1.01979 -0.0193652 0)
(1.02838 -0.020699 0)
(1.03637 -0.0218793 0)
(1.04356 -0.0233548 0)
(1.05002 -0.0251535 0)
(1.05586 -0.0271343 0)
(1.06115 -0.0291648 0)
(1.00006 -0.01212 0)
(1.00721 -0.0259557 0)
(1.01557 -0.031436 0)
(1.02286 -0.0325881 0)
(1.02791 -0.0326759 0)
(1.03069 -0.0330565 0)
(1.03169 -0.0338418 0)
(1.03136 -0.0347698 0)
(1.02992 -0.0356248 0)
(1.02738 -0.0363483 0)
(0.980777 -0.00916388 0)
(0.964584 -0.0188227 0)
(0.945452 -0.0220482 0)
(0.920778 -0.0221887 0)
(0.891979 -0.021744 0)
(0.861652 -0.0215847 0)
(0.831395 -0.021619 0)
(0.801684 -0.021612 0)
(0.772448 -0.0214397 0)
(0.743444 -0.0211178 0)
(0.000204465 -0.000105154 0)
(0.000333334 -1.60964e-05 0)
(6.25119e-05 3.0571e-05 0)
(-0.000421218 5.74586e-05 0)
(-0.00105955 7.31573e-05 0)
(-0.0018125 8.91252e-05 0)
(-0.00266848 0.000108589 0)
(-0.00362382 0.000129948 0)
(-0.00467363 0.000151688 0)
(-0.00581157 0.000173067 0)
(-0.00703065 0.00019375 0)
(-0.00832367 0.000213549 0)
(-0.00968347 0.000232278 0)
(-0.0111031 0.000249754 0)
(-0.012576 0.000265824 0)
(-0.014096 0.000280376 0)
(-0.0156577 0.000293358 0)
(-0.0172561 0.000304788 0)
(-0.0188875 0.000314722 0)
(-0.0205488 0.000323257 0)
(-0.0222385 0.000330525 0)
(-0.0239562 0.000336646 0)
(-0.0257031 0.000341662 0)
(-0.0274815 0.000345477 0)
(-0.0292951 0.000347805 0)
(-0.0311482 0.000348081 0)
(-0.0330464 0.000345289 0)
(-0.0349953 0.00033781 0)
(-0.0370009 0.000323396 0)
(-0.0390697 0.000299262 0)
(-0.0412095 0.000262612 0)
(-0.0434319 0.000211921 0)
(-0.0457572 0.000149011 0)
(-0.0482207 8.14287e-05 0)
(-0.0508801 2.48169e-05 0)
(-0.0538229 5.04017e-06 0)
(-0.057173 5.95996e-05 0)
(-0.0610948 0.000236708 0)
(-0.0657891 0.000590719 0)
(-0.0714796 0.00117116 0)
(-0.0783843 0.0020048 0)
(-0.0866751 0.00307622 0)
(-0.096429 0.0043162 0)
(-0.107581 0.00560581 0)
(-0.119895 0.00679857 0)
(-0.132974 0.00775149 0)
(-0.146298 0.00834628 0)
(-0.159278 0.00851035 0)
(-0.171326 0.00825069 0)
(-0.181913 0.00764996 0)
(-0.190538 0.00681064 0)
(-0.196801 0.00580335 0)
(-0.200445 0.00466217 0)
(-0.201291 0.003355 0)
(-0.199298 0.00188132 0)
(-0.194512 0.000370636 0)
(-0.186942 -0.00113639 0)
(-0.176762 -0.00256962 0)
(-0.164159 -0.00389504 0)
(-0.14937 -0.00509663 0)
(-0.132658 -0.00613429 0)
(-0.114336 -0.00698607 0)
(-0.0947039 -0.00766139 0)
(-0.0740441 -0.00818926 0)
(-0.0527574 -0.00843095 0)
(-0.0311178 -0.0085393 0)
(-0.00949332 -0.00849798 0)
(0.0120064 -0.00831793 0)
(0.0329184 -0.00800235 0)
(0.0532967 -0.00757772 0)
(0.072633 -0.00705065 0)
(0.0911612 -0.00646567 0)
(0.10831 -0.00583409 0)
(0.124501 -0.00520186 0)
(0.139101 -0.0045511 0)
(0.152741 -0.00393007 0)
(0.164684 -0.00330871 0)
(0.175797 -0.00274621 0)
(0.185176 -0.00219638 0)
(0.193975 -0.00173081 0)
(0.201029 -0.0012824 0)
(0.207873 -0.000940026 0)
(0.212942 -0.000610166 0)
(0.218302 -0.000407111 0)
(0.221765 -0.000201605 0)
(0.226215 -0.000149525 0)
(0.228424 -6.30228e-05 0)
(0.232662 -0.000184435 0)
(0.23379 -0.000182542 0)
(0.238778 -0.00056538 0)
(5.56984e-05 -0.000507411 0)
(-0.000541227 0.000156422 0)
(-0.002039 0.000718705 0)
(-0.00394014 0.00110899 0)
(-0.00621049 0.00137501 0)
(-0.0087802 0.00158714 0)
(-0.0116161 0.00178125 0)
(-0.0146934 0.00196374 0)
(-0.0179853 0.00213361 0)
(-0.0214658 0.00228982 0)
(-0.0251103 0.00243189 0)
(-0.0288957 0.00255979 0)
(-0.0328009 0.00267399 0)
(-0.0368068 0.00277529 0)
(-0.0408966 0.00286471 0)
(-0.0450564 0.00294345 0)
(-0.0492749 0.00301294 0)
(-0.053544 0.00307481 0)
(-0.057859 0.00313091 0)
(-0.0622184 0.00318348 0)
(-0.0666246 0.0032352 0)
(-0.0710837 0.0032889 0)
(-0.0756056 0.00334733 0)
(-0.0802039 0.00341318 0)
(-0.0848955 0.00348908 0)
(-0.0897014 0.00357772 0)
(-0.0946467 0.00368163 0)
(-0.0997599 0.00380324 0)
(-0.105074 0.0039457 0)
(-0.110626 0.00411373 0)
(-0.116459 0.00431544 0)
(-0.122618 0.00456486 0)
(-0.129158 0.00488432 0)
(-0.136137 0.00530476 0)
(-0.143618 0.005865 0)
(-0.151656 0.00660874 0)
(-0.160296 0.00757926 0)
(-0.169553 0.00880857 0)
(-0.1794 0.0103031 0)
(-0.189756 0.012027 0)
(-0.200472 0.0138898 0)
(-0.211331 0.0157485 0)
(-0.222046 0.0174191 0)
(-0.23227 0.0186972 0)
(-0.24162 0.0193932 0)
(-0.249702 0.0193689 0)
(-0.256135 0.0185481 0)
(-0.260536 0.0169159 0)
(-0.262562 0.0145463 0)
(-0.261954 0.0115562 0)
(-0.258522 0.00800432 0)
(-0.252256 0.00403004 0)
(-0.243128 -0.000221989 0)
(-0.231192 -0.00460086 0)
(-0.216397 -0.00901453 0)
(-0.198908 -0.0133029 0)
(-0.17878 -0.0174064 0)
(-0.156329 -0.0211864 0)
(-0.131709 -0.0245468 0)
(-0.105256 -0.0275079 0)
(-0.0771842 -0.0300181 0)
(-0.0478879 -0.0320621 0)
(-0.0176894 -0.0336656 0)
(0.0132692 -0.0347404 0)
(0.0445781 -0.0353601 0)
(0.0760126 -0.0355192 0)
(0.106885 -0.0352769 0)
(0.137684 -0.0346496 0)
(0.167271 -0.0336797 0)
(0.196568 -0.0324146 0)
(0.224063 -0.0308902 0)
(0.251187 -0.0291815 0)
(0.276003 -0.0273081 0)
(0.300535 -0.025367 0)
(0.322345 -0.0233449 0)
(0.344142 -0.0213509 0)
(0.362811 -0.0193379 0)
(0.381934 -0.0174343 0)
(0.397477 -0.0155552 0)
(0.414173 -0.0138541 0)
(0.426713 -0.0122015 0)
(0.44139 -0.0107858 0)
(0.451111 -0.00942291 0)
(0.464318 -0.00835138 0)
(0.471414 -0.00731733 0)
(0.483835 -0.00663195 0)
(0.488476 -0.00594607 0)
(0.500925 -0.0056806 0)
(0.503203 -0.00534412 0)
(0.516586 -0.00553807 0)
(-0.00015866 0.000445302 0)
(-0.00194122 0.00231094 0)
(-0.00540751 0.00350593 0)
(-0.00933347 0.00429066 0)
(-0.0136875 0.00489964 0)
(-0.0183724 0.00544489 0)
(-0.0233516 0.00595055 0)
(-0.0285913 0.00641408 0)
(-0.0340424 0.00682952 0)
(-0.0396571 0.00719527 0)
(-0.0453924 0.00751196 0)
(-0.0512103 0.00778197 0)
(-0.057078 0.00800936 0)
(-0.0629687 0.00819899 0)
(-0.0688609 0.00835617 0)
(-0.0747385 0.00848653 0)
(-0.0805899 0.00859604 0)
(-0.0864081 0.00869123 0)
(-0.0921897 0.00877947 0)
(-0.097935 0.00886828 0)
(-0.103648 0.00896508 0)
(-0.109334 0.0090772 0)
(-0.115004 0.00921162 0)
(-0.120666 0.00937496 0)
(-0.126331 0.00957368 0)
(-0.132009 0.00981424 0)
(-0.137709 0.0101027 0)
(-0.143441 0.0104443 0)
(-0.149207 0.0108444 0)
(-0.155008 0.0113086 0)
(-0.160838 0.0118431 0)
(-0.166684 0.0124556 0)
(-0.172526 0.0131564 0)
(-0.178336 0.01396 0)
(-0.184073 0.0148805 0)
(-0.189676 0.0159262 0)
(-0.195066 0.0170964 0)
(-0.200134 0.0183721 0)
(-0.204747 0.0197078 0)
(-0.208739 0.0210251 0)
(-0.211915 0.0222108 0)
(-0.214058 0.023115 0)
(-0.214943 0.0235536 0)
(-0.214347 0.023333 0)
(-0.212056 0.0222829 0)
(-0.207897 0.020303 0)
(-0.201754 0.0173751 0)
(-0.193475 0.0134828 0)
(-0.182984 0.00869068 0)
(-0.170441 0.00312729 0)
(-0.155635 -0.00307261 0)
(-0.13878 -0.00978064 0)
(-0.119696 -0.0167884 0)
(-0.0985806 -0.023856 0)
(-0.0754424 -0.0307793 0)
(-0.050637 -0.0373984 0)
(-0.0240378 -0.0436689 0)
(0.00394055 -0.0493478 0)
(0.0334867 -0.0544229 0)
(0.0639944 -0.058761 0)
(0.0953922 -0.0623928 0)
(0.127333 -0.065208 0)
(0.159583 -0.0673707 0)
(0.192046 -0.0686051 0)
(0.224113 -0.0691971 0)
(0.256252 -0.0690594 0)
(0.287211 -0.0683116 0)
(0.31812 -0.0669301 0)
(0.347176 -0.0650526 0)
(0.376217 -0.0626926 0)
(0.402783 -0.0599825 0)
(0.429524 -0.0569572 0)
(0.453212 -0.0537289 0)
(0.47745 -0.0503404 0)
(0.498077 -0.0468853 0)
(0.519825 -0.0434099 0)
(0.537363 -0.0399822 0)
(0.556803 -0.0366467 0)
(0.571329 -0.0334456 0)
(0.588781 -0.0304228 0)
(0.600444 -0.0275956 0)
(0.616338 -0.0250104 0)
(0.625317 -0.02266 0)
(0.640169 -0.0205989 0)
(0.646648 -0.0187942 0)
(0.661046 -0.0173164 0)
(0.665191 -0.0161013 0)
(0.67979 -0.0152476 0)
(0.681734 -0.0146476 0)
(0.697228 -0.0144419 0)
(-0.000914196 0.00122163 0)
(-0.00476542 0.00509121 0)
(-0.0106442 0.00753364 0)
(-0.0166678 0.00915602 0)
(-0.0230195 0.0103611 0)
(-0.0296554 0.0113277 0)
(-0.0364959 0.0121266 0)
(-0.0434477 0.0127917 0)
(-0.0504238 0.0133354 0)
(-0.0573551 0.0137689 0)
(-0.0641889 0.014105 0)
(-0.070883 0.014356 0)
(-0.0774055 0.0145338 0)
(-0.0837342 0.0146502 0)
(-0.0898537 0.0147168 0)
(-0.0957542 0.0147445 0)
(-0.10143 0.0147438 0)
(-0.106877 0.0147249 0)
(-0.112096 0.0146982 0)
(-0.117086 0.0146737 0)
(-0.121851 0.0146603 0)
(-0.126391 0.0146659 0)
(-0.130707 0.0146968 0)
(-0.134796 0.0147578 0)
(-0.138654 0.0148524 0)
(-0.142271 0.0149832 0)
(-0.145637 0.0151522 0)
(-0.148733 0.0153579 0)
(-0.151539 0.0155987 0)
(-0.154025 0.0158722 0)
(-0.156155 0.0161761 0)
(-0.157886 0.0165082 0)
(-0.15916 0.0168682 0)
(-0.159913 0.0172608 0)
(-0.160075 0.0176941 0)
(-0.159556 0.0181615 0)
(-0.158259 0.0186476 0)
(-0.156068 0.0191151 0)
(-0.15285 0.0194998 0)
(-0.14846 0.0197092 0)
(-0.142743 0.0196286 0)
(-0.135588 0.0191314 0)
(-0.126879 0.0180485 0)
(-0.116538 0.016192 0)
(-0.104481 0.0134043 0)
(-0.090641 0.00959757 0)
(-0.0751996 0.00475836 0)
(-0.0580696 -0.00102028 0)
(-0.0392777 -0.00770142 0)
(-0.0190577 -0.0151711 0)
(0.00292537 -0.0232333 0)
(0.0262443 -0.0315862 0)
(0.0511068 -0.0400672 0)
(0.0771692 -0.0485064 0)
(0.104711 -0.0568014 0)
(0.133188 -0.064691 0)
(0.163 -0.0721735 0)
(0.193459 -0.0788815 0)
(0.224823 -0.0848585 0)
(0.256598 -0.0899175 0)
(0.288807 -0.094114 0)
(0.321081 -0.0972492 0)
(0.353181 -0.0994455 0)
(0.385083 -0.100553 0)
(0.416167 -0.100765 0)
(0.446911 -0.0999927 0)
(0.476202 -0.0984478 0)
(0.505126 -0.0960707 0)
(0.532003 -0.0930951 0)
(0.55866 -0.0894885 0)
(0.582717 -0.0854905 0)
(0.606868 -0.0810765 0)
(0.627897 -0.0764762 0)
(0.649504 -0.0716617 0)
(0.667468 -0.0668447 0)
(0.686667 -0.0619874 0)
(0.701656 -0.0572774 0)
(0.71871 -0.0526637 0)
(0.730895 -0.048309 0)
(0.746158 -0.0441516 0)
(0.755756 -0.0403304 0)
(0.769649 -0.0367787 0)
(0.776891 -0.0336117 0)
(0.789877 -0.0307664 0)
(0.794989 -0.0283317 0)
(0.807564 -0.0262599 0)
(0.810754 -0.0246072 0)
(0.823443 -0.0233568 0)
(0.824893 -0.0225194 0)
(0.838245 -0.0221275 0)
(-0.00126428 0.00690803 0)
(-0.00682202 0.0137277 0)
(-0.015413 0.0163173 0)
(-0.0238862 0.017444 0)
(-0.032393 0.0182627 0)
(-0.0406892 0.0190504 0)
(-0.0486447 0.0197541 0)
(-0.0562159 0.0202919 0)
(-0.0633706 0.0206414 0)
(-0.0700734 0.0208272 0)
(-0.0763027 0.0208775 0)
(-0.082049 0.020817 0)
(-0.0873119 0.0206674 0)
(-0.0920973 0.0204481 0)
(-0.0964151 0.0201759 0)
(-0.100278 0.0198655 0)
(-0.103698 0.0195293 0)
(-0.106686 0.0191777 0)
(-0.109253 0.0188206 0)
(-0.111408 0.0184672 0)
(-0.113157 0.0181254 0)
(-0.114503 0.0178008 0)
(-0.115448 0.0174969 0)
(-0.115986 0.0172147 0)
(-0.116108 0.0169529 0)
(-0.1158 0.0167088 0)
(-0.115047 0.0164818 0)
(-0.113822 0.0162632 0)
(-0.112101 0.0160436 0)
(-0.109846 0.0158133 0)
(-0.107018 0.0155621 0)
(-0.103568 0.0152805 0)
(-0.0994323 0.0149599 0)
(-0.0945339 0.0145958 0)
(-0.0888195 0.0142056 0)
(-0.0821853 0.0137614 0)
(-0.074548 0.0132369 0)
(-0.0658059 0.0125921 0)
(-0.0558512 0.0117657 0)
(-0.0445712 0.0106708 0)
(-0.0318159 0.00917735 0)
(-0.017594 0.00714859 0)
(-0.00184246 0.00445148 0)
(0.0154051 0.000968008 0)
(0.0341386 -0.0033964 0)
(0.0543607 -0.00869894 0)
(0.0759184 -0.0149965 0)
(0.0988133 -0.0222328 0)
(0.123108 -0.0303166 0)
(0.148421 -0.0390038 0)
(0.175032 -0.048235 0)
(0.202514 -0.0577536 0)
(0.231163 -0.0674164 0)
(0.26047 -0.076974 0)
(0.290818 -0.086297 0)
(0.321574 -0.0951125 0)
(0.353125 -0.103333 0)
(0.384753 -0.110671 0)
(0.416792 -0.117104 0)
(0.448535 -0.122399 0)
(0.480238 -0.126616 0)
(0.511286 -0.129556 0)
(0.541786 -0.131357 0)
(0.571359 -0.131878 0)
(0.599903 -0.131323 0)
(0.627398 -0.129605 0)
(0.653437 -0.126983 0)
(0.678462 -0.123394 0)
(0.701652 -0.119133 0)
(0.724025 -0.114154 0)
(0.744225 -0.108766 0)
(0.763957 -0.102919 0)
(0.78119 -0.0969196 0)
(0.79844 -0.0906977 0)
(0.812848 -0.0845455 0)
(0.827879 -0.0783669 0)
(0.839677 -0.0724356 0)
(0.852816 -0.0666276 0)
(0.86225 -0.0611978 0)
(0.87386 -0.0559973 0)
(0.881183 -0.0512652 0)
(0.891643 -0.0468333 0)
(0.897097 -0.0429279 0)
(0.906793 -0.0393686 0)
(0.910598 -0.0363704 0)
(0.91992 -0.0337491 0)
(0.922269 -0.0317082 0)
(0.931614 -0.0300705 0)
(0.932671 -0.0290251 0)
(0.942443 -0.0284171 0)
(-0.00366808 0.00674811 0)
(-0.0134721 0.0171607 0)
(-0.0245226 0.0218611 0)
(-0.0336666 0.0245196 0)
(-0.0419889 0.0261296 0)
(-0.0496797 0.0270088 0)
(-0.0566895 0.0273279 0)
(-0.0628838 0.0272673 0)
(-0.0681634 0.0269627 0)
(-0.072525 0.0264849 0)
(-0.0760207 0.02588 0)
(-0.0787063 0.0251807 0)
(-0.080638 0.0244143 0)
(-0.0818692 0.0236031 0)
(-0.0824494 0.0227651 0)
(-0.082423 0.0219138 0)
(-0.0818296 0.0210599 0)
(-0.0806993 0.0202088 0)
(-0.0790589 0.0193672 0)
(-0.0769286 0.0185408 0)
(-0.0743241 0.0177336 0)
(-0.0712549 0.0169462 0)
(-0.0677249 0.0161765 0)
(-0.0637317 0.0154203 0)
(-0.0592655 0.014671 0)
(-0.0543026 0.0139197 0)
(-0.0488431 0.0131713 0)
(-0.0428487 0.0124097 0)
(-0.0362935 0.0116191 0)
(-0.0291415 0.0107845 0)
(-0.0213533 0.00989102 0)
(-0.0128809 0.00892258 0)
(-0.00366752 0.00786171 0)
(0.0064183 0.00667819 0)
(0.0173323 0.00534376 0)
(0.0292087 0.00385153 0)
(0.0421276 0.00218684 0)
(0.0561681 0.000305511 0)
(0.0714365 -0.00185821 0)
(0.0879727 -0.00437528 0)
(0.105912 -0.00734205 0)
(0.125201 -0.0108536 0)
(0.145929 -0.0150452 0)
(0.168077 -0.020034 0)
(0.191641 -0.0258598 0)
(0.216451 -0.0325665 0)
(0.242548 -0.0401205 0)
(0.269652 -0.0484834 0)
(0.297916 -0.0575934 0)
(0.326915 -0.0672754 0)
(0.356877 -0.0774 0)
(0.387293 -0.0877288 0)
(0.418459 -0.0981057 0)
(0.449738 -0.108255 0)
(0.481495 -0.11803 0)
(0.512977 -0.127143 0)
(0.54459 -0.135481 0)
(0.575488 -0.142772 0)
(0.606115 -0.148962 0)
(0.63559 -0.153827 0)
(0.664403 -0.157407 0)
(0.69172 -0.159536 0)
(0.718047 -0.160349 0)
(0.742681 -0.159742 0)
(0.766097 -0.15793 0)
(0.787791 -0.154856 0)
(0.808131 -0.150805 0)
(0.826875 -0.145744 0)
(0.844185 -0.14 0)
(0.860148 -0.133539 0)
(0.874621 -0.126709 0)
(0.888095 -0.119456 0)
(0.900013 -0.112125 0)
(0.911349 -0.104625 0)
(0.921024 -0.0972918 0)
(0.930591 -0.0899904 0)
(0.93833 -0.0830446 0)
(0.946482 -0.0762764 0)
(0.952563 -0.070001 0)
(0.959627 -0.0639989 0)
(0.964293 -0.0585834 0)
(0.97057 -0.0534985 0)
(0.974024 -0.0490617 0)
(0.97979 -0.0449852 0)
(0.982201 -0.041597 0)
(0.987713 -0.0385826 0)
(0.989216 -0.0362849 0)
(0.994722 -0.0343688 0)
(0.995417 -0.0331959 0)
(1.00115 -0.0324181 0)
(-0.0017895 0.0287507 0)
(-0.00958674 0.0404673 0)
(-0.0241581 0.0403989 0)
(-0.0356438 0.0379911 0)
(-0.0447725 0.03617 0)
(-0.0512824 0.0347137 0)
(-0.0554662 0.0332663 0)
(-0.0577146 0.0317501 0)
(-0.058386 0.0301796 0)
(-0.0577547 0.0285785 0)
(-0.0560071 0.0269698 0)
(-0.0532885 0.0253678 0)
(-0.0497204 0.0237886 0)
(-0.0454056 0.0222432 0)
(-0.0404308 0.0207381 0)
(-0.0348667 0.019275 0)
(-0.0287794 0.0178558 0)
(-0.0222031 0.0164694 0)
(-0.0151798 0.0151175 0)
(-0.00773644 0.0138026 0)
(0.000106447 0.0125237 0)
(0.00833975 0.0112766 0)
(0.0169618 0.0100523 0)
(0.0259808 0.00884002 0)
(0.035401 0.00762905 0)
(0.0453041 0.00639572 0)
(0.0556186 0.00511175 0)
(0.066427 0.00377091 0)
(0.0777596 0.00236884 0)
(0.0896592 0.000886087 0)
(0.102166 -0.000701432 0)
(0.115344 -0.00241778 0)
(0.129215 -0.00428967 0)
(0.143893 -0.00633161 0)
(0.159358 -0.00857837 0)
(0.175727 -0.0110676 0)
(0.193097 -0.0138293 0)
(0.21151 -0.0169016 0)
(0.231053 -0.0203403 0)
(0.251748 -0.0242079 0)
(0.273684 -0.0285804 0)
(0.296837 -0.033522 0)
(0.321261 -0.0391018 0)
(0.346861 -0.045398 0)
(0.373668 -0.0524581 0)
(0.401458 -0.0602908 0)
(0.430264 -0.0688757 0)
(0.459756 -0.0781403 0)
(0.490001 -0.0879977 0)
(0.520565 -0.0982813 0)
(0.55155 -0.108833 0)
(0.582409 -0.119424 0)
(0.613309 -0.129872 0)
(0.643593 -0.139915 0)
(0.673517 -0.149378 0)
(0.702321 -0.157995 0)
(0.730374 -0.165632 0)
(0.756841 -0.172052 0)
(0.78223 -0.17719 0)
(0.805665 -0.180861 0)
(0.827814 -0.183098 0)
(0.847806 -0.183782 0)
(0.866462 -0.183055 0)
(0.882949 -0.180859 0)
(0.898192 -0.177428 0)
(0.911409 -0.172747 0)
(0.923564 -0.167119 0)
(0.933941 -0.160546 0)
(0.943465 -0.153368 0)
(0.951511 -0.14557 0)
(0.958894 -0.137508 0)
(0.965117 -0.129127 0)
(0.970817 -0.12078 0)
(0.975667 -0.112359 0)
(0.980066 -0.104212 0)
(0.983913 -0.096177 0)
(0.987311 -0.0885955 0)
(0.990443 -0.0812502 0)
(0.993065 -0.0744871 0)
(0.995703 -0.068035 0)
(0.99771 -0.0622525 0)
(1.00002 -0.0568181 0)
(1.00153 -0.0521129 0)
(1.00365 -0.0477665 0)
(1.00473 -0.0441922 0)
(1.00677 -0.0409717 0)
(1.00748 -0.0385598 0)
(1.00953 -0.0364901 0)
(1.00989 -0.0352677 0)
(1.01201 -0.034376 0)
(-0.0196766 0.00818949 0)
(-0.038012 0.0318957 0)
(-0.0412834 0.0392417 0)
(-0.0434522 0.0400424 0)
(-0.0423889 0.0383902 0)
(-0.0389539 0.0356357 0)
(-0.0335982 0.0325683 0)
(-0.0266564 0.0295149 0)
(-0.0183893 0.0265854 0)
(-0.009075 0.0238385 0)
(0.00110185 0.0212555 0)
(0.0119779 0.018811 0)
(0.0234081 0.0164972 0)
(0.0352808 0.0143085 0)
(0.0475062 0.0122373 0)
(0.0600326 0.0102734 0)
(0.0727614 0.00841273 0)
(0.085729 0.00664874 0)
(0.0988852 0.00496017 0)
(0.112212 0.0033207 0)
(0.125697 0.00171175 0)
(0.139344 0.000121164 0)
(0.153165 -0.00145788 0)
(0.167197 -0.00303787 0)
(0.181433 -0.00463933 0)
(0.195961 -0.00628285 0)
(0.210742 -0.0079929 0)
(0.225866 -0.00979837 0)
(0.241382 -0.0117181 0)
(0.257338 -0.0137738 0)
(0.273773 -0.0159887 0)
(0.290748 -0.0183914 0)
(0.308305 -0.0210063 0)
(0.326508 -0.0238639 0)
(0.345404 -0.026978 0)
(0.365046 -0.0303798 0)
(0.385494 -0.0341068 0)
(0.406787 -0.0382023 0)
(0.428972 -0.0427077 0)
(0.452058 -0.0476737 0)
(0.476075 -0.0531478 0)
(0.500986 -0.0591827 0)
(0.526784 -0.0658166 0)
(0.553355 -0.0730867 0)
(0.580653 -0.0810006 0)
(0.608466 -0.0895417 0)
(0.636716 -0.0986555 0)
(0.665097 -0.108254 0)
(0.693528 -0.118218 0)
(0.721615 -0.128392 0)
(0.749291 -0.138606 0)
(0.776078 -0.148652 0)
(0.801983 -0.15833 0)
(0.826458 -0.167408 0)
(0.84964 -0.175692 0)
(0.870925 -0.18296 0)
(0.890633 -0.18907 0)
(0.908124 -0.193838 0)
(0.92394 -0.197207 0)
(0.9374 -0.199056 0)
(0.949291 -0.199431 0)
(0.958878 -0.19828 0)
(0.967186 -0.19575 0)
(0.973408 -0.191841 0)
(0.978759 -0.186792 0)
(0.982327 -0.180634 0)
(0.985463 -0.173668 0)
(0.987129 -0.165919 0)
(0.988758 -0.157721 0)
(0.989191 -0.149059 0)
(0.989899 -0.140276 0)
(0.989616 -0.131303 0)
(0.989829 -0.122481 0)
(0.98919 -0.113679 0)
(0.989183 -0.105242 0)
(0.988408 -0.0969745 0)
(0.988339 -0.0892294 0)
(0.987552 -0.0817515 0)
(0.987504 -0.0749074 0)
(0.986763 -0.0683831 0)
(0.986769 -0.0625695 0)
(0.986092 -0.0570955 0)
(0.98616 -0.0523865 0)
(0.985541 -0.0480146 0)
(0.985657 -0.0444499 0)
(0.985076 -0.0412063 0)
(0.985214 -0.038809 0)
(0.984637 -0.0367113 0)
(0.984752 -0.0355025 0)
(0.98413 -0.0345693 0)
(-0.0190785 0.108126 0)
(-0.0182636 0.0728146 0)
(-0.0114156 0.0580673 0)
(0.00112747 0.0461595 0)
(0.0175546 0.0363298 0)
(0.036177 0.0287658 0)
(0.0560399 0.0228159 0)
(0.0764394 0.0179162 0)
(0.0971202 0.0136855 0)
(0.11763 0.00994368 0)
(0.138004 0.00662335 0)
(0.158188 0.00368054 0)
(0.1781 0.00104418 0)
(0.197713 -0.00135602 0)
(0.217004 -0.00357 0)
(0.236009 -0.00563094 0)
(0.254686 -0.00756363 0)
(0.273102 -0.00939118 0)
(0.291246 -0.011136 0)
(0.309129 -0.0128275 0)
(0.32678 -0.0144914 0)
(0.344242 -0.0161517 0)
(0.361558 -0.0178269 0)
(0.37878 -0.0195396 0)
(0.395939 -0.0213101 0)
(0.413096 -0.0231671 0)
(0.430291 -0.0251267 0)
(0.447586 -0.0272151 0)
(0.465033 -0.0294605 0)
(0.48269 -0.0318908 0)
(0.500603 -0.0345295 0)
(0.518823 -0.0374014 0)
(0.537391 -0.0405287 0)
(0.556352 -0.043936 0)
(0.575738 -0.047644 0)
(0.595583 -0.051679 0)
(0.615906 -0.0560657 0)
(0.636725 -0.0608349 0)
(0.658037 -0.0660121 0)
(0.679828 -0.0716285 0)
(0.702063 -0.0777071 0)
(0.724688 -0.0842754 0)
(0.747615 -0.0913456 0)
(0.770726 -0.0989265 0)
(0.793883 -0.106996 0)
(0.816897 -0.115519 0)
(0.839585 -0.124417 0)
(0.861693 -0.133593 0)
(0.883024 -0.142913 0)
(0.903274 -0.152227 0)
(0.922271 -0.161355 0)
(0.9397 -0.170111 0)
(0.955479 -0.178292 0)
(0.969297 -0.185704 0)
(0.981225 -0.192164 0)
(0.990965 -0.197506 0)
(0.998795 -0.201603 0)
(1.00442 -0.204346 0)
(1.00836 -0.205695 0)
(1.01027 -0.205608 0)
(1.01093 -0.204144 0)
(1.00988 -0.201323 0)
(1.00814 -0.197286 0)
(1.00505 -0.192088 0)
(1.00185 -0.18595 0)
(0.997612 -0.178931 0)
(0.993771 -0.171299 0)
(0.989088 -0.163085 0)
(0.985205 -0.154581 0)
(0.980553 -0.145762 0)
(0.976989 -0.136936 0)
(0.972619 -0.128009 0)
(0.969538 -0.119304 0)
(0.965538 -0.110658 0)
(0.962974 -0.102416 0)
(0.959332 -0.0943449 0)
(0.95726 -0.0868211 0)
(0.953927 -0.0795381 0)
(0.952305 -0.0729102 0)
(0.949219 -0.0665575 0)
(0.948004 -0.0609392 0)
(0.945093 -0.0556009 0)
(0.94424 -0.0510571 0)
(0.941429 -0.0467777 0)
(0.940892 -0.0433429 0)
(0.938092 -0.0401449 0)
(0.937815 -0.0378392 0)
(0.934921 -0.0357371 0)
(0.934836 -0.0345771 0)
(0.931725 -0.0335855 0)
(0.0700768 0.00705135 0)
(0.090118 0.00648143 0)
(0.153934 0.00596751 0)
(0.199028 0.00272597 0)
(0.238043 -0.00163939 0)
(0.273564 -0.00583454 0)
(0.306396 -0.0094745 0)
(0.336416 -0.0125773 0)
(0.36437 -0.015253 0)
(0.390539 -0.0175808 0)
(0.415281 -0.0196402 0)
(0.438806 -0.0214862 0)
(0.461218 -0.0231588 0)
(0.482626 -0.0246924 0)
(0.503125 -0.0261129 0)
(0.522814 -0.027445 0)
(0.541758 -0.028708 0)
(0.560032 -0.0299289 0)
(0.577692 -0.0311306 0)
(0.594792 -0.032333 0)
(0.611391 -0.0335579 0)
(0.627552 -0.0348275 0)
(0.643333 -0.0361661 0)
(0.658795 -0.0375981 0)
(0.673988 -0.039146 0)
(0.688969 -0.0408319 0)
(0.703791 -0.0426769 0)
(0.718505 -0.0447028 0)
(0.733158 -0.046932 0)
(0.747799 -0.0493866 0)
(0.762466 -0.0520876 0)
(0.777191 -0.0550562 0)
(0.792 -0.0583116 0)
(0.806913 -0.0618728 0)
(0.821939 -0.0657558 0)
(0.837084 -0.0699773 0)
(0.852335 -0.0745518 0)
(0.867676 -0.0794951 0)
(0.883069 -0.0848198 0)
(0.898468 -0.0905384 0)
(0.913798 -0.0966565 0)
(0.928974 -0.103178 0)
(0.943873 -0.110093 0)
(0.95837 -0.117384 0)
(0.972302 -0.12501 0)
(0.985507 -0.132915 0)
(0.997794 -0.141011 0)
(1.00898 -0.149198 0)
(1.01888 -0.157338 0)
(1.02732 -0.16529 0)
(1.03416 -0.172883 0)
(1.03928 -0.179954 0)
(1.04263 -0.186328 0)
(1.04417 -0.191861 0)
(1.04398 -0.196405 0)
(1.04208 -0.199861 0)
(1.03873 -0.202138 0)
(1.03397 -0.203196 0)
(1.02822 -0.203012 0)
(1.02146 -0.201609 0)
(1.01426 -0.199031 0)
(1.00646 -0.195347 0)
(0.99874 -0.190668 0)
(0.990673 -0.185084 0)
(0.983121 -0.178751 0)
(0.975303 -0.171752 0)
(0.968317 -0.164265 0)
(0.960982 -0.156337 0)
(0.954705 -0.148173 0)
(0.947871 -0.139764 0)
(0.942291 -0.131344 0)
(0.935875 -0.122842 0)
(0.930919 -0.11453 0)
(0.924808 -0.106264 0)
(0.920409 -0.098362 0)
(0.914512 -0.0906004 0)
(0.910642 -0.0833551 0)
(0.904904 -0.0763098 0)
(0.901576 -0.0699093 0)
(0.89596 -0.0637325 0)
(0.893207 -0.0583049 0)
(0.887664 -0.0530878 0)
(0.88551 -0.0487046 0)
(0.87996 -0.0444892 0)
(0.878411 -0.0411847 0)
(0.872728 -0.0379869 0)
(0.871764 -0.0357781 0)
(0.865778 -0.033601 0)
(0.865354 -0.0324953 0)
(0.858852 -0.0313355 0)
(0.774026 -0.00933521 0)
(0.775699 -0.0208352 0)
(0.776654 -0.0271237 0)
(0.778467 -0.0308944 0)
(0.782276 -0.0336209 0)
(0.787845 -0.035907 0)
(0.794905 -0.0378808 0)
(0.802815 -0.0395133 0)
(0.811363 -0.0408191 0)
(0.820331 -0.0418407 0)
(0.829535 -0.0426549 0)
(0.83885 -0.0433346 0)
(0.848176 -0.0439255 0)
(0.857443 -0.044453 0)
(0.866597 -0.0449349 0)
(0.875598 -0.0453877 0)
(0.884418 -0.0458291 0)
(0.893035 -0.0462791 0)
(0.901442 -0.0467589 0)
(0.909634 -0.0472889 0)
(0.917619 -0.047892 0)
(0.925406 -0.0485921 0)
(0.933014 -0.0494144 0)
(0.94046 -0.0503829 0)
(0.947763 -0.0515203 0)
(0.954946 -0.0528471 0)
(0.962026 -0.0543833 0)
(0.969024 -0.056147 0)
(0.975954 -0.0581559 0)
(0.982831 -0.0604263 0)
(0.989662 -0.0629739 0)
(0.996448 -0.0658131 0)
(1.00319 -0.0689567 0)
(1.00987 -0.0724157 0)
(1.01649 -0.0761993 0)
(1.02301 -0.0803149 0)
(1.02941 -0.0847685 0)
(1.03565 -0.0895647 0)
(1.04167 -0.0947053 0)
(1.04742 -0.100189 0)
(1.05282 -0.10601 0)
(1.05778 -0.112153 0)
(1.06221 -0.118593 0)
(1.06601 -0.125292 0)
(1.06906 -0.132197 0)
(1.07126 -0.13924 0)
(1.07249 -0.146337 0)
(1.07267 -0.153388 0)
(1.07171 -0.160275 0)
(1.06958 -0.166874 0)
(1.06623 -0.173051 0)
(1.0617 -0.178679 0)
(1.05605 -0.183631 0)
(1.04937 -0.1878 0)
(1.04179 -0.191084 0)
(1.03348 -0.193416 0)
(1.02461 -0.194736 0)
(1.01535 -0.195029 0)
(1.00591 -0.194281 0)
(0.996362 -0.192524 0)
(0.986914 -0.189783 0)
(0.97751 -0.186127 0)
(0.968354 -0.181615 0)
(0.959203 -0.176335 0)
(0.950358 -0.170362 0)
(0.941358 -0.163784 0)
(0.932706 -0.156697 0)
(0.923676 -0.14918 0)
(0.915089 -0.141347 0)
(0.905881 -0.133259 0)
(0.89732 -0.125057 0)
(0.887898 -0.116771 0)
(0.879445 -0.108582 0)
(0.869874 -0.100466 0)
(0.86171 -0.0926428 0)
(0.852111 -0.0850073 0)
(0.844464 -0.0778312 0)
(0.834964 -0.070913 0)
(0.82807 -0.0645968 0)
(0.818753 -0.0585603 0)
(0.812815 -0.0532427 0)
(0.80368 -0.0481737 0)
(0.798847 -0.0439195 0)
(0.789779 -0.0398356 0)
(0.786139 -0.0366598 0)
(0.776905 -0.0335421 0)
(0.774502 -0.0314388 0)
(0.764762 -0.0292529 0)
(0.763628 -0.0282077 0)
(0.752945 -0.026912 0)
(1.05736 0.0080578 0)
(1.0605 -0.000405502 0)
(1.06127 -0.00763631 0)
(1.06059 -0.0133698 0)
(1.05978 -0.0180851 0)
(1.05954 -0.0221916 0)
(1.06003 -0.0258642 0)
(1.06108 -0.0291149 0)
(1.06248 -0.0319409 0)
(1.06407 -0.0343646 0)
(1.06577 -0.0364308 0)
(1.06753 -0.038194 0)
(1.06932 -0.039707 0)
(1.07112 -0.0410151 0)
(1.07291 -0.0421581 0)
(1.07467 -0.0431712 0)
(1.07638 -0.0440883 0)
(1.07801 -0.044942 0)
(1.07957 -0.0457654 0)
(1.08104 -0.0465904 0)
(1.08241 -0.0474495 0)
(1.08369 -0.0483742 0)
(1.08488 -0.0493957 0)
(1.08598 -0.0505431 0)
(1.08699 -0.0518437 0)
(1.08792 -0.0533223 0)
(1.08878 -0.0550013 0)
(1.08955 -0.056901 0)
(1.09025 -0.0590394 0)
(1.09086 -0.0614327 0)
(1.09138 -0.0640939 0)
(1.09181 -0.0670336 0)
(1.09213 -0.0702599 0)
(1.09232 -0.0737793 0)
(1.09238 -0.0775959 0)
(1.09226 -0.0817127 0)
(1.09196 -0.0861298 0)
(1.09144 -0.090846 0)
(1.09065 -0.0958559 0)
(1.08958 -0.101151 0)
(1.08816 -0.106717 0)
(1.08636 -0.112531 0)
(1.08412 -0.118563 0)
(1.08141 -0.12477 0)
(1.07816 -0.131098 0)
(1.07436 -0.137484 0)
(1.06995 -0.143848 0)
(1.06493 -0.150103 0)
(1.0593 -0.156154 0)
(1.05305 -0.161899 0)
(1.04622 -0.167236 0)
(1.03887 -0.172067 0)
(1.03102 -0.176295 0)
(1.02276 -0.179835 0)
(1.01414 -0.182605 0)
(1.00521 -0.184539 0)
(0.995999 -0.185577 0)
(0.986531 -0.185685 0)
(0.976784 -0.184837 0)
(0.966741 -0.183041 0)
(0.956338 -0.180312 0)
(0.945513 -0.176696 0)
(0.934207 -0.172223 0)
(0.922336 -0.166951 0)
(0.90991 -0.160919 0)
(0.896824 -0.154223 0)
(0.883228 -0.14694 0)
(0.868973 -0.139198 0)
(0.854404 -0.13109 0)
(0.839245 -0.122743 0)
(0.824104 -0.114258 0)
(0.808461 -0.105764 0)
(0.793278 -0.0973778 0)
(0.777642 -0.0892027 0)
(0.762993 -0.0813431 0)
(0.747825 -0.0738419 0)
(0.734227 -0.0667979 0)
(0.719853 -0.0601837 0)
(0.707707 -0.054121 0)
(0.694282 -0.0484999 0)
(0.683871 -0.0434959 0)
(0.671359 -0.0388941 0)
(0.662859 -0.0349647 0)
(0.651023 -0.0313536 0)
(0.644522 -0.028474 0)
(0.632908 -0.0257816 0)
(0.628476 -0.0239023 0)
(0.616437 -0.0220372 0)
(0.614205 -0.0211121 0)
(0.600888 -0.0199889 0)
(1.08198 -0.00348183 0)
(1.08797 -0.0111286 0)
(1.09228 -0.0185402 0)
(1.09494 -0.0247227 0)
(1.09645 -0.0295341 0)
(1.09742 -0.0332986 0)
(1.09825 -0.0363751 0)
(1.0991 -0.0389897 0)
(1.09995 -0.041237 0)
(1.10076 -0.0431428 0)
(1.10148 -0.0447218 0)
(1.10211 -0.0460004 0)
(1.10264 -0.0470197 0)
(1.10308 -0.0478272 0)
(1.10344 -0.0484705 0)
(1.10371 -0.0489936 0)
(1.10391 -0.049437 0)
(1.10401 -0.0498377 0)
(1.10402 -0.0502311 0)
(1.10392 -0.0506509 0)
(1.10372 -0.05113 0)
(1.10342 -0.0516995 0)
(1.103 -0.0523896 0)
(1.10248 -0.0532279 0)
(1.10184 -0.0542404 0)
(1.1011 -0.0554499 0)
(1.10025 -0.056877 0)
(1.09929 -0.0585393 0)
(1.09822 -0.060452 0)
(1.09704 -0.062627 0)
(1.09574 -0.065074 0)
(1.09431 -0.0677997 0)
(1.09275 -0.0708091 0)
(1.09105 -0.0741052 0)
(1.0892 -0.0776891 0)
(1.08718 -0.0815606 0)
(1.08499 -0.0857164 0)
(1.08261 -0.0901523 0)
(1.08003 -0.0948584 0)
(1.07721 -0.0998236 0)
(1.07415 -0.105028 0)
(1.07082 -0.110448 0)
(1.06719 -0.11605 0)
(1.06325 -0.121794 0)
(1.05896 -0.127623 0)
(1.0543 -0.133477 0)
(1.04923 -0.139281 0)
(1.04373 -0.144953 0)
(1.03776 -0.150404 0)
(1.03127 -0.155543 0)
(1.02424 -0.160275 0)
(1.0166 -0.164514 0)
(1.0083 -0.168171 0)
(0.999296 -0.171166 0)
(0.989511 -0.17342 0)
(0.978872 -0.174857 0)
(0.967298 -0.175398 0)
(0.954699 -0.174975 0)
(0.940986 -0.17354 0)
(0.926084 -0.171085 0)
(0.909931 -0.167636 0)
(0.892511 -0.163246 0)
(0.873837 -0.157958 0)
(0.853973 -0.151828 0)
(0.833 -0.144909 0)
(0.811026 -0.137309 0)
(0.78822 -0.129165 0)
(0.764766 -0.120649 0)
(0.740932 -0.111907 0)
(0.716906 -0.103091 0)
(0.693018 -0.09431 0)
(0.669359 -0.0857117 0)
(0.646341 -0.077396 0)
(0.623907 -0.0694982 0)
(0.602617 -0.0620797 0)
(0.582135 -0.0552307 0)
(0.563224 -0.0489479 0)
(0.545104 -0.043267 0)
(0.528913 -0.0381417 0)
(0.513237 -0.0335811 0)
(0.499862 -0.0295326 0)
(0.486426 -0.0259917 0)
(0.475796 -0.0229246 0)
(0.464154 -0.0202983 0)
(0.456129 -0.0181163 0)
(0.445598 -0.0162841 0)
(0.440075 -0.0148883 0)
(0.429716 -0.0137251 0)
(0.426788 -0.0130421 0)
(0.415325 -0.0124493 0)
(1.07466 -0.00737763 0)
(1.08072 -0.0124062 0)
(1.08565 -0.0176399 0)
(1.08937 -0.0225328 0)
(1.09203 -0.0267341 0)
(1.09393 -0.0301993 0)
(1.0954 -0.0330667 0)
(1.09666 -0.0354984 0)
(1.0978 -0.0376033 0)
(1.09885 -0.0394301 0)
(1.09978 -0.0409938 0)
(1.10057 -0.0423044 0)
(1.10123 -0.0433816 0)
(1.10175 -0.0442567 0)
(1.10214 -0.0449685 0)
(1.10241 -0.0455573 0)
(1.10256 -0.0460629 0)
(1.10259 -0.0465224 0)
(1.10249 -0.0469714 0)
(1.10226 -0.0474438 0)
(1.10189 -0.0479722 0)
(1.10139 -0.0485872 0)
(1.10074 -0.0493182 0)
(1.09997 -0.0501921 0)
(1.09905 -0.051234 0)
(1.098 -0.052466 0)
(1.09682 -0.053908 0)
(1.09551 -0.0555767 0)
(1.09406 -0.0574861 0)
(1.09248 -0.0596467 0)
(1.09076 -0.0620671 0)
(1.0889 -0.0647524 0)
(1.08688 -0.0677067 0)
(1.08471 -0.0709311 0)
(1.08236 -0.0744257 0)
(1.07983 -0.0781881 0)
(1.07711 -0.0822136 0)
(1.07415 -0.0864948 0)
(1.07096 -0.09102 0)
(1.06749 -0.0957736 0)
(1.06372 -0.100733 0)
(1.05961 -0.105871 0)
(1.05511 -0.111149 0)
(1.05017 -0.116525 0)
(1.04474 -0.121941 0)
(1.03874 -0.127335 0)
(1.03209 -0.132628 0)
(1.0247 -0.137737 0)
(1.01646 -0.142566 0)
(1.00727 -0.14702 0)
(0.996989 -0.150996 0)
(0.985505 -0.154402 0)
(0.97268 -0.157145 0)
(0.958404 -0.159151 0)
(0.942564 -0.160342 0)
(0.925084 -0.160643 0)
(0.905882 -0.159966 0)
(0.884906 -0.158228 0)
(0.862108 -0.155372 0)
(0.83748 -0.151408 0)
(0.81105 -0.146404 0)
(0.782933 -0.140461 0)
(0.753333 -0.133676 0)
(0.722519 -0.126144 0)
(0.690764 -0.117964 0)
(0.658317 -0.109272 0)
(0.625465 -0.10026 0)
(0.592559 -0.0911614 0)
(0.560034 -0.0821845 0)
(0.528294 -0.0735002 0)
(0.497725 -0.0652282 0)
(0.468575 -0.0574714 0)
(0.441127 -0.0502854 0)
(0.415528 -0.0437252 0)
(0.392029 -0.0378185 0)
(0.37063 -0.0326062 0)
(0.35153 -0.0280658 0)
(0.334487 -0.0241898 0)
(0.319675 -0.0208922 0)
(0.306577 -0.0181443 0)
(0.295503 -0.0158315 0)
(0.285614 -0.0139425 0)
(0.277573 -0.0123502 0)
(0.270047 -0.0110838 0)
(0.264375 -0.0100086 0)
(0.258334 -0.00919984 0)
(0.254539 -0.00851176 0)
(0.249022 -0.00805284 0)
(0.246952 -0.00769349 0)
(0.240703 -0.00753193 0)
(1.06826 -0.0148496 0)
(1.07409 -0.0189138 0)
(1.07912 -0.0231161 0)
(1.08328 -0.0271823 0)
(1.08658 -0.0308709 0)
(1.08916 -0.0340558 0)
(1.09124 -0.0367397 0)
(1.093 -0.038997 0)
(1.09455 -0.0409102 0)
(1.09596 -0.0425375 0)
(1.09723 -0.0439101 0)
(1.09835 -0.0450441 0)
(1.0993 -0.0459554 0)
(1.10007 -0.0466665 0)
(1.10067 -0.0472085 0)
(1.10109 -0.0476179 0)
(1.10134 -0.0479338 0)
(1.10142 -0.048195 0)
(1.10131 -0.0484396 0)
(1.10101 -0.0487042 0)
(1.10052 -0.0490236 0)
(1.09984 -0.0494301 0)
(1.09897 -0.0499534 0)
(1.09791 -0.0506202 0)
(1.09665 -0.0514547 0)
(1.0952 -0.0524783 0)
(1.09355 -0.0537099 0)
(1.09171 -0.0551652 0)
(1.08967 -0.0568568 0)
(1.08743 -0.0587943 0)
(1.08498 -0.0609844 0)
(1.08229 -0.0634307 0)
(1.07937 -0.0661348 0)
(1.07619 -0.0690954 0)
(1.07272 -0.0723094 0)
(1.06893 -0.0757708 0)
(1.06478 -0.0794712 0)
(1.06024 -0.0833984 0)
(1.05526 -0.0875359 0)
(1.04978 -0.0918616 0)
(1.04375 -0.0963466 0)
(1.03707 -0.100955 0)
(1.02969 -0.10564 0)
(1.02149 -0.110351 0)
(1.01238 -0.115024 0)
(1.00224 -0.119588 0)
(0.990951 -0.123957 0)
(0.978359 -0.128036 0)
(0.964332 -0.131716 0)
(0.948702 -0.134894 0)
(0.931325 -0.137457 0)
(0.912041 -0.13931 0)
(0.890718 -0.140359 0)
(0.867247 -0.140543 0)
(0.841553 -0.139805 0)
(0.813645 -0.138105 0)
(0.783539 -0.135384 0)
(0.751345 -0.131578 0)
(0.717154 -0.12666 0)
(0.681096 -0.120689 0)
(0.643318 -0.113772 0)
(0.604125 -0.106052 0)
(0.563982 -0.0977069 0)
(0.52349 -0.088955 0)
(0.483218 -0.0799928 0)
(0.443657 -0.0710108 0)
(0.405145 -0.0622051 0)
(0.368162 -0.0537827 0)
(0.333323 -0.0459099 0)
(0.301243 -0.0387801 0)
(0.272331 -0.03256 0)
(0.246724 -0.0273155 0)
(0.224474 -0.0230326 0)
(0.205417 -0.0196298 0)
(0.189297 -0.0169602 0)
(0.175766 -0.0148638 0)
(0.164528 -0.0131968 0)
(0.155188 -0.0118587 0)
(0.147482 -0.0107523 0)
(0.141028 -0.00983142 0)
(0.135695 -0.00903281 0)
(0.131131 -0.0083538 0)
(0.127378 -0.00774201 0)
(0.124037 -0.00723111 0)
(0.121361 -0.00675685 0)
(0.118759 -0.006387 0)
(0.116838 -0.00601581 0)
(0.114493 -0.00576 0)
(0.113209 -0.00546582 0)
(0.110238 -0.00525848 0)
(1.06557 -0.020808 0)
(1.07127 -0.0240816 0)
(1.07635 -0.0274258 0)
(1.08074 -0.0306965 0)
(1.08443 -0.0337476 0)
(1.08748 -0.0364665 0)
(1.09002 -0.0388056 0)
(1.09216 -0.0407767 0)
(1.09402 -0.0424229 0)
(1.09566 -0.0437888 0)
(1.0971 -0.0449078 0)
(1.09833 -0.0458007 0)
(1.09934 -0.0464834 0)
(1.10009 -0.0469741 0)
(1.10059 -0.0472978 0)
(1.10082 -0.0474856 0)
(1.10078 -0.0475739 0)
(1.10045 -0.0476011 0)
(1.09984 -0.0476067 0)
(1.09893 -0.0476296 0)
(1.09773 -0.0477072 0)
(1.09622 -0.0478741 0)
(1.09441 -0.0481602 0)
(1.0923 -0.0485913 0)
(1.08987 -0.0491894 0)
(1.08714 -0.049974 0)
(1.08409 -0.0509608 0)
(1.08071 -0.0521633 0)
(1.07699 -0.0535908 0)
(1.07292 -0.0552504 0)
(1.06847 -0.0571447 0)
(1.06362 -0.0592744 0)
(1.05832 -0.0616358 0)
(1.05255 -0.0642238 0)
(1.04626 -0.0670288 0)
(1.03937 -0.0700399 0)
(1.03185 -0.0732413 0)
(1.0236 -0.0766144 0)
(1.01456 -0.0801347 0)
(1.00463 -0.0837723 0)
(0.993728 -0.0874885 0)
(0.981731 -0.091236 0)
(0.96853 -0.0949574 0)
(0.953991 -0.0985862 0)
(0.937989 -0.102052 0)
(0.920371 -0.105277 0)
(0.90101 -0.108166 0)
(0.879751 -0.110618 0)
(0.856469 -0.112525 0)
(0.831011 -0.113786 0)
(0.803283 -0.114311 0)
(0.773169 -0.114015 0)
(0.740653 -0.112837 0)
(0.705683 -0.110719 0)
(0.668334 -0.107603 0)
(0.628753 -0.1035 0)
(0.587177 -0.0983714 0)
(0.544147 -0.092302 0)
(0.500026 -0.085394 0)
(0.455289 -0.0778252 0)
(0.410202 -0.069701 0)
(0.365478 -0.0612344 0)
(0.321866 -0.0525783 0)
(0.280408 -0.0439957 0)
(0.242197 -0.0359649 0)
(0.207984 -0.029057 0)
(0.17786 -0.0235432 0)
(0.152091 -0.019363 0)
(0.130756 -0.0163569 0)
(0.113507 -0.0142376 0)
(0.0996449 -0.0126514 0)
(0.0883167 -0.0113534 0)
(0.0788437 -0.0102857 0)
(0.0707493 -0.0094411 0)
(0.0637593 -0.00878457 0)
(0.0576869 -0.00825953 0)
(0.0524092 -0.00779658 0)
(0.0478478 -0.00736849 0)
(0.043931 -0.00695916 0)
(0.0405521 -0.00657046 0)
(0.0376567 -0.00619825 0)
(0.0351482 -0.00586066 0)
(0.0330022 -0.00555284 0)
(0.0311039 -0.00528997 0)
(0.0294737 -0.00504461 0)
(0.0279596 -0.00483156 0)
(0.0266466 -0.00459212 0)
(0.0252818 -0.00435083 0)
(0.024113 -0.00400235 0)
(0.0223845 -0.00378372 0)
(1.06624 -0.0269838 0)
(1.07175 -0.0295868 0)
(1.07668 -0.0322087 0)
(1.08096 -0.0347835 0)
(1.08457 -0.0372296 0)
(1.08754 -0.0394615 0)
(1.08991 -0.0414151 0)
(1.09178 -0.0430642 0)
(1.09322 -0.0444164 0)
(1.09426 -0.045496 0)
(1.09494 -0.0463284 0)
(1.09524 -0.0469336 0)
(1.09514 -0.0473273 0)
(1.09462 -0.0475252 0)
(1.09366 -0.0475485 0)
(1.09225 -0.0474243 0)
(1.09038 -0.0471864 0)
(1.08804 -0.0468726 0)
(1.08522 -0.0465234 0)
(1.08193 -0.0461794 0)
(1.07817 -0.045881 0)
(1.07393 -0.0456656 0)
(1.06921 -0.0455657 0)
(1.06403 -0.0456075 0)
(1.05836 -0.045813 0)
(1.05221 -0.0461984 0)
(1.04556 -0.0467757 0)
(1.03839 -0.0475524 0)
(1.03068 -0.0485321 0)
(1.02239 -0.0497149 0)
(1.01349 -0.051097 0)
(1.00393 -0.0526723 0)
(0.993656 -0.0544305 0)
(0.982606 -0.0563599 0)
(0.970711 -0.058444 0)
(0.957887 -0.0606653 0)
(0.944051 -0.0630002 0)
(0.929107 -0.0654248 0)
(0.912953 -0.0679063 0)
(0.895488 -0.070411 0)
(0.876596 -0.0728922 0)
(0.856171 -0.0753001 0)
(0.834087 -0.0775665 0)
(0.810243 -0.0796197 0)
(0.784504 -0.0813734 0)
(0.756763 -0.0827377 0)
(0.726947 -0.0836055 0)
(0.695 -0.0838818 0)
(0.66089 -0.0834729 0)
(0.624615 -0.0823155 0)
(0.586207 -0.080363 0)
(0.545842 -0.0776347 0)
(0.50365 -0.074116 0)
(0.460009 -0.0698049 0)
(0.415226 -0.0646267 0)
(0.369694 -0.0584895 0)
(0.324186 -0.0513309 0)
(0.279793 -0.0435145 0)
(0.23751 -0.0356847 0)
(0.198266 -0.0285522 0)
(0.162631 -0.0226777 0)
(0.131698 -0.0182733 0)
(0.106495 -0.0151824 0)
(0.0866727 -0.0128501 0)
(0.0710135 -0.0109209 0)
(0.0582425 -0.00932956 0)
(0.0472576 -0.0081269 0)
(0.0376198 -0.00746319 0)
(0.0291694 -0.00721829 0)
(0.0218967 -0.00702091 0)
(0.0156527 -0.00663693 0)
(0.0102466 -0.0060652 0)
(0.00552783 -0.00542812 0)
(0.00136597 -0.00486799 0)
(-0.00232322 -0.00446886 0)
(-0.00559659 -0.00423713 0)
(-0.00853485 -0.00412102 0)
(-0.0111958 -0.00407371 0)
(-0.0136111 -0.00405167 0)
(-0.0158105 -0.00402786 0)
(-0.0178155 -0.0039885 0)
(-0.0196512 -0.00393724 0)
(-0.0213291 -0.0038728 0)
(-0.0228794 -0.00379803 0)
(-0.0243112 -0.00369955 0)
(-0.0256635 -0.00357169 0)
(-0.0269264 -0.00338137 0)
(-0.0281537 -0.00312931 0)
(-0.0293452 -0.00283738 0)
(-0.0305252 -0.00272301 0)
(1.0658 -0.0311852 0)
(1.06972 -0.0331897 0)
(1.0728 -0.0351771 0)
(1.07498 -0.0371211 0)
(1.07623 -0.0389675 0)
(1.07656 -0.0406499 0)
(1.07601 -0.0421083 0)
(1.07464 -0.0433027 0)
(1.07249 -0.0442201 0)
(1.06961 -0.0448669 0)
(1.06602 -0.0452584 0)
(1.06175 -0.0454117 0)
(1.0568 -0.0453431 0)
(1.05117 -0.045069 0)
(1.04487 -0.0446092 0)
(1.03791 -0.043989 0)
(1.0303 -0.0432408 0)
(1.02208 -0.0424023 0)
(1.01324 -0.0415153 0)
(1.00382 -0.0406216 0)
(0.993821 -0.0397626 0)
(0.983259 -0.0389762 0)
(0.972152 -0.0383006 0)
(0.960502 -0.0377675 0)
(0.948312 -0.0374017 0)
(0.935565 -0.0372173 0)
(0.922245 -0.0372209 0)
(0.908321 -0.0374101 0)
(0.89376 -0.0377783 0)
(0.878514 -0.0383128 0)
(0.862536 -0.0389997 0)
(0.845762 -0.0398204 0)
(0.828134 -0.040757 0)
(0.809571 -0.0417871 0)
(0.790005 -0.042889 0)
(0.769347 -0.0440365 0)
(0.747523 -0.0452041 0)
(0.72444 -0.0463615 0)
(0.700026 -0.0474774 0)
(0.674195 -0.0485169 0)
(0.646887 -0.0494396 0)
(0.618043 -0.0502025 0)
(0.587628 -0.0507452 0)
(0.555685 -0.0510064 0)
(0.522181 -0.0508701 0)
(0.48715 -0.0501994 0)
(0.450753 -0.0488663 0)
(0.41314 -0.0467709 0)
(0.374598 -0.0438722 0)
(0.335408 -0.0401721 0)
(0.295915 -0.0358044 0)
(0.256716 -0.031044 0)
(0.218322 -0.0261843 0)
(0.181912 -0.0216812 0)
(0.148453 -0.0178007 0)
(0.119027 -0.0144801 0)
(0.0946926 -0.0117743 0)
(0.0750035 -0.00947203 0)
(0.0588955 -0.00747309 0)
(0.0453908 -0.00588142 0)
(0.0338226 -0.0050007 0)
(0.0235583 -0.00499406 0)
(0.0146652 -0.00553589 0)
(0.00715953 -0.00572274 0)
(0.000831418 -0.00503299 0)
(-0.00451695 -0.00375833 0)
(-0.00910118 -0.0026012 0)
(-0.0130747 -0.00197821 0)
(-0.0166291 -0.001822 0)
(-0.0198804 -0.00192467 0)
(-0.0228693 -0.0020568 0)
(-0.0255732 -0.00210089 0)
(-0.0279928 -0.00206739 0)
(-0.0301691 -0.00201424 0)
(-0.0321648 -0.00198365 0)
(-0.0340384 -0.00199454 0)
(-0.0358299 -0.00204861 0)
(-0.0375619 -0.00212417 0)
(-0.0392458 -0.00219996 0)
(-0.0408849 -0.0022647 0)
(-0.0424775 -0.00231347 0)
(-0.0440224 -0.00234537 0)
(-0.0455171 -0.00235884 0)
(-0.0469628 -0.00235389 0)
(-0.0483558 -0.00232281 0)
(-0.0496903 -0.00225754 0)
(-0.0509434 -0.00214476 0)
(-0.0521205 -0.00199521 0)
(-0.0532459 -0.00185366 0)
(-0.0541438 -0.00181257 0)
(1.02365 -0.0369836 0)
(1.01862 -0.0375913 0)
(1.01224 -0.0381974 0)
(1.00451 -0.038789 0)
(0.995432 -0.0393232 0)
(0.985083 -0.0397493 0)
(0.973534 -0.0400199 0)
(0.960899 -0.0401003 0)
(0.947272 -0.039966 0)
(0.932764 -0.0396071 0)
(0.917479 -0.0390268 0)
(0.901515 -0.038237 0)
(0.884961 -0.037254 0)
(0.867898 -0.0360964 0)
(0.850401 -0.034785 0)
(0.832545 -0.033345 0)
(0.814397 -0.0318071 0)
(0.796021 -0.0302069 0)
(0.777468 -0.0285833 0)
(0.75878 -0.0269761 0)
(0.739985 -0.0254225 0)
(0.721087 -0.0239558 0)
(0.702096 -0.0226074 0)
(0.683011 -0.0214035 0)
(0.663824 -0.0203625 0)
(0.644514 -0.0194943 0)
(0.625049 -0.0187998 0)
(0.605387 -0.0182719 0)
(0.585478 -0.017897 0)
(0.565267 -0.0176567 0)
(0.544696 -0.0175291 0)
(0.523705 -0.0174898 0)
(0.502237 -0.0175132 0)
(0.480232 -0.0175715 0)
(0.457645 -0.0176374 0)
(0.434427 -0.0176814 0)
(0.410555 -0.0176764 0)
(0.386001 -0.0175931 0)
(0.360783 -0.0174082 0)
(0.334911 -0.017097 0)
(0.308469 -0.0166472 0)
(0.281537 -0.0160461 0)
(0.254318 -0.0153 0)
(0.227149 -0.0144221 0)
(0.200309 -0.0133817 0)
(0.174191 -0.0121613 0)
(0.1493 -0.0107703 0)
(0.126072 -0.00926374 0)
(0.104941 -0.00757778 0)
(0.0862065 -0.00586095 0)
(0.0697463 -0.00419306 0)
(0.0553512 -0.00266327 0)
(0.0427662 -0.00152567 0)
(0.0317869 -0.0010765 0)
(0.0221359 -0.00151241 0)
(0.0134223 -0.00261626 0)
(0.00583957 -0.00372556 0)
(-0.000638433 -0.00388979 0)
(-0.00594918 -0.00291117 0)
(-0.0100859 -0.00138893 0)
(-0.0133711 -0.000201057 0)
(-0.0161802 0.000147716 0)
(-0.0188632 -6.56228e-05 0)
(-0.0215241 -0.000362535 0)
(-0.0239391 -0.000427006 0)
(-0.0258716 -0.00025919 0)
(-0.0273109 -8.18385e-05 0)
(-0.028422 -4.05767e-05 0)
(-0.0294356 -0.000158853 0)
(-0.0304894 -0.000347797 0)
(-0.0316056 -0.000492653 0)
(-0.0327416 -0.000555323 0)
(-0.0338489 -0.000559647 0)
(-0.0349074 -0.000549015 0)
(-0.0359263 -0.000554546 0)
(-0.0369307 -0.000584654 0)
(-0.0379467 -0.000633797 0)
(-0.0389911 -0.000693245 0)
(-0.0400692 -0.000753632 0)
(-0.0411785 -0.000808734 0)
(-0.042312 -0.000855683 0)
(-0.0434617 -0.000894131 0)
(-0.0446196 -0.000924187 0)
(-0.0457777 -0.000946028 0)
(-0.0469251 -0.000956784 0)
(-0.0480425 -0.000953352 0)
(-0.049104 -0.000936623 0)
(-0.0501131 -0.000923532 0)
(-0.0511079 -0.000931262 0)
(-0.0519021 -0.000948651 0)
(0.714455 -0.0207225 0)
(0.685364 -0.0203167 0)
(0.656133 -0.0199266 0)
(0.626781 -0.0195468 0)
(0.597356 -0.0191534 0)
(0.567942 -0.0187162 0)
(0.53865 -0.0182051 0)
(0.509657 -0.0175996 0)
(0.481119 -0.0168754 0)
(0.453207 -0.0160183 0)
(0.426087 -0.0150283 0)
(0.399914 -0.013918 0)
(0.374828 -0.0127084 0)
(0.350947 -0.0114257 0)
(0.32837 -0.0100996 0)
(0.307169 -0.00876224 0)
(0.287391 -0.00744814 0)
(0.26905 -0.00619242 0)
(0.252124 -0.00502877 0)
(0.236558 -0.00398586 0)
(0.222263 -0.00308543 0)
(0.209129 -0.00233609 0)
(0.197036 -0.00172947 0)
(0.185856 -0.00125009 0)
(0.175456 -0.00088177 0)
(0.165701 -0.000608977 0)
(0.156462 -0.000415994 0)
(0.147618 -0.000286168 0)
(0.139062 -0.000202103 0)
(0.130704 -0.00014623 0)
(0.122473 -0.000101478 0)
(0.114316 -5.17294e-05 0)
(0.106203 1.77303e-05 0)
(0.0981215 0.000119687 0)
(0.0900779 0.000264356 0)
(0.0820973 0.000458415 0)
(0.0742206 0.000704002 0)
(0.066501 0.000997114 0)
(0.0590012 0.0013261 0)
(0.0517855 0.00166946 0)
(0.0449154 0.00199366 0)
(0.0384339 0.00225115 0)
(0.0323588 0.00237644 0)
(0.0266637 0.00228676 0)
(0.0212692 0.00189642 0)
(0.0160919 0.00118662 0)
(0.011074 0.0002394 0)
(0.006186 -0.00074917 0)
(0.00135901 -0.00151089 0)
(-0.00314959 -0.00198479 0)
(-0.00696584 -0.00198414 0)
(-0.00979777 -0.00148687 0)
(-0.0115274 -0.000668158 0)
(-0.0123219 0.000194169 0)
(-0.0126763 0.000812023 0)
(-0.0131811 0.00104641 0)
(-0.0141715 0.00105649 0)
(-0.0154908 0.000969601 0)
(-0.0166036 0.000919988 0)
(-0.0171142 0.000855019 0)
(-0.0170192 0.000696555 0)
(-0.0166804 0.000441283 0)
(-0.0165127 0.000123366 0)
(-0.0166641 -0.000100152 0)
(-0.0169861 -0.000147792 0)
(-0.0172404 -5.70076e-05 0)
(-0.0173209 6.92481e-05 0)
(-0.0172817 0.000152849 0)
(-0.0172439 0.000163416 0)
(-0.0172921 0.000127301 0)
(-0.017444 7.76981e-05 0)
(-0.0176671 3.67123e-05 0)
(-0.0179204 1.11657e-05 0)
(-0.0181806 -2.44049e-06 0)
(-0.0184448 -1.09556e-05 0)
(-0.0187226 -2.02762e-05 0)
(-0.0190258 -3.28691e-05 0)
(-0.0193628 -4.82014e-05 0)
(-0.019737 -6.44391e-05 0)
(-0.0201469 -8.00331e-05 0)
(-0.0205886 -9.41719e-05 0)
(-0.0210573 -0.000106791 0)
(-0.0215481 -0.00011823 0)
(-0.0220572 -0.000129021 0)
(-0.0225799 -0.000138909 0)
(-0.0231077 -0.000147639 0)
(-0.0236306 -0.000158495 0)
(-0.0241605 -0.000183005 0)
(-0.0247603 -0.000225802 0)
(-0.0253759 -0.000258901 0)
)
;

boundaryField
{
    fixedWalls
    {
        type            noSlip;
    }
    inflowWall
    {
        type            fixedValue;
        value           uniform (1 0 0);
    }
    outflowWall
    {
        type            zeroGradient;
    }
    frontAndBack
    {
        type            empty;
    }
}


// ************************************************************************* //
