/*--------------------------------*- C++ -*----------------------------------*\
| =========                 |                                                 |
| \\      /  F ield         | OpenFOAM: The Open Source CFD Toolbox           |
|  \\    /   O peration     | Version:  2306                                  |
|   \\  /    A nd           | Website:  www.openfoam.com                      |
|    \\/     M anipulation  |                                                 |
\*---------------------------------------------------------------------------*/
FoamFile
{
    version     2.0;
    format      ascii;
    arch        "LSB;label=32;scalar=64";
    class       volVectorField;
    location    "4.72";
    object      U;
}
// * * * * * * * * * * * * * * * * * * * * * * * * * * * * * * * * * * * * * //

dimensions      [0 1 -1 0 0 0 0];

internalField   nonuniform List<vector> 
1900
(
(0.984279 0.00728785 0)
(0.961754 0.0216861 0)
(0.952336 0.018173 0)
(0.918698 0.025305 0)
(0.903427 0.0154365 0)
(0.863067 0.0257496 0)
(0.852281 0.0115916 0)
(0.811966 0.0267255 0)
(0.809681 0.00454956 0)
(0.770488 0.025967 0)
(1.00256 0.0115589 0)
(1.00446 0.025861 0)
(1.01944 0.028963 0)
(1.02197 0.0304541 0)
(1.03488 0.0280018 0)
(1.03397 0.0284144 0)
(1.04406 0.0257773 0)
(1.04279 0.0250826 0)
(1.0512 0.0206499 0)
(1.05228 0.0161771 0)
(1.00048 0.00388618 0)
(1.00419 0.0111544 0)
(1.01255 0.0139972 0)
(1.02113 0.015785 0)
(1.03154 0.0147087 0)
(1.04054 0.0144146 0)
(1.04998 0.0123682 0)
(1.05839 0.0109193 0)
(1.06687 0.00729356 0)
(1.07471 0.00312857 0)
(1.00007 0.00207686 0)
(1.00313 0.00584217 0)
(1.00888 0.00805338 0)
(1.01649 0.00903236 0)
(1.02527 0.00855143 0)
(1.03431 0.00744956 0)
(1.04324 0.00566659 0)
(1.0518 0.00350005 0)
(1.05998 0.000668492 0)
(1.06765 -0.00285429 0)
(1.00003 0.000424355 0)
(1.00261 0.00117154 0)
(1.00738 0.0014335 0)
(1.01402 0.00115152 0)
(1.02191 0.000251255 0)
(1.03035 -0.00111515 0)
(1.03879 -0.00291238 0)
(1.04691 -0.00511818 0)
(1.05459 -0.00777955 0)
(1.06173 -0.0109582 0)
(1.00003 -0.00106067 0)
(1.00255 -0.00302708 0)
(1.0072 -0.00474927 0)
(1.01366 -0.00618805 0)
(1.02133 -0.00748898 0)
(1.02948 -0.00885297 0)
(1.03758 -0.0104659 0)
(1.04532 -0.0124385 0)
(1.05259 -0.0148113 0)
(1.05936 -0.0175548 0)
(1.00003 -0.00271037 0)
(1.00303 -0.00743151 0)
(1.00836 -0.0110573 0)
(1.01546 -0.0134934 0)
(1.02347 -0.0151173 0)
(1.03163 -0.0164784 0)
(1.0395 -0.0179816 0)
(1.04689 -0.0198052 0)
(1.05381 -0.0219419 0)
(1.0603 -0.0243024 0)
(1.00004 -0.00476878 0)
(1.00441 -0.0122316 0)
(1.01137 -0.0169142 0)
(1.0198 -0.0193435 0)
(1.02839 -0.0206682 0)
(1.0364 -0.0218368 0)
(1.0436 -0.0232979 0)
(1.05007 -0.0250786 0)
(1.05594 -0.0270375 0)
(1.06125 -0.0290411 0)
(1.00006 -0.0121183 0)
(1.00722 -0.0259503 0)
(1.01558 -0.0314264 0)
(1.02287 -0.0325734 0)
(1.02794 -0.0326551 0)
(1.03073 -0.0330277 0)
(1.03174 -0.0338035 0)
(1.03144 -0.0347192 0)
(1.03003 -0.0355594 0)
(1.02754 -0.0362646 0)
(0.980777 -0.00916337 0)
(0.964586 -0.018821 0)
(0.94546 -0.0220451 0)
(0.920794 -0.0221838 0)
(0.892008 -0.0217367 0)
(0.861698 -0.0215744 0)
(0.831464 -0.0216049 0)
(0.801785 -0.0215929 0)
(0.772591 -0.0214143 0)
(0.743639 -0.0210847 0)
(0.000207315 -0.00010957 0)
(0.000346509 -2.05321e-05 0)
(8.62674e-05 2.71178e-05 0)
(-0.000396005 5.64305e-05 0)
(-0.00104115 7.43979e-05 0)
(-0.00180699 9.16998e-05 0)
(-0.00267994 0.000111876 0)
(-0.00365496 0.000133898 0)
(-0.0047268 0.000156573 0)
(-0.0058892 0.000179217 0)
(-0.00713523 0.000201423 0)
(-0.00845753 0.000222901 0)
(-0.00984863 0.000243412 0)
(-0.0113012 0.000262756 0)
(-0.0128082 0.000280778 0)
(-0.0143628 0.000297375 0)
(-0.0159587 0.000312486 0)
(-0.0175903 0.000326081 0)
(-0.0192523 0.000338132 0)
(-0.02094 0.000348646 0)
(-0.0226499 0.000357675 0)
(-0.0243793 0.000365309 0)
(-0.0261269 0.000371665 0)
(-0.0278927 0.000376869 0)
(-0.0296779 0.000381062 0)
(-0.0314853 0.000384415 0)
(-0.0333193 0.00038711 0)
(-0.035186 0.000389267 0)
(-0.0370928 0.000390873 0)
(-0.0390488 0.000391733 0)
(-0.0410639 0.000391373 0)
(-0.0431489 0.000388999 0)
(-0.0453158 0.000383699 0)
(-0.0475782 0.000375066 0)
(-0.0499534 0.000364004 0)
(-0.0524651 0.000353439 0)
(-0.0551456 0.000349268 0)
(-0.0580396 0.000361662 0)
(-0.0612078 0.0004061 0)
(-0.0647299 0.000504254 0)
(-0.0687067 0.000683628 0)
(-0.0732577 0.000974607 0)
(-0.0785134 0.00140398 0)
(-0.0845989 0.00198627 0)
(-0.0916111 0.00271424 0)
(-0.0995901 0.00355203 0)
(-0.108493 0.00443671 0)
(-0.118179 0.00528666 0)
(-0.128406 0.00600867 0)
(-0.138836 0.00651388 0)
(-0.149062 0.00673919 0)
(-0.158648 0.00666008 0)
(-0.167161 0.00629502 0)
(-0.174209 0.00570947 0)
(-0.179456 0.00498419 0)
(-0.182619 0.00412228 0)
(-0.183493 0.0030967 0)
(-0.181998 0.0019056 0)
(-0.178137 0.000652515 0)
(-0.171894 -0.00061634 0)
(-0.163349 -0.00185943 0)
(-0.152656 -0.00302898 0)
(-0.139969 -0.0041123 0)
(-0.125528 -0.00507039 0)
(-0.109549 -0.00588293 0)
(-0.0922801 -0.00655657 0)
(-0.0740284 -0.00706796 0)
(-0.0549619 -0.00741502 0)
(-0.0355693 -0.00759653 0)
(-0.0157688 -0.00767379 0)
(0.00374803 -0.00760772 0)
(0.0233891 -0.00746003 0)
(0.0421731 -0.00718096 0)
(0.0609014 -0.00686172 0)
(0.0782843 -0.00643032 0)
(0.0955645 -0.00600638 0)
(0.111088 -0.00549075 0)
(0.126624 -0.00503009 0)
(0.14005 -0.00449505 0)
(0.153778 -0.00406488 0)
(0.165048 -0.00357139 0)
(0.177124 -0.00322641 0)
(0.186319 -0.00281617 0)
(0.197119 -0.00259518 0)
(0.204387 -0.00229893 0)
(0.214526 -0.00223365 0)
(0.219929 -0.00205564 0)
(0.230484 -0.00217953 0)
(0.233693 -0.00210058 0)
(0.246569 -0.00265294 0)
(6.27722e-05 -0.000519279 0)
(-0.000521988 0.000139814 0)
(-0.00201459 0.00071109 0)
(-0.0039243 0.00111537 0)
(-0.00621921 0.00139437 0)
(-0.00882575 0.00161587 0)
(-0.0117064 0.0018161 0)
(-0.0148329 0.00200316 0)
(-0.0181762 0.00217719 0)
(-0.0217088 0.00233735 0)
(-0.0254046 0.00248292 0)
(-0.0292386 0.00261368 0)
(-0.0331873 0.00272992 0)
(-0.0372295 0.00283223 0)
(-0.0413456 0.0029214 0)
(-0.0455188 0.00299839 0)
(-0.0497346 0.00306425 0)
(-0.053981 0.00312008 0)
(-0.0582487 0.00316707 0)
(-0.0625313 0.00320687 0)
(-0.066825 0.00324151 0)
(-0.0711298 0.00327333 0)
(-0.0754486 0.00330483 0)
(-0.0797877 0.00333869 0)
(-0.0841564 0.00337775 0)
(-0.0885675 0.00342512 0)
(-0.0930369 0.0034841 0)
(-0.0975839 0.00355795 0)
(-0.10223 0.00364979 0)
(-0.107 0.00376253 0)
(-0.11192 0.00389893 0)
(-0.117018 0.00406175 0)
(-0.122322 0.00425468 0)
(-0.127861 0.00448378 0)
(-0.133666 0.00475855 0)
(-0.139768 0.00509158 0)
(-0.146195 0.00549846 0)
(-0.152974 0.00599835 0)
(-0.160123 0.00661198 0)
(-0.167644 0.00735905 0)
(-0.175525 0.00825311 0)
(-0.183725 0.00929379 0)
(-0.19217 0.0104575 0)
(-0.200746 0.0116919 0)
(-0.209292 0.0129116 0)
(-0.217599 0.0140013 0)
(-0.225413 0.0148329 0)
(-0.232459 0.0152884 0)
(-0.238448 0.0152608 0)
(-0.243075 0.0146698 0)
(-0.246044 0.0134846 0)
(-0.247078 0.0117232 0)
(-0.245917 0.00941261 0)
(-0.24238 0.00659827 0)
(-0.23644 0.00337814 0)
(-0.228036 -0.000112235 0)
(-0.217168 -0.00378291 0)
(-0.203823 -0.00752261 0)
(-0.188031 -0.0112324 0)
(-0.169971 -0.0148066 0)
(-0.1497 -0.0181905 0)
(-0.127549 -0.0212369 0)
(-0.103577 -0.0239708 0)
(-0.0781574 -0.0263336 0)
(-0.0515099 -0.0283298 0)
(-0.0238024 -0.0299451 0)
(0.00441094 -0.0311374 0)
(0.0335376 -0.0319445 0)
(0.0622218 -0.0323419 0)
(0.0916989 -0.0324192 0)
(0.119778 -0.0321122 0)
(0.148827 -0.0315776 0)
(0.175522 -0.0306945 0)
(0.203488 -0.0296911 0)
(0.228145 -0.028389 0)
(0.254597 -0.0270847 0)
(0.276737 -0.0255331 0)
(0.301495 -0.0240976 0)
(0.320807 -0.0224564 0)
(0.343942 -0.0210463 0)
(0.36024 -0.0194556 0)
(0.382071 -0.0182077 0)
(0.395257 -0.0167809 0)
(0.416343 -0.015811 0)
(0.426353 -0.014637 0)
(0.447486 -0.0140484 0)
(0.454257 -0.0131931 0)
(0.476468 -0.0130978 0)
(0.479876 -0.0126239 0)
(0.504285 -0.0132237 0)
(-0.000159226 0.000422856 0)
(-0.00194338 0.00228594 0)
(-0.00542066 0.00350497 0)
(-0.00937435 0.00432276 0)
(-0.0137692 0.00496165 0)
(-0.0185036 0.00552739 0)
(-0.0235355 0.00604536 0)
(-0.0288261 0.00651581 0)
(-0.0343225 0.00693458 0)
(-0.0399734 0.00730036 0)
(-0.0457326 0.00761334 0)
(-0.0515586 0.00787569 0)
(-0.0574158 0.0080911 0)
(-0.063274 0.00826395 0)
(-0.0691087 0.00839903 0)
(-0.0749004 0.00850138 0)
(-0.0806343 0.00857618 0)
(-0.0862998 0.0086289 0)
(-0.0918897 0.0086654 0)
(-0.0974001 0.00869164 0)
(-0.102831 0.00871372 0)
(-0.108185 0.00873797 0)
(-0.113467 0.00877073 0)
(-0.118684 0.00881826 0)
(-0.123847 0.00888674 0)
(-0.128963 0.0089824 0)
(-0.134042 0.0091114 0)
(-0.139096 0.00927931 0)
(-0.144131 0.00949063 0)
(-0.149156 0.00974887 0)
(-0.154174 0.0100563 0)
(-0.159183 0.010414 0)
(-0.164177 0.0108218 0)
(-0.169142 0.0112801 0)
(-0.174061 0.0117901 0)
(-0.178907 0.0123533 0)
(-0.183643 0.0129696 0)
(-0.188223 0.0136381 0)
(-0.192583 0.014354 0)
(-0.196646 0.0151072 0)
(-0.200315 0.0158797 0)
(-0.203479 0.0166429 0)
(-0.206005 0.0173513 0)
(-0.207744 0.0179317 0)
(-0.208536 0.0182863 0)
(-0.208203 0.0182952 0)
(-0.206556 0.0178267 0)
(-0.20344 0.0167907 0)
(-0.198716 0.0151088 0)
(-0.192245 0.0126934 0)
(-0.183917 0.00952267 0)
(-0.173714 0.00563748 0)
(-0.161592 0.00109905 0)
(-0.147557 -0.00399788 0)
(-0.131578 -0.00961312 0)
(-0.113681 -0.0155143 0)
(-0.0938182 -0.0215759 0)
(-0.0723398 -0.0275446 0)
(-0.0490674 -0.033372 0)
(-0.0244941 -0.0388927 0)
(0.0016835 -0.0440418 0)
(0.0289355 -0.0486405 0)
(0.0573669 -0.052724 0)
(0.0865455 -0.056142 0)
(0.116173 -0.0589739 0)
(0.146533 -0.0611382 0)
(0.176487 -0.0626722 0)
(0.207295 -0.0635531 0)
(0.236689 -0.0638502 0)
(0.267241 -0.0636015 0)
(0.295274 -0.062804 0)
(0.324951 -0.0615926 0)
(0.350981 -0.0599125 0)
(0.379354 -0.0579779 0)
(0.402894 -0.0556725 0)
(0.429737 -0.0532841 0)
(0.450458 -0.0506217 0)
(0.475753 -0.0480445 0)
(0.493469 -0.0452735 0)
(0.5174 -0.0427456 0)
(0.532032 -0.0400783 0)
(0.554961 -0.0378033 0)
(0.566508 -0.0354151 0)
(0.588949 -0.0335662 0)
(0.597455 -0.0315993 0)
(0.620055 -0.0303289 0)
(0.625593 -0.0289093 0)
(0.649101 -0.0283761 0)
(0.651733 -0.0276295 0)
(0.676943 -0.0279889 0)
(-0.000919916 0.00120873 0)
(-0.00479169 0.0050891 0)
(-0.010704 0.00756724 0)
(-0.0167668 0.00923312 0)
(-0.0231589 0.0104736 0)
(-0.0298308 0.0114601 0)
(-0.0366976 0.0122654 0)
(-0.0436624 0.0129269 0)
(-0.0506354 0.0134596 0)
(-0.0575454 0.0138755 0)
(-0.0643379 0.0141875 0)
(-0.0709693 0.0144075 0)
(-0.0774079 0.0145472 0)
(-0.0836311 0.0146184 0)
(-0.089624 0.0146321 0)
(-0.0953774 0.0145991 0)
(-0.100887 0.0145294 0)
(-0.10615 0.0144321 0)
(-0.111168 0.0143164 0)
(-0.115944 0.0141911 0)
(-0.120481 0.0140644 0)
(-0.124785 0.0139442 0)
(-0.128859 0.0138377 0)
(-0.132707 0.013751 0)
(-0.13633 0.0136894 0)
(-0.139727 0.0136576 0)
(-0.142897 0.0136596 0)
(-0.145834 0.0136981 0)
(-0.148529 0.0137733 0)
(-0.150969 0.0138838 0)
(-0.153136 0.0140259 0)
(-0.155009 0.0141939 0)
(-0.156556 0.01438 0)
(-0.15774 0.0145757 0)
(-0.158519 0.0147747 0)
(-0.158845 0.0149735 0)
(-0.158657 0.0151617 0)
(-0.157891 0.0153295 0)
(-0.156469 0.0154619 0)
(-0.154303 0.0155382 0)
(-0.151289 0.0155288 0)
(-0.147318 0.0153985 0)
(-0.142283 0.015104 0)
(-0.136074 0.014566 0)
(-0.128587 0.0136875 0)
(-0.11974 0.0123707 0)
(-0.109388 0.0104248 0)
(-0.0974861 0.00782277 0)
(-0.0840947 0.00446 0)
(-0.0691524 0.000360113 0)
(-0.0526322 -0.00452095 0)
(-0.0346826 -0.0101392 0)
(-0.0151224 -0.0164406 0)
(0.00578019 -0.0232325 0)
(0.0282131 -0.0303569 0)
(0.0517103 -0.0376055 0)
(0.0767712 -0.0449438 0)
(0.102621 -0.0521375 0)
(0.129907 -0.0591405 0)
(0.157743 -0.0657138 0)
(0.186753 -0.071824 0)
(0.216065 -0.0772002 0)
(0.246126 -0.0819802 0)
(0.276375 -0.0858946 0)
(0.306712 -0.0890825 0)
(0.337215 -0.0913369 0)
(0.367021 -0.092823 0)
(0.39713 -0.0934196 0)
(0.425645 -0.0932896 0)
(0.454783 -0.092395 0)
(0.481365 -0.0908666 0)
(0.509096 -0.0887449 0)
(0.533252 -0.0861187 0)
(0.559311 -0.0831037 0)
(0.580712 -0.0797277 0)
(0.605015 -0.0761794 0)
(0.623484 -0.0724054 0)
(0.646124 -0.06867 0)
(0.661613 -0.0648195 0)
(0.682834 -0.0612039 0)
(0.695391 -0.05755 0)
(0.715561 -0.0543128 0)
(0.725296 -0.0510779 0)
(0.744885 -0.0484323 0)
(0.75194 -0.0457943 0)
(0.771497 -0.0439209 0)
(0.776019 -0.0420304 0)
(0.796152 -0.0410957 0)
(0.798278 -0.0400894 0)
(0.819639 -0.0402489 0)
(-0.00127685 0.00691187 0)
(-0.00686602 0.0137558 0)
(-0.0154933 0.0163869 0)
(-0.0239946 0.0175545 0)
(-0.0325119 0.0183986 0)
(-0.0407987 0.0191915 0)
(-0.0487258 0.0198837 0)
(-0.0562517 0.0203987 0)
(-0.0633458 0.0207176 0)
(-0.0699751 0.0208666 0)
(-0.0761209 0.0208744 0)
(-0.0817768 0.020766 0)
(-0.0869453 0.0205635 0)
(-0.0916359 0.0202864 0)
(-0.0958622 0.0199517 0)
(-0.0996403 0.0195739 0)
(-0.102987 0.0191653 0)
(-0.10592 0.018736 0)
(-0.108452 0.0182948 0)
(-0.110599 0.0178501 0)
(-0.112371 0.0174098 0)
(-0.113778 0.0169803 0)
(-0.114828 0.0165672 0)
(-0.115522 0.0161741 0)
(-0.115862 0.0158028 0)
(-0.115841 0.0154544 0)
(-0.115451 0.0151292 0)
(-0.114682 0.0148273 0)
(-0.113515 0.0145436 0)
(-0.11193 0.0142716 0)
(-0.109904 0.0140025 0)
(-0.107406 0.013725 0)
(-0.104402 0.0134255 0)
(-0.100847 0.0130894 0)
(-0.0966866 0.0127057 0)
(-0.0918887 0.0122787 0)
(-0.08638 0.0117832 0)
(-0.0801064 0.0111997 0)
(-0.0729942 0.0105071 0)
(-0.0649664 0.00968021 0)
(-0.0559268 0.00868267 0)
(-0.0457694 0.00746055 0)
(-0.0344592 0.00594861 0)
(-0.0219094 0.00409147 0)
(-0.00799457 0.00182194 0)
(0.00721124 -0.000957836 0)
(0.0237817 -0.00434094 0)
(0.0417222 -0.0083741 0)
(0.0610374 -0.0131691 0)
(0.0816289 -0.0187102 0)
(0.103686 -0.0249921 0)
(0.126734 -0.0319021 0)
(0.151187 -0.039369 0)
(0.176367 -0.0472623 0)
(0.202947 -0.0554914 0)
(0.229927 -0.0637922 0)
(0.258237 -0.0721378 0)
(0.286667 -0.0802113 0)
(0.316273 -0.0880198 0)
(0.345705 -0.0952204 0)
(0.37604 -0.101867 0)
(0.405911 -0.107622 0)
(0.43629 -0.112616 0)
(0.465971 -0.116549 0)
(0.495665 -0.119604 0)
(0.524519 -0.121533 0)
(0.552817 -0.122568 0)
(0.580297 -0.122525 0)
(0.606606 -0.121662 0)
(0.63231 -0.119858 0)
(0.656193 -0.117376 0)
(0.679895 -0.114152 0)
(0.701082 -0.110431 0)
(0.722723 -0.106206 0)
(0.741094 -0.101679 0)
(0.760768 -0.0968922 0)
(0.77633 -0.0919847 0)
(0.794254 -0.0870498 0)
(0.807106 -0.0821434 0)
(0.823593 -0.0774194 0)
(0.833886 -0.0728329 0)
(0.849315 -0.0686151 0)
(0.857226 -0.0646034 0)
(0.872025 -0.0611288 0)
(0.877733 -0.0578922 0)
(0.892363 -0.0553531 0)
(0.896026 -0.0530525 0)
(0.910973 -0.051614 0)
(0.91271 -0.0503898 0)
(0.928479 -0.0502129 0)
(-0.00367554 0.00679282 0)
(-0.013498 0.0172283 0)
(-0.0245587 0.021958 0)
(-0.0336904 0.0246345 0)
(-0.0419747 0.0262428 0)
(-0.0496069 0.0271031 0)
(-0.0565453 0.0273929 0)
(-0.062663 0.0272981 0)
(-0.0678674 0.026956 0)
(-0.0721605 0.0264385 0)
(-0.0755988 0.0257923 0)
(-0.0782421 0.0250503 0)
(-0.0801508 0.0242408 0)
(-0.0813826 0.0233866 0)
(-0.0819909 0.0225053 0)
(-0.0820247 0.0216108 0)
(-0.0815279 0.020714 0)
(-0.0805376 0.0198213 0)
(-0.0790848 0.0189374 0)
(-0.077196 0.0180675 0)
(-0.074892 0.0172157 0)
(-0.0721887 0.0163844 0)
(-0.0690969 0.0155741 0)
(-0.0656222 0.0147842 0)
(-0.0617631 0.014011 0)
(-0.0575112 0.0132504 0)
(-0.0528536 0.0124999 0)
(-0.0477811 0.0117606 0)
(-0.0422676 0.0110216 0)
(-0.036289 0.0102721 0)
(-0.0298159 0.00949998 0)
(-0.0228163 0.00869159 0)
(-0.0152526 0.00783018 0)
(-0.00707875 0.006896 0)
(0.00180387 0.00585707 0)
(0.0113427 0.00468385 0)
(0.0216493 0.00337238 0)
(0.0327706 0.00191296 0)
(0.0447743 0.000276793 0)
(0.0577198 -0.00156981 0)
(0.0716788 -0.00366292 0)
(0.0867128 -0.00604131 0)
(0.102876 -0.00876433 0)
(0.120196 -0.0119038 0)
(0.138817 -0.0154946 0)
(0.158646 -0.019669 0)
(0.179835 -0.0244355 0)
(0.202109 -0.0298361 0)
(0.225768 -0.0358906 0)
(0.250315 -0.0425919 0)
(0.276222 -0.0499625 0)
(0.302726 -0.0578758 0)
(0.33049 -0.0663008 0)
(0.358508 -0.0750238 0)
(0.387665 -0.0839971 0)
(0.416703 -0.0929327 0)
(0.446702 -0.101794 0)
(0.476187 -0.110252 0)
(0.506407 -0.118303 0)
(0.535702 -0.1256 0)
(0.565451 -0.13219 0)
(0.593875 -0.137738 0)
(0.622434 -0.142362 0)
(0.649336 -0.145764 0)
(0.676057 -0.148143 0)
(0.70091 -0.149246 0)
(0.725294 -0.149347 0)
(0.747767 -0.148239 0)
(0.769512 -0.146252 0)
(0.789479 -0.143219 0)
(0.808471 -0.139506 0)
(0.825987 -0.134976 0)
(0.84226 -0.130006 0)
(0.857518 -0.124479 0)
(0.871217 -0.118758 0)
(0.884503 -0.112737 0)
(0.895832 -0.106746 0)
(0.907486 -0.100686 0)
(0.916678 -0.0948395 0)
(0.92706 -0.089124 0)
(0.934344 -0.0837604 0)
(0.943817 -0.078693 0)
(0.949398 -0.0740739 0)
(0.958318 -0.0698899 0)
(0.962366 -0.0662144 0)
(0.971083 -0.0630965 0)
(0.973723 -0.0605183 0)
(0.982575 -0.0586164 0)
(0.983871 -0.0572644 0)
(0.993186 -0.0567181 0)
(-0.00179887 0.0287853 0)
(-0.00959259 0.0405249 0)
(-0.0241127 0.0404663 0)
(-0.0355345 0.0380518 0)
(-0.0445867 0.0362083 0)
(-0.0510225 0.0347233 0)
(-0.0551435 0.0332479 0)
(-0.0573484 0.0317078 0)
(-0.0579989 0.0301154 0)
(-0.057373 0.0284953 0)
(-0.0556605 0.0268703 0)
(-0.0530087 0.025254 0)
(-0.0495435 0.0236638 0)
(-0.0453712 0.0221117 0)
(-0.0405814 0.0206035 0)
(-0.0352496 0.0191425 0)
(-0.0294418 0.0177299 0)
(-0.023208 0.0163602 0)
(-0.0165846 0.0150271 0)
(-0.00960815 0.0137336 0)
(-0.00230285 0.0124792 0)
(0.00531478 0.0112614 0)
(0.013235 0.0100764 0)
(0.0214526 0.0089198 0)
(0.0299773 0.00778019 0)
(0.0388267 0.00664497 0)
(0.048032 0.00549661 0)
(0.0575785 0.00431826 0)
(0.0675141 0.00310609 0)
(0.0778711 0.00185295 0)
(0.0886866 0.000543787 0)
(0.0999975 -0.000841181 0)
(0.111856 -0.00232257 0)
(0.12428 -0.00392432 0)
(0.137366 -0.00566326 0)
(0.151082 -0.00757158 0)
(0.165539 -0.00967875 0)
(0.180787 -0.0120068 0)
(0.196889 -0.0145795 0)
(0.213863 -0.0174304 0)
(0.231803 -0.0205938 0)
(0.250694 -0.0241104 0)
(0.270666 -0.0280115 0)
(0.291626 -0.0323405 0)
(0.313757 -0.0371504 0)
(0.336846 -0.0424908 0)
(0.361137 -0.0484065 0)
(0.386235 -0.0549013 0)
(0.412478 -0.0619988 0)
(0.439282 -0.0696513 0)
(0.467101 -0.0778503 0)
(0.49514 -0.0864658 0)
(0.523991 -0.0954423 0)
(0.552633 -0.104571 0)
(0.581835 -0.113777 0)
(0.610348 -0.122796 0)
(0.639145 -0.131557 0)
(0.66675 -0.139761 0)
(0.694369 -0.147373 0)
(0.720311 -0.154085 0)
(0.746028 -0.159922 0)
(0.769647 -0.164588 0)
(0.792869 -0.16819 0)
(0.813683 -0.170463 0)
(0.834025 -0.17161 0)
(0.851802 -0.171405 0)
(0.869136 -0.170145 0)
(0.883908 -0.167637 0)
(0.898344 -0.164255 0)
(0.910353 -0.159825 0)
(0.92216 -0.154774 0)
(0.931776 -0.148932 0)
(0.941308 -0.142755 0)
(0.948955 -0.136057 0)
(0.956584 -0.129301 0)
(0.962686 -0.122273 0)
(0.968758 -0.11543 0)
(0.973698 -0.108527 0)
(0.978507 -0.102008 0)
(0.982615 -0.0955988 0)
(0.986393 -0.0897249 0)
(0.989944 -0.0840921 0)
(0.99286 -0.0791065 0)
(0.996084 -0.0744606 0)
(0.998251 -0.0705428 0)
(1.00134 -0.0670418 0)
(1.00282 -0.0643272 0)
(1.00593 -0.0620958 0)
(1.00671 -0.0606933 0)
(1.00998 -0.0598371 0)
(-0.0196178 0.0082514 0)
(-0.0378857 0.0319043 0)
(-0.0411154 0.0392309 0)
(-0.0432424 0.0400206 0)
(-0.0421534 0.0383597 0)
(-0.038717 0.0356018 0)
(-0.0333898 0.0325353 0)
(-0.0265142 0.0294902 0)
(-0.0183443 0.0265684 0)
(-0.00916768 0.0238351 0)
(0.000832945 0.02127 0)
(0.0114955 0.0188466 0)
(0.0226635 0.0165625 0)
(0.0342253 0.014412 0)
(0.0460933 0.0123862 0)
(0.0582008 0.0104755 0)
(0.0704762 0.0086742 0)
(0.0828872 0.00697935 0)
(0.0954371 0.00537878 0)
(0.108084 0.00384729 0)
(0.120816 0.00236294 0)
(0.133633 0.000911081 0)
(0.146541 -0.000519091 0)
(0.159534 -0.00193881 0)
(0.172647 -0.00335707 0)
(0.185901 -0.00478663 0)
(0.199335 -0.00624353 0)
(0.212959 -0.00775032 0)
(0.226833 -0.0093264 0)
(0.241001 -0.010989 0)
(0.255504 -0.0127554 0)
(0.270384 -0.0146469 0)
(0.285691 -0.0166852 0)
(0.301466 -0.0188938 0)
(0.317763 -0.0212964 0)
(0.334618 -0.0239074 0)
(0.352086 -0.026749 0)
(0.3702 -0.0298551 0)
(0.389019 -0.0332496 0)
(0.408547 -0.0369653 0)
(0.428854 -0.0410253 0)
(0.449903 -0.0454647 0)
(0.471782 -0.050308 0)
(0.494388 -0.0555907 0)
(0.517828 -0.0613363 0)
(0.541904 -0.0675709 0)
(0.566743 -0.0743057 0)
(0.592021 -0.081532 0)
(0.617898 -0.0892308 0)
(0.643909 -0.0973467 0)
(0.670273 -0.105824 0)
(0.696367 -0.114548 0)
(0.72251 -0.123427 0)
(0.747889 -0.132289 0)
(0.772982 -0.14102 0)
(0.796785 -0.149403 0)
(0.82 -0.157328 0)
(0.84142 -0.164551 0)
(0.862037 -0.171002 0)
(0.880431 -0.176438 0)
(0.897944 -0.180859 0)
(0.912929 -0.184039 0)
(0.927113 -0.186074 0)
(0.93861 -0.186765 0)
(0.949538 -0.186316 0)
(0.957762 -0.184549 0)
(0.965778 -0.18177 0)
(0.971185 -0.177817 0)
(0.97681 -0.173084 0)
(0.97998 -0.167404 0)
(0.983788 -0.161237 0)
(0.985308 -0.154382 0)
(0.98784 -0.147342 0)
(0.988226 -0.139869 0)
(0.989924 -0.132488 0)
(0.989586 -0.124894 0)
(0.990778 -0.117626 0)
(0.990007 -0.110319 0)
(0.99091 -0.10353 0)
(0.989898 -0.0968349 0)
(0.990645 -0.0908049 0)
(0.989506 -0.0849647 0)
(0.990163 -0.0799033 0)
(0.988957 -0.075096 0)
(0.989544 -0.0711555 0)
(0.988292 -0.0675115 0)
(0.988785 -0.064805 0)
(0.987478 -0.0624234 0)
(0.987811 -0.061039 0)
(0.986411 -0.0599979 0)
(-0.0189955 0.107953 0)
(-0.0182081 0.0727614 0)
(-0.0113743 0.0580458 0)
(0.00110557 0.0461501 0)
(0.0174337 0.0363362 0)
(0.0359192 0.0287961 0)
(0.0556161 0.0228768 0)
(0.075785 0.0180204 0)
(0.0962395 0.0138459 0)
(0.116457 0.010171 0)
(0.1365 0.00692707 0)
(0.156338 0.00406713 0)
(0.175839 0.00151772 0)
(0.194985 -0.000789338 0)
(0.21377 -0.00289907 0)
(0.232197 -0.00484167 0)
(0.250263 -0.00664092 0)
(0.267977 -0.00831884 0)
(0.28537 -0.00989628 0)
(0.302438 -0.0113981 0)
(0.319203 -0.0128514 0)
(0.3357 -0.0142817 0)
(0.351966 -0.0157107 0)
(0.368028 -0.017157 0)
(0.383943 -0.0186362 0)
(0.399754 -0.0201636 0)
(0.415505 -0.0217565 0)
(0.431243 -0.0234309 0)
(0.447016 -0.0252074 0)
(0.46288 -0.0271108 0)
(0.478879 -0.0291611 0)
(0.495068 -0.0313813 0)
(0.511485 -0.0337894 0)
(0.528179 -0.0364082 0)
(0.545183 -0.0392542 0)
(0.562537 -0.0423504 0)
(0.580267 -0.0457122 0)
(0.598401 -0.0493658 0)
(0.616955 -0.0533259 0)
(0.635939 -0.0576177 0)
(0.655354 -0.0622521 0)
(0.675181 -0.0672531 0)
(0.695409 -0.0726276 0)
(0.715977 -0.0783967 0)
(0.736856 -0.0845607 0)
(0.757922 -0.0911313 0)
(0.779129 -0.0980901 0)
(0.800278 -0.105422 0)
(0.821317 -0.113074 0)
(0.841956 -0.120993 0)
(0.862168 -0.129089 0)
(0.881568 -0.137265 0)
(0.900192 -0.145396 0)
(0.917552 -0.153346 0)
(0.933825 -0.160967 0)
(0.948413 -0.168098 0)
(0.961709 -0.174598 0)
(0.972984 -0.180298 0)
(0.982925 -0.185099 0)
(0.990635 -0.188849 0)
(0.997175 -0.191522 0)
(1.00141 -0.192991 0)
(1.00485 -0.193326 0)
(1.00603 -0.192426 0)
(1.00692 -0.190465 0)
(1.00567 -0.187345 0)
(1.00476 -0.183342 0)
(1.0018 -0.178345 0)
(0.999788 -0.172725 0)
(0.995787 -0.16633 0)
(0.993297 -0.159606 0)
(0.988777 -0.15233 0)
(0.986257 -0.145013 0)
(0.98157 -0.137345 0)
(0.979296 -0.129894 0)
(0.974638 -0.122255 0)
(0.972744 -0.115051 0)
(0.968187 -0.107781 0)
(0.966714 -0.101129 0)
(0.962254 -0.0944986 0)
(0.96119 -0.0886371 0)
(0.956779 -0.0828551 0)
(0.956089 -0.0779652 0)
(0.951655 -0.073187 0)
(0.951286 -0.069402 0)
(0.946735 -0.0657408 0)
(0.946615 -0.0631567 0)
(0.94183 -0.0606944 0)
(0.941859 -0.0593802 0)
(0.936697 -0.0581776 0)
(0.0698902 0.00704486 0)
(0.0898323 0.00651937 0)
(0.153491 0.00605107 0)
(0.198389 0.00286447 0)
(0.237198 -0.00143619 0)
(0.272483 -0.00555742 0)
(0.305063 -0.00911423 0)
(0.334787 -0.0121247 0)
(0.362432 -0.0147006 0)
(0.38825 -0.0169203 0)
(0.412603 -0.0188637 0)
(0.435715 -0.020585 0)
(0.457665 -0.0221224 0)
(0.478567 -0.0235095 0)
(0.498524 -0.0247717 0)
(0.517625 -0.0259294 0)
(0.53594 -0.0270023 0)
(0.553532 -0.0280125 0)
(0.57046 -0.0289853 0)
(0.586778 -0.0299409 0)
(0.602539 -0.0308992 0)
(0.617802 -0.0318812 0)
(0.63262 -0.032908 0)
(0.647052 -0.0339986 0)
(0.661156 -0.0351725 0)
(0.674987 -0.0364488 0)
(0.688593 -0.0378444 0)
(0.702028 -0.0393764 0)
(0.715333 -0.0410619 0)
(0.728561 -0.0429196 0)
(0.741751 -0.044966 0)
(0.754949 -0.0472196 0)
(0.768181 -0.049696 0)
(0.781484 -0.052414 0)
(0.79487 -0.0553873 0)
(0.808367 -0.0586327 0)
(0.821972 -0.062161 0)
(0.835698 -0.0659876 0)
(0.849523 -0.0701202 0)
(0.863447 -0.0745723 0)
(0.877424 -0.0793471 0)
(0.89143 -0.0844542 0)
(0.905396 -0.0898896 0)
(0.919269 -0.0956573 0)
(0.932947 -0.101743 0)
(0.946348 -0.108138 0)
(0.959343 -0.114809 0)
(0.971816 -0.121725 0)
(0.983623 -0.128819 0)
(0.994616 -0.136034 0)
(1.00466 -0.143269 0)
(1.01358 -0.150435 0)
(1.02128 -0.1574 0)
(1.0276 -0.164051 0)
(1.03253 -0.170241 0)
(1.03589 -0.175856 0)
(1.03784 -0.180756 0)
(1.03817 -0.184847 0)
(1.03726 -0.188025 0)
(1.0348 -0.190228 0)
(1.03145 -0.191411 0)
(1.02673 -0.191544 0)
(1.02162 -0.190654 0)
(1.01532 -0.188735 0)
(1.00923 -0.18589 0)
(1.00205 -0.182118 0)
(0.995657 -0.177603 0)
(0.988141 -0.172317 0)
(0.981956 -0.166523 0)
(0.974441 -0.160133 0)
(0.968767 -0.153487 0)
(0.961404 -0.146406 0)
(0.95637 -0.139316 0)
(0.949163 -0.131927 0)
(0.944787 -0.124765 0)
(0.937661 -0.11741 0)
(0.933915 -0.110501 0)
(0.92677 -0.103471 0)
(0.923622 -0.0970903 0)
(0.916354 -0.0906304 0)
(0.913788 -0.0850043 0)
(0.906297 -0.0793106 0)
(0.904313 -0.0746213 0)
(0.896491 -0.0698454 0)
(0.89509 -0.0662291 0)
(0.886802 -0.0624778 0)
(0.885965 -0.0600257 0)
(0.877035 -0.0573656 0)
(0.876705 -0.0561305 0)
(0.86691 -0.0545955 0)
(0.773644 -0.00918938 0)
(0.775198 -0.0206098 0)
(0.776033 -0.0268243 0)
(0.777712 -0.0305217 0)
(0.78136 -0.0331738 0)
(0.78675 -0.0353799 0)
(0.793604 -0.0372671 0)
(0.80129 -0.038803 0)
(0.809584 -0.0400047 0)
(0.818277 -0.0409103 0)
(0.827187 -0.0415956 0)
(0.836185 -0.0421339 0)
(0.845172 -0.0425684 0)
(0.854077 -0.0429244 0)
(0.862845 -0.04322 0)
(0.871437 -0.0434713 0)
(0.879823 -0.0436952 0)
(0.887982 -0.04391 0)
(0.895904 -0.0441359 0)
(0.903586 -0.044393 0)
(0.911033 -0.0447014 0)
(0.918255 -0.0450817 0)
(0.925271 -0.0455544 0)
(0.932099 -0.0461403 0)
(0.938763 -0.0468604 0)
(0.945284 -0.047734 0)
(0.951685 -0.0487786 0)
(0.957987 -0.0500095 0)
(0.96421 -0.0514411 0)
(0.970373 -0.0530869 0)
(0.976491 -0.0549596 0)
(0.982578 -0.0570717 0)
(0.988638 -0.0594346 0)
(0.994677 -0.0620593 0)
(1.00069 -0.0649551 0)
(1.00667 -0.0681302 0)
(1.01261 -0.0715908 0)
(1.01849 -0.0753424 0)
(1.02427 -0.079388 0)
(1.02994 -0.0837297 0)
(1.03543 -0.0883657 0)
(1.04072 -0.0932931 0)
(1.04572 -0.0985026 0)
(1.05039 -0.103982 0)
(1.05464 -0.10971 0)
(1.05841 -0.115658 0)
(1.06159 -0.121787 0)
(1.06412 -0.128052 0)
(1.06588 -0.134389 0)
(1.06682 -0.140732 0)
(1.06685 -0.146992 0)
(1.06593 -0.153087 0)
(1.064 -0.158906 0)
(1.06107 -0.164357 0)
(1.05713 -0.169327 0)
(1.05225 -0.173731 0)
(1.04648 -0.177463 0)
(1.03991 -0.180464 0)
(1.03269 -0.182648 0)
(1.02488 -0.183992 0)
(1.01674 -0.184444 0)
(1.00822 -0.184018 0)
(0.999692 -0.182703 0)
(0.99089 -0.180544 0)
(0.982378 -0.177568 0)
(0.973539 -0.173839 0)
(0.965239 -0.169425 0)
(0.95639 -0.164379 0)
(0.948333 -0.15881 0)
(0.939368 -0.152742 0)
(0.931517 -0.146342 0)
(0.922288 -0.139574 0)
(0.914614 -0.132681 0)
(0.904992 -0.125542 0)
(0.897528 -0.1185 0)
(0.887443 -0.111316 0)
(0.880302 -0.104464 0)
(0.869733 -0.0975427 0)
(0.86309 -0.0911853 0)
(0.852025 -0.0847841 0)
(0.846089 -0.0791725 0)
(0.834484 -0.0734909 0)
(0.829464 -0.0688227 0)
(0.817207 -0.0640026 0)
(0.813296 -0.0604206 0)
(0.800174 -0.0565456 0)
(0.797534 -0.0541371 0)
(0.783212 -0.0512355 0)
(0.781967 -0.050037 0)
(0.765992 -0.0480895 0)
(1.05716 0.00828893 0)
(1.06025 -9.72891e-05 0)
(1.06097 -0.00725228 0)
(1.06023 -0.0129068 0)
(1.05935 -0.0175368 0)
(1.05905 -0.0215505 0)
(1.05946 -0.0251231 0)
(1.06043 -0.0282654 0)
(1.06174 -0.0309736 0)
(1.06324 -0.0332675 0)
(1.06484 -0.0351911 0)
(1.0665 -0.0367982 0)
(1.06817 -0.0381411 0)
(1.06986 -0.0392649 0)
(1.07152 -0.040209 0)
(1.07315 -0.0410083 0)
(1.07472 -0.0416957 0)
(1.07622 -0.0423027 0)
(1.07763 -0.0428608 0)
(1.07895 -0.0434005 0)
(1.08018 -0.0439516 0)
(1.08131 -0.0445431 0)
(1.08235 -0.0452027 0)
(1.0833 -0.0459571 0)
(1.08418 -0.0468316 0)
(1.08497 -0.0478491 0)
(1.0857 -0.0490301 0)
(1.08637 -0.0503924 0)
(1.08698 -0.051952 0)
(1.08753 -0.0537227 0)
(1.08802 -0.055717 0)
(1.08845 -0.0579455 0)
(1.08882 -0.0604168 0)
(1.08911 -0.0631378 0)
(1.08932 -0.0661139 0)
(1.08943 -0.069349 0)
(1.08943 -0.0728458 0)
(1.0893 -0.076605 0)
(1.08901 -0.0806258 0)
(1.08853 -0.0849048 0)
(1.08784 -0.0894364 0)
(1.08691 -0.0942112 0)
(1.08569 -0.0992159 0)
(1.08415 -0.104432 0)
(1.08225 -0.109834 0)
(1.07995 -0.115391 0)
(1.07722 -0.121064 0)
(1.07403 -0.126806 0)
(1.07033 -0.13256 0)
(1.06612 -0.138263 0)
(1.06137 -0.143842 0)
(1.05609 -0.149221 0)
(1.05028 -0.154316 0)
(1.04396 -0.159048 0)
(1.03715 -0.163333 0)
(1.02991 -0.1671 0)
(1.02225 -0.17027 0)
(1.01425 -0.172785 0)
(1.00591 -0.174577 0)
(0.997287 -0.175609 0)
(0.988363 -0.175832 0)
(0.979154 -0.175242 0)
(0.969641 -0.173815 0)
(0.95977 -0.17159 0)
(0.949555 -0.16857 0)
(0.938842 -0.164824 0)
(0.92777 -0.160364 0)
(0.916032 -0.155274 0)
(0.90401 -0.149581 0)
(0.89115 -0.143392 0)
(0.878233 -0.136769 0)
(0.864303 -0.129825 0)
(0.850727 -0.122651 0)
(0.835911 -0.115331 0)
(0.822052 -0.108 0)
(0.806607 -0.100687 0)
(0.79293 -0.0935922 0)
(0.777118 -0.0866445 0)
(0.764121 -0.0801331 0)
(0.748126 -0.0738254 0)
(0.736282 -0.068151 0)
(0.720124 -0.0626542 0)
(0.709854 -0.0579845 0)
(0.693348 -0.0533818 0)
(0.685044 -0.0498223 0)
(0.66776 -0.0461295 0)
(0.661828 -0.0437449 0)
(0.64305 -0.0409256 0)
(0.63997 -0.0397436 0)
(0.618668 -0.0377083 0)
(1.08188 -0.00324903 0)
(1.08785 -0.0108284 0)
(1.09216 -0.0181647 0)
(1.09483 -0.0242631 0)
(1.09635 -0.0289808 0)
(1.09734 -0.0326422 0)
(1.09818 -0.035606 0)
(1.09904 -0.0380987 0)
(1.0999 -0.0402138 0)
(1.10073 -0.0419784 0)
(1.10148 -0.0434064 0)
(1.10213 -0.0445234 0)
(1.10268 -0.0453691 0)
(1.10315 -0.0459902 0)
(1.10354 -0.0464334 0)
(1.10385 -0.0467419 0)
(1.10408 -0.046955 0)
(1.10422 -0.0471089 0)
(1.10428 -0.0472375 0)
(1.10424 -0.047373 0)
(1.1041 -0.0475462 0)
(1.10386 -0.0477863 0)
(1.10353 -0.0481208 0)
(1.1031 -0.0485753 0)
(1.10257 -0.049173 0)
(1.10195 -0.0499349 0)
(1.10124 -0.0508795 0)
(1.10043 -0.0520227 0)
(1.09954 -0.0533779 0)
(1.09856 -0.0549565 0)
(1.09748 -0.0567675 0)
(1.09631 -0.0588181 0)
(1.09503 -0.0611135 0)
(1.09365 -0.0636574 0)
(1.09216 -0.0664522 0)
(1.09054 -0.069499 0)
(1.08878 -0.0727975 0)
(1.08688 -0.0763462 0)
(1.08482 -0.0801412 0)
(1.08259 -0.0841771 0)
(1.08017 -0.0884452 0)
(1.07753 -0.0929341 0)
(1.07468 -0.0976279 0)
(1.07157 -0.102506 0)
(1.0682 -0.107544 0)
(1.06455 -0.112709 0)
(1.06059 -0.117962 0)
(1.0563 -0.123257 0)
(1.05165 -0.128541 0)
(1.04661 -0.13375 0)
(1.04117 -0.138818 0)
(1.03529 -0.14367 0)
(1.02892 -0.148233 0)
(1.02204 -0.152429 0)
(1.0146 -0.156185 0)
(1.00656 -0.159429 0)
(0.997852 -0.162094 0)
(0.988438 -0.164114 0)
(0.978251 -0.165427 0)
(0.967233 -0.165972 0)
(0.955307 -0.165695 0)
(0.942418 -0.164561 0)
(0.928492 -0.16255 0)
(0.9135 -0.159684 0)
(0.897405 -0.155993 0)
(0.880228 -0.151535 0)
(0.862002 -0.146347 0)
(0.84279 -0.140505 0)
(0.822703 -0.134058 0)
(0.801794 -0.127129 0)
(0.780313 -0.119808 0)
(0.758257 -0.112261 0)
(0.736072 -0.104571 0)
(0.713563 -0.0968994 0)
(0.691457 -0.089301 0)
(0.669169 -0.0819266 0)
(0.64789 -0.074815 0)
(0.62639 -0.0680956 0)
(0.606617 -0.061794 0)
(0.586289 -0.0559851 0)
(0.568571 -0.0506927 0)
(0.549503 -0.045899 0)
(0.534238 -0.0416776 0)
(0.516158 -0.0378745 0)
(0.503686 -0.0347128 0)
(0.48592 -0.0318126 0)
(0.47669 -0.0296987 0)
(0.45806 -0.0275844 0)
(0.45288 -0.0265258 0)
(0.431508 -0.0250416 0)
(1.07463 -0.00715547 0)
(1.0807 -0.0121097 0)
(1.08564 -0.0172577 0)
(1.08938 -0.0220613 0)
(1.09206 -0.0261715 0)
(1.094 -0.0295411 0)
(1.0955 -0.0323054 0)
(1.0968 -0.0346251 0)
(1.09798 -0.0366083 0)
(1.09907 -0.0383033 0)
(1.10005 -0.0397249 0)
(1.1009 -0.0408822 0)
(1.10161 -0.0417939 0)
(1.10219 -0.0424904 0)
(1.10264 -0.0430096 0)
(1.10298 -0.043391 0)
(1.10321 -0.0436733 0)
(1.10332 -0.0438928 0)
(1.10331 -0.0440838 0)
(1.10317 -0.0442791 0)
(1.10291 -0.0445097 0)
(1.10252 -0.044805 0)
(1.102 -0.0451921 0)
(1.10137 -0.045696 0)
(1.10061 -0.0463389 0)
(1.09973 -0.0471408 0)
(1.09874 -0.0481192 0)
(1.09763 -0.0492894 0)
(1.09641 -0.0506641 0)
(1.09508 -0.0522536 0)
(1.09363 -0.0540656 0)
(1.09207 -0.0561059 0)
(1.09038 -0.0583783 0)
(1.08856 -0.0608855 0)
(1.08661 -0.0636283 0)
(1.08451 -0.0666066 0)
(1.08225 -0.069819 0)
(1.07982 -0.0732623 0)
(1.0772 -0.0769316 0)
(1.07437 -0.0808195 0)
(1.07131 -0.0849159 0)
(1.06799 -0.0892071 0)
(1.06439 -0.0936752 0)
(1.06048 -0.0982978 0)
(1.05622 -0.103047 0)
(1.05157 -0.107888 0)
(1.04648 -0.112781 0)
(1.04089 -0.117677 0)
(1.03476 -0.122519 0)
(1.02799 -0.127243 0)
(1.02053 -0.131776 0)
(1.01227 -0.136043 0)
(1.00313 -0.139962 0)
(0.992998 -0.143455 0)
(0.981773 -0.146442 0)
(0.969352 -0.14885 0)
(0.955637 -0.150611 0)
(0.940547 -0.151665 0)
(0.924006 -0.151951 0)
(0.905963 -0.151407 0)
(0.88637 -0.149974 0)
(0.865202 -0.147609 0)
(0.842455 -0.144306 0)
(0.818155 -0.140106 0)
(0.792386 -0.135082 0)
(0.765279 -0.129319 0)
(0.737039 -0.122905 0)
(0.707882 -0.115933 0)
(0.678053 -0.108502 0)
(0.647764 -0.100741 0)
(0.617302 -0.0927996 0)
(0.586922 -0.0848567 0)
(0.556993 -0.0770566 0)
(0.527749 -0.0695451 0)
(0.499559 -0.0623983 0)
(0.472495 -0.0557128 0)
(0.446944 -0.0495017 0)
(0.422755 -0.0438428 0)
(0.400442 -0.0387077 0)
(0.379504 -0.0341777 0)
(0.360734 -0.0301723 0)
(0.343027 -0.0267687 0)
(0.327772 -0.0238213 0)
(0.312824 -0.0214173 0)
(0.300843 -0.0193665 0)
(0.287758 -0.0177813 0)
(0.278911 -0.0164714 0)
(0.266295 -0.0155294 0)
(0.261066 -0.0148828 0)
(0.246557 -0.0144149 0)
(1.06828 -0.0146091 0)
(1.07413 -0.0186154 0)
(1.07918 -0.0227519 0)
(1.08336 -0.0267446 0)
(1.08669 -0.0303524 0)
(1.08931 -0.0334487 0)
(1.09143 -0.036035 0)
(1.09324 -0.0381846 0)
(1.09485 -0.0399791 0)
(1.09631 -0.0414766 0)
(1.09764 -0.0427079 0)
(1.09882 -0.0436891 0)
(1.09983 -0.0444355 0)
(1.10068 -0.0449693 0)
(1.10136 -0.0453208 0)
(1.10187 -0.045526 0)
(1.10221 -0.0456226 0)
(1.10238 -0.0456487 0)
(1.10238 -0.0456411 0)
(1.1022 -0.0456353 0)
(1.10185 -0.0456649 0)
(1.10132 -0.0457614 0)
(1.10061 -0.045953 0)
(1.09973 -0.0462648 0)
(1.09868 -0.0467182 0)
(1.09746 -0.0473321 0)
(1.09607 -0.048123 0)
(1.09452 -0.0491054 0)
(1.0928 -0.0502907 0)
(1.09091 -0.0516881 0)
(1.08885 -0.0533041 0)
(1.08662 -0.055143 0)
(1.08419 -0.057207 0)
(1.08155 -0.0594966 0)
(1.07869 -0.0620103 0)
(1.07559 -0.0647458 0)
(1.07223 -0.0676986 0)
(1.06857 -0.070863 0)
(1.06458 -0.0742307 0)
(1.06022 -0.0777911 0)
(1.05546 -0.0815303 0)
(1.05025 -0.08543 0)
(1.04453 -0.0894678 0)
(1.03824 -0.093615 0)
(1.03132 -0.0978381 0)
(1.02368 -0.102096 0)
(1.01526 -0.106343 0)
(1.00595 -0.110525 0)
(0.995652 -0.114577 0)
(0.984265 -0.118427 0)
(0.971674 -0.121994 0)
(0.957752 -0.125195 0)
(0.942377 -0.127942 0)
(0.925422 -0.130151 0)
(0.906773 -0.131743 0)
(0.886322 -0.132644 0)
(0.86399 -0.132795 0)
(0.839727 -0.132158 0)
(0.81352 -0.13069 0)
(0.785414 -0.128364 0)
(0.755461 -0.125132 0)
(0.723788 -0.120984 0)
(0.690485 -0.11594 0)
(0.655742 -0.110087 0)
(0.619742 -0.103525 0)
(0.582844 -0.0963919 0)
(0.545441 -0.0888448 0)
(0.508 -0.0810595 0)
(0.470962 -0.0731899 0)
(0.43472 -0.0653858 0)
(0.399616 -0.0578048 0)
(0.366028 -0.0505908 0)
(0.334395 -0.0438728 0)
(0.305072 -0.0377852 0)
(0.278367 -0.0324184 0)
(0.254366 -0.0278183 0)
(0.233131 -0.0239607 0)
(0.214478 -0.0208024 0)
(0.198316 -0.0182358 0)
(0.184258 -0.0161799 0)
(0.172232 -0.0145011 0)
(0.161704 -0.0131591 0)
(0.152764 -0.0120305 0)
(0.144674 -0.011139 0)
(0.137898 -0.0103447 0)
(0.131258 -0.00976772 0)
(0.126043 -0.00920604 0)
(0.119896 -0.00892807 0)
(0.11636 -0.00860496 0)
(0.108945 -0.00860551 0)
(1.06563 -0.0205906 0)
(1.07136 -0.0238135 0)
(1.07646 -0.0270987 0)
(1.08088 -0.0303011 0)
(1.08461 -0.0332744 0)
(1.08771 -0.0359068 0)
(1.0903 -0.0381503 0)
(1.0925 -0.0400164 0)
(1.09442 -0.0415473 0)
(1.09613 -0.0427872 0)
(1.09765 -0.0437692 0)
(1.09896 -0.0445141 0)
(1.10004 -0.0450378 0)
(1.10089 -0.0453586 0)
(1.10149 -0.0455009 0)
(1.10183 -0.0454957 0)
(1.10191 -0.0453783 0)
(1.10173 -0.0451863 0)
(1.10128 -0.0449577 0)
(1.10055 -0.04473 0)
(1.09954 -0.044539 0)
(1.09826 -0.0444182 0)
(1.09671 -0.0443978 0)
(1.09489 -0.0445025 0)
(1.0928 -0.044752 0)
(1.09045 -0.0451633 0)
(1.08783 -0.0457504 0)
(1.08494 -0.0465254 0)
(1.08177 -0.0474969 0)
(1.07831 -0.048672 0)
(1.07456 -0.0500543 0)
(1.07049 -0.0516456 0)
(1.06608 -0.0534446 0)
(1.06131 -0.0554487 0)
(1.05613 -0.0576524 0)
(1.05052 -0.0600494 0)
(1.04443 -0.0626303 0)
(1.0378 -0.0653848 0)
(1.03059 -0.0682993 0)
(1.02272 -0.0713578 0)
(1.01414 -0.0745402 0)
(1.00477 -0.0778225 0)
(0.994526 -0.0811747 0)
(0.98332 -0.0845605 0)
(0.971055 -0.0879372 0)
(0.95763 -0.091255 0)
(0.942936 -0.0944615 0)
(0.926861 -0.0974971 0)
(0.909293 -0.100292 0)
(0.890117 -0.102768 0)
(0.869221 -0.104842 0)
(0.846493 -0.10643 0)
(0.821836 -0.107454 0)
(0.795161 -0.107842 0)
(0.766417 -0.107532 0)
(0.735573 -0.106467 0)
(0.702659 -0.104606 0)
(0.667691 -0.101911 0)
(0.630853 -0.098382 0)
(0.592319 -0.0940122 0)
(0.552428 -0.0888307 0)
(0.511595 -0.0829441 0)
(0.470123 -0.0764508 0)
(0.428475 -0.0695038 0)
(0.386965 -0.0622062 0)
(0.346309 -0.0547797 0)
(0.307088 -0.0473696 0)
(0.270077 -0.0402225 0)
(0.235991 -0.0336467 0)
(0.20533 -0.0279685 0)
(0.178162 -0.0232967 0)
(0.154652 -0.0196235 0)
(0.134701 -0.0168349 0)
(0.117987 -0.0147435 0)
(0.104087 -0.0131283 0)
(0.0924512 -0.0118248 0)
(0.0825781 -0.0107419 0)
(0.0740444 -0.00984501 0)
(0.0665878 -0.00909699 0)
(0.0599846 -0.00847442 0)
(0.0541406 -0.00793343 0)
(0.048887 -0.00745609 0)
(0.044227 -0.00700281 0)
(0.0399776 -0.00659293 0)
(0.0362035 -0.00618763 0)
(0.0326279 -0.00585258 0)
(0.0294963 -0.00553504 0)
(0.026314 -0.00538393 0)
(0.0238558 -0.00521257 0)
(0.0201313 -0.00544518 0)
(1.06634 -0.0267945 0)
(1.07188 -0.0293517 0)
(1.07685 -0.0319198 0)
(1.08117 -0.0344323 0)
(1.08483 -0.0368067 0)
(1.08785 -0.0389579 0)
(1.0903 -0.0408221 0)
(1.09224 -0.0423728 0)
(1.09376 -0.0436174 0)
(1.0949 -0.0445796 0)
(1.09568 -0.0452845 0)
(1.0961 -0.0457521 0)
(1.09613 -0.0459984 0)
(1.09576 -0.04604 0)
(1.09497 -0.045898 0)
(1.09374 -0.0455997 0)
(1.09209 -0.0451788 0)
(1.09 -0.0446727 0)
(1.08747 -0.0441205 0)
(1.0845 -0.0435614 0)
(1.08111 -0.0430336 0)
(1.07729 -0.0425727 0)
(1.07306 -0.0422111 0)
(1.06842 -0.0419748 0)
(1.06338 -0.0418841 0)
(1.05793 -0.0419548 0)
(1.05208 -0.0421982 0)
(1.0458 -0.0426218 0)
(1.0391 -0.0432296 0)
(1.03194 -0.0440228 0)
(1.0243 -0.0449996 0)
(1.01616 -0.0461563 0)
(1.00747 -0.0474866 0)
(0.998191 -0.0489827 0)
(0.988273 -0.0506344 0)
(0.97766 -0.0524301 0)
(0.966286 -0.0543554 0)
(0.954084 -0.0563946 0)
(0.940976 -0.0585283 0)
(0.926888 -0.060736 0)
(0.911728 -0.0629915 0)
(0.895416 -0.0652673 0)
(0.877851 -0.0675276 0)
(0.858951 -0.0697338 0)
(0.838608 -0.071836 0)
(0.816743 -0.0737819 0)
(0.793245 -0.0755125 0)
(0.768033 -0.0769584 0)
(0.741036 -0.0780429 0)
(0.712207 -0.0786876 0)
(0.681509 -0.0788192 0)
(0.648932 -0.0783723 0)
(0.614495 -0.0772963 0)
(0.578254 -0.0755557 0)
(0.540339 -0.0731442 0)
(0.500944 -0.0700636 0)
(0.460367 -0.0663194 0)
(0.418839 -0.0618639 0)
(0.376814 -0.0566846 0)
(0.3348 -0.0507626 0)
(0.293546 -0.0442762 0)
(0.253869 -0.0376278 0)
(0.216501 -0.0312805 0)
(0.182146 -0.0256743 0)
(0.151195 -0.0210656 0)
(0.124454 -0.0175131 0)
(0.102249 -0.0148715 0)
(0.0841467 -0.0128185 0)
(0.0693537 -0.011094 0)
(0.0570123 -0.00966532 0)
(0.0462555 -0.00850116 0)
(0.0367587 -0.00771576 0)
(0.0283383 -0.0072498 0)
(0.0209406 -0.00689162 0)
(0.0145018 -0.0064975 0)
(0.00887505 -0.00602401 0)
(0.00392676 -0.00550035 0)
(-0.000463915 -0.00499265 0)
(-0.00438724 -0.00455744 0)
(-0.00791842 -0.00422482 0)
(-0.0111012 -0.00398561 0)
(-0.0140149 -0.00380935 0)
(-0.0166886 -0.00365962 0)
(-0.019176 -0.00352212 0)
(-0.0214755 -0.00337642 0)
(-0.023641 -0.00325428 0)
(-0.0256181 -0.00316227 0)
(-0.0274934 -0.00316889 0)
(-0.0292295 -0.0032591 0)
(-0.0312224 -0.00365949 0)
(1.06594 -0.0310294 0)
(1.0699 -0.0329957 0)
(1.07304 -0.0349385 0)
(1.07528 -0.0368309 0)
(1.0766 -0.0386183 0)
(1.07702 -0.0402337 0)
(1.07657 -0.0416165 0)
(1.07532 -0.0427274 0)
(1.07331 -0.0435536 0)
(1.07059 -0.0441016 0)
(1.06719 -0.044387 0)
(1.06313 -0.044427 0)
(1.05842 -0.0442376 0)
(1.05307 -0.0438357 0)
(1.04709 -0.0432414 0)
(1.0405 -0.0424813 0)
(1.03332 -0.0415882 0)
(1.02557 -0.0406011 0)
(1.01728 -0.0395611 0)
(1.00848 -0.038511 0)
(0.999178 -0.0374903 0)
(0.989409 -0.0365358 0)
(0.979179 -0.0356782 0)
(0.968509 -0.0349486 0)
(0.957412 -0.0343728 0)
(0.945885 -0.0339678 0)
(0.933919 -0.0337422 0)
(0.921497 -0.0336959 0)
(0.908595 -0.0338239 0)
(0.895181 -0.0341166 0)
(0.88122 -0.0345622 0)
(0.866666 -0.0351467 0)
(0.851473 -0.0358562 0)
(0.835584 -0.0366746 0)
(0.818941 -0.0375861 0)
(0.80148 -0.0385726 0)
(0.783135 -0.0396164 0)
(0.763836 -0.0406964 0)
(0.743515 -0.041792 0)
(0.722099 -0.0428787 0)
(0.699525 -0.0439319 0)
(0.675725 -0.0449231 0)
(0.650647 -0.0458226 0)
(0.62424 -0.0465957 0)
(0.596474 -0.0472021 0)
(0.567363 -0.0475953 0)
(0.536877 -0.0476987 0)
(0.505059 -0.0474227 0)
(0.471984 -0.0466795 0)
(0.43778 -0.0453921 0)
(0.402608 -0.0435057 0)
(0.366691 -0.0410036 0)
(0.330325 -0.0378978 0)
(0.293819 -0.0342772 0)
(0.257604 -0.0303141 0)
(0.222242 -0.0262501 0)
(0.188474 -0.0223493 0)
(0.157058 -0.0188272 0)
(0.128651 -0.0156857 0)
(0.104122 -0.0130409 0)
(0.0835242 -0.0108537 0)
(0.066348 -0.00899475 0)
(0.0518803 -0.0074136 0)
(0.0394895 -0.00617228 0)
(0.0286062 -0.00541789 0)
(0.0188794 -0.00520776 0)
(0.0103626 -0.00532198 0)
(0.00309317 -0.00524055 0)
(-0.00314397 -0.00466946 0)
(-0.00851453 -0.00374621 0)
(-0.013152 -0.00285751 0)
(-0.0172164 -0.00225797 0)
(-0.0208396 -0.00198519 0)
(-0.0241249 -0.0019446 0)
(-0.0271349 -0.00200035 0)
(-0.0298822 -0.00204054 0)
(-0.0323745 -0.00202563 0)
(-0.034636 -0.00197016 0)
(-0.0367036 -0.00190197 0)
(-0.038621 -0.00184268 0)
(-0.0404155 -0.0017998 0)
(-0.0421127 -0.00177141 0)
(-0.0437259 -0.00174315 0)
(-0.045267 -0.00170773 0)
(-0.0467331 -0.00166554 0)
(-0.0481246 -0.00164265 0)
(-0.0494228 -0.00166545 0)
(-0.0506741 -0.00177888 0)
(-0.0519801 -0.00200172 0)
(-0.0532354 -0.00233307 0)
(1.02386 -0.0368782 0)
(1.01889 -0.0374597 0)
(1.0126 -0.0380355 0)
(1.00496 -0.0385918 0)
(0.996007 -0.0390862 0)
(0.985805 -0.0394667 0)
(0.974435 -0.0396858 0)
(0.962008 -0.0397086 0)
(0.948626 -0.0395109 0)
(0.934404 -0.0390836 0)
(0.919451 -0.038431 0)
(0.903871 -0.0375658 0)
(0.887757 -0.0365046 0)
(0.871193 -0.0352667 0)
(0.85426 -0.0338741 0)
(0.837037 -0.0323536 0)
(0.819596 -0.0307367 0)
(0.802007 -0.0290605 0)
(0.784324 -0.0273643 0)
(0.7666 -0.0256889 0)
(0.748864 -0.0240712 0)
(0.731144 -0.0225446 0)
(0.713433 -0.0211351 0)
(0.695736 -0.0198677 0)
(0.678052 -0.0187617 0)
(0.660369 -0.0178287 0)
(0.642664 -0.017072 0)
(0.624901 -0.0164874 0)
(0.607037 -0.016064 0)
(0.589023 -0.0157863 0)
(0.570804 -0.015636 0)
(0.552325 -0.015593 0)
(0.533529 -0.0156367 0)
(0.514361 -0.0157454 0)
(0.494765 -0.0158977 0)
(0.474692 -0.0160714 0)
(0.454098 -0.0162446 0)
(0.432944 -0.0163947 0)
(0.411205 -0.0165006 0)
(0.388861 -0.01654 0)
(0.36592 -0.0164945 0)
(0.342389 -0.0163446 0)
(0.318328 -0.0160791 0)
(0.293785 -0.015685 0)
(0.268915 -0.015165 0)
(0.243923 -0.0145135 0)
(0.218991 -0.0137093 0)
(0.194392 -0.0127423 0)
(0.170437 -0.011626 0)
(0.147498 -0.0103785 0)
(0.125921 -0.00905241 0)
(0.105997 -0.00760599 0)
(0.0880141 -0.00613995 0)
(0.0719363 -0.00474389 0)
(0.0576515 -0.00347797 0)
(0.0449998 -0.00246498 0)
(0.0338151 -0.00187211 0)
(0.0239334 -0.00183038 0)
(0.0149577 -0.00228627 0)
(0.00701299 -0.00299814 0)
(9.36863e-05 -0.0033971 0)
(-0.00582034 -0.0030858 0)
(-0.0107138 -0.00215554 0)
(-0.0146848 -0.00104921 0)
(-0.0179768 -0.000277708 0)
(-0.0208271 -6.11527e-05 0)
(-0.0234795 -0.000195102 0)
(-0.0260103 -0.000402664 0)
(-0.028311 -0.000492392 0)
(-0.0302456 -0.000387418 0)
(-0.0317945 -0.000240221 0)
(-0.0330511 -0.000154824 0)
(-0.0341626 -0.000173507 0)
(-0.0352368 -0.00027754 0)
(-0.0363225 -0.000392758 0)
(-0.0374185 -0.000470602 0)
(-0.0384979 -0.000503063 0)
(-0.0395371 -0.000506978 0)
(-0.0405281 -0.000503436 0)
(-0.0414777 -0.000505116 0)
(-0.0423975 -0.000511712 0)
(-0.0432979 -0.000521128 0)
(-0.0441826 -0.000527614 0)
(-0.045051 -0.00052816 0)
(-0.0458985 -0.00052564 0)
(-0.0467221 -0.000537015 0)
(-0.0475261 -0.000591265 0)
(-0.0483739 -0.000731685 0)
(-0.0493926 -0.00096323 0)
(-0.0503952 -0.00118201 0)
(0.714718 -0.0206799 0)
(0.685713 -0.0202626 0)
(0.65659 -0.0198588 0)
(0.62737 -0.0194628 0)
(0.598108 -0.0190505 0)
(0.568888 -0.0185914 0)
(0.539831 -0.0180569 0)
(0.511111 -0.0174243 0)
(0.482888 -0.0166699 0)
(0.455338 -0.0157804 0)
(0.428627 -0.0147573 0)
(0.402915 -0.0136145 0)
(0.378338 -0.0123753 0)
(0.355015 -0.0110679 0)
(0.33304 -0.00972321 0)
(0.312484 -0.0083742 0)
(0.293388 -0.00705537 0)
(0.275762 -0.00580121 0)
(0.259582 -0.00464384 0)
(0.244789 -0.00361017 0)
(0.231292 -0.00271994 0)
(0.218977 -0.00198421 0)
(0.207715 -0.00140352 0)
(0.197372 -0.000960147 0)
(0.187816 -0.000632432 0)
(0.178915 -0.00040212 0)
(0.170536 -0.000254241 0)
(0.162557 -0.000174616 0)
(0.154863 -0.000148493 0)
(0.147356 -0.000160658 0)
(0.139953 -0.000196229 0)
(0.132587 -0.000241219 0)
(0.12521 -0.000282816 0)
(0.117789 -0.000309438 0)
(0.110305 -0.00031088 0)
(0.102758 -0.000278522 0)
(0.0951588 -0.000205682 0)
(0.0875339 -8.80608e-05 0)
(0.0799211 7.57423e-05 0)
(0.0723677 0.000283471 0)
(0.0649293 0.000528559 0)
(0.0576649 0.000799024 0)
(0.0506346 0.00107683 0)
(0.0438907 0.00133577 0)
(0.0374734 0.00153862 0)
(0.0313976 0.00162762 0)
(0.0256464 0.00153963 0)
(0.0201899 0.00124217 0)
(0.0149868 0.000744478 0)
(0.0100179 0.000108614 0)
(0.00528918 -0.000542568 0)
(0.000730271 -0.00103844 0)
(-0.00348237 -0.0013684 0)
(-0.00712708 -0.00141784 0)
(-0.0100278 -0.0011368 0)
(-0.012099 -0.000605919 0)
(-0.0134044 1.34063e-05 0)
(-0.0141987 0.000531522 0)
(-0.0148562 0.000798755 0)
(-0.0156768 0.000876207 0)
(-0.0167688 0.000827477 0)
(-0.0179033 0.000743544 0)
(-0.018754 0.000679489 0)
(-0.0191438 0.00061514 0)
(-0.0191308 0.000513177 0)
(-0.0189642 0.000357558 0)
(-0.0188997 0.000157053 0)
(-0.0190392 7.87982e-06 0)
(-0.0193138 -3.93455e-05 0)
(-0.0195692 3.02318e-06 0)
(-0.0197117 7.70547e-05 0)
(-0.0197504 0.000132264 0)
(-0.0197532 0.000145505 0)
(-0.0197902 0.000124441 0)
(-0.0198975 8.65322e-05 0)
(-0.0200715 4.85862e-05 0)
(-0.0202882 2.02651e-05 0)
(-0.020524 3.04908e-06 0)
(-0.0207659 -6.47869e-06 0)
(-0.0210111 -1.29347e-05 0)
(-0.0212616 -1.88626e-05 0)
(-0.0215195 -2.48878e-05 0)
(-0.0217842 -2.98021e-05 0)
(-0.0220525 -3.24687e-05 0)
(-0.0223202 -3.29964e-05 0)
(-0.0225871 -3.58205e-05 0)
(-0.0228659 -5.38691e-05 0)
(-0.0232137 -0.000112621 0)
(-0.023767 -0.000220044 0)
(-0.0245107 -0.000314435 0)
)
;

boundaryField
{
    fixedWalls
    {
        type            noSlip;
    }
    inflowWall
    {
        type            fixedValue;
        value           uniform (1 0 0);
    }
    outflowWall
    {
        type            zeroGradient;
    }
    frontAndBack
    {
        type            empty;
    }
}


// ************************************************************************* //
