/*--------------------------------*- C++ -*----------------------------------*\
| =========                 |                                                 |
| \\      /  F ield         | OpenFOAM: The Open Source CFD Toolbox           |
|  \\    /   O peration     | Version:  2306                                  |
|   \\  /    A nd           | Website:  www.openfoam.com                      |
|    \\/     M anipulation  |                                                 |
\*---------------------------------------------------------------------------*/
FoamFile
{
    version     2.0;
    format      ascii;
    arch        "LSB;label=32;scalar=64";
    class       volVectorField;
    location    "3.17";
    object      U;
}
// * * * * * * * * * * * * * * * * * * * * * * * * * * * * * * * * * * * * * //

dimensions      [0 1 -1 0 0 0 0];

internalField   nonuniform List<vector> 
1900
(
(0.984292 0.00728024 0)
(0.961747 0.0216948 0)
(0.95237 0.0181552 0)
(0.91871 0.0253102 0)
(0.903503 0.0154044 0)
(0.863131 0.0257505 0)
(0.852446 0.0115365 0)
(0.812142 0.0267124 0)
(0.810019 0.00444708 0)
(0.770905 0.0258977 0)
(1.00257 0.0115557 0)
(1.00445 0.0258536 0)
(1.01946 0.0289441 0)
(1.02199 0.0304275 0)
(1.03493 0.0279601 0)
(1.03403 0.0283573 0)
(1.04417 0.0256933 0)
(1.04294 0.0249612 0)
(1.05142 0.0204717 0)
(1.05255 0.0159152 0)
(1.00048 0.00387986 0)
(1.00419 0.0111417 0)
(1.01256 0.0139701 0)
(1.02114 0.0157473 0)
(1.03157 0.0146492 0)
(1.04058 0.0143346 0)
(1.05004 0.012251 0)
(1.05847 0.0107601 0)
(1.06697 0.00706782 0)
(1.07484 0.00282708 0)
(1.00007 0.00207126 0)
(1.00313 0.00582563 0)
(1.00889 0.00802342 0)
(1.0165 0.00898631 0)
(1.02529 0.00848427 0)
(1.03434 0.00735577 0)
(1.04327 0.00553871 0)
(1.05184 0.00332968 0)
(1.06003 0.000444415 0)
(1.0677 -0.00314797 0)
(1.00003 0.000418573 0)
(1.00261 0.00115287 0)
(1.00738 0.00140094 0)
(1.01402 0.0011007 0)
(1.02192 0.000178815 0)
(1.03036 -0.00121676 0)
(1.03879 -0.00304895 0)
(1.04692 -0.00530139 0)
(1.05458 -0.0080193 0)
(1.06172 -0.0112727 0)
(1.00003 -0.00106637 0)
(1.00255 -0.00304516 0)
(1.00719 -0.00478116 0)
(1.01365 -0.00623709 0)
(1.02132 -0.00755877 0)
(1.02947 -0.00894957 0)
(1.03756 -0.010596 0)
(1.04529 -0.0126118 0)
(1.05253 -0.0150379 0)
(1.05929 -0.0178455 0)
(1.00003 -0.00271556 0)
(1.00303 -0.00744765 0)
(1.00835 -0.0110859 0)
(1.01544 -0.0135369 0)
(1.02344 -0.0151794 0)
(1.0316 -0.0165641 0)
(1.03945 -0.0180972 0)
(1.04682 -0.0199581 0)
(1.05372 -0.0221409 0)
(1.06017 -0.0245566 0)
(1.00004 -0.00477319 0)
(1.00441 -0.0122454 0)
(1.01137 -0.0169383 0)
(1.01978 -0.0193802 0)
(1.02836 -0.0207203 0)
(1.03635 -0.0219085 0)
(1.04353 -0.023394 0)
(1.04998 -0.0252051 0)
(1.05581 -0.0272012 0)
(1.06107 -0.0292503 0)
(1.00006 -0.0121212 0)
(1.00721 -0.0259594 0)
(1.01557 -0.0314425 0)
(1.02285 -0.0325982 0)
(1.0279 -0.0326903 0)
(1.03067 -0.0330762 0)
(1.03165 -0.0338683 0)
(1.03131 -0.0348047 0)
(1.02984 -0.03567 0)
(1.02728 -0.0364062 0)
(0.980776 -0.00916423 0)
(0.964582 -0.0188238 0)
(0.945447 -0.0220503 0)
(0.920767 -0.0221922 0)
(0.891959 -0.021749 0)
(0.861621 -0.0215917 0)
(0.831347 -0.0216287 0)
(0.801614 -0.0216252 0)
(0.77235 -0.0214572 0)
(0.743309 -0.0211408 0)
(0.000195561 -9.07051e-05 0)
(0.000299277 -3.12399e-06 0)
(1.00271e-06 4.2645e-05 0)
(-0.000499193 6.55137e-05 0)
(-0.00114201 7.63724e-05 0)
(-0.0018874 8.86276e-05 0)
(-0.00272645 0.000106245 0)
(-0.00365989 0.00012697 0)
(-0.00468546 0.000148273 0)
(-0.00579731 0.000168847 0)
(-0.0069882 0.000188308 0)
(-0.00825082 0.000206627 0)
(-0.00957823 0.000223778 0)
(-0.0109639 0.000239655 0)
(-0.0124018 0.000254135 0)
(-0.0138865 0.00026714 0)
(-0.0154132 0.000278659 0)
(-0.0169781 0.000288782 0)
(-0.0185785 0.00029764 0)
(-0.0202128 0.000305336 0)
(-0.0218803 0.000311922 0)
(-0.023582 0.000317292 0)
(-0.0253193 0.000321063 0)
(-0.0270946 0.000322442 0)
(-0.0289103 0.000320085 0)
(-0.0307688 0.000311926 0)
(-0.0326725 0.000295016 0)
(-0.0346231 0.000265491 0)
(-0.0366232 0.000218915 0)
(-0.0386777 0.00015136 0)
(-0.0407992 6.15484e-05 0)
(-0.0430151 -4.6235e-05 0)
(-0.0453768 -0.000158475 0)
(-0.0479706 -0.000248791 0)
(-0.0509273 -0.000275389 0)
(-0.0544298 -0.000180528 0)
(-0.0587144 0.000105758 0)
(-0.0640589 0.000654635 0)
(-0.0707536 0.00151789 0)
(-0.0790536 0.0027003 0)
(-0.089116 0.00413614 0)
(-0.100934 0.00568523 0)
(-0.11429 0.0071615 0)
(-0.12875 0.00837853 0)
(-0.143722 0.00918798 0)
(-0.158526 0.00950754 0)
(-0.172488 0.00932576 0)
(-0.184985 0.0087134 0)
(-0.195433 0.00780321 0)
(-0.20334 0.0066907 0)
(-0.208427 0.00548857 0)
(-0.210499 0.00408779 0)
(-0.209488 0.00251633 0)
(-0.205441 0.000882052 0)
(-0.198387 -0.000757463 0)
(-0.188479 -0.00232493 0)
(-0.175886 -0.00379698 0)
(-0.160888 -0.00512002 0)
(-0.143759 -0.00628073 0)
(-0.124828 -0.00724632 0)
(-0.104404 -0.0080208 0)
(-0.0828374 -0.00859375 0)
(-0.0605153 -0.00890146 0)
(-0.0377788 -0.00903953 0)
(-0.0149769 -0.00900793 0)
(0.0076626 -0.00882031 0)
(0.0297583 -0.00847942 0)
(0.0512081 -0.00800608 0)
(0.0716483 -0.0074258 0)
(0.0910725 -0.00678411 0)
(0.109134 -0.00610056 0)
(0.125959 -0.0053988 0)
(0.141222 -0.00468265 0)
(0.155181 -0.00397986 0)
(0.167508 -0.0032885 0)
(0.178589 -0.00263966 0)
(0.188063 -0.00202149 0)
(0.196453 -0.00146865 0)
(0.203326 -0.000957136 0)
(0.209362 -0.000527954 0)
(0.213997 -0.000141955 0)
(0.218115 0.000149191 0)
(0.220944 0.000404616 0)
(0.223637 0.000554187 0)
(0.225118 0.000687411 0)
(0.22691 0.000698918 0)
(0.227491 0.000732036 0)
(0.228911 0.000604767 0)
(0.228996 0.00058119 0)
(0.230547 0.000261053 0)
(3.83394e-05 -0.000478122 0)
(-0.000580924 0.000196409 0)
(-0.00208973 0.000750677 0)
(-0.00399361 0.00112409 0)
(-0.00624666 0.00136849 0)
(-0.00877843 0.00156111 0)
(-0.01156 0.00174276 0)
(-0.0145743 0.00191873 0)
(-0.0177995 0.00208464 0)
(-0.021212 0.00223733 0)
(-0.0247886 0.00237599 0)
(-0.0285079 0.00250095 0)
(-0.0323504 0.00261301 0)
(-0.0362991 0.00271319 0)
(-0.0403396 0.0028027 0)
(-0.0444604 0.002883 0)
(-0.0486528 0.00295581 0)
(-0.0529118 0.00302307 0)
(-0.0572358 0.00308694 0)
(-0.0616269 0.00314963 0)
(-0.0660908 0.00321362 0)
(-0.0706371 0.00328128 0)
(-0.0752793 0.00335472 0)
(-0.0800347 0.00343579 0)
(-0.0849252 0.00352628 0)
(-0.0899774 0.00362818 0)
(-0.0952238 0.00374409 0)
(-0.100704 0.00387825 0)
(-0.106463 0.00403838 0)
(-0.112559 0.00423858 0)
(-0.119055 0.00450272 0)
(-0.126028 0.00486595 0)
(-0.133565 0.00537576 0)
(-0.141754 0.00608977 0)
(-0.150673 0.00706897 0)
(-0.160376 0.00836666 0)
(-0.17087 0.0100112 0)
(-0.182098 0.0119844 0)
(-0.193923 0.0142004 0)
(-0.206119 0.0164974 0)
(-0.218377 0.0186548 0)
(-0.230309 0.0204186 0)
(-0.241478 0.0215509 0)
(-0.251428 0.0218708 0)
(-0.259709 0.021271 0)
(-0.265904 0.0197416 0)
(-0.269634 0.0173387 0)
(-0.270579 0.014199 0)
(-0.268508 0.0104747 0)
(-0.263273 0.00624391 0)
(-0.255097 0.00165077 0)
(-0.243832 -0.00308987 0)
(-0.229556 -0.00786776 0)
(-0.212334 -0.0125266 0)
(-0.192284 -0.0169965 0)
(-0.169682 -0.0211452 0)
(-0.14467 -0.0249191 0)
(-0.11765 -0.0281753 0)
(-0.0888172 -0.0309766 0)
(-0.0586094 -0.033271 0)
(-0.0272906 -0.0350888 0)
(0.00481161 -0.0363382 0)
(0.037401 -0.0370855 0)
(0.0701057 -0.0373208 0)
(0.10243 -0.0371076 0)
(0.134459 -0.036463 0)
(0.165511 -0.0354423 0)
(0.1959 -0.0340751 0)
(0.22479 -0.0324246 0)
(0.252752 -0.0305462 0)
(0.278814 -0.0285002 0)
(0.303866 -0.0263461 0)
(0.326742 -0.0241189 0)
(0.348663 -0.0218809 0)
(0.368203 -0.0196449 0)
(0.386985 -0.0174791 0)
(0.403224 -0.0153708 0)
(0.419044 -0.013397 0)
(0.432149 -0.0115156 0)
(0.445326 -0.00981848 0)
(0.455552 -0.00822949 0)
(0.466514 -0.00686439 0)
(0.474159 -0.00560454 0)
(0.483426 -0.00460338 0)
(0.488798 -0.00368631 0)
(0.496967 -0.00306262 0)
(0.500348 -0.00248209 0)
(0.508097 -0.00223502 0)
(0.5097 -0.00196495 0)
(0.517759 -0.00208185 0)
(-0.000151741 0.000491529 0)
(-0.00191548 0.00236209 0)
(-0.00535218 0.00353399 0)
(-0.00923804 0.0042825 0)
(-0.0135399 0.00484614 0)
(-0.0181585 0.00535195 0)
(-0.0230611 0.00583247 0)
(-0.0282226 0.00628379 0)
(-0.0335995 0.00669415 0)
(-0.0391471 0.00705846 0)
(-0.0448253 0.00737691 0)
(-0.0505989 0.00765216 0)
(-0.056438 0.00788862 0)
(-0.0623182 0.0080915 0)
(-0.0682207 0.00826649 0)
(-0.0741319 0.00841965 0)
(-0.0800428 0.00855742 0)
(-0.085949 0.00868685 0)
(-0.09185 0.00881583 0)
(-0.0977486 0.00895239 0)
(-0.10365 0.00910396 0)
(-0.109564 0.00927772 0)
(-0.115499 0.00948049 0)
(-0.121466 0.00971897 0)
(-0.127476 0.0100001 0)
(-0.133538 0.0103314 0)
(-0.139661 0.010721 0)
(-0.145851 0.011178 0)
(-0.152108 0.0117137 0)
(-0.15843 0.0123411 0)
(-0.164805 0.0130762 0)
(-0.171216 0.0139391 0)
(-0.177633 0.0149536 0)
(-0.184009 0.0161405 0)
(-0.190274 0.01751 0)
(-0.196326 0.0190536 0)
(-0.20203 0.0207328 0)
(-0.207213 0.0224683 0)
(-0.211669 0.0241326 0)
(-0.215153 0.0255509 0)
(-0.217407 0.026508 0)
(-0.218166 0.0267683 0)
(-0.217182 0.0261085 0)
(-0.214268 0.0243901 0)
(-0.209238 0.0215448 0)
(-0.202003 0.0176372 0)
(-0.192451 0.0127024 0)
(-0.18058 0.00689755 0)
(-0.166421 0.000363072 0)
(-0.150016 -0.00673243 0)
(-0.131444 -0.0142752 0)
(-0.110487 -0.0219244 0)
(-0.0874477 -0.0294361 0)
(-0.062507 -0.0366469 0)
(-0.0356649 -0.0434744 0)
(-0.00728219 -0.0497414 0)
(0.0227666 -0.0553621 0)
(0.0540419 -0.0602131 0)
(0.0863347 -0.0642966 0)
(0.119246 -0.0675054 0)
(0.152647 -0.0699708 0)
(0.186228 -0.0715011 0)
(0.219609 -0.0722685 0)
(0.252853 -0.0722324 0)
(0.285246 -0.0715159 0)
(0.317178 -0.0700946 0)
(0.347678 -0.0681158 0)
(0.377544 -0.0655877 0)
(0.405491 -0.0626658 0)
(0.432769 -0.059367 0)
(0.457732 -0.0558366 0)
(0.482151 -0.0520985 0)
(0.503932 -0.0482858 0)
(0.525446 -0.0444144 0)
(0.544025 -0.0405977 0)
(0.562762 -0.036839 0)
(0.578248 -0.0332334 0)
(0.594473 -0.0297706 0)
(0.607061 -0.0265311 0)
(0.621136 -0.0234911 0)
(0.631062 -0.0207211 0)
(0.643421 -0.0181845 0)
(0.650933 -0.0159473 0)
(0.66206 -0.01396 0)
(0.667394 -0.01229 0)
(0.677821 -0.0108728 0)
(0.681184 -0.00978202 0)
(0.691487 -0.00893468 0)
(0.693045 -0.00841329 0)
(0.703834 -0.00810717 0)
(-0.000894541 0.00123563 0)
(-0.00467972 0.00507824 0)
(-0.0104703 0.00749227 0)
(-0.016416 0.00907469 0)
(-0.0226956 0.0102293 0)
(-0.0292653 0.0111545 0)
(-0.0360492 0.0119325 0)
(-0.0429576 0.0125948 0)
(-0.0499057 0.0131461 0)
(-0.0568256 0.0135937 0)
(-0.0636661 0.0139491 0)
(-0.0703861 0.0142254 0)
(-0.0769537 0.0144344 0)
(-0.0833463 0.0145882 0)
(-0.0895481 0.0146982 0)
(-0.0955484 0.0147758 0)
(-0.10134 0.0148316 0)
(-0.106919 0.0148761 0)
(-0.112283 0.0149198 0)
(-0.11743 0.0149727 0)
(-0.122361 0.0150427 0)
(-0.127073 0.0151365 0)
(-0.131563 0.015259 0)
(-0.135823 0.0154137 0)
(-0.139841 0.015603 0)
(-0.143602 0.0158292 0)
(-0.147087 0.0160938 0)
(-0.150268 0.0163981 0)
(-0.153112 0.0167446 0)
(-0.15558 0.0171372 0)
(-0.15762 0.0175815 0)
(-0.159169 0.0180863 0)
(-0.160153 0.0186644 0)
(-0.160489 0.0193264 0)
(-0.160076 0.0200659 0)
(-0.158796 0.0208532 0)
(-0.156512 0.0216254 0)
(-0.153073 0.0222815 0)
(-0.148309 0.0226828 0)
(-0.142048 0.0226585 0)
(-0.134177 0.0220216 0)
(-0.124622 0.0205911 0)
(-0.113258 0.0181043 0)
(-0.100117 0.0145098 0)
(-0.0850994 0.00972331 0)
(-0.0684331 0.0037933 0)
(-0.0500269 -0.00314338 0)
(-0.030037 -0.0109514 0)
(-0.00839797 -0.0194798 0)
(0.0148198 -0.0284419 0)
(0.0395528 -0.0375191 0)
(0.0656784 -0.0466092 0)
(0.0933051 -0.0555713 0)
(0.122112 -0.064182 0)
(0.152263 -0.0723384 0)
(0.183337 -0.0798043 0)
(0.215367 -0.0864328 0)
(0.247987 -0.0921313 0)
(0.281152 -0.096893 0)
(0.314461 -0.100546 0)
(0.347735 -0.103158 0)
(0.380757 -0.104603 0)
(0.413147 -0.105035 0)
(0.444965 -0.104387 0)
(0.475597 -0.10286 0)
(0.50546 -0.100409 0)
(0.533643 -0.0972684 0)
(0.561007 -0.0934155 0)
(0.58628 -0.0891014 0)
(0.610838 -0.0843071 0)
(0.632969 -0.0792825 0)
(0.654638 -0.0739966 0)
(0.673589 -0.0686896 0)
(0.692468 -0.0633065 0)
(0.708348 -0.0580717 0)
(0.72467 -0.0529014 0)
(0.737681 -0.0480062 0)
(0.751772 -0.043273 0)
(0.762166 -0.0389042 0)
(0.774407 -0.0347583 0)
(0.782457 -0.0310358 0)
(0.793265 -0.0275687 0)
(0.799238 -0.0245621 0)
(0.809046 -0.0218234 0)
(0.813191 -0.019567 0)
(0.822446 -0.0175779 0)
(0.824984 -0.0160823 0)
(0.834148 -0.0148457 0)
(0.835276 -0.0141056 0)
(0.844827 -0.0136125 0)
(-0.00122617 0.00685881 0)
(-0.00668898 0.013621 0)
(-0.0151772 0.0161868 0)
(-0.0235762 0.0172891 0)
(-0.0320398 0.0180739 0)
(-0.0403218 0.0188382 0)
(-0.0482873 0.019542 0)
(-0.0558887 0.0200976 0)
(-0.0630903 0.0204742 0)
(-0.0698536 0.0206924 0)
(-0.0761535 0.0207793 0)
(-0.0819779 0.0207598 0)
(-0.0873233 0.0206552 0)
(-0.0921925 0.0204845 0)
(-0.0965923 0.0202646 0)
(-0.100532 0.0200103 0)
(-0.10402 0.019734 0)
(-0.107065 0.0194459 0)
(-0.109673 0.0191562 0)
(-0.11185 0.0188733 0)
(-0.113598 0.0186034 0)
(-0.114917 0.0183501 0)
(-0.115802 0.0181147 0)
(-0.116243 0.0178957 0)
(-0.116225 0.0176901 0)
(-0.115726 0.0174944 0)
(-0.114723 0.0173045 0)
(-0.113183 0.0171126 0)
(-0.111067 0.0169123 0)
(-0.108327 0.0166988 0)
(-0.104908 0.0164698 0)
(-0.100737 0.0162231 0)
(-0.0957275 0.0159601 0)
(-0.0898012 0.0156927 0)
(-0.0828549 0.0154041 0)
(-0.0747817 0.0150526 0)
(-0.0654696 0.0145739 0)
(-0.0548044 0.0138762 0)
(-0.0426743 0.0128366 0)
(-0.028948 0.0112871 0)
(-0.0135217 0.00904146 0)
(0.003413 0.00590175 0)
(0.021909 0.00175456 0)
(0.0419107 -0.00344075 0)
(0.0634116 -0.00972478 0)
(0.0861629 -0.0171028 0)
(0.110357 -0.0254649 0)
(0.135727 -0.034614 0)
(0.162337 -0.0443664 0)
(0.189987 -0.0545272 0)
(0.218787 -0.0648854 0)
(0.248456 -0.0752162 0)
(0.279172 -0.0853439 0)
(0.310541 -0.0950131 0)
(0.342725 -0.104081 0)
(0.375228 -0.112283 0)
(0.408161 -0.119524 0)
(0.440991 -0.125588 0)
(0.473781 -0.130476 0)
(0.506028 -0.134011 0)
(0.537715 -0.136276 0)
(0.568479 -0.137157 0)
(0.598211 -0.136822 0)
(0.626774 -0.135209 0)
(0.653923 -0.132554 0)
(0.679813 -0.128829 0)
(0.703994 -0.124315 0)
(0.726976 -0.118998 0)
(0.748029 -0.113184 0)
(0.768082 -0.106852 0)
(0.786038 -0.100309 0)
(0.803308 -0.0935053 0)
(0.81833 -0.0867408 0)
(0.833075 -0.079927 0)
(0.845409 -0.0733502 0)
(0.857951 -0.0668797 0)
(0.867876 -0.0607919 0)
(0.878566 -0.0549136 0)
(0.886366 -0.0495181 0)
(0.895562 -0.0443923 0)
(0.901511 -0.0398145 0)
(0.909569 -0.0355337 0)
(0.913916 -0.0318416 0)
(0.921183 -0.0284512 0)
(0.92415 -0.0256744 0)
(0.930969 -0.0231896 0)
(0.932754 -0.0213353 0)
(0.939466 -0.0197564 0)
(0.94024 -0.0188237 0)
(0.947192 -0.0181528 0)
(-0.00363834 0.00659884 0)
(-0.0133723 0.0169484 0)
(-0.02437 0.021652 0)
(-0.0335013 0.0243228 0)
(-0.0418492 0.0259394 0)
(-0.0495962 0.0268319 0)
(-0.0566826 0.0271768 0)
(-0.0629635 0.0271485 0)
(-0.0683314 0.0268791 0)
(-0.0727768 0.0264373 0)
(-0.0763474 0.0258694 0)
(-0.0790957 0.0252074 0)
(-0.0810744 0.0244785 0)
(-0.0823339 0.0237047 0)
(-0.0829202 0.0229039 0)
(-0.0828748 0.0220898 0)
(-0.0822338 0.0212732 0)
(-0.0810236 0.0204586 0)
(-0.0792676 0.0196538 0)
(-0.0769836 0.0188642 0)
(-0.0741834 0.018091 0)
(-0.0708732 0.0173325 0)
(-0.067053 0.0165845 0)
(-0.0627156 0.01584 0)
(-0.057845 0.0150897 0)
(-0.0524234 0.0143271 0)
(-0.0464317 0.0135481 0)
(-0.0398337 0.0127368 0)
(-0.0325926 0.0118789 0)
(-0.0246629 0.010962 0)
(-0.0159936 0.00997523 0)
(-0.0065184 0.0089058 0)
(0.003874 0.0077373 0)
(0.0152527 0.00644186 0)
(0.0276714 0.00498858 0)
(0.041252 0.00335478 0)
(0.05609 0.0014875 0)
(0.0722828 -0.000699285 0)
(0.0899006 -0.00330764 0)
(0.109021 -0.0064798 0)
(0.129656 -0.0102953 0)
(0.151739 -0.0149859 0)
(0.175343 -0.0206375 0)
(0.200295 -0.0272762 0)
(0.226577 -0.0349303 0)
(0.253967 -0.0435018 0)
(0.282508 -0.0529463 0)
(0.311947 -0.0631139 0)
(0.34234 -0.0738337 0)
(0.373373 -0.0848805 0)
(0.405148 -0.0960532 0)
(0.437261 -0.107089 0)
(0.469839 -0.117789 0)
(0.502383 -0.127876 0)
(0.535017 -0.137176 0)
(0.567157 -0.145424 0)
(0.598937 -0.152504 0)
(0.62974 -0.158197 0)
(0.659728 -0.162484 0)
(0.688332 -0.165216 0)
(0.715747 -0.166476 0)
(0.741514 -0.166189 0)
(0.765853 -0.164532 0)
(0.788457 -0.161487 0)
(0.809519 -0.157306 0)
(0.828919 -0.152008 0)
(0.846757 -0.145897 0)
(0.863126 -0.138992 0)
(0.877962 -0.131621 0)
(0.891609 -0.123782 0)
(0.903765 -0.115799 0)
(0.915065 -0.10763 0)
(0.924899 -0.0995867 0)
(0.93424 -0.091575 0)
(0.942097 -0.0838962 0)
(0.949844 -0.0764023 0)
(0.956033 -0.0693877 0)
(0.962513 -0.0626535 0)
(0.967301 -0.0564958 0)
(0.972805 -0.050668 0)
(0.976416 -0.0454781 0)
(0.981198 -0.0406339 0)
(0.983818 -0.0364653 0)
(0.988109 -0.0326358 0)
(0.989892 -0.0295061 0)
(0.993903 -0.0266954 0)
(0.994979 -0.0246044 0)
(0.998914 -0.0228075 0)
(0.999389 -0.0217537 0)
(1.00344 -0.0209734 0)
(-0.00177909 0.0285595 0)
(-0.00957315 0.0402258 0)
(-0.0241968 0.0402024 0)
(-0.0357614 0.0378482 0)
(-0.0449834 0.0360628 0)
(-0.0515887 0.0346359 0)
(-0.0558605 0.0332174 0)
(-0.0581816 0.0317266 0)
(-0.0589059 0.0301786 0)
(-0.0583056 0.0285965 0)
(-0.0565648 0.0270038 0)
(-0.0538268 0.0254155 0)
(-0.0502112 0.0238471 0)
(-0.0458183 0.0223097 0)
(-0.0407322 0.0208094 0)
(-0.0350214 0.0193486 0)
(-0.0287502 0.0179302 0)
(-0.0219464 0.0165372 0)
(-0.0146513 0.0151784 0)
(-0.00689121 0.0138558 0)
(0.00132098 0.0125642 0)
(0.00997938 0.0112942 0)
(0.0190854 0.0100358 0)
(0.0286482 0.00877668 0)
(0.0386981 0.00749917 0)
(0.0492627 0.00617741 0)
(0.0603368 0.00478771 0)
(0.0719787 0.00332151 0)
(0.0842289 0.00176777 0)
(0.0971362 0.000105922 0)
(0.110754 -0.00168443 0)
(0.125141 -0.00363146 0)
(0.140368 -0.00574811 0)
(0.156502 -0.00806387 0)
(0.173602 -0.0106232 0)
(0.191793 -0.013471 0)
(0.21115 -0.0166576 0)
(0.231745 -0.0202561 0)
(0.253629 -0.024348 0)
(0.276843 -0.0290376 0)
(0.301408 -0.0344156 0)
(0.327267 -0.0405559 0)
(0.354426 -0.0475427 0)
(0.382717 -0.055413 0)
(0.412089 -0.0641612 0)
(0.442301 -0.0737234 0)
(0.473306 -0.0840077 0)
(0.504803 -0.0948623 0)
(0.536747 -0.106105 0)
(0.568751 -0.117507 0)
(0.600788 -0.128847 0)
(0.632396 -0.139862 0)
(0.663587 -0.150327 0)
(0.693829 -0.159974 0)
(0.723189 -0.168611 0)
(0.751098 -0.175999 0)
(0.777717 -0.182014 0)
(0.802477 -0.186475 0)
(0.825661 -0.189361 0)
(0.846752 -0.190567 0)
(0.866168 -0.190188 0)
(0.883466 -0.188202 0)
(0.89917 -0.184801 0)
(0.912912 -0.180023 0)
(0.925262 -0.174139 0)
(0.935918 -0.16721 0)
(0.945435 -0.15955 0)
(0.953577 -0.151211 0)
(0.960824 -0.142517 0)
(0.967017 -0.133479 0)
(0.972513 -0.124414 0)
(0.977255 -0.115279 0)
(0.981434 -0.106375 0)
(0.985122 -0.0976034 0)
(0.988314 -0.0892543 0)
(0.99125 -0.0811702 0)
(0.993697 -0.0736391 0)
(0.996101 -0.0664486 0)
(0.997974 -0.0598954 0)
(1.00001 -0.0537151 0)
(1.00143 -0.0482247 0)
(1.00321 -0.0431089 0)
(1.00426 -0.0387157 0)
(1.00588 -0.0346789 0)
(1.00662 -0.0313881 0)
(1.00816 -0.0284238 0)
(1.00863 -0.026229 0)
(1.01016 -0.0243267 0)
(1.01038 -0.0232245 0)
(1.01195 -0.022382 0)
(-0.0197639 0.00804149 0)
(-0.0382386 0.0317521 0)
(-0.0416103 0.0391656 0)
(-0.043843 0.0400124 0)
(-0.042825 0.0383795 0)
(-0.0394163 0.0356321 0)
(-0.0340653 0.0325681 0)
(-0.0270988 0.0295124 0)
(-0.018782 0.0265798 0)
(-0.00938753 0.0238252 0)
(0.000899367 0.0212303 0)
(0.0119141 0.0187724 0)
(0.0235155 0.0164414 0)
(0.0355948 0.0142297 0)
(0.0480646 0.0121295 0)
(0.0608752 0.0101299 0)
(0.0739197 0.00822645 0)
(0.0872635 0.00641487 0)
(0.10084 0.00466418 0)
(0.114623 0.00294875 0)
(0.128619 0.00125626 0)
(0.14284 -0.000420748 0)
(0.157302 -0.00209625 0)
(0.172027 -0.0037906 0)
(0.187045 -0.00552743 0)
(0.202396 -0.00733086 0)
(0.218098 -0.0092294 0)
(0.234222 -0.0112496 0)
(0.250818 -0.0134132 0)
(0.267938 -0.0157449 0)
(0.285629 -0.0182691 0)
(0.303955 -0.021015 0)
(0.322969 -0.0240084 0)
(0.342736 -0.027278 0)
(0.363313 -0.0308478 0)
(0.384766 -0.0347655 0)
(0.407146 -0.0390808 0)
(0.430495 -0.0438564 0)
(0.45484 -0.0491516 0)
(0.480178 -0.0550378 0)
(0.506499 -0.0615732 0)
(0.533721 -0.0688086 0)
(0.561776 -0.0767761 0)
(0.590493 -0.0854792 0)
(0.619745 -0.094876 0)
(0.649274 -0.104885 0)
(0.67892 -0.115385 0)
(0.708366 -0.126217 0)
(0.737429 -0.137196 0)
(0.765723 -0.148104 0)
(0.793094 -0.158714 0)
(0.819121 -0.168776 0)
(0.843726 -0.178058 0)
(0.866481 -0.18632 0)
(0.887433 -0.193372 0)
(0.906178 -0.199019 0)
(0.922937 -0.203153 0)
(0.937339 -0.205657 0)
(0.949798 -0.206529 0)
(0.959975 -0.205738 0)
(0.968473 -0.203394 0)
(0.974959 -0.199535 0)
(0.980182 -0.194368 0)
(0.983771 -0.187977 0)
(0.986558 -0.180636 0)
(0.988104 -0.172436 0)
(0.989271 -0.163679 0)
(0.989535 -0.154424 0)
(0.989753 -0.144972 0)
(0.989321 -0.135329 0)
(0.989072 -0.125781 0)
(0.988339 -0.116276 0)
(0.987922 -0.107091 0)
(0.987121 -0.0981132 0)
(0.986702 -0.0896176 0)
(0.985954 -0.0814328 0)
(0.985612 -0.0738382 0)
(0.984969 -0.0666081 0)
(0.98473 -0.0600372 0)
(0.984201 -0.0538481 0)
(0.984065 -0.048362 0)
(0.983638 -0.0432497 0)
(0.983589 -0.0388691 0)
(0.983242 -0.0348379 0)
(0.983259 -0.0315612 0)
(0.982961 -0.0286001 0)
(0.983017 -0.0264179 0)
(0.982732 -0.0245142 0)
(0.982792 -0.0234219 0)
(0.982475 -0.0225708 0)
(-0.0191651 0.108236 0)
(-0.0184026 0.0728158 0)
(-0.0116096 0.0580324 0)
(0.000947905 0.0461261 0)
(0.0174262 0.0362959 0)
(0.0361318 0.0287221 0)
(0.0560999 0.0227558 0)
(0.0766536 0.0178289 0)
(0.0974882 0.0135613 0)
(0.118195 0.00977433 0)
(0.138799 0.0064013 0)
(0.15923 0.00339764 0)
(0.179419 0.000695983 0)
(0.199347 -0.00177254 0)
(0.218989 -0.00406037 0)
(0.238381 -0.00620212 0)
(0.257477 -0.00822628 0)
(0.276365 -0.0101516 0)
(0.295014 -0.0120043 0)
(0.31344 -0.0138146 0)
(0.33169 -0.01561 0)
(0.34981 -0.0174135 0)
(0.367841 -0.0192475 0)
(0.385825 -0.0211379 0)
(0.403809 -0.0231112 0)
(0.421849 -0.0251947 0)
(0.439992 -0.0274102 0)
(0.458301 -0.0297869 0)
(0.476828 -0.0323543 0)
(0.495631 -0.0351406 0)
(0.514755 -0.0381701 0)
(0.534253 -0.0414684 0)
(0.554163 -0.0450595 0)
(0.574532 -0.04897 0)
(0.595388 -0.0532261 0)
(0.616764 -0.0578619 0)
(0.638667 -0.0629118 0)
(0.661106 -0.0684153 0)
(0.684053 -0.0744084 0)
(0.707471 -0.0809291 0)
(0.731287 -0.0880059 0)
(0.755392 -0.0956605 0)
(0.779645 -0.103891 0)
(0.803863 -0.112671 0)
(0.827843 -0.121938 0)
(0.851333 -0.131594 0)
(0.874093 -0.141505 0)
(0.89583 -0.15151 0)
(0.916294 -0.161416 0)
(0.93519 -0.17102 0)
(0.952332 -0.180095 0)
(0.96746 -0.188422 0)
(0.980504 -0.195786 0)
(0.991267 -0.201995 0)
(0.999847 -0.206887 0)
(1.00612 -0.210336 0)
(1.01038 -0.212269 0)
(1.01255 -0.212642 0)
(1.01312 -0.211486 0)
(1.012 -0.208842 0)
(1.00985 -0.204829 0)
(1.00649 -0.199539 0)
(1.00269 -0.193169 0)
(0.998105 -0.185835 0)
(0.993597 -0.177775 0)
(0.98861 -0.169086 0)
(0.984085 -0.160022 0)
(0.979237 -0.150632 0)
(0.975102 -0.141169 0)
(0.970674 -0.131621 0)
(0.967102 -0.122238 0)
(0.963175 -0.112947 0)
(0.960186 -0.104006 0)
(0.956736 -0.0952836 0)
(0.954285 -0.0870502 0)
(0.951249 -0.0791156 0)
(0.949281 -0.0717691 0)
(0.946592 -0.0647611 0)
(0.945052 -0.0584086 0)
(0.94264 -0.0524024 0)
(0.94148 -0.0470977 0)
(0.939277 -0.0421244 0)
(0.938454 -0.0378872 0)
(0.936387 -0.033952 0)
(0.935857 -0.030783 0)
(0.933846 -0.0278768 0)
(0.93356 -0.0257681 0)
(0.931511 -0.023878 0)
(0.931407 -0.0228237 0)
(0.929212 -0.0219434 0)
(0.0701714 0.00707395 0)
(0.0903167 0.00646202 0)
(0.154205 0.00591055 0)
(0.199421 0.00263045 0)
(0.238569 -0.00178032 0)
(0.27425 -0.00602832 0)
(0.307249 -0.00972732 0)
(0.337474 -0.0128955 0)
(0.36564 -0.0156408 0)
(0.392049 -0.0180438 0)
(0.417056 -0.0201836 0)
(0.440863 -0.0221165 0)
(0.463586 -0.023883 0)
(0.485334 -0.0255178 0)
(0.5062 -0.0270466 0)
(0.526283 -0.0284962 0)
(0.54565 -0.0298842 0)
(0.564379 -0.0312429 0)
(0.582525 -0.0325918 0)
(0.600142 -0.033951 0)
(0.617295 -0.0353448 0)
(0.634044 -0.0367999 0)
(0.650451 -0.038343 0)
(0.66657 -0.0399993 0)
(0.682458 -0.0417936 0)
(0.698169 -0.04375 0)
(0.713758 -0.0458922 0)
(0.729271 -0.0482441 0)
(0.744758 -0.0508295 0)
(0.760263 -0.0536719 0)
(0.775817 -0.0567942 0)
(0.791452 -0.0602183 0)
(0.807183 -0.0639645 0)
(0.823028 -0.0680527 0)
(0.838984 -0.0725016 0)
(0.85505 -0.077331 0)
(0.871195 -0.0825605 0)
(0.887389 -0.0882097 0)
(0.903564 -0.0942947 0)
(0.919647 -0.100828 0)
(0.935521 -0.107813 0)
(0.951055 -0.115242 0)
(0.966083 -0.123087 0)
(0.980429 -0.131299 0)
(0.99389 -0.139797 0)
(1.00626 -0.148478 0)
(1.01732 -0.157203 0)
(1.02688 -0.165816 0)
(1.03476 -0.174134 0)
(1.04081 -0.18197 0)
(1.04494 -0.189129 0)
(1.0471 -0.195435 0)
(1.04733 -0.200722 0)
(1.04569 -0.204861 0)
(1.04236 -0.207745 0)
(1.0375 -0.209313 0)
(1.03142 -0.209534 0)
(1.02429 -0.208423 0)
(1.01653 -0.206018 0)
(1.00822 -0.202398 0)
(0.999833 -0.197667 0)
(0.991288 -0.191942 0)
(0.983083 -0.185371 0)
(0.974912 -0.178071 0)
(0.967347 -0.170204 0)
(0.959823 -0.16186 0)
(0.953045 -0.153211 0)
(0.946184 -0.144306 0)
(0.940153 -0.135326 0)
(0.933848 -0.126273 0)
(0.928459 -0.117345 0)
(0.922576 -0.108492 0)
(0.917731 -0.0999339 0)
(0.912171 -0.0915665 0)
(0.907831 -0.0836384 0)
(0.902553 -0.0759808 0)
(0.898735 -0.0688779 0)
(0.893728 -0.0620876 0)
(0.890467 -0.0559366 0)
(0.885716 -0.0501017 0)
(0.883044 -0.0449659 0)
(0.878504 -0.0401196 0)
(0.876431 -0.0360214 0)
(0.872022 -0.0321671 0)
(0.870539 -0.0291089 0)
(0.866138 -0.0262333 0)
(0.865216 -0.0242051 0)
(0.860661 -0.0222863 0)
(0.86025 -0.0212756 0)
(0.85534 -0.0202937 0)
(0.774279 -0.00942963 0)
(0.776039 -0.0209963 0)
(0.777083 -0.027342 0)
(0.778992 -0.0311654 0)
(0.782909 -0.0339436 0)
(0.788602 -0.0362844 0)
(0.795801 -0.0383173 0)
(0.803866 -0.0400158 0)
(0.812588 -0.0413932 0)
(0.821741 -0.0424942 0)
(0.831146 -0.0433963 0)
(0.840673 -0.0441711 0)
(0.850226 -0.0448654 0)
(0.859735 -0.0455055 0)
(0.869144 -0.0461092 0)
(0.878416 -0.0466932 0)
(0.887519 -0.0472753 0)
(0.896436 -0.0478774 0)
(0.905156 -0.0485211 0)
(0.913676 -0.049228 0)
(0.922003 -0.050023 0)
(0.930146 -0.0509323 0)
(0.938121 -0.0519822 0)
(0.945946 -0.0531978 0)
(0.953638 -0.0546029 0)
(0.961216 -0.0562198 0)
(0.968698 -0.0580699 0)
(0.976097 -0.0601728 0)
(0.983428 -0.0625472 0)
(0.990697 -0.0652106 0)
(0.997906 -0.0681795 0)
(1.00505 -0.071469 0)
(1.01212 -0.0750917 0)
(1.01911 -0.0790593 0)
(1.02598 -0.0833815 0)
(1.0327 -0.0880674 0)
(1.03923 -0.0931242 0)
(1.04552 -0.0985575 0)
(1.05149 -0.104368 0)
(1.05705 -0.110551 0)
(1.06212 -0.117091 0)
(1.06656 -0.123957 0)
(1.07028 -0.131103 0)
(1.07313 -0.138464 0)
(1.07499 -0.145955 0)
(1.07575 -0.153472 0)
(1.07532 -0.160891 0)
(1.0736 -0.168075 0)
(1.07058 -0.174877 0)
(1.06625 -0.181148 0)
(1.06066 -0.186746 0)
(1.05392 -0.191541 0)
(1.04614 -0.195417 0)
(1.03752 -0.198285 0)
(1.02824 -0.200079 0)
(1.01852 -0.200768 0)
(1.00857 -0.20034 0)
(0.998536 -0.198816 0)
(0.988593 -0.196225 0)
(0.978785 -0.192634 0)
(0.969213 -0.188107 0)
(0.959785 -0.182735 0)
(0.950601 -0.176596 0)
(0.94144 -0.169787 0)
(0.932479 -0.162399 0)
(0.923365 -0.154528 0)
(0.914434 -0.146276 0)
(0.905186 -0.137729 0)
(0.896203 -0.129005 0)
(0.886782 -0.120178 0)
(0.877818 -0.111391 0)
(0.868316 -0.102686 0)
(0.859558 -0.0942184 0)
(0.85015 -0.0859765 0)
(0.841851 -0.0781337 0)
(0.832734 -0.0706156 0)
(0.825157 -0.0636243 0)
(0.816492 -0.0570088 0)
(0.809856 -0.0510096 0)
(0.801719 -0.0453848 0)
(0.796167 -0.0404313 0)
(0.788521 -0.0358072 0)
(0.784117 -0.031897 0)
(0.776813 -0.0282447 0)
(0.773567 -0.0253534 0)
(0.766368 -0.0226272 0)
(0.764265 -0.0207228 0)
(0.756847 -0.0188714 0)
(0.755863 -0.0179258 0)
(0.74782 -0.016904 0)
(1.05751 0.00791011 0)
(1.06067 -0.000608406 0)
(1.06148 -0.007897 0)
(1.06084 -0.0136898 0)
(1.06007 -0.0184669 0)
(1.05988 -0.0226385 0)
(1.06042 -0.0263804 0)
(1.06152 -0.0297056 0)
(1.06298 -0.0326123 0)
(1.06463 -0.0351242 0)
(1.06639 -0.0372868 0)
(1.06822 -0.0391544 0)
(1.07008 -0.0407802 0)
(1.07196 -0.0422097 0)
(1.07383 -0.043483 0)
(1.07567 -0.0446354 0)
(1.07746 -0.0457015 0)
(1.07918 -0.0467148 0)
(1.08082 -0.0477094 0)
(1.08238 -0.0487184 0)
(1.08384 -0.0497759 0)
(1.0852 -0.0509144 0)
(1.08647 -0.0521669 0)
(1.08764 -0.0535635 0)
(1.08872 -0.0551332 0)
(1.08971 -0.0569017 0)
(1.09061 -0.0588931 0)
(1.09141 -0.0611285 0)
(1.09212 -0.063627 0)
(1.09272 -0.0664044 0)
(1.09321 -0.0694734 0)
(1.09358 -0.0728443 0)
(1.0938 -0.076525 0)
(1.09386 -0.080522 0)
(1.09373 -0.0848393 0)
(1.0934 -0.0894803 0)
(1.09282 -0.094444 0)
(1.09195 -0.0997283 0)
(1.09076 -0.105324 0)
(1.08919 -0.111217 0)
(1.0872 -0.11738 0)
(1.08472 -0.123779 0)
(1.0817 -0.130361 0)
(1.0781 -0.137062 0)
(1.07387 -0.143802 0)
(1.06899 -0.150488 0)
(1.06344 -0.157017 0)
(1.05722 -0.163278 0)
(1.05037 -0.169158 0)
(1.04293 -0.174543 0)
(1.03496 -0.179327 0)
(1.02654 -0.18341 0)
(1.01773 -0.1867 0)
(1.0086 -0.189117 0)
(0.999198 -0.190595 0)
(0.989549 -0.191088 0)
(0.979649 -0.190565 0)
(0.969474 -0.189022 0)
(0.958957 -0.186474 0)
(0.948027 -0.182959 0)
(0.936597 -0.178513 0)
(0.924587 -0.173182 0)
(0.911952 -0.16701 0)
(0.898633 -0.160082 0)
(0.88468 -0.152492 0)
(0.870068 -0.144365 0)
(0.854972 -0.135809 0)
(0.839358 -0.126952 0)
(0.823543 -0.117906 0)
(0.807416 -0.108818 0)
(0.791465 -0.0998134 0)
(0.775413 -0.0910216 0)
(0.75997 -0.0825416 0)
(0.744573 -0.0744449 0)
(0.730218 -0.0668013 0)
(0.715918 -0.0596302 0)
(0.703087 -0.0529939 0)
(0.690148 -0.0468616 0)
(0.679125 -0.0413046 0)
(0.667621 -0.0362372 0)
(0.658542 -0.0317606 0)
(0.648346 -0.0277236 0)
(0.641205 -0.0242769 0)
(0.632003 -0.0211881 0)
(0.626727 -0.0186906 0)
(0.61807 -0.0164491 0)
(0.614587 -0.014824 0)
(0.605895 -0.0133375 0)
(0.604186 -0.0125348 0)
(0.594733 -0.0117343 0)
(1.08205 -0.00365058 0)
(1.08806 -0.0113433 0)
(1.09237 -0.0188063 0)
(1.09502 -0.0250473 0)
(1.09652 -0.029924 0)
(1.09748 -0.0337602 0)
(1.0983 -0.0369141 0)
(1.09913 -0.0396121 0)
(1.09997 -0.0419486 0)
(1.10076 -0.0439493 0)
(1.10147 -0.045629 0)
(1.10208 -0.0470149 0)
(1.10258 -0.0481485 0)
(1.103 -0.0490779 0)
(1.10334 -0.0498515 0)
(1.10359 -0.0505135 0)
(1.10376 -0.0511052 0)
(1.10383 -0.051664 0)
(1.1038 -0.0522266 0)
(1.10366 -0.0528272 0)
(1.10341 -0.0535003 0)
(1.10305 -0.0542779 0)
(1.10257 -0.0551919 0)
(1.10198 -0.0562709 0)
(1.10127 -0.0575427 0)
(1.10043 -0.0590308 0)
(1.09948 -0.0607574 0)
(1.09841 -0.0627401 0)
(1.09721 -0.064995 0)
(1.09587 -0.0675336 0)
(1.09441 -0.0703655 0)
(1.0928 -0.0734971 0)
(1.09104 -0.0769332 0)
(1.08911 -0.0806767 0)
(1.08702 -0.0847284 0)
(1.08474 -0.0890873 0)
(1.08227 -0.0937485 0)
(1.07958 -0.0987051 0)
(1.07665 -0.103942 0)
(1.07345 -0.109442 0)
(1.06998 -0.115174 0)
(1.06619 -0.121102 0)
(1.06207 -0.127171 0)
(1.05757 -0.133322 0)
(1.05268 -0.139475 0)
(1.04734 -0.145546 0)
(1.04154 -0.151438 0)
(1.03523 -0.157052 0)
(1.02837 -0.162284 0)
(1.0209 -0.167035 0)
(1.01278 -0.171207 0)
(1.00395 -0.174711 0)
(0.99434 -0.177461 0)
(0.983863 -0.179371 0)
(0.972437 -0.180352 0)
(0.959958 -0.180321 0)
(0.946323 -0.179212 0)
(0.931435 -0.177001 0)
(0.915214 -0.173706 0)
(0.897621 -0.169379 0)
(0.878656 -0.164065 0)
(0.858373 -0.157809 0)
(0.836851 -0.150663 0)
(0.814195 -0.142727 0)
(0.790574 -0.134159 0)
(0.766198 -0.125147 0)
(0.741345 -0.11586 0)
(0.716271 -0.106452 0)
(0.691279 -0.0970558 0)
(0.666575 -0.0878274 0)
(0.642476 -0.0788999 0)
(0.619138 -0.0704152 0)
(0.596924 -0.0624607 0)
(0.575839 -0.0551174 0)
(0.556261 -0.0483914 0)
(0.537956 -0.0422977 0)
(0.521385 -0.0367945 0)
(0.506018 -0.0318759 0)
(0.492522 -0.0274894 0)
(0.479956 -0.0236284 0)
(0.469379 -0.0202445 0)
(0.459252 -0.017325 0)
(0.4513 -0.0148222 0)
(0.443074 -0.0127117 0)
(0.437402 -0.010957 0)
(0.430412 -0.00952289 0)
(0.426722 -0.008402 0)
(0.420182 -0.0075385 0)
(0.41832 -0.00698368 0)
(0.411277 -0.00662694 0)
(1.07468 -0.0075425 0)
(1.08074 -0.0126206 0)
(1.08566 -0.0179101 0)
(1.08937 -0.0228625 0)
(1.09201 -0.027126 0)
(1.09389 -0.0306573 0)
(1.09533 -0.0335954 0)
(1.09656 -0.0361036 0)
(1.09768 -0.0382906 0)
(1.09869 -0.0402058 0)
(1.09958 -0.0418642 0)
(1.10034 -0.0432765 0)
(1.10095 -0.0444626 0)
(1.10143 -0.0454548 0)
(1.10178 -0.0462919 0)
(1.102 -0.047015 0)
(1.1021 -0.0476641 0)
(1.10207 -0.0482771 0)
(1.10191 -0.0488902 0)
(1.10162 -0.0495378 0)
(1.10118 -0.0502538 0)
(1.1006 -0.0510694 0)
(1.09987 -0.0520158 0)
(1.09899 -0.0531208 0)
(1.09798 -0.0544115 0)
(1.09681 -0.0559104 0)
(1.09551 -0.0576394 0)
(1.09405 -0.0596146 0)
(1.09246 -0.0618513 0)
(1.09071 -0.0643593 0)
(1.08881 -0.0671477 0)
(1.08675 -0.0702211 0)
(1.08453 -0.0735837 0)
(1.08212 -0.0772358 0)
(1.07953 -0.081177 0)
(1.07672 -0.0854028 0)
(1.07369 -0.0899063 0)
(1.07041 -0.0946756 0)
(1.06684 -0.0996925 0)
(1.06295 -0.104933 0)
(1.05871 -0.110364 0)
(1.05405 -0.115943 0)
(1.04893 -0.121614 0)
(1.04326 -0.127317 0)
(1.03698 -0.13297 0)
(1.02998 -0.138489 0)
(1.02216 -0.143768 0)
(1.0134 -0.148707 0)
(1.00356 -0.153189 0)
(0.992516 -0.15711 0)
(0.980115 -0.160368 0)
(0.966225 -0.162872 0)
(0.950722 -0.164542 0)
(0.933498 -0.165291 0)
(0.914474 -0.165023 0)
(0.893561 -0.163636 0)
(0.870711 -0.161042 0)
(0.845874 -0.157229 0)
(0.819064 -0.152257 0)
(0.790364 -0.146235 0)
(0.759983 -0.139268 0)
(0.728208 -0.131451 0)
(0.69534 -0.122878 0)
(0.661634 -0.113689 0)
(0.627374 -0.104099 0)
(0.592957 -0.0943785 0)
(0.558871 -0.0847697 0)
(0.525611 -0.0754541 0)
(0.493598 -0.0665778 0)
(0.463119 -0.0582611 0)
(0.434474 -0.0505707 0)
(0.407885 -0.043563 0)
(0.383594 -0.0372852 0)
(0.361702 -0.0317738 0)
(0.342329 -0.0270124 0)
(0.325348 -0.0229658 0)
(0.310737 -0.0195497 0)
(0.298178 -0.0166964 0)
(0.287639 -0.0143008 0)
(0.278676 -0.0123081 0)
(0.271365 -0.0106194 0)
(0.265122 -0.00921673 0)
(0.260239 -0.00801516 0)
(0.255907 -0.00703176 0)
(0.252786 -0.00618524 0)
(0.249651 -0.00551947 0)
(0.247795 -0.00495194 0)
(0.245173 -0.00454621 0)
(0.24427 -0.00422978 0)
(0.241392 -0.00407382 0)
(1.06824 -0.015009 0)
(1.07407 -0.019114 0)
(1.07909 -0.0233632 0)
(1.08323 -0.0274818 0)
(1.0865 -0.0312274 0)
(1.08906 -0.0344745 0)
(1.09111 -0.0372258 0)
(1.09283 -0.0395572 0)
(1.09435 -0.0415508 0)
(1.09572 -0.0432658 0)
(1.09695 -0.0447327 0)
(1.09802 -0.0459687 0)
(1.09892 -0.046989 0)
(1.09964 -0.0478171 0)
(1.10018 -0.0484835 0)
(1.10055 -0.049026 0)
(1.10074 -0.0494833 0)
(1.10075 -0.0498955 0)
(1.10057 -0.0503006 0)
(1.10019 -0.0507364 0)
(1.09962 -0.0512377 0)
(1.09884 -0.051838 0)
(1.09786 -0.0525678 0)
(1.09667 -0.0534555 0)
(1.09527 -0.0545265 0)
(1.09367 -0.0558035 0)
(1.09185 -0.0573066 0)
(1.08982 -0.0590515 0)
(1.08757 -0.0610518 0)
(1.08509 -0.0633166 0)
(1.08237 -0.0658529 0)
(1.0794 -0.0686635 0)
(1.07615 -0.0717497 0)
(1.07259 -0.0751084 0)
(1.06871 -0.0787358 0)
(1.06445 -0.0826219 0)
(1.05979 -0.0867556 0)
(1.05465 -0.0911173 0)
(1.04899 -0.0956835 0)
(1.04273 -0.10042 0)
(1.03581 -0.105285 0)
(1.0281 -0.110225 0)
(1.01953 -0.115178 0)
(1.00995 -0.120073 0)
(0.999266 -0.124822 0)
(0.987294 -0.129328 0)
(0.973907 -0.133473 0)
(0.958914 -0.137144 0)
(0.942158 -0.140208 0)
(0.923452 -0.142561 0)
(0.902638 -0.144085 0)
(0.87958 -0.144712 0)
(0.85416 -0.144368 0)
(0.82636 -0.143002 0)
(0.796187 -0.140561 0)
(0.763715 -0.136956 0)
(0.729069 -0.132131 0)
(0.692324 -0.126118 0)
(0.653621 -0.119028 0)
(0.613204 -0.111008 0)
(0.571575 -0.10224 0)
(0.529402 -0.0929647 0)
(0.487362 -0.083404 0)
(0.445972 -0.0737749 0)
(0.40556 -0.0642962 0)
(0.36665 -0.0552108 0)
(0.329995 -0.0466943 0)
(0.296412 -0.0390051 0)
(0.266311 -0.0323476 0)
(0.23985 -0.0267955 0)
(0.217111 -0.022342 0)
(0.197884 -0.0188843 0)
(0.181836 -0.0162305 0)
(0.168596 -0.0141786 0)
(0.157798 -0.0125652 0)
(0.14902 -0.0112681 0)
(0.141906 -0.010187 0)
(0.136099 -0.00925937 0)
(0.131387 -0.00843402 0)
(0.127514 -0.0076935 0)
(0.124398 -0.00701312 0)
(0.121832 -0.00640448 0)
(0.119835 -0.00584599 0)
(0.118187 -0.00536003 0)
(0.116993 -0.00491054 0)
(0.115955 -0.00453066 0)
(0.115292 -0.00416325 0)
(0.114529 -0.00385269 0)
(0.11414 -0.00354724 0)
(0.113158 -0.00325044 0)
(1.06553 -0.0209566 0)
(1.07121 -0.0242667 0)
(1.07627 -0.0276531 0)
(1.08064 -0.0309724 0)
(1.08431 -0.0340777 0)
(1.08733 -0.0368566 0)
(1.08982 -0.039261 0)
(1.09192 -0.0413037 0)
(1.09374 -0.0430275 0)
(1.09534 -0.0444783 0)
(1.09673 -0.0456885 0)
(1.0979 -0.04668 0)
(1.09885 -0.0474678 0)
(1.09954 -0.0480709 0)
(1.09997 -0.048513 0)
(1.10012 -0.0488269 0)
(1.1 -0.049048 0)
(1.09958 -0.0492165 0)
(1.09886 -0.0493714 0)
(1.09784 -0.0495536 0)
(1.0965 -0.0497998 0)
(1.09484 -0.0501457 0)
(1.09286 -0.0506206 0)
(1.09055 -0.0512529 0)
(1.0879 -0.0520647 0)
(1.08491 -0.0530778 0)
(1.08157 -0.0543078 0)
(1.07786 -0.0557693 0)
(1.07377 -0.0574711 0)
(1.06929 -0.0594203 0)
(1.06437 -0.0616186 0)
(1.05898 -0.0640656 0)
(1.05309 -0.066756 0)
(1.04664 -0.0696821 0)
(1.03958 -0.072832 0)
(1.03183 -0.0761898 0)
(1.02332 -0.0797353 0)
(1.01396 -0.0834409 0)
(1.00367 -0.0872735 0)
(0.992315 -0.0911868 0)
(0.979802 -0.0951277 0)
(0.965977 -0.0990255 0)
(0.950722 -0.102805 0)
(0.933854 -0.106382 0)
(0.915252 -0.109667 0)
(0.894714 -0.112547 0)
(0.872135 -0.114906 0)
(0.8473 -0.116625 0)
(0.820125 -0.117592 0)
(0.790422 -0.117713 0)
(0.75817 -0.116898 0)
(0.72327 -0.115111 0)
(0.685729 -0.112236 0)
(0.645713 -0.108294 0)
(0.603338 -0.103219 0)
(0.559203 -0.0970752 0)
(0.513748 -0.0899623 0)
(0.467447 -0.0820754 0)
(0.420539 -0.073527 0)
(0.373695 -0.0645138 0)
(0.327754 -0.0551771 0)
(0.283916 -0.0457755 0)
(0.243529 -0.0368972 0)
(0.207463 -0.0293002 0)
(0.175804 -0.023362 0)
(0.148921 -0.0189709 0)
(0.127046 -0.0159386 0)
(0.109794 -0.0138944 0)
(0.0961832 -0.0123426 0)
(0.0851295 -0.0110247 0)
(0.0758909 -0.0099584 0)
(0.0680028 -0.00916422 0)
(0.0612203 -0.00859576 0)
(0.0553689 -0.00813676 0)
(0.0503592 -0.00771378 0)
(0.0460993 -0.00729645 0)
(0.0424885 -0.00686971 0)
(0.0394238 -0.00643742 0)
(0.0368403 -0.00601027 0)
(0.0346656 -0.0056125 0)
(0.0328552 -0.00525279 0)
(0.0313463 -0.00494075 0)
(0.0301248 -0.004667 0)
(0.0291238 -0.00443021 0)
(0.0283375 -0.00420531 0)
(0.027675 -0.00398646 0)
(0.0271395 -0.00373268 0)
(0.026608 -0.00343381 0)
(0.0261017 -0.00304306 0)
(0.0254387 -0.00268683 0)
(1.06617 -0.0271147 0)
(1.07166 -0.0297498 0)
(1.07657 -0.0324093 0)
(1.08082 -0.0350277 0)
(1.0844 -0.0375234 0)
(1.08732 -0.0398108 0)
(1.08965 -0.0418254 0)
(1.09146 -0.0435415 0)
(1.09284 -0.0449665 0)
(1.09383 -0.0461253 0)
(1.09443 -0.0470429 0)
(1.09465 -0.0477399 0)
(1.09446 -0.0482311 0)
(1.09384 -0.0485326 0)
(1.09277 -0.0486642 0)
(1.09123 -0.0486539 0)
(1.08921 -0.0485343 0)
(1.08671 -0.0483447 0)
(1.0837 -0.0481251 0)
(1.08019 -0.0479182 0)
(1.07618 -0.0477642 0)
(1.07165 -0.0477018 0)
(1.06661 -0.047762 0)
(1.06106 -0.0479738 0)
(1.05498 -0.0483574 0)
(1.04835 -0.0489316 0)
(1.04116 -0.0497065 0)
(1.03339 -0.0506916 0)
(1.025 -0.0518876 0)
(1.01595 -0.0532956 0)
(1.0062 -0.0549082 0)
(0.995688 -0.0567191 0)
(0.984344 -0.0587134 0)
(0.972103 -0.0608778 0)
(0.958867 -0.0631901 0)
(0.944555 -0.0656291 0)
(0.929053 -0.0681642 0)
(0.912262 -0.0707633 0)
(0.894056 -0.073384 0)
(0.874323 -0.0759767 0)
(0.85293 -0.0784786 0)
(0.829752 -0.0808121 0)
(0.804668 -0.0828878 0)
(0.777521 -0.084602 0)
(0.748209 -0.0858511 0)
(0.716636 -0.0865069 0)
(0.68278 -0.0864728 0)
(0.64656 -0.0856364 0)
(0.608045 -0.0839633 0)
(0.567267 -0.0814211 0)
(0.524475 -0.0780588 0)
(0.479787 -0.0738141 0)
(0.433747 -0.0686599 0)
(0.386599 -0.0624789 0)
(0.339004 -0.0550542 0)
(0.292204 -0.0466637 0)
(0.247373 -0.0380198 0)
(0.20558 -0.0300134 0)
(0.167453 -0.0233922 0)
(0.134293 -0.0185082 0)
(0.107582 -0.0151949 0)
(0.0870168 -0.0127183 0)
(0.0710466 -0.010656 0)
(0.0581352 -0.00897627 0)
(0.047098 -0.00780382 0)
(0.0374694 -0.00729705 0)
(0.02911 -0.0072382 0)
(0.0219908 -0.00710729 0)
(0.0159018 -0.00665472 0)
(0.0106457 -0.00595993 0)
(0.00607115 -0.00523326 0)
(0.00204184 -0.00466311 0)
(-0.00149577 -0.0043233 0)
(-0.00462778 -0.00417174 0)
(-0.00744614 -0.00412919 0)
(-0.0099968 -0.00412615 0)
(-0.0123067 -0.0041119 0)
(-0.0144001 -0.00406648 0)
(-0.016295 -0.00399314 0)
(-0.0180031 -0.00391032 0)
(-0.0195324 -0.00382829 0)
(-0.0209012 -0.00375275 0)
(-0.0221244 -0.00367711 0)
(-0.0232294 -0.00359197 0)
(-0.0242314 -0.00347875 0)
(-0.0251586 -0.003323 0)
(-0.026016 -0.00309502 0)
(-0.0268329 -0.00277709 0)
(-0.0276204 -0.00239281 0)
(-0.0282971 -0.00211751 0)
(1.0657 -0.031293 0)
(1.0696 -0.033324 0)
(1.07264 -0.0353424 0)
(1.07478 -0.0373223 0)
(1.07597 -0.0392095 0)
(1.07624 -0.0409382 0)
(1.07563 -0.0424486 0)
(1.07417 -0.0437002 0)
(1.07192 -0.0446797 0)
(1.06893 -0.0453935 0)
(1.06522 -0.0458565 0)
(1.0608 -0.0460856 0)
(1.05568 -0.0460964 0)
(1.04986 -0.0459056 0)
(1.04334 -0.0455323 0)
(1.03613 -0.0450018 0)
(1.02824 -0.0443452 0)
(1.01969 -0.0436004 0)
(1.01049 -0.042808 0)
(1.00065 -0.0420111 0)
(0.99018 -0.0412509 0)
(0.979096 -0.0405696 0)
(0.9674 -0.0400049 0)
(0.955097 -0.0395893 0)
(0.942173 -0.0393448 0)
(0.928615 -0.0392861 0)
(0.914391 -0.0394167 0)
(0.899473 -0.039735 0)
(0.883807 -0.0402309 0)
(0.867352 -0.0408921 0)
(0.850036 -0.0416996 0)
(0.831802 -0.042635 0)
(0.812561 -0.0436736 0)
(0.792245 -0.0447924 0)
(0.770751 -0.0459618 0)
(0.748006 -0.0471543 0)
(0.7239 -0.0483352 0)
(0.698365 -0.049471 0)
(0.671294 -0.0505204 0)
(0.642636 -0.0514386 0)
(0.612313 -0.0521725 0)
(0.580309 -0.0526497 0)
(0.546683 -0.0527916 0)
(0.511374 -0.0524479 0)
(0.474468 -0.0514521 0)
(0.436132 -0.0496486 0)
(0.396603 -0.0469459 0)
(0.356185 -0.0432967 0)
(0.315181 -0.0387952 0)
(0.274143 -0.0337116 0)
(0.233653 -0.0283849 0)
(0.194599 -0.0232472 0)
(0.158455 -0.0188641 0)
(0.126386 -0.015182 0)
(0.099914 -0.0121989 0)
(0.0788189 -0.00966142 0)
(0.061853 -0.0074024 0)
(0.0477868 -0.00559688 0)
(0.0358776 -0.00466241 0)
(0.0254044 -0.00484605 0)
(0.016406 -0.00568826 0)
(0.00886626 -0.00600375 0)
(0.00256496 -0.00516762 0)
(-0.00270579 -0.00364757 0)
(-0.00719303 -0.00237278 0)
(-0.0110737 -0.00180583 0)
(-0.014571 -0.00176536 0)
(-0.017797 -0.00194712 0)
(-0.0207542 -0.00207909 0)
(-0.0233939 -0.00208052 0)
(-0.0257216 -0.00201658 0)
(-0.0278 -0.00196848 0)
(-0.0297113 -0.00196814 0)
(-0.0315279 -0.00203484 0)
(-0.0332891 -0.00213383 0)
(-0.0350087 -0.00222912 0)
(-0.0366866 -0.00230105 0)
(-0.0383152 -0.00234752 0)
(-0.0398867 -0.00237588 0)
(-0.041397 -0.00239378 0)
(-0.0428456 -0.00240777 0)
(-0.0442372 -0.00241884 0)
(-0.0455765 -0.00241964 0)
(-0.046868 -0.00240043 0)
(-0.0481089 -0.00234958 0)
(-0.0492896 -0.00225658 0)
(-0.0503889 -0.00210528 0)
(-0.0513999 -0.00189032 0)
(-0.0523191 -0.00164863 0)
(-0.0529803 -0.00149088 0)
(1.02351 -0.0370566 0)
(1.01844 -0.0376824 0)
(1.012 -0.0383094 0)
(1.00419 -0.0389255 0)
(0.995035 -0.0394874 0)
(0.984584 -0.0399453 0)
(0.972912 -0.0402514 0)
(0.960132 -0.0403714 0)
(0.946337 -0.0402803 0)
(0.931631 -0.0399676 0)
(0.916119 -0.0394358 0)
(0.899894 -0.0386962 0)
(0.88304 -0.037764 0)
(0.865636 -0.0366576 0)
(0.847756 -0.0353972 0)
(0.829471 -0.0340072 0)
(0.810845 -0.0325172 0)
(0.791939 -0.0309621 0)
(0.772801 -0.02938 0)
(0.753469 -0.0278103 0)
(0.733961 -0.02629 0)
(0.714288 -0.024855 0)
(0.694455 -0.0235375 0)
(0.674459 -0.0223634 0)
(0.654288 -0.0213501 0)
(0.633915 -0.0205062 0)
(0.613306 -0.0198312 0)
(0.592415 -0.0193163 0)
(0.571189 -0.018946 0)
(0.549572 -0.0186999 0)
(0.527503 -0.018553 0)
(0.504924 -0.0184784 0)
(0.481774 -0.0184457 0)
(0.458006 -0.0184247 0)
(0.433567 -0.0183824 0)
(0.408436 -0.0182883 0)
(0.382581 -0.0181092 0)
(0.356031 -0.0178198 0)
(0.328793 -0.0173921 0)
(0.300984 -0.0168151 0)
(0.272685 -0.0160761 0)
(0.244177 -0.0151891 0)
(0.215881 -0.0141758 0)
(0.188133 -0.0129987 0)
(0.161468 -0.0116241 0)
(0.136451 -0.010096 0)
(0.113566 -0.00836054 0)
(0.0933128 -0.00650391 0)
(0.0756145 -0.00465084 0)
(0.0602629 -0.00285478 0)
(0.0469337 -0.0013833 0)
(0.0353731 -0.000656785 0)
(0.0253343 -0.000970535 0)
(0.0163043 -0.0022685 0)
(0.00842246 -0.00380147 0)
(0.00168949 -0.00429715 0)
(-0.00378844 -0.00333043 0)
(-0.00797226 -0.00157821 0)
(-0.0111946 -0.000161529 0)
(-0.0139477 0.000248822 0)
(-0.0166471 -1.82821e-05 0)
(-0.0193845 -0.000343062 0)
(-0.0218434 -0.000363205 0)
(-0.0237318 -0.000145746 0)
(-0.025063 2.74884e-05 0)
(-0.0260735 4.24795e-06 0)
(-0.0270422 -0.000192417 0)
(-0.028102 -0.00042026 0)
(-0.0292355 -0.000555184 0)
(-0.0303702 -0.00058599 0)
(-0.0314542 -0.000565486 0)
(-0.0324822 -0.000551971 0)
(-0.0334809 -0.000573569 0)
(-0.0344868 -0.000629183 0)
(-0.0355272 -0.000700825 0)
(-0.0366099 -0.000772418 0)
(-0.0377288 -0.000833284 0)
(-0.0388718 -0.000880692 0)
(-0.0400286 -0.000917634 0)
(-0.041193 -0.000948662 0)
(-0.0423629 -0.000977173 0)
(-0.0435377 -0.00100357 0)
(-0.0447148 -0.00102473 0)
(-0.0458869 -0.0010364 0)
(-0.0470406 -0.00103395 0)
(-0.0481539 -0.00101361 0)
(-0.0491989 -0.000972533 0)
(-0.0501666 -0.000914844 0)
(-0.0510644 -0.000852951 0)
(-0.0517228 -0.000807355 0)
(0.714273 -0.020752 0)
(0.685123 -0.0203542 0)
(0.655817 -0.0199735 0)
(0.626374 -0.0196052 0)
(0.596835 -0.0192249 0)
(0.567288 -0.0188028 0)
(0.537833 -0.0183081 0)
(0.508651 -0.0177211 0)
(0.479896 -0.0170172 0)
(0.451737 -0.0161815 0)
(0.424336 -0.0152129 0)
(0.39785 -0.0141232 0)
(0.372417 -0.0129326 0)
(0.348157 -0.0116657 0)
(0.325173 -0.0103508 0)
(0.30354 -0.00901941 0)
(0.283307 -0.00770582 0)
(0.264493 -0.00644582 0)
(0.247079 -0.00527387 0)
(0.231012 -0.00421986 0)
(0.216208 -0.00330476 0)
(0.202564 -0.00253309 0)
(0.189963 -0.00189771 0)
(0.178278 -0.00138595 0)
(0.167377 -0.000983054 0)
(0.157128 -0.000673234 0)
(0.147404 -0.000439539 0)
(0.138089 -0.00026393 0)
(0.129082 -0.000127599 0)
(0.120302 -1.16162e-05 0)
(0.111686 0.00010241 0)
(0.103194 0.000231639 0)
(0.0948098 0.000391165 0)
(0.0865354 0.000593156 0)
(0.0783945 0.000845443 0)
(0.0704292 0.00115016 0)
(0.062694 0.00150129 0)
(0.0552545 0.00188258 0)
(0.048173 0.00226384 0)
(0.0415077 0.00259824 0)
(0.0352842 0.00281965 0)
(0.0294978 0.00284124 0)
(0.0240763 0.00256364 0)
(0.0188938 0.00189908 0)
(0.0138504 0.000868148 0)
(0.00888576 -0.000349937 0)
(0.00386023 -0.00142711 0)
(-0.001013 -0.00219345 0)
(-0.00533394 -0.00243254 0)
(-0.00863541 -0.00202815 0)
(-0.010685 -0.00114618 0)
(-0.0115409 -0.000105683 0)
(-0.0117435 0.000732255 0)
(-0.0120344 0.00110451 0)
(-0.012923 0.00116689 0)
(-0.0143194 0.00110607 0)
(-0.0155664 0.00106807 0)
(-0.0161362 0.00101326 0)
(-0.0159821 0.000814613 0)
(-0.0155445 0.000482787 0)
(-0.0153376 8.64026e-05 0)
(-0.0155156 -0.00017595 0)
(-0.0158609 -0.000211602 0)
(-0.016091 -8.28053e-05 0)
(-0.016117 7.51506e-05 0)
(-0.0160363 0.000163828 0)
(-0.0159953 0.000163153 0)
(-0.0160748 0.000115978 0)
(-0.0162664 6.31561e-05 0)
(-0.0165167 2.52454e-05 0)
(-0.0167809 3.64624e-06 0)
(-0.0170445 -9.03376e-06 0)
(-0.017317 -2.06687e-05 0)
(-0.0176166 -3.6496e-05 0)
(-0.0179573 -5.61197e-05 0)
(-0.0183435 -7.66263e-05 0)
(-0.0187712 -9.50224e-05 0)
(-0.0192326 -0.000109954 0)
(-0.01972 -0.000121682 0)
(-0.0202283 -0.00013134 0)
(-0.0207552 -0.000140208 0)
(-0.0213001 -0.000149057 0)
(-0.0218614 -0.000157817 0)
(-0.0224356 -0.000165945 0)
(-0.0230163 -0.000172585 0)
(-0.0235933 -0.000177319 0)
(-0.0241542 -0.000182124 0)
(-0.0247015 -0.000193246 0)
(-0.0252723 -0.000212092 0)
(-0.0258041 -0.000224228 0)
)
;

boundaryField
{
    fixedWalls
    {
        type            noSlip;
    }
    inflowWall
    {
        type            fixedValue;
        value           uniform (1 0 0);
    }
    outflowWall
    {
        type            zeroGradient;
    }
    frontAndBack
    {
        type            empty;
    }
}


// ************************************************************************* //
