/*--------------------------------*- C++ -*----------------------------------*\
| =========                 |                                                 |
| \\      /  F ield         | OpenFOAM: The Open Source CFD Toolbox           |
|  \\    /   O peration     | Version:  2306                                  |
|   \\  /    A nd           | Website:  www.openfoam.com                      |
|    \\/     M anipulation  |                                                 |
\*---------------------------------------------------------------------------*/
FoamFile
{
    version     2.0;
    format      ascii;
    arch        "LSB;label=32;scalar=64";
    class       surfaceScalarField;
    location    "7";
    object      phi;
}
// * * * * * * * * * * * * * * * * * * * * * * * * * * * * * * * * * * * * * //

dimensions      [0 3 -1 0 0 0 0];

oriented        oriented;

internalField   nonuniform List<scalar> 
3680
(
4.93468e-05
6.532e-07
4.7974e-05
1.37281e-06
4.66971e-05
1.27685e-06
4.52598e-05
1.43736e-06
4.41208e-05
1.13893e-06
4.27164e-05
1.40444e-06
4.17307e-05
9.85725e-07
4.04277e-05
1.30301e-06
3.97918e-05
6.35881e-07
9.90945e-07
3.88008e-05
5.03392e-05
3.13956e-07
5.08676e-05
8.44458e-07
5.11318e-05
1.01265e-06
5.14644e-05
1.1048e-06
5.15915e-05
1.01178e-06
5.19735e-05
1.02246e-06
5.20578e-05
9.01396e-07
5.25073e-05
8.53559e-07
5.25005e-05
6.426e-07
4.37943e-07
5.30536e-05
5.01633e-05
1.5069e-07
5.05552e-05
4.52508e-07
5.09756e-05
5.92286e-07
5.14189e-05
6.61469e-07
5.18157e-05
6.14997e-07
5.22663e-05
5.71831e-07
5.26931e-05
4.74664e-07
5.31618e-05
3.84853e-07
5.35781e-05
2.2626e-07
2.05151e-08
5.39955e-05
5.00932e-05
5.74766e-08
5.03763e-05
1.6945e-07
5.07338e-05
2.34729e-07
5.11457e-05
2.49616e-07
5.15491e-05
2.11596e-07
5.19713e-05
1.4963e-07
5.23821e-05
6.38209e-08
5.281e-05
-4.30446e-08
5.32198e-05
-1.83549e-07
-3.51564e-07
5.35919e-05
5.00738e-05
-1.63101e-08
5.02912e-05
-4.79698e-08
5.0611e-05
-8.50578e-08
5.09885e-05
-1.27939e-07
5.138e-05
-1.79849e-07
5.17739e-05
-2.44274e-07
5.21645e-05
-3.26782e-07
5.25509e-05
-4.29451e-07
5.29207e-05
-5.53317e-07
-6.97851e-07
5.3267e-05
5.00732e-05
-8.94814e-08
5.02829e-05
-2.57733e-07
5.05978e-05
-3.99903e-07
5.09653e-05
-4.95446e-07
5.13444e-05
-5.58971e-07
5.17217e-05
-6.21524e-07
5.20916e-05
-6.96694e-07
5.24528e-05
-7.90718e-07
5.28027e-05
-9.03196e-07
-1.02983e-06
5.31347e-05
5.00942e-05
-1.83694e-07
5.03556e-05
-5.19144e-07
5.06983e-05
-7.4262e-07
5.10684e-05
-8.65497e-07
5.14409e-05
-9.315e-07
5.18049e-05
-9.85513e-07
5.21619e-05
-1.05368e-06
5.25136e-05
-1.1424e-06
5.28549e-05
-1.24448e-06
-1.35175e-06
5.31768e-05
5.01665e-05
-3.5019e-07
5.05181e-05
-8.70758e-07
5.0921e-05
-1.1455e-06
5.12999e-05
-1.24445e-06
5.1649e-05
-1.28057e-06
5.19867e-05
-1.32322e-06
5.2321e-05
-1.38797e-06
5.26429e-05
-1.46433e-06
5.29387e-05
-1.54029e-06
-1.61034e-06
5.31973e-05
5.03676e-05
-7.17831e-07
5.08005e-05
-1.30365e-06
5.10994e-05
-1.44438e-06
5.12772e-05
-1.42222e-06
5.14061e-05
-1.40951e-06
5.15053e-05
-1.42244e-06
5.15574e-05
-1.44008e-06
5.15458e-05
-1.45273e-06
5.14623e-05
-1.45673e-06
-1.45542e-06
5.13074e-05
4.92822e-05
4.79785e-05
4.65341e-05
4.51119e-05
4.37024e-05
4.228e-05
4.08399e-05
3.93872e-05
3.79304e-05
3.6475e-05
1.43034e-08
-1.43034e-08
1.05434e-08
3.75991e-09
-8.33845e-09
1.88818e-08
-3.70106e-08
2.86722e-08
-7.26584e-08
3.56478e-08
-1.13993e-07
4.13347e-08
-1.60618e-07
4.6625e-08
-2.1228e-07
5.16616e-08
-2.68686e-07
5.64063e-08
-3.29502e-07
6.08159e-08
-3.94362e-07
6.48598e-08
-4.62886e-07
6.85243e-08
-5.34694e-07
7.18085e-08
-6.09414e-07
7.47195e-08
-6.86685e-07
7.7271e-08
-7.66167e-07
7.94823e-08
-8.47543e-07
8.13758e-08
-9.30517e-07
8.29743e-08
-1.01482e-06
8.43016e-08
-1.10021e-06
8.53908e-08
-1.18649e-06
8.62821e-08
-1.27351e-06
8.70212e-08
-1.36117e-06
8.7658e-08
-1.44942e-06
8.82455e-08
-1.53826e-06
8.88393e-08
-1.62776e-06
8.95002e-08
-1.71805e-06
9.02967e-08
-1.80935e-06
9.13021e-08
-1.90195e-06
9.25904e-08
-1.99618e-06
9.42359e-08
-2.09249e-06
9.63093e-08
-2.19137e-06
9.8875e-08
-2.29336e-06
1.01992e-07
-2.39909e-06
1.05727e-07
-2.50925e-06
1.1017e-07
-2.6247e-06
1.15442e-07
-2.7464e-06
1.217e-07
-2.87554e-06
1.29139e-07
-3.01356e-06
1.38022e-07
-3.16224e-06
1.48678e-07
-3.32376e-06
1.61528e-07
-3.50085e-06
1.77087e-07
-3.69676e-06
1.95913e-07
-3.9152e-06
2.18435e-07
-4.15994e-06
2.44743e-07
-4.43435e-06
2.74412e-07
-4.74066e-06
3.0631e-07
-5.07928e-06
3.38613e-07
-5.44819e-06
3.68914e-07
-5.84241e-06
3.94218e-07
-6.25322e-06
4.1081e-07
-6.66868e-06
4.15458e-07
-7.07443e-06
4.05748e-07
-7.45479e-06
3.80362e-07
-7.79273e-06
3.37943e-07
-8.07183e-06
2.79102e-07
-8.28048e-06
2.08651e-07
-8.4061e-06
1.25619e-07
-8.43574e-06
2.96391e-08
-8.36652e-06
-6.92217e-08
-8.1956e-06
-1.70916e-07
-7.92223e-06
-2.73376e-07
-7.54692e-06
-3.75305e-07
-7.07464e-06
-4.72288e-07
-6.51347e-06
-5.61161e-07
-5.8703e-06
-6.43172e-07
-5.15541e-06
-7.14894e-07
-4.37831e-06
-7.77095e-07
-3.55149e-06
-8.26821e-07
-2.6815e-06
-8.69997e-07
-1.78768e-06
-8.93815e-07
-8.74453e-07
-9.13229e-07
4.28294e-08
-9.17282e-07
9.60537e-07
-9.17708e-07
1.86332e-06
-9.02778e-07
2.75378e-06
-8.90462e-07
3.61431e-06
-8.60534e-07
4.45315e-06
-8.38835e-07
5.2522e-06
-7.9905e-07
6.02564e-06
-7.73445e-07
6.75435e-06
-7.28706e-07
7.45886e-06
-7.04512e-07
8.1184e-06
-6.59539e-07
8.76014e-06
-6.41746e-07
9.3612e-06
-6.01057e-07
9.95564e-06
-5.94441e-07
1.0518e-05
-5.62342e-07
1.10917e-05
-5.73702e-07
1.16473e-05
-5.55653e-07
-6.09752e-07
-1.12457e-08
-3.05759e-09
-6.55192e-08
5.80334e-08
-1.49924e-07
1.03287e-07
-2.56265e-07
1.35013e-07
-3.79678e-07
1.59061e-07
-5.17787e-07
1.79443e-07
-6.6893e-07
1.97768e-07
-8.31621e-07
2.14353e-07
-1.00444e-06
2.29229e-07
-1.18603e-06
2.42401e-07
-1.37506e-06
2.53891e-07
-1.57028e-06
2.63745e-07
-1.77051e-06
2.72042e-07
-1.97468e-06
2.78885e-07
-2.1818e-06
2.84395e-07
-2.39103e-06
2.88707e-07
-2.60161e-06
2.91962e-07
-2.81294e-06
2.94301e-07
-3.0245e-06
2.95863e-07
-3.23592e-06
2.96808e-07
-3.44694e-06
2.97308e-07
-3.65747e-06
2.97543e-07
-3.86751e-06
2.97698e-07
-4.07722e-06
2.97961e-07
-4.2869e-06
2.98515e-07
-4.49695e-06
2.99553e-07
-4.70793e-06
3.01277e-07
-4.92052e-06
3.0389e-07
-5.13551e-06
3.07585e-07
-5.35382e-06
3.12542e-07
-5.57643e-06
3.18921e-07
-5.80441e-06
3.2685e-07
-6.03884e-06
3.36427e-07
-6.28084e-06
3.4773e-07
-6.53152e-06
3.60849e-07
-6.79196e-06
3.75883e-07
-7.06317e-06
3.92907e-07
-7.34599e-06
4.11954e-07
-7.64102e-06
4.33053e-07
-7.94853e-06
4.56191e-07
-8.26832e-06
4.81321e-07
-8.59961e-06
5.08369e-07
-8.94087e-06
5.37181e-07
-9.2897e-06
5.67259e-07
-9.64236e-06
5.97403e-07
-9.99371e-06
6.25767e-07
-1.0337e-05
6.49619e-07
-1.06639e-05
6.65506e-07
-1.09647e-05
6.69653e-07
-1.12289e-05
6.58508e-07
-1.14452e-05
6.27022e-07
-1.16014e-05
5.71737e-07
-1.16858e-05
4.90085e-07
-1.1688e-05
3.8262e-07
-1.15988e-05
2.48739e-07
-1.14082e-05
8.84841e-08
-1.11101e-05
-8.94841e-08
-1.07071e-05
-2.77326e-07
-1.0197e-05
-4.80452e-07
-9.57712e-06
-6.89139e-07
-8.84737e-06
-9.00667e-07
-8.01418e-06
-1.10656e-06
-7.08213e-06
-1.30735e-06
-6.05826e-06
-1.49616e-06
-4.95344e-06
-1.66598e-06
-3.77649e-06
-1.82012e-06
-2.53822e-06
-1.95316e-06
-1.2509e-06
-2.06442e-06
7.68228e-08
-2.15454e-06
1.42604e-06
-2.21921e-06
2.79332e-06
-2.2611e-06
4.16779e-06
-2.28769e-06
5.5367e-06
-2.28619e-06
6.89604e-06
-2.27705e-06
8.23224e-06
-2.23898e-06
9.54456e-06
-2.20278e-06
1.08213e-05
-2.1373e-06
1.20654e-05
-2.08296e-06
1.32661e-05
-1.99967e-06
1.44302e-05
-1.93759e-06
1.55478e-05
-1.84624e-06
1.66298e-05
-1.7866e-06
1.76666e-05
-1.69631e-06
1.86738e-05
-1.64896e-06
1.96409e-05
-1.5681e-06
2.05895e-05
-1.5431e-06
2.15071e-05
-1.47986e-06
2.24233e-05
-1.48994e-06
2.33211e-05
-1.45342e-06
-1.50572e-06
-5.0662e-08
4.76044e-08
-1.8821e-07
1.95581e-07
-3.71845e-07
2.86922e-07
-5.82612e-07
3.4578e-07
-8.11565e-07
3.88015e-07
-1.05624e-06
4.24115e-07
-1.31495e-06
4.56484e-07
-1.58511e-06
4.84511e-07
-1.86403e-06
5.08153e-07
-2.14923e-06
5.27594e-07
-2.43842e-06
5.43084e-07
-2.72961e-06
5.54935e-07
-3.02108e-06
5.63508e-07
-3.31138e-06
5.69185e-07
-3.59933e-06
5.72346e-07
-3.88399e-06
5.7337e-07
-4.16465e-06
5.72616e-07
-4.44078e-06
5.7043e-07
-4.71199e-06
5.6708e-07
-4.97809e-06
5.62903e-07
-5.23901e-06
5.58231e-07
-5.49484e-06
5.53373e-07
-5.74577e-06
5.48627e-07
-5.99208e-06
5.44269e-07
-6.23411e-06
5.40551e-07
-6.47227e-06
5.37708e-07
-6.70696e-06
5.35972e-07
-6.93864e-06
5.35566e-07
-7.16771e-06
5.36656e-07
-7.39453e-06
5.39366e-07
-7.61938e-06
5.43765e-07
-7.84238e-06
5.49852e-07
-8.0635e-06
5.57548e-07
-8.28247e-06
5.66702e-07
-8.49877e-06
5.77146e-07
-8.71162e-06
5.88728e-07
-8.91991e-06
6.01204e-07
-9.12213e-06
6.14167e-07
-9.31628e-06
6.27209e-07
-9.49988e-06
6.39786e-07
-9.66981e-06
6.51256e-07
-9.82232e-06
6.60882e-07
-9.95302e-06
6.67882e-07
-1.0057e-05
6.71213e-07
-1.01285e-05
6.68916e-07
-1.01613e-05
6.58595e-07
-1.01488e-05
6.37112e-07
-1.00839e-05
6.00544e-07
-9.95839e-06
5.44188e-07
-9.76683e-06
4.66953e-07
-9.5033e-06
3.63488e-07
-9.16287e-06
2.3131e-07
-8.73839e-06
6.56094e-08
-8.23063e-06
-1.25141e-07
-7.63795e-06
-3.4394e-07
-6.96165e-06
-5.87822e-07
-6.19678e-06
-8.54351e-07
-5.3421e-06
-1.132e-06
-4.40182e-06
-1.42074e-06
-3.38204e-06
-1.70891e-06
-2.28517e-06
-1.99754e-06
-1.1184e-06
-2.27334e-06
1.15222e-07
-2.54097e-06
1.3986e-06
-2.77954e-06
2.73479e-06
-3.00216e-06
4.10841e-06
-3.19374e-06
5.51524e-06
-3.35999e-06
6.9426e-06
-3.49178e-06
8.38312e-06
-3.59506e-06
9.82929e-06
-3.66539e-06
1.12712e-05
-3.70302e-06
1.26999e-05
-3.71637e-06
1.41097e-05
-3.69595e-06
1.54924e-05
-3.65979e-06
1.68442e-05
-3.59076e-06
1.81588e-05
-3.51739e-06
1.94344e-05
-3.41288e-06
2.06675e-05
-3.31614e-06
2.18577e-05
-3.1898e-06
2.30043e-05
-3.08425e-06
2.41078e-05
-2.9497e-06
2.51707e-05
-2.84947e-06
2.61936e-05
-2.71922e-06
2.71825e-05
-2.63789e-06
2.81377e-05
-2.52333e-06
2.90687e-05
-2.47406e-06
2.99751e-05
-2.38629e-06
3.08677e-05
-2.38255e-06
3.17455e-05
-2.33121e-06
-2.3923e-06
-1.38887e-07
1.86492e-07
-3.93974e-07
4.50668e-07
-6.88579e-07
5.81527e-07
-1.00039e-06
6.57588e-07
-1.32711e-06
7.1474e-07
-1.66584e-06
7.62846e-07
-2.01152e-06
8.02163e-07
-2.35937e-06
8.32356e-07
-2.70532e-06
8.54101e-07
-3.0463e-06
8.68575e-07
-3.37981e-06
8.76598e-07
-3.70395e-06
8.79076e-07
-4.01736e-06
8.76921e-07
-4.31911e-06
8.70931e-07
-4.60858e-06
8.61821e-07
-4.88545e-06
8.50236e-07
-5.14958e-06
8.36745e-07
-5.40098e-06
8.2183e-07
-5.63979e-06
8.05893e-07
-5.86623e-06
7.89344e-07
-6.08056e-06
7.72559e-07
-6.28306e-06
7.55869e-07
-6.474e-06
7.39566e-07
-6.65363e-06
7.23906e-07
-6.82217e-06
7.09084e-07
-6.9797e-06
6.95242e-07
-7.12624e-06
6.82513e-07
-7.26171e-06
6.71038e-07
-7.3859e-06
6.60845e-07
-7.49843e-06
6.51894e-07
-7.59874e-06
6.44077e-07
-7.68608e-06
6.37193e-07
-7.75948e-06
6.3094e-07
-7.81768e-06
6.24907e-07
-7.85917e-06
6.18631e-07
-7.88215e-06
6.11708e-07
-7.88465e-06
6.0371e-07
-7.86433e-06
5.9384e-07
-7.81842e-06
5.81299e-07
-7.74383e-06
5.65197e-07
-7.63704e-06
5.44471e-07
-7.49409e-06
5.17929e-07
-7.31032e-06
4.8411e-07
-7.08165e-06
4.4255e-07
-6.80351e-06
3.90775e-07
-6.47115e-06
3.26229e-07
-6.07981e-06
2.45777e-07
-5.62613e-06
1.46865e-07
-5.10323e-06
2.12836e-08
-4.51345e-06
-1.22826e-07
-3.85338e-06
-2.96576e-07
-3.12268e-06
-4.99392e-07
-2.32267e-06
-7.34403e-07
-1.45152e-06
-9.96291e-07
-5.09063e-07
-1.2864e-06
5.00384e-07
-1.59727e-06
1.57391e-06
-1.92788e-06
2.70745e-06
-2.26554e-06
3.89952e-06
-2.6128e-06
5.14408e-06
-2.95348e-06
6.43865e-06
-3.2921e-06
7.77491e-06
-3.6096e-06
9.1484e-06
-3.91447e-06
1.05533e-05
-4.18441e-06
1.19824e-05
-4.43128e-06
1.34258e-05
-4.63719e-06
1.48789e-05
-4.81302e-06
1.63309e-05
-4.94382e-06
1.77763e-05
-5.04051e-06
1.92054e-05
-5.09442e-06
2.06148e-05
-5.1124e-06
2.19929e-05
-5.0945e-06
2.33398e-05
-5.04285e-06
2.4645e-05
-4.96495e-06
2.59109e-05
-4.85669e-06
2.71282e-05
-4.73468e-06
2.83018e-05
-4.58652e-06
2.94242e-05
-4.43847e-06
3.05022e-05
-4.26784e-06
3.15299e-05
-4.11193e-06
3.25159e-05
-3.93571e-06
3.34556e-05
-3.78917e-06
3.43591e-05
-3.62272e-06
3.52226e-05
-3.50139e-06
3.60577e-05
-3.35845e-06
3.68606e-05
-3.27692e-06
3.76444e-05
-3.17009e-06
3.84045e-05
-3.14266e-06
3.91587e-05
-3.0854e-06
-3.13122e-06
-1.95928e-07
3.8242e-07
-5.67107e-07
8.21847e-07
-9.85589e-07
1.00001e-06
-1.41303e-06
1.08503e-06
-1.83315e-06
1.13485e-06
-2.23723e-06
1.16693e-06
-2.62158e-06
1.18651e-06
-2.98511e-06
1.19589e-06
-3.32613e-06
1.19511e-06
-3.64322e-06
1.18566e-06
-3.93581e-06
1.16919e-06
-4.20388e-06
1.14715e-06
-4.44781e-06
1.12085e-06
-4.66824e-06
1.09136e-06
-4.866e-06
1.05958e-06
-5.04201e-06
1.02624e-06
-5.19722e-06
9.91959e-07
-5.33258e-06
9.5719e-07
-5.44892e-06
9.22235e-07
-5.54703e-06
8.87447e-07
-5.62759e-06
8.53124e-07
-5.6912e-06
8.19477e-07
-5.73829e-06
7.8666e-07
-5.76918e-06
7.54797e-07
-5.78403e-06
7.23925e-07
-5.78278e-06
6.93998e-07
-5.76519e-06
6.64926e-07
-5.7309e-06
6.36744e-07
-5.67935e-06
6.09294e-07
-5.60978e-06
5.82325e-07
-5.52124e-06
5.55539e-07
-5.41258e-06
5.28536e-07
-5.28245e-06
5.00811e-07
-5.12928e-06
4.71733e-07
-4.95121e-06
4.40555e-07
-4.74613e-06
4.0663e-07
-4.51207e-06
3.69655e-07
-4.24669e-06
3.28462e-07
-3.94736e-06
2.81964e-07
-3.61121e-06
2.2905e-07
-3.23503e-06
1.68288e-07
-2.81541e-06
9.83059e-08
-2.34731e-06
1.60149e-08
-1.83033e-06
-7.44299e-08
-1.26019e-06
-1.79369e-07
-6.33462e-07
-3.00496e-07
5.24254e-08
-4.4011e-07
8.00808e-07
-6.01518e-07
1.60899e-06
-7.86901e-07
2.48206e-06
-9.95896e-07
3.41932e-06
-1.23384e-06
4.41826e-06
-1.49833e-06
5.47687e-06
-1.79301e-06
6.59156e-06
-2.11098e-06
7.7602e-06
-2.45504e-06
8.97707e-06
-2.81414e-06
1.02404e-05
-3.19124e-06
1.15447e-05
-3.5698e-06
1.28869e-05
-3.95503e-06
1.42604e-05
-4.32699e-06
1.56611e-05
-4.69283e-06
1.70816e-05
-5.03004e-06
1.85158e-05
-5.34869e-06
1.99567e-05
-5.62534e-06
2.13981e-05
-5.87261e-06
2.28303e-05
-6.06944e-06
2.42483e-05
-6.23099e-06
2.56427e-05
-6.3382e-06
2.70099e-05
-6.40768e-06
2.83401e-05
-6.42463e-06
2.96332e-05
-6.40554e-06
3.08791e-05
-6.34036e-06
3.20806e-05
-6.24441e-06
3.32282e-05
-6.11258e-06
3.43284e-05
-5.95686e-06
3.53716e-05
-5.77789e-06
3.63676e-05
-5.58252e-06
3.73069e-05
-5.37779e-06
3.82024e-05
-5.16332e-06
3.90441e-05
-4.95363e-06
3.98477e-05
-4.73928e-06
4.06022e-05
-4.54371e-06
4.13261e-05
-4.34654e-06
4.20067e-05
-4.18203e-06
4.26651e-05
-4.01683e-06
4.32866e-05
-3.89844e-06
4.38948e-05
-3.77828e-06
4.44723e-05
-3.72019e-06
4.50448e-05
-3.65787e-06
-3.68024e-06
-4.2176e-07
8.0418e-07
-9.61571e-07
1.36166e-06
-1.45404e-06
1.49248e-06
-1.88719e-06
1.51818e-06
-2.28246e-06
1.53012e-06
-2.64506e-06
1.52953e-06
-2.97052e-06
1.51197e-06
-3.25299e-06
1.47836e-06
-3.48916e-06
1.43128e-06
-3.6813e-06
1.37781e-06
-3.83254e-06
1.32043e-06
-3.94602e-06
1.26063e-06
-4.0248e-06
1.19963e-06
-4.07178e-06
1.13834e-06
-4.08961e-06
1.07742e-06
-4.08072e-06
1.01735e-06
-4.04726e-06
9.58499e-07
-3.99117e-06
9.011e-07
-3.91401e-06
8.45071e-07
-3.81711e-06
7.90546e-07
-3.70158e-06
7.37602e-07
-3.56832e-06
6.86212e-07
-3.4179e-06
6.36244e-07
-3.25072e-06
5.87609e-07
-3.06689e-06
5.401e-07
-2.8663e-06
4.93408e-07
-2.64847e-06
4.4709e-07
-2.4129e-06
4.01177e-07
-2.15879e-06
3.55188e-07
-1.88509e-06
3.08624e-07
-1.59059e-06
2.61036e-07
-1.27389e-06
2.11834e-07
-9.3339e-07
1.60315e-07
-5.67238e-07
1.05581e-07
-1.731e-07
4.64182e-08
2.51338e-07
-1.78086e-08
7.06536e-07
-8.5543e-08
1.19572e-06
-1.60723e-07
1.72147e-06
-2.43785e-07
2.2863e-06
-3.35782e-07
2.89284e-06
-4.38249e-07
3.54346e-06
-5.52313e-07
4.23901e-06
-6.79534e-07
4.98513e-06
-8.20549e-07
5.78386e-06
-9.78101e-07
6.63694e-06
-1.15357e-06
7.54616e-06
-1.34933e-06
8.51131e-06
-1.56667e-06
9.53314e-06
-1.80872e-06
1.0611e-05
-2.07379e-06
1.17432e-05
-2.36598e-06
1.29264e-05
-2.68153e-06
1.41574e-05
-3.02404e-06
1.54316e-05
-3.38517e-06
1.67447e-05
-3.76815e-06
1.80908e-05
-4.16018e-06
1.94644e-05
-4.56487e-06
2.08596e-05
-4.96502e-06
2.22699e-05
-5.36538e-06
2.36886e-05
-5.74561e-06
2.51082e-05
-6.11243e-06
2.65214e-05
-6.4433e-06
2.79206e-05
-6.74789e-06
2.92984e-05
-7.00308e-06
3.06479e-05
-7.2221e-06
3.19613e-05
-7.3829e-06
3.32337e-05
-7.50336e-06
3.44583e-05
-7.56283e-06
3.56332e-05
-7.58255e-06
3.67523e-05
-7.54373e-06
3.78169e-05
-7.47016e-06
3.88216e-05
-7.34505e-06
3.97708e-05
-7.19363e-06
4.06594e-05
-7.00115e-06
4.14951e-05
-6.79258e-06
4.22724e-05
-6.55522e-06
4.30022e-05
-6.31228e-06
4.36777e-05
-6.05336e-06
4.43128e-05
-5.79834e-06
4.48989e-05
-5.53975e-06
4.54524e-05
-5.29282e-06
4.59627e-05
-5.05396e-06
4.64486e-05
-4.83247e-06
4.68966e-05
-4.63e-06
4.73283e-05
-4.44861e-06
4.77267e-05
-4.29682e-06
4.81163e-05
-4.1679e-06
4.84756e-05
-4.0794e-06
4.88316e-05
-4.01389e-06
-4.00704e-06
-2.66487e-07
1.07067e-06
-8.60485e-07
1.95566e-06
-1.47852e-06
2.11051e-06
-1.9955e-06
2.03516e-06
-2.38436e-06
1.91899e-06
-2.64818e-06
1.79334e-06
-2.80485e-06
1.66864e-06
-2.87486e-06
1.54838e-06
-2.87562e-06
1.43204e-06
-2.81836e-06
1.32054e-06
-2.71147e-06
1.21354e-06
-2.56176e-06
1.11091e-06
-2.37506e-06
1.01293e-06
-2.15642e-06
9.19697e-07
-1.91006e-06
8.31066e-07
-1.63959e-06
7.46879e-07
-1.348e-06
6.66909e-07
-1.03785e-06
5.90947e-07
-7.10928e-07
5.18148e-07
-3.68913e-07
4.48531e-07
-1.30543e-08
3.81743e-07
3.55869e-07
3.17289e-07
7.37276e-07
2.54838e-07
1.13093e-06
1.93953e-07
1.53693e-06
1.34103e-07
1.95589e-06
7.4446e-08
2.38921e-06
1.37669e-08
2.83662e-06
-4.62335e-08
3.29951e-06
-1.07696e-07
3.77948e-06
-1.71347e-07
4.2781e-06
-2.37586e-07
4.79713e-06
-3.07197e-07
5.33841e-06
-3.80967e-07
5.90386e-06
-4.59863e-07
6.49497e-06
-5.44693e-07
7.11343e-06
-6.36268e-07
7.76319e-06
-7.3531e-07
8.44579e-06
-8.43317e-07
9.16338e-06
-9.6138e-07
9.91827e-06
-1.09067e-06
1.07124e-05
-1.23241e-06
1.15479e-05
-1.38781e-06
1.24267e-05
-1.55831e-06
1.3351e-05
-1.74485e-06
1.4322e-05
-1.94908e-06
1.53405e-05
-2.17207e-06
1.64069e-05
-2.41576e-06
1.75205e-05
-2.68031e-06
1.86797e-05
-2.9679e-06
1.98827e-05
-3.27675e-06
2.11257e-05
-3.60898e-06
2.24047e-05
-3.96054e-06
2.37138e-05
-4.33317e-06
2.50478e-05
-4.71914e-06
2.63989e-05
-5.11925e-06
2.77606e-05
-5.52189e-06
2.91239e-05
-5.9282e-06
3.04821e-05
-6.32318e-06
3.18255e-05
-6.70885e-06
3.31473e-05
-7.06739e-06
3.44381e-05
-7.4032e-06
3.56912e-05
-7.69642e-06
3.68986e-05
-7.95526e-06
3.80548e-05
-8.15924e-06
3.91537e-05
-8.32105e-06
4.01913e-05
-8.42046e-06
4.11642e-05
-8.47629e-06
4.20706e-05
-8.46921e-06
4.29111e-05
-8.42304e-06
4.36851e-05
-8.31773e-06
4.43962e-05
-8.18125e-06
4.50444e-05
-7.99331e-06
4.56361e-05
-7.78525e-06
4.6171e-05
-7.53613e-06
4.66578e-05
-7.27933e-06
4.70954e-05
-6.99285e-06
4.7494e-05
-6.71089e-06
4.78511e-05
-6.41039e-06
4.81781e-05
-6.12539e-06
4.84704e-05
-5.83198e-06
4.87408e-05
-5.56331e-06
4.8982e-05
-5.29513e-06
4.92086e-05
-5.05907e-06
4.94099e-05
-4.8313e-06
4.96026e-05
-4.64128e-06
4.97723e-05
-4.46655e-06
4.99381e-05
-4.33363e-06
5.00811e-05
-4.22247e-06
5.02225e-05
-4.15526e-06
-4.11983e-06
-1.49155e-06
2.56222e-06
-1.94094e-06
2.40505e-06
-2.10533e-06
2.2749e-06
-2.12155e-06
2.05138e-06
-2.0096e-06
1.80704e-06
-1.79349e-06
1.57723e-06
-1.49249e-06
1.36764e-06
-1.12121e-06
1.17711e-06
-6.92199e-07
1.00302e-06
-2.18011e-07
8.46357e-07
2.92186e-07
7.03348e-07
8.30324e-07
5.72769e-07
1.38969e-06
4.53564e-07
1.96513e-06
3.44258e-07
2.55264e-06
2.43553e-07
3.14897e-06
1.50548e-07
3.75116e-06
6.47268e-08
4.35685e-06
-1.47508e-08
4.96737e-06
-9.23721e-08
5.58022e-06
-1.64316e-07
6.19474e-06
-2.32773e-07
6.8109e-06
-2.98871e-07
7.42904e-06
-3.63311e-07
8.04977e-06
-4.2677e-07
8.67335e-06
-4.89478e-07
9.30085e-06
-5.53055e-07
9.93318e-06
-6.18563e-07
1.0573e-05
-6.86052e-07
1.12218e-05
-7.56463e-07
1.18812e-05
-8.30772e-07
1.25532e-05
-9.09629e-07
1.324e-05
-9.93951e-07
1.39435e-05
-1.08445e-06
1.46658e-05
-1.18215e-06
1.54088e-05
-1.28776e-06
1.6175e-05
-1.40241e-06
1.69663e-05
-1.5267e-06
1.77849e-05
-1.66188e-06
1.86323e-05
-1.8088e-06
1.95104e-05
-1.96875e-06
2.04205e-05
-2.14248e-06
2.13639e-05
-2.33126e-06
2.23414e-05
-2.5358e-06
2.33538e-05
-2.75725e-06
2.4401e-05
-2.99624e-06
2.54825e-05
-3.25358e-06
2.65965e-05
-3.5298e-06
2.77412e-05
-3.82501e-06
2.89127e-05
-4.13937e-06
3.01076e-05
-4.47162e-06
3.13197e-05
-4.82116e-06
3.2544e-05
-5.18479e-06
3.3772e-05
-5.56118e-06
3.49977e-05
-5.94484e-06
3.62108e-05
-6.33236e-06
3.74042e-05
-6.71533e-06
3.85673e-05
-7.0913e-06
3.96934e-05
-7.4492e-06
4.0772e-05
-7.78749e-06
4.17977e-05
-8.09311e-06
4.27617e-05
-8.36718e-06
4.36606e-05
-8.59531e-06
4.44882e-05
-8.78289e-06
4.52437e-05
-8.91471e-06
4.59243e-05
-9.00168e-06
4.65317e-05
-9.02783e-06
4.70656e-05
-9.01019e-06
4.75302e-05
-8.93379e-06
4.79296e-05
-8.82244e-06
4.82686e-05
-8.65673e-06
4.85533e-05
-8.46598e-06
4.87883e-05
-8.22828e-06
4.89812e-05
-7.9782e-06
4.91354e-05
-7.69027e-06
4.92593e-05
-7.40332e-06
4.93542e-05
-7.08775e-06
4.94293e-05
-6.78594e-06
4.94829e-05
-6.46398e-06
4.95247e-05
-6.16725e-06
4.95504e-05
-5.85768e-06
4.95704e-05
-5.58324e-06
4.95773e-05
-5.30205e-06
4.95825e-05
-5.06428e-06
4.95759e-05
-4.82472e-06
4.957e-05
-4.63539e-06
4.95518e-05
-4.44832e-06
4.95351e-05
-4.31691e-06
4.95039e-05
-4.1913e-06
4.94742e-05
-4.12553e-06
-4.06453e-06
-8.93612e-07
3.45583e-06
-7.40994e-07
2.25243e-06
-2.53428e-07
1.78733e-06
4.54436e-07
1.34352e-06
1.31735e-06
9.44124e-07
2.26927e-06
6.2532e-07
3.26377e-06
3.7314e-07
4.27333e-06
1.67547e-07
5.28495e-06
-8.60412e-09
6.28204e-06
-1.50731e-07
7.26865e-06
-2.83259e-07
8.24002e-06
-3.98598e-07
9.19291e-06
-4.99328e-07
1.01264e-05
-5.89219e-07
1.10401e-05
-6.70134e-07
1.19339e-05
-7.43327e-07
1.28086e-05
-8.09946e-07
1.36652e-05
-8.71323e-07
1.45019e-05
-9.29055e-07
1.53211e-05
-9.83496e-07
1.61239e-05
-1.03564e-06
1.69118e-05
-1.08673e-06
1.76862e-05
-1.13778e-06
1.84491e-05
-1.18965e-06
1.92024e-05
-1.24273e-06
1.99481e-05
-1.29873e-06
2.06882e-05
-1.35873e-06
2.14254e-05
-1.42328e-06
2.2162e-05
-1.49299e-06
2.29e-05
-1.56881e-06
2.36418e-05
-1.65146e-06
2.43898e-05
-1.74188e-06
2.51459e-05
-1.84061e-06
2.59123e-05
-1.94856e-06
2.66909e-05
-2.06629e-06
2.74833e-05
-2.19481e-06
2.82912e-05
-2.3346e-06
2.9116e-05
-2.48667e-06
2.99586e-05
-2.65148e-06
3.082e-05
-2.83014e-06
3.17005e-05
-3.02294e-06
3.26001e-05
-3.23086e-06
3.35183e-05
-3.45398e-06
3.44543e-05
-3.69321e-06
3.54066e-05
-3.94856e-06
3.6373e-05
-4.22002e-06
3.73501e-05
-4.50693e-06
3.83344e-05
-4.80928e-06
3.93205e-05
-5.12551e-06
4.03035e-05
-5.45458e-06
4.12762e-05
-5.79382e-06
4.22322e-05
-6.14087e-06
4.3163e-05
-6.49189e-06
4.4061e-05
-6.84284e-06
4.49172e-05
-7.18858e-06
4.57253e-05
-7.52349e-06
4.64764e-05
-7.84236e-06
4.71657e-05
-8.13847e-06
4.77857e-05
-8.40749e-06
4.83346e-05
-8.64204e-06
4.88075e-05
-8.8401e-06
4.92062e-05
-8.994e-06
4.95288e-05
-9.10547e-06
4.97805e-05
-9.16642e-06
4.99624e-05
-9.18361e-06
5.00826e-05
-9.14798e-06
5.01447e-05
-9.07235e-06
5.01578e-05
-8.94688e-06
5.0127e-05
-8.79161e-06
5.00614e-05
-8.59115e-06
4.99666e-05
-8.37116e-06
4.98499e-05
-8.11159e-06
4.97168e-05
-7.84513e-06
4.95719e-05
-7.54531e-06
4.94205e-05
-7.25192e-06
4.92637e-05
-6.931e-06
4.91074e-05
-6.62962e-06
4.8949e-05
-6.30556e-06
4.87951e-05
-6.01341e-06
4.86397e-05
-5.70229e-06
4.8491e-05
-5.43455e-06
4.83395e-05
-5.15046e-06
4.81954e-05
-4.92019e-06
4.80457e-05
-4.67505e-06
4.79033e-05
-4.49295e-06
4.77514e-05
-4.29642e-06
4.76053e-05
-4.17082e-06
4.74446e-05
-4.0306e-06
4.72871e-05
-3.96802e-06
-3.88577e-06
3.64554e-06
-1.89713e-07
6.36323e-06
-4.65257e-07
8.76591e-06
-6.15354e-07
1.08775e-05
-7.68107e-07
1.27411e-05
-9.19406e-07
1.44207e-05
-1.05431e-06
1.59611e-05
-1.1673e-06
1.73799e-05
-1.2512e-06
1.87007e-05
-1.32941e-06
1.99482e-05
-1.39819e-06
2.11229e-05
-1.45797e-06
2.22343e-05
-1.51001e-06
2.32902e-05
-1.55527e-06
2.42957e-05
-1.59476e-06
2.5255e-05
-1.62943e-06
2.61718e-05
-1.66006e-06
2.70493e-05
-1.68751e-06
2.78906e-05
-1.71261e-06
2.8698e-05
-1.73642e-06
2.94744e-05
-1.75994e-06
3.02228e-05
-1.78403e-06
3.09458e-05
-1.80969e-06
3.16459e-05
-1.83787e-06
3.23258e-05
-1.86953e-06
3.29885e-05
-1.9055e-06
3.36366e-05
-1.94682e-06
3.42723e-05
-1.9944e-06
3.4898e-05
-2.049e-06
3.55162e-05
-2.11119e-06
3.61291e-05
-2.18166e-06
3.67387e-05
-2.26102e-06
3.73469e-05
-2.35016e-06
3.79557e-05
-2.44939e-06
3.85663e-05
-2.55919e-06
3.91801e-05
-2.68009e-06
3.97981e-05
-2.81274e-06
4.04209e-05
-2.95745e-06
4.10491e-05
-3.11483e-06
4.16827e-05
-3.2851e-06
4.23214e-05
-3.46883e-06
4.29645e-05
-3.66605e-06
4.36109e-05
-3.87721e-06
4.42589e-05
-4.10204e-06
4.49065e-05
-4.34078e-06
4.55506e-05
-4.59272e-06
4.61882e-05
-4.8576e-06
4.68153e-05
-5.13406e-06
4.74275e-05
-5.42146e-06
4.80197e-05
-5.71764e-06
4.85863e-05
-6.02121e-06
4.91214e-05
-6.32895e-06
4.96192e-05
-6.63863e-06
5.00731e-05
-6.94586e-06
5.04779e-05
-7.24758e-06
5.08278e-05
-7.53845e-06
5.11191e-05
-7.81483e-06
5.13477e-05
-8.07101e-06
5.15127e-05
-8.30338e-06
5.16119e-05
-8.50674e-06
5.16479e-05
-8.67806e-06
5.16215e-05
-8.8137e-06
5.15389e-05
-8.91137e-06
5.14029e-05
-8.9695e-06
5.12227e-05
-8.98621e-06
5.1002e-05
-8.96292e-06
5.07515e-05
-8.89752e-06
5.04753e-05
-8.79612e-06
5.0184e-05
-8.65551e-06
4.98787e-05
-8.48632e-06
4.95692e-05
-8.28167e-06
4.92554e-05
-8.0574e-06
4.89451e-05
-7.8013e-06
4.86363e-05
-7.53633e-06
4.83344e-05
-7.24333e-06
4.80365e-05
-6.95402e-06
4.77456e-05
-6.64015e-06
4.74596e-05
-6.3436e-06
4.71788e-05
-6.02475e-06
4.69027e-05
-5.73728e-06
4.66286e-05
-5.42818e-06
4.63589e-05
-5.16488e-06
4.60872e-05
-4.87881e-06
4.582e-05
-4.65298e-06
4.5546e-05
-4.40106e-06
4.52767e-05
-4.2236e-06
4.49947e-05
-4.0144e-06
4.47172e-05
-3.89331e-06
4.4419e-05
-3.73245e-06
4.4123e-05
-3.67203e-06
-3.5669e-06
3.85897e-05
2.13886e-08
3.85531e-05
-4.28625e-07
3.8686e-05
-7.48284e-07
3.89043e-05
-9.86394e-07
3.917e-05
-1.1851e-06
3.94772e-05
-1.36153e-06
3.98271e-05
-1.5172e-06
4.0221e-05
-1.64502e-06
4.06382e-05
-1.74661e-06
4.10696e-05
-1.82966e-06
4.15078e-05
-1.89611e-06
4.19473e-05
-1.94954e-06
4.23841e-05
-1.99208e-06
4.28149e-05
-2.02552e-06
4.3237e-05
-2.05151e-06
4.36485e-05
-2.07158e-06
4.40482e-05
-2.08719e-06
4.44353e-05
-2.09975e-06
4.48095e-05
-2.11065e-06
4.51709e-05
-2.12131e-06
4.55199e-05
-2.13301e-06
4.58571e-05
-2.14695e-06
4.61836e-05
-2.16429e-06
4.65002e-05
-2.18616e-06
4.68083e-05
-2.21357e-06
4.71089e-05
-2.24744e-06
4.74031e-05
-2.28862e-06
4.7692e-05
-2.33788e-06
4.79767e-05
-2.39587e-06
4.82581e-05
-2.46315e-06
4.85374e-05
-2.54024e-06
4.88148e-05
-2.62763e-06
4.90911e-05
-2.72568e-06
4.93666e-05
-2.83473e-06
4.96416e-05
-2.95508e-06
4.99159e-05
-3.08704e-06
5.01893e-05
-3.23085e-06
5.04612e-05
-3.38672e-06
5.07309e-05
-3.55473e-06
5.0997e-05
-3.73499e-06
5.12584e-05
-3.92743e-06
5.15132e-05
-4.13196e-06
5.17593e-05
-4.34822e-06
5.19944e-05
-4.57584e-06
5.22158e-05
-4.81407e-06
5.24203e-05
-5.06214e-06
5.2605e-05
-5.31878e-06
5.27663e-05
-5.58272e-06
5.29007e-05
-5.85204e-06
5.30044e-05
-6.12493e-06
5.30741e-05
-6.3987e-06
5.31065e-05
-6.671e-06
5.3099e-05
-6.93831e-06
5.30492e-05
-7.1978e-06
5.2956e-05
-7.44531e-06
5.28191e-05
-7.67789e-06
5.26391e-05
-7.89105e-06
5.2418e-05
-8.08224e-06
5.21583e-05
-8.24703e-06
5.18639e-05
-8.3837e-06
5.15392e-05
-8.48892e-06
5.11898e-05
-8.56202e-06
5.08201e-05
-8.59977e-06
5.04364e-05
-8.60252e-06
5.00416e-05
-8.56808e-06
4.96419e-05
-8.49781e-06
4.92373e-05
-8.39159e-06
4.88332e-05
-8.25138e-06
4.84263e-05
-8.0794e-06
4.80215e-05
-7.87685e-06
4.76131e-05
-7.64906e-06
4.72068e-05
-7.39495e-06
4.67948e-05
-7.12433e-06
4.63834e-05
-6.83199e-06
4.59639e-05
-6.53451e-06
4.55439e-05
-6.22018e-06
4.51144e-05
-5.9141e-06
4.46841e-05
-5.59438e-06
4.42441e-05
-5.29736e-06
4.38032e-05
-4.98726e-06
4.33538e-05
-4.71544e-06
4.29026e-05
-4.42767e-06
4.24447e-05
-4.195e-06
4.19827e-05
-3.93915e-06
4.15161e-05
-3.75693e-06
4.10408e-05
-3.53912e-06
4.05631e-05
-3.41563e-06
4.00685e-05
-3.23779e-06
3.95731e-05
-3.17665e-06
-3.0432e-06
5.29755e-05
9.93943e-08
5.28779e-05
-3.30976e-07
5.28461e-05
-7.16533e-07
5.2867e-05
-1.00729e-06
5.29092e-05
-1.22723e-06
5.29533e-05
-1.40568e-06
5.29958e-05
-1.55964e-06
5.30444e-05
-1.6936e-06
5.31045e-05
-1.80676e-06
5.31741e-05
-1.89923e-06
5.32507e-05
-1.97271e-06
5.3331e-05
-2.0299e-06
5.34126e-05
-2.07364e-06
5.34935e-05
-2.10645e-06
5.35725e-05
-2.13047e-06
5.36485e-05
-2.14756e-06
5.37207e-05
-2.15942e-06
5.37886e-05
-2.16769e-06
5.38519e-05
-2.17397e-06
5.39104e-05
-2.17978e-06
5.3964e-05
-2.18661e-06
5.40129e-05
-2.19582e-06
5.40573e-05
-2.20869e-06
5.40975e-05
-2.22641e-06
5.4134e-05
-2.25002e-06
5.4167e-05
-2.28046e-06
5.41969e-05
-2.31854e-06
5.4224e-05
-2.36498e-06
5.42485e-05
-2.4204e-06
5.42707e-05
-2.48533e-06
5.42907e-05
-2.56018e-06
5.43083e-05
-2.6453e-06
5.43236e-05
-2.74098e-06
5.43363e-05
-2.84745e-06
5.43462e-05
-2.96493e-06
5.43527e-05
-3.09353e-06
5.43552e-05
-3.23338e-06
5.4353e-05
-3.38451e-06
5.43452e-05
-3.54694e-06
5.43308e-05
-3.72054e-06
5.43085e-05
-3.90518e-06
5.42771e-05
-4.10055e-06
5.42351e-05
-4.30628e-06
5.41811e-05
-4.5218e-06
5.41134e-05
-4.7464e-06
5.40304e-05
-4.97914e-06
5.39306e-05
-5.21891e-06
5.38121e-05
-5.46428e-06
5.36737e-05
-5.71363e-06
5.35138e-05
-5.96503e-06
5.33314e-05
-6.21625e-06
5.31254e-05
-6.46503e-06
5.28957e-05
-6.70858e-06
5.26418e-05
-6.94394e-06
5.23644e-05
-7.16792e-06
5.20639e-05
-7.37741e-06
5.17419e-05
-7.56899e-06
5.13993e-05
-7.73964e-06
5.10381e-05
-7.88586e-06
5.06596e-05
-8.00519e-06
5.02653e-05
-8.09458e-06
4.98556e-05
-8.15236e-06
4.94314e-05
-8.1756e-06
4.89924e-05
-8.16351e-06
4.85379e-05
-8.11351e-06
4.80667e-05
-8.02666e-06
4.75768e-05
-7.90173e-06
4.70675e-05
-7.74206e-06
4.65357e-05
-7.54762e-06
4.59818e-05
-7.32294e-06
4.5402e-05
-7.06926e-06
4.48001e-05
-6.79298e-06
4.41721e-05
-6.49638e-06
4.3525e-05
-6.18488e-06
4.28538e-05
-5.86332e-06
4.2169e-05
-5.53539e-06
4.1464e-05
-5.20903e-06
4.07527e-05
-4.88316e-06
4.0026e-05
-4.57062e-06
3.9301e-05
-4.26231e-06
3.85649e-05
-3.97929e-06
3.7837e-05
-3.69978e-06
3.71006e-05
-3.45858e-06
3.6376e-05
-3.2146e-06
3.56441e-05
-3.02498e-06
3.49237e-05
-2.81877e-06
3.41968e-05
-2.68876e-06
3.34764e-05
-2.51736e-06
3.27521e-05
-2.45233e-06
-2.30505e-06
5.43146e-05
-2.19698e-07
5.44985e-05
-5.1481e-07
5.46033e-05
-8.21333e-07
5.46907e-05
-1.09479e-06
5.47779e-05
-1.3144e-06
5.48589e-05
-1.48666e-06
5.49262e-05
-1.62699e-06
5.49788e-05
-1.74615e-06
5.50206e-05
-1.84856e-06
5.50562e-05
-1.93487e-06
5.50885e-05
-2.00494e-06
5.51181e-05
-2.05951e-06
5.51448e-05
-2.10035e-06
5.5168e-05
-2.1297e-06
5.51873e-05
-2.14979e-06
5.52024e-05
-2.16265e-06
5.52131e-05
-2.17011e-06
5.52193e-05
-2.17386e-06
5.52209e-05
-2.17554e-06
5.52178e-05
-2.1767e-06
5.521e-05
-2.17887e-06
5.51977e-05
-2.18346e-06
5.51808e-05
-2.19181e-06
5.51595e-05
-2.20512e-06
5.5134e-05
-2.22446e-06
5.51042e-05
-2.25076e-06
5.50705e-05
-2.2848e-06
5.50328e-05
-2.32729e-06
5.49912e-05
-2.3788e-06
5.49457e-05
-2.43982e-06
5.48963e-05
-2.51071e-06
5.48427e-05
-2.59177e-06
5.47849e-05
-2.68319e-06
5.47227e-05
-2.78518e-06
5.46556e-05
-2.89786e-06
5.45834e-05
-3.0213e-06
5.45055e-05
-3.15554e-06
5.44216e-05
-3.30056e-06
5.43309e-05
-3.45628e-06
5.42329e-05
-3.62256e-06
5.41269e-05
-3.79917e-06
5.40122e-05
-3.98578e-06
5.38878e-05
-4.18195e-06
5.37531e-05
-4.38708e-06
5.36071e-05
-4.60043e-06
5.3449e-05
-4.82104e-06
5.32779e-05
-5.04773e-06
5.30926e-05
-5.27905e-06
5.28923e-05
-5.51333e-06
5.26759e-05
-5.74859e-06
5.24423e-05
-5.98265e-06
5.21902e-05
-6.21298e-06
5.19185e-05
-6.43679e-06
5.16254e-05
-6.65088e-06
5.13095e-05
-6.85206e-06
5.0969e-05
-7.0369e-06
5.06022e-05
-7.20214e-06
5.02069e-05
-7.34433e-06
4.97813e-05
-7.46028e-06
4.93229e-05
-7.54681e-06
4.88295e-05
-7.60118e-06
4.82979e-05
-7.62075e-06
4.77255e-05
-7.60323e-06
4.7109e-05
-7.54702e-06
4.64465e-05
-7.45095e-06
4.57354e-05
-7.31561e-06
4.49759e-05
-7.14218e-06
4.41677e-05
-6.93383e-06
4.33125e-05
-6.6925e-06
4.24118e-05
-6.42217e-06
4.14683e-05
-6.12577e-06
4.04866e-05
-5.81128e-06
3.9472e-05
-5.48185e-06
3.8432e-05
-5.14489e-06
3.73719e-05
-4.80315e-06
3.63009e-05
-4.46438e-06
3.52222e-05
-4.13035e-06
3.41476e-05
-3.80861e-06
3.3077e-05
-3.49995e-06
3.20247e-05
-3.21005e-06
3.09847e-05
-2.93925e-06
2.99744e-05
-2.68952e-06
2.89794e-05
-2.46353e-06
2.80218e-05
-2.25701e-06
2.70769e-05
-2.08005e-06
2.61738e-05
-1.91571e-06
2.52763e-05
-1.79125e-06
2.44223e-05
-1.66335e-06
2.35665e-05
-1.59655e-06
-1.48795e-06
5.39196e-05
-5.47419e-07
5.41738e-05
-7.6897e-07
5.43572e-05
-1.0047e-06
5.44929e-05
-1.23054e-06
5.46051e-05
-1.42655e-06
5.47053e-05
-1.58687e-06
5.47946e-05
-1.71634e-06
5.48714e-05
-1.82292e-06
5.49354e-05
-1.91258e-06
5.49886e-05
-1.98804e-06
5.50335e-05
-2.04985e-06
5.50722e-05
-2.09814e-06
5.51054e-05
-2.13364e-06
5.51335e-05
-2.15778e-06
5.51562e-05
-2.17243e-06
5.51731e-05
-2.17957e-06
5.51841e-05
-2.1811e-06
5.5189e-05
-2.17883e-06
5.5188e-05
-2.17445e-06
5.51808e-05
-2.16957e-06
5.51677e-05
-2.16576e-06
5.51487e-05
-2.16447e-06
5.5124e-05
-2.16706e-06
5.50936e-05
-2.17477e-06
5.50579e-05
-2.18867e-06
5.50168e-05
-2.20968e-06
5.49705e-05
-2.23856e-06
5.49192e-05
-2.27599e-06
5.4863e-05
-2.32252e-06
5.48017e-05
-2.37858e-06
5.47355e-05
-2.44445e-06
5.4664e-05
-2.52035e-06
5.45873e-05
-2.60642e-06
5.45049e-05
-2.70277e-06
5.44164e-05
-2.80945e-06
5.43216e-05
-2.92646e-06
5.42198e-05
-3.05374e-06
5.41105e-05
-3.19121e-06
5.39929e-05
-3.3387e-06
5.38663e-05
-3.49599e-06
5.37299e-05
-3.66272e-06
5.35826e-05
-3.83849e-06
5.34233e-05
-4.0227e-06
5.32509e-05
-4.21466e-06
5.30639e-05
-4.41345e-06
5.28609e-05
-4.61798e-06
5.264e-05
-4.82683e-06
5.23993e-05
-5.03838e-06
5.21366e-05
-5.25068e-06
5.18496e-05
-5.46155e-06
5.15354e-05
-5.66842e-06
5.11908e-05
-5.86843e-06
5.08123e-05
-6.05831e-06
5.03961e-05
-6.23465e-06
4.99379e-05
-6.39388e-06
4.94335e-05
-6.53247e-06
4.88784e-05
-6.64706e-06
4.82686e-05
-6.73453e-06
4.76004e-05
-6.79204e-06
4.68705e-05
-6.81694e-06
4.60762e-05
-6.80692e-06
4.5215e-05
-6.75953e-06
4.42846e-05
-6.67281e-06
4.3283e-05
-6.54546e-06
4.221e-05
-6.37786e-06
4.10669e-05
-6.17252e-06
3.98585e-05
-5.93383e-06
3.85907e-05
-5.66597e-06
3.72708e-05
-5.37265e-06
3.5906e-05
-5.0574e-06
3.45055e-05
-4.72527e-06
3.30779e-05
-4.38367e-06
3.16356e-05
-4.03947e-06
3.01902e-05
-3.69952e-06
2.87551e-05
-3.36803e-06
2.73408e-05
-3.05008e-06
2.59584e-05
-2.74802e-06
2.46171e-05
-2.46732e-06
2.33253e-05
-2.20813e-06
2.20902e-05
-1.97488e-06
2.09152e-05
-1.7643e-06
1.98062e-05
-1.58057e-06
1.87601e-05
-1.41741e-06
1.7783e-05
-1.27987e-06
1.6862e-05
-1.15909e-06
1.60083e-05
-1.06202e-06
1.51958e-05
-9.7874e-07
1.44498e-05
-9.17337e-07
1.37247e-05
-8.71484e-07
-8.38651e-07
5.35802e-05
-8.60612e-07
5.38483e-05
-1.03716e-06
5.40642e-05
-1.22053e-06
5.42341e-05
-1.40045e-06
5.43733e-05
-1.56581e-06
5.44946e-05
-1.70811e-06
5.46034e-05
-1.8252e-06
5.47011e-05
-1.92058e-06
5.47873e-05
-1.99881e-06
5.48622e-05
-2.06294e-06
5.49268e-05
-2.11441e-06
5.49823e-05
-2.15369e-06
5.50299e-05
-2.18118e-06
5.50698e-05
-2.19773e-06
5.51021e-05
-2.20472e-06
5.51264e-05
-2.2039e-06
5.51425e-05
-2.19716e-06
5.51501e-05
-2.18639e-06
5.5149e-05
-2.17341e-06
5.51394e-05
-2.15997e-06
5.51214e-05
-2.14771e-06
5.50951e-05
-2.13816e-06
5.50607e-05
-2.13268e-06
5.50184e-05
-2.13254e-06
5.49685e-05
-2.13876e-06
5.49111e-05
-2.15223e-06
5.48462e-05
-2.17368e-06
5.4774e-05
-2.20377e-06
5.46945e-05
-2.243e-06
5.46076e-05
-2.29175e-06
5.45133e-05
-2.35008e-06
5.4411e-05
-2.41811e-06
5.43005e-05
-2.49586e-06
5.4181e-05
-2.58332e-06
5.4052e-05
-2.68039e-06
5.39124e-05
-2.78694e-06
5.37615e-05
-2.90278e-06
5.35979e-05
-3.02767e-06
5.34205e-05
-3.16127e-06
5.32277e-05
-3.30321e-06
5.3018e-05
-3.45295e-06
5.27894e-05
-3.60988e-06
5.25398e-05
-3.77319e-06
5.22671e-05
-3.94194e-06
5.19686e-05
-4.11493e-06
5.16414e-05
-4.2908e-06
5.12825e-05
-4.46787e-06
5.08883e-05
-4.64422e-06
5.04553e-05
-4.81764e-06
4.99794e-05
-4.98566e-06
4.94562e-05
-5.1453e-06
4.88811e-05
-5.29328e-06
4.82488e-05
-5.42604e-06
4.75542e-05
-5.54006e-06
4.67921e-05
-5.63174e-06
4.59573e-05
-5.69772e-06
4.50451e-05
-5.73482e-06
4.40512e-05
-5.74063e-06
4.2973e-05
-5.71379e-06
4.18097e-05
-5.65365e-06
4.05614e-05
-5.55868e-06
3.92298e-05
-5.42791e-06
3.78171e-05
-5.26006e-06
3.6325e-05
-5.05337e-06
3.47581e-05
-4.81098e-06
3.31248e-05
-4.53922e-06
3.14374e-05
-4.24647e-06
2.97098e-05
-3.9383e-06
2.79567e-05
-3.61956e-06
2.61953e-05
-3.29606e-06
2.44422e-05
-2.97213e-06
2.2713e-05
-2.65444e-06
2.10249e-05
-2.35136e-06
1.93952e-05
-2.06991e-06
1.78409e-05
-1.81373e-06
1.6376e-05
-1.58511e-06
1.5013e-05
-1.385e-06
1.3759e-05
-1.2134e-06
1.26189e-05
-1.06801e-06
1.1591e-05
-9.46975e-07
1.06719e-05
-8.45174e-07
9.85223e-06
-7.60911e-07
9.12355e-06
-6.88726e-07
8.47295e-06
-6.29274e-07
7.88987e-06
-5.76011e-07
7.36253e-06
-5.34678e-07
6.88059e-06
-4.968e-07
6.44107e-06
-4.77813e-07
6.03078e-06
-4.61198e-07
-4.70607e-07
5.34398e-05
-1.16576e-06
5.371e-05
-1.30735e-06
5.39409e-05
-1.45143e-06
5.41341e-05
-1.59359e-06
5.42962e-05
-1.72795e-06
5.44363e-05
-1.84821e-06
5.45611e-05
-1.94998e-06
5.46732e-05
-2.03269e-06
5.4773e-05
-2.09858e-06
5.48601e-05
-2.15009e-06
5.49346e-05
-2.18889e-06
5.49967e-05
-2.21581e-06
5.50469e-05
-2.23137e-06
5.50854e-05
-2.23617e-06
5.51119e-05
-2.23129e-06
5.51262e-05
-2.21819e-06
5.51278e-05
-2.19873e-06
5.51163e-05
-2.17494e-06
5.50917e-05
-2.14878e-06
5.50538e-05
-2.12212e-06
5.50029e-05
-2.09683e-06
5.49394e-05
-2.07459e-06
5.48635e-05
-2.05681e-06
5.47756e-05
-2.04462e-06
5.46757e-05
-2.0389e-06
5.45639e-05
-2.04042e-06
5.44402e-05
-2.04997e-06
5.43046e-05
-2.06817e-06
5.4157e-05
-2.09536e-06
5.39969e-05
-2.13169e-06
5.3824e-05
-2.17712e-06
5.36374e-05
-2.23151e-06
5.34362e-05
-2.29471e-06
5.32193e-05
-2.36646e-06
5.29854e-05
-2.44647e-06
5.27329e-05
-2.5344e-06
5.24599e-05
-2.62984e-06
5.21646e-05
-2.73233e-06
5.18446e-05
-2.84132e-06
5.14976e-05
-2.95618e-06
5.11208e-05
-3.07616e-06
5.07113e-05
-3.20039e-06
5.0266e-05
-3.32781e-06
4.97812e-05
-3.4572e-06
4.92533e-05
-3.58704e-06
4.86782e-05
-3.71566e-06
4.80514e-05
-3.8411e-06
4.73686e-05
-3.96136e-06
4.66253e-05
-4.07438e-06
4.58171e-05
-4.17743e-06
4.4939e-05
-4.26723e-06
4.39862e-05
-4.34043e-06
4.29537e-05
-4.3936e-06
4.18373e-05
-4.42359e-06
4.0633e-05
-4.42751e-06
3.93382e-05
-4.40291e-06
3.7951e-05
-4.3476e-06
3.64698e-05
-4.25941e-06
3.48961e-05
-4.1401e-06
3.32357e-05
-3.99325e-06
3.1495e-05
-3.81805e-06
2.96832e-05
-3.6161e-06
2.78139e-05
-3.39071e-06
2.58971e-05
-3.13662e-06
2.39483e-05
-2.86217e-06
2.19867e-05
-2.57761e-06
2.00341e-05
-2.29384e-06
1.8115e-05
-2.01924e-06
1.62511e-05
-1.75567e-06
1.44724e-05
-1.51731e-06
1.28062e-05
-1.30593e-06
1.12722e-05
-1.12043e-06
9.8834e-06
-9.62606e-07
8.64914e-06
-8.35648e-07
7.57025e-06
-7.34835e-07
6.63692e-06
-6.51784e-07
5.83747e-06
-5.85548e-07
5.15452e-06
-5.30447e-07
4.56849e-06
-4.81984e-07
4.0598e-06
-4.3829e-07
3.61268e-06
-3.98047e-07
3.21368e-06
-3.61914e-07
2.85388e-06
-3.28926e-07
2.52448e-06
-2.99878e-07
2.22148e-06
-2.73008e-07
1.93971e-06
-2.52907e-07
1.6818e-06
-2.38895e-07
1.44375e-06
-2.39756e-07
1.22992e-06
-2.47369e-07
-2.88005e-07
5.34711e-05
-1.46008e-06
5.37326e-05
-1.56882e-06
5.39593e-05
-1.67812e-06
5.41522e-05
-1.78648e-06
5.43142e-05
-1.88999e-06
5.44495e-05
-1.98346e-06
5.45621e-05
-2.06264e-06
5.46551e-05
-2.12571e-06
5.47294e-05
-2.17288e-06
5.47847e-05
-2.20539e-06
5.48204e-05
-2.22453e-06
5.48359e-05
-2.23138e-06
5.48312e-05
-2.22666e-06
5.48062e-05
-2.21113e-06
5.47607e-05
-2.18581e-06
5.46946e-05
-2.15211e-06
5.46077e-05
-2.1118e-06
5.45e-05
-2.06725e-06
5.43717e-05
-2.02043e-06
5.42229e-05
-1.97337e-06
5.40542e-05
-1.92812e-06
5.38663e-05
-1.88665e-06
5.36602e-05
-1.8507e-06
5.34363e-05
-1.82077e-06
5.31947e-05
-1.79725e-06
5.29352e-05
-1.78092e-06
5.26578e-05
-1.77259e-06
5.23623e-05
-1.7727e-06
5.20483e-05
-1.78133e-06
5.1715e-05
-1.79835e-06
5.13613e-05
-1.82348e-06
5.09861e-05
-1.8563e-06
5.05878e-05
-1.89638e-06
5.01645e-05
-1.9432e-06
4.97143e-05
-1.99623e-06
4.92347e-05
-2.05483e-06
4.87233e-05
-2.1184e-06
4.81771e-05
-2.18621e-06
4.75933e-05
-2.2575e-06
4.69685e-05
-2.3314e-06
4.62994e-05
-2.40701e-06
4.55823e-05
-2.48326e-06
4.48135e-05
-2.55902e-06
4.39892e-05
-2.6329e-06
4.31055e-05
-2.70335e-06
4.21582e-05
-2.76836e-06
4.11428e-05
-2.82571e-06
4.00555e-05
-2.87404e-06
3.88935e-05
-2.91245e-06
3.76539e-05
-2.93777e-06
3.63336e-05
-2.94701e-06
3.49308e-05
-2.93765e-06
3.34445e-05
-2.90723e-06
3.18747e-05
-2.85383e-06
3.02231e-05
-2.7759e-06
2.84937e-05
-2.67347e-06
2.66928e-05
-2.54677e-06
2.48295e-05
-2.39611e-06
2.29149e-05
-2.22547e-06
2.0963e-05
-2.04138e-06
1.89947e-05
-1.84973e-06
1.7032e-05
-1.65341e-06
1.5098e-05
-1.45665e-06
1.32256e-05
-1.26427e-06
1.14463e-05
-1.08283e-06
9.78734e-06
-9.18653e-07
8.27194e-06
-7.78436e-07
6.92175e-06
-6.69053e-07
5.75942e-06
-5.93329e-07
4.77274e-06
-5.30639e-07
3.94392e-06
-4.77105e-07
3.2465e-06
-4.23006e-07
2.65131e-06
-3.67425e-07
2.13043e-06
-3.14763e-07
1.667e-06
-2.71408e-07
1.25331e-06
-2.38091e-07
8.86208e-07
-2.18445e-07
5.60977e-07
-2.05216e-07
2.72806e-07
-1.93813e-07
1.638e-08
-1.81865e-07
-2.13074e-07
-1.68594e-07
-4.20699e-07
-1.54289e-07
-6.09977e-07
-1.39649e-07
-7.84201e-07
-1.25654e-07
-9.44546e-07
-1.12663e-07
-1.09289e-06
-1.04565e-07
-1.22764e-06
-1.04142e-07
-1.35118e-06
-1.16216e-07
-1.45833e-06
-1.40222e-07
-1.81247e-07
5.34137e-05
-1.6764e-06
5.35866e-05
-1.74172e-06
5.37158e-05
-1.80734e-06
5.38012e-05
-1.87191e-06
5.38437e-05
-1.93251e-06
5.3845e-05
-1.98469e-06
5.38064e-05
-2.0241e-06
5.37307e-05
-2.05004e-06
5.36202e-05
-2.06229e-06
5.34757e-05
-2.06093e-06
5.32977e-05
-2.0465e-06
5.30866e-05
-2.02034e-06
5.28433e-05
-1.98335e-06
5.25688e-05
-1.93658e-06
5.22642e-05
-1.88128e-06
5.19311e-05
-1.81901e-06
5.1571e-05
-1.75163e-06
5.1185e-05
-1.6813e-06
5.07747e-05
-1.61011e-06
5.03415e-05
-1.54014e-06
4.98866e-05
-1.47323e-06
4.94111e-05
-1.41118e-06
4.89173e-05
-1.35691e-06
4.84056e-05
-1.30903e-06
4.78758e-05
-1.26746e-06
4.73282e-05
-1.23332e-06
4.67625e-05
-1.20695e-06
4.61782e-05
-1.18837e-06
4.55742e-05
-1.17734e-06
4.49493e-05
-1.17342e-06
4.43018e-05
-1.17605e-06
4.36301e-05
-1.18454e-06
4.29319e-05
-1.19821e-06
4.2205e-05
-1.21632e-06
4.14469e-05
-1.23813e-06
4.0655e-05
-1.26287e-06
3.98263e-05
-1.28977e-06
3.89581e-05
-1.318e-06
3.80474e-05
-1.34673e-06
3.7091e-05
-1.37507e-06
3.60862e-05
-1.40215e-06
3.50299e-05
-1.42698e-06
3.39196e-05
-1.44867e-06
3.27528e-05
-1.46611e-06
3.15278e-05
-1.47839e-06
3.02431e-05
-1.48365e-06
2.88963e-05
-1.47893e-06
2.74897e-05
-1.4674e-06
2.60239e-05
-1.44664e-06
2.4501e-05
-1.41491e-06
2.29249e-05
-1.37088e-06
2.13012e-05
-1.31393e-06
1.96376e-05
-1.24368e-06
1.7945e-05
-1.16118e-06
1.6235e-05
-1.06593e-06
1.45234e-05
-9.61859e-07
1.28299e-05
-8.5328e-07
1.11793e-05
-7.45533e-07
9.5993e-06
-6.4545e-07
8.11729e-06
-5.59371e-07
6.75984e-06
-4.9229e-07
5.55687e-06
-4.50436e-07
4.50962e-06
-4.09396e-07
3.61168e-06
-3.66333e-07
2.84486e-06
-3.16019e-07
2.18568e-06
-2.59473e-07
1.61208e-06
-2.04827e-07
1.10536e-06
-1.62339e-07
6.48358e-07
-1.36325e-07
2.4786e-07
-1.30141e-07
-1.00751e-07
-1.28494e-07
-4.02858e-07
-1.20899e-07
-6.65796e-07
-1.04488e-07
-8.95854e-07
-8.47049e-08
-1.09919e-06
-6.80667e-08
-1.27925e-06
-5.80407e-08
-1.4427e-06
-5.49893e-08
-1.5923e-06
-5.56135e-08
-1.7289e-06
-5.722e-08
-1.85326e-06
-5.75005e-08
-1.96631e-06
-5.55399e-08
-2.06923e-06
-5.13723e-08
-2.16323e-06
-4.56498e-08
-2.24956e-06
-3.9329e-08
-2.32848e-06
-3.37351e-08
-2.40144e-06
-3.16077e-08
-2.46941e-06
-3.61779e-08
-2.53462e-06
-5.09972e-08
-2.59846e-06
-7.63882e-08
-1.04112e-07
5.10849e-05
-1.45398e-06
5.07978e-05
-1.45463e-06
5.04471e-05
-1.45659e-06
5.00332e-05
-1.45798e-06
4.95574e-05
-1.45672e-06
4.90231e-05
-1.45044e-06
4.84349e-05
-1.43584e-06
4.77978e-05
-1.41294e-06
4.71178e-05
-1.38237e-06
4.64002e-05
-1.34334e-06
4.565e-05
-1.29622e-06
4.48714e-05
-1.24181e-06
4.40692e-05
-1.18107e-06
4.32476e-05
-1.11502e-06
4.24111e-05
-1.04483e-06
4.1564e-05
-9.71832e-07
4.07099e-05
-8.97533e-07
3.98522e-05
-8.23601e-07
3.89938e-05
-7.51716e-07
3.81371e-05
-6.8348e-07
3.72841e-05
-6.20255e-07
3.64361e-05
-5.6312e-07
3.55919e-05
-5.12746e-07
3.47521e-05
-4.692e-07
3.3917e-05
-4.32352e-07
3.30857e-05
-4.02083e-07
3.2257e-05
-3.78184e-07
3.14289e-05
-3.6028e-07
3.05994e-05
-3.4782e-07
2.97661e-05
-3.40119e-07
2.89265e-05
-3.36424e-07
2.80779e-05
-3.35971e-07
2.72177e-05
-3.3802e-07
2.63432e-05
-3.41864e-07
2.54519e-05
-3.46839e-07
2.45414e-05
-3.5231e-07
2.36093e-05
-3.57685e-07
2.26537e-05
-3.62403e-07
2.16729e-05
-3.65953e-07
2.06657e-05
-3.67863e-07
1.96313e-05
-3.6774e-07
1.85696e-05
-3.65242e-07
1.74811e-05
-3.60166e-07
1.63673e-05
-3.5238e-07
1.5231e-05
-3.42008e-07
1.40766e-05
-3.29264e-07
1.29126e-05
-3.14967e-07
1.17452e-05
-2.99968e-07
1.05835e-05
-2.84939e-07
9.43898e-06
-2.7042e-07
8.32479e-06
-2.56685e-07
7.25453e-06
-2.43677e-07
6.2413e-06
-2.30451e-07
5.29647e-06
-2.1635e-07
4.43119e-06
-2.00644e-07
3.64526e-06
-1.75928e-07
2.93777e-06
-1.45787e-07
2.30486e-06
-1.1263e-07
1.74052e-06
-8.11109e-08
1.23815e-06
-5.70001e-08
7.88419e-07
-4.25553e-08
3.79915e-07
-4.19327e-08
1.90656e-08
-4.85467e-08
-2.9432e-07
-5.29473e-08
-5.63055e-07
-4.72846e-08
-7.89853e-07
-3.2675e-08
-9.79768e-07
-1.49122e-08
-1.14045e-06
-1.66075e-09
-1.27951e-06
2.73978e-09
-1.40881e-06
-8.43481e-10
-1.52967e-06
-7.63519e-09
-1.63877e-06
-1.18009e-08
-1.73233e-06
-1.09223e-08
-1.81e-06
-7.03282e-09
-1.87501e-06
-3.05706e-09
-1.93212e-06
-9.38548e-10
-1.9856e-06
-1.50335e-09
-2.03752e-06
-3.69295e-09
-2.08857e-06
-6.16718e-09
-2.1381e-06
-7.97821e-09
-2.18494e-06
-8.69999e-09
-2.22802e-06
-8.28425e-09
-2.26675e-06
-6.92379e-09
-2.30111e-06
-4.96742e-09
-2.33181e-06
-3.03436e-09
-2.36096e-06
-2.45666e-09
-2.39198e-06
-5.1637e-09
-2.42915e-06
-1.38248e-08
-2.47671e-06
-2.8833e-08
-4.28585e-08
3.5021e-05
3.35664e-05
3.21098e-05
3.06519e-05
2.91951e-05
2.77447e-05
2.63088e-05
2.48959e-05
2.35135e-05
2.21702e-05
2.0874e-05
1.96322e-05
1.84511e-05
1.73361e-05
1.62913e-05
1.53194e-05
1.44219e-05
1.35983e-05
1.28466e-05
1.21631e-05
1.15428e-05
1.09797e-05
1.0467e-05
9.99777e-06
9.56542e-06
9.16333e-06
8.78515e-06
8.42487e-06
8.07705e-06
7.73693e-06
7.40051e-06
7.06453e-06
6.72651e-06
6.38465e-06
6.03781e-06
5.6855e-06
5.32782e-06
4.96541e-06
4.59946e-06
4.2316e-06
3.86386e-06
3.49862e-06
3.13845e-06
2.78607e-06
2.44406e-06
2.1148e-06
1.79983e-06
1.49986e-06
1.21492e-06
9.44503e-07
6.87818e-07
4.44142e-07
2.1369e-07
-2.65954e-09
-2.03304e-07
-3.79232e-07
-5.25019e-07
-6.37648e-07
-7.18759e-07
-7.75759e-07
-8.18315e-07
-8.60247e-07
-9.08794e-07
-9.61741e-07
-1.00903e-06
-1.0417e-06
-1.05661e-06
-1.05827e-06
-1.05553e-06
-1.05638e-06
-1.06401e-06
-1.07581e-06
-1.08674e-06
-1.09377e-06
-1.09683e-06
-1.09776e-06
-1.09927e-06
-1.10296e-06
-1.10913e-06
-1.11711e-06
-1.12581e-06
-1.13409e-06
-1.14101e-06
-1.14598e-06
-1.14902e-06
-1.15147e-06
-1.15664e-06
-1.17046e-06
-1.19929e-06
)
;

boundaryField
{
    fixedWalls
    {
        type            calculated;
        value           uniform 0;
    }
    inflowWall
    {
        type            calculated;
        value           nonuniform List<scalar> 10(-5e-05 -5e-05 -5e-05 -5e-05 -5e-05 -5e-05 -5e-05 -5e-05 -5e-05 -5e-05);
    }
    outflowWall
    {
        type            calculated;
        value           nonuniform List<scalar> 
20
(
1.22571e-05
2.4217e-05
3.26321e-05
3.98976e-05
4.55938e-05
4.91584e-05
5.03353e-05
4.94189e-05
4.71083e-05
4.38042e-05
3.90494e-05
3.20139e-05
2.27494e-05
1.30754e-05
5.66274e-06
1.04732e-06
-1.56508e-06
-2.67559e-06
-2.53796e-06
-1.24215e-06
)
;
    }
    frontAndBack
    {
        type            empty;
        value           nonuniform List<scalar> 0();
    }
}


// ************************************************************************* //
