/*--------------------------------*- C++ -*----------------------------------*\
| =========                 |                                                 |
| \\      /  F ield         | OpenFOAM: The Open Source CFD Toolbox           |
|  \\    /   O peration     | Version:  2306                                  |
|   \\  /    A nd           | Website:  www.openfoam.com                      |
|    \\/     M anipulation  |                                                 |
\*---------------------------------------------------------------------------*/
FoamFile
{
    version     2.0;
    format      ascii;
    arch        "LSB;label=32;scalar=64";
    class       volVectorField;
    location    "5.02";
    object      U;
}
// * * * * * * * * * * * * * * * * * * * * * * * * * * * * * * * * * * * * * //

dimensions      [0 1 -1 0 0 0 0];

internalField   nonuniform List<vector> 
1900
(
(0.984278 0.00728852 0)
(0.961755 0.0216852 0)
(0.952332 0.0181746 0)
(0.918697 0.0253045 0)
(0.90342 0.0154393 0)
(0.863062 0.0257494 0)
(0.852267 0.0115965 0)
(0.811951 0.0267266 0)
(0.809651 0.00455864 0)
(0.770453 0.025973 0)
(1.00256 0.0115592 0)
(1.00446 0.0258616 0)
(1.01944 0.0289646 0)
(1.02197 0.0304564 0)
(1.03487 0.0280053 0)
(1.03396 0.0284193 0)
(1.04405 0.0257846 0)
(1.04278 0.0250931 0)
(1.05118 0.0206654 0)
(1.05226 0.0162 0)
(1.00048 0.00388673 0)
(1.00419 0.0111555 0)
(1.01255 0.0139995 0)
(1.02113 0.0157882 0)
(1.03154 0.0147138 0)
(1.04053 0.0144214 0)
(1.04998 0.0123782 0)
(1.05839 0.0109328 0)
(1.06686 0.00731275 0)
(1.07469 0.00315409 0)
(1.00007 0.00207735 0)
(1.00313 0.00584357 0)
(1.00888 0.00805596 0)
(1.01649 0.0090363 0)
(1.02527 0.0085572 0)
(1.03431 0.00745757 0)
(1.04324 0.00567751 0)
(1.0518 0.0035145 0)
(1.05997 0.000687442 0)
(1.06764 -0.00282957 0)
(1.00003 0.000424847 0)
(1.00261 0.00117315 0)
(1.00738 0.00143628 0)
(1.01402 0.00115587 0)
(1.02191 0.000257438 0)
(1.03035 -0.00110645 0)
(1.03879 -0.00290071 0)
(1.04691 -0.00510246 0)
(1.05459 -0.00775894 0)
(1.06173 -0.0109311 0)
(1.00003 -0.00106017 0)
(1.00255 -0.00302553 0)
(1.0072 -0.00474653 0)
(1.01366 -0.00618385 0)
(1.02133 -0.007483 0)
(1.02949 -0.00884469 0)
(1.03758 -0.0104548 0)
(1.04532 -0.0124237 0)
(1.05259 -0.0147918 0)
(1.05937 -0.0175298 0)
(1.00003 -0.00270992 0)
(1.00303 -0.00743014 0)
(1.00836 -0.0110549 0)
(1.01546 -0.0134897 0)
(1.02347 -0.015112 0)
(1.03163 -0.0164711 0)
(1.0395 -0.0179717 0)
(1.0469 -0.0197921 0)
(1.05382 -0.0219249 0)
(1.06031 -0.0242806 0)
(1.00004 -0.0047684 0)
(1.00441 -0.0122305 0)
(1.01137 -0.0169121 0)
(1.0198 -0.0193404 0)
(1.0284 -0.0206637 0)
(1.0364 -0.0218307 0)
(1.0436 -0.0232897 0)
(1.05008 -0.0250678 0)
(1.05596 -0.0270234 0)
(1.06127 -0.0290232 0)
(1.00006 -0.012118 0)
(1.00722 -0.0259495 0)
(1.01558 -0.0314251 0)
(1.02288 -0.0325713 0)
(1.02794 -0.0326521 0)
(1.03074 -0.0330236 0)
(1.03175 -0.033798 0)
(1.03145 -0.0347119 0)
(1.03005 -0.03555 0)
(1.02756 -0.0362525 0)
(0.980777 -0.0091633 0)
(0.964587 -0.0188208 0)
(0.945461 -0.0220447 0)
(0.920797 -0.0221831 0)
(0.892012 -0.0217357 0)
(0.861705 -0.0215729 0)
(0.831474 -0.0216029 0)
(0.801799 -0.0215901 0)
(0.772611 -0.0214106 0)
(0.743667 -0.0210799 0)
(0.000207289 -0.000109684 0)
(0.000345712 -2.05725e-05 0)
(8.4029e-05 2.74103e-05 0)
(-0.000399828 5.67785e-05 0)
(-0.00104683 7.47976e-05 0)
(-0.00181469 9.21696e-05 0)
(-0.00268984 0.000112437 0)
(-0.00366728 0.000134579 0)
(-0.0047418 0.000157401 0)
(-0.00590716 0.000180213 0)
(-0.00715638 0.000202602 0)
(-0.00848209 0.000224272 0)
(-0.00987678 0.000244982 0)
(-0.0113331 0.000264533 0)
(-0.0128438 0.000282774 0)
(-0.0144022 0.000299603 0)
(-0.0160018 0.000314966 0)
(-0.0176369 0.000328834 0)
(-0.0193021 0.000341176 0)
(-0.0209926 0.000351996 0)
(-0.0227046 0.000361336 0)
(-0.0244352 0.000369278 0)
(-0.0261827 0.000375931 0)
(-0.0279467 0.000381415 0)
(-0.029728 0.000385865 0)
(-0.0315288 0.000389459 0)
(-0.033353 0.000392415 0)
(-0.0352061 0.000394932 0)
(-0.0370952 0.000397126 0)
(-0.0390289 0.000398992 0)
(-0.0410168 0.000400311 0)
(-0.04307 0.000400605 0)
(-0.0452002 0.000399244 0)
(-0.0474207 0.000395834 0)
(-0.0497473 0.000390789 0)
(-0.0522004 0.000385948 0)
(-0.0548071 0.000385318 0)
(-0.0576035 0.00039612 0)
(-0.0606385 0.000429817 0)
(-0.0639762 0.000503096 0)
(-0.0676989 0.00063824 0)
(-0.0719067 0.000861704 0)
(-0.0767136 0.00119971 0)
(-0.0822359 0.00167135 0)
(-0.088575 0.00228062 0)
(-0.0957939 0.00301003 0)
(-0.103894 0.00381778 0)
(-0.112799 0.00463971 0)
(-0.122337 0.00539415 0)
(-0.13224 0.00599293 0)
(-0.142155 0.00636026 0)
(-0.151687 0.0064511 0)
(-0.160425 0.00625964 0)
(-0.167965 0.00581562 0)
(-0.173947 0.005193 0)
(-0.178082 0.00445587 0)
(-0.180121 0.00355826 0)
(-0.179917 0.00250294 0)
(-0.177419 0.00132937 0)
(-0.172616 0.000113353 0)
(-0.165516 -0.00111192 0)
(-0.156226 -0.00229805 0)
(-0.1449 -0.00339822 0)
(-0.131739 -0.00440705 0)
(-0.116931 -0.005283 0)
(-0.100722 -0.00602201 0)
(-0.0833904 -0.00660841 0)
(-0.0650761 -0.00709661 0)
(-0.0462567 -0.00733924 0)
(-0.0268964 -0.00750205 0)
(-0.0076662 -0.00751528 0)
(0.0118455 -0.00744862 0)
(0.0306262 -0.0072444 0)
(0.049519 -0.00699959 0)
(0.0671408 -0.00662739 0)
(0.0848362 -0.00626422 0)
(0.100791 -0.00579095 0)
(0.116941 -0.00537708 0)
(0.130928 -0.00486729 0)
(0.145423 -0.00446654 0)
(0.157332 -0.00397838 0)
(0.170285 -0.00364836 0)
(0.180151 -0.0032304 0)
(0.191904 -0.00301862 0)
(0.19982 -0.00270414 0)
(0.211012 -0.00263919 0)
(0.216978 -0.00244176 0)
(0.228743 -0.00257301 0)
(0.232321 -0.00248239 0)
(0.246726 -0.00307894 0)
(6.21147e-05 -0.000518312 0)
(-0.00052465 0.000142153 0)
(-0.00202054 0.000714162 0)
(-0.00393428 0.00111875 0)
(-0.00623351 0.00139799 0)
(-0.00884467 0.00161979 0)
(-0.0117301 0.00182037 0)
(-0.0148616 0.00200782 0)
(-0.0182098 0.00218224 0)
(-0.0217473 0.00234276 0)
(-0.0254476 0.00248863 0)
(-0.0292856 0.0026196 0)
(-0.0332376 0.00273596 0)
(-0.0372819 0.00283825 0)
(-0.0413988 0.00292726 0)
(-0.045571 0.00300393 0)
(-0.0497837 0.00306927 0)
(-0.0540245 0.00312433 0)
(-0.0582836 0.00317025 0)
(-0.0625537 0.00320858 0)
(-0.0668306 0.00324124 0)
(-0.0711132 0.00327044 0)
(-0.0754034 0.00329858 0)
(-0.0797063 0.00332818 0)
(-0.0840302 0.00336196 0)
(-0.0883864 0.0034029 0)
(-0.0927893 0.00345424 0)
(-0.0972565 0.00351928 0)
(-0.101808 0.00360116 0)
(-0.106468 0.00370289 0)
(-0.111259 0.00382724 0)
(-0.116209 0.00397686 0)
(-0.121344 0.00415484 0)
(-0.12669 0.00436578 0)
(-0.132277 0.00461671 0)
(-0.138131 0.00491733 0)
(-0.14428 0.00527983 0)
(-0.150746 0.00571942 0)
(-0.157549 0.00625349 0)
(-0.164693 0.00689977 0)
(-0.172173 0.00767301 0)
(-0.179959 0.00857916 0)
(-0.187995 0.00960742 0)
(-0.196193 0.0107235 0)
(-0.204419 0.0118642 0)
(-0.212497 0.0129393 0)
(-0.220212 0.0138396 0)
(-0.227316 0.0144517 0)
(-0.233542 0.0146661 0)
(-0.238603 0.0143859 0)
(-0.242208 0.0135512 0)
(-0.24408 0.0121604 0)
(-0.243969 0.0102507 0)
(-0.241639 0.00781241 0)
(-0.236958 0.00491771 0)
(-0.229963 0.00168136 0)
(-0.220528 -0.0017817 0)
(-0.208713 -0.00536748 0)
(-0.194457 -0.00899412 0)
(-0.17794 -0.0125367 0)
(-0.15916 -0.0159612 0)
(-0.138392 -0.0191682 0)
(-0.115743 -0.0219764 0)
(-0.0915317 -0.0245083 0)
(-0.065936 -0.0266845 0)
(-0.0391779 -0.028496 0)
(-0.0117735 -0.0299277 0)
(0.0166456 -0.0309725 0)
(0.0449349 -0.031602 0)
(0.074103 -0.0319187 0)
(0.102001 -0.0318368 0)
(0.131066 -0.0315299 0)
(0.157818 -0.030848 0)
(0.186114 -0.0300509 0)
(0.211034 -0.0289125 0)
(0.238092 -0.02778 0)
(0.260648 -0.0263492 0)
(0.286249 -0.0250494 0)
(0.306069 -0.0234867 0)
(0.330251 -0.0221789 0)
(0.347095 -0.0206276 0)
(0.370151 -0.0194545 0)
(0.383863 -0.0180353 0)
(0.406343 -0.017123 0)
(0.416808 -0.0159336 0)
(0.439524 -0.015396 0)
(0.446624 -0.0145128 0)
(0.470631 -0.0144826 0)
(0.47421 -0.0139837 0)
(0.50065 -0.0146985 0)
(-0.000160078 0.000425213 0)
(-0.00194731 0.00229145 0)
(-0.00542915 0.00351216 0)
(-0.00938758 0.00433108 0)
(-0.0137872 0.00497073 0)
(-0.0185261 0.00553697 0)
(-0.0235623 0.00605529 0)
(-0.0288564 0.00652594 0)
(-0.0343553 0.00694465 0)
(-0.0400073 0.00731002 0)
(-0.045766 0.00762218 0)
(-0.0515894 0.00788324 0)
(-0.0574415 0.00809685 0)
(-0.0632918 0.00826732 0)
(-0.0691154 0.0083994 0)
(-0.0748924 0.00849805 0)
(-0.0806075 0.00856838 0)
(-0.0862497 0.00861572 0)
(-0.0918113 0.00864576 0)
(-0.097288 0.0086642 0)
(-0.102679 0.00867691 0)
(-0.107986 0.00868994 0)
(-0.113214 0.00870941 0)
(-0.118371 0.00874136 0)
(-0.123463 0.00879172 0)
(-0.1285 0.00886653 0)
(-0.133492 0.00897189 0)
(-0.138448 0.00911343 0)
(-0.143378 0.00929578 0)
(-0.148289 0.00952266 0)
(-0.153185 0.00979653 0)
(-0.158067 0.0101185 0)
(-0.16293 0.0104886 0)
(-0.167765 0.0109066 0)
(-0.172554 0.0113724 0)
(-0.177275 0.0118862 0)
(-0.181897 0.0124471 0)
(-0.186377 0.013053 0)
(-0.190662 0.0136998 0)
(-0.194681 0.0143793 0)
(-0.19835 0.0150775 0)
(-0.201568 0.0157731 0)
(-0.204218 0.0164325 0)
(-0.206166 0.0170008 0)
(-0.207261 0.0173976 0)
(-0.207339 0.0175237 0)
(-0.206224 0.0172672 0)
(-0.203756 0.0165278 0)
(-0.199796 0.0152203 0)
(-0.194204 0.0132533 0)
(-0.186841 0.0105725 0)
(-0.177614 0.00717944 0)
(-0.166605 0.00311215 0)
(-0.153682 -0.00151317 0)
(-0.138859 -0.00669253 0)
(-0.122223 -0.0122653 0)
(-0.103533 -0.0180894 0)
(-0.0832283 -0.023933 0)
(-0.0610613 -0.0297147 0)
(-0.0375853 -0.0352493 0)
(-0.0124962 -0.0405387 0)
(0.0137037 -0.0453224 0)
(0.0413478 -0.0496376 0)
(0.0697186 -0.0533396 0)
(0.098733 -0.056496 0)
(0.12849 -0.0589857 0)
(0.158059 -0.0609343 0)
(0.18854 -0.0621657 0)
(0.217759 -0.0628375 0)
(0.248299 -0.0629732 0)
(0.27637 -0.0625369 0)
(0.306317 -0.0616892 0)
(0.332556 -0.0603275 0)
(0.361458 -0.0587138 0)
(0.385342 -0.0566674 0)
(0.412939 -0.0545445 0)
(0.434089 -0.0520734 0)
(0.460331 -0.0497045 0)
(0.47851 -0.0470589 0)
(0.50355 -0.0446895 0)
(0.518636 -0.0420911 0)
(0.542814 -0.0399371 0)
(0.554767 -0.0375719 0)
(0.578588 -0.0358201 0)
(0.587422 -0.0338433 0)
(0.611534 -0.0326665 0)
(0.617299 -0.031219 0)
(0.64246 -0.0307965 0)
(0.645205 -0.0300237 0)
(0.672218 -0.0305398 0)
(-0.000920656 0.00121462 0)
(-0.004795 0.00509932 0)
(-0.010711 0.00757951 0)
(-0.0167773 0.00924628 0)
(-0.0231722 0.010487 0)
(-0.0298457 0.011473 0)
(-0.0367124 0.0122774 0)
(-0.0436754 0.0129376 0)
(-0.0506446 0.0134682 0)
(-0.0575484 0.0138815 0)
(-0.0643323 0.01419 0)
(-0.0709526 0.0144058 0)
(-0.0773773 0.0145404 0)
(-0.0835841 0.0146056 0)
(-0.0895579 0.0146125 0)
(-0.0952896 0.0145716 0)
(-0.100775 0.0144929 0)
(-0.106011 0.0143857 0)
(-0.111001 0.0142587 0)
(-0.115746 0.0141206 0)
(-0.120252 0.0139794 0)
(-0.124522 0.0138427 0)
(-0.128562 0.0137177 0)
(-0.132375 0.0136104 0)
(-0.135964 0.0135263 0)
(-0.139329 0.0134698 0)
(-0.142468 0.0134453 0)
(-0.145378 0.013456 0)
(-0.148051 0.0135028 0)
(-0.150477 0.0135848 0)
(-0.15264 0.0136991 0)
(-0.154519 0.0138405 0)
(-0.156089 0.014002 0)
(-0.157315 0.0141751 0)
(-0.158159 0.0143526 0)
(-0.158576 0.0145289 0)
(-0.158514 0.0146943 0)
(-0.157912 0.0148381 0)
(-0.156699 0.0149468 0)
(-0.154795 0.0150025 0)
(-0.152107 0.0149809 0)
(-0.148531 0.014853 0)
(-0.143965 0.0145843 0)
(-0.138308 0.0141176 0)
(-0.13145 0.0133637 0)
(-0.123297 0.0122308 0)
(-0.113729 0.0105991 0)
(-0.102671 0.00836597 0)
(-0.0901469 0.00545075 0)
(-0.076106 0.00184452 0)
(-0.0605122 -0.00249441 0)
(-0.04346 -0.0075529 0)
(-0.0249179 -0.0133501 0)
(-0.0049329 -0.0197047 0)
(0.0166181 -0.0264921 0)
(0.0392184 -0.0334531 0)
(0.0634264 -0.04058 0)
(0.0884127 -0.0476431 0)
(0.114942 -0.0546282 0)
(0.141962 -0.0612356 0)
(0.17034 -0.0675743 0)
(0.198961 -0.0731498 0)
(0.228508 -0.0782321 0)
(0.258265 -0.0825143 0)
(0.288285 -0.0861288 0)
(0.318508 -0.0888442 0)
(0.348199 -0.0908233 0)
(0.378267 -0.0919186 0)
(0.40687 -0.0922878 0)
(0.436213 -0.0918925 0)
(0.463063 -0.0908378 0)
(0.491227 -0.0891795 0)
(0.515788 -0.0869671 0)
(0.542479 -0.0843529 0)
(0.564378 -0.0813106 0)
(0.589482 -0.078088 0)
(0.608493 -0.0745598 0)
(0.632068 -0.0710748 0)
(0.648101 -0.0673861 0)
(0.670365 -0.0639556 0)
(0.683429 -0.0603911 0)
(0.704736 -0.0572895 0)
(0.714911 -0.0540866 0)
(0.735723 -0.0515458 0)
(0.743128 -0.0489003 0)
(0.763996 -0.0471227 0)
(0.768764 -0.0452044 0)
(0.790304 -0.04438 0)
(0.792558 -0.0433476 0)
(0.815432 -0.0436584 0)
(-0.00127768 0.00691876 0)
(-0.00686812 0.013768 0)
(-0.0154962 0.0164012 0)
(-0.0239972 0.0175688 0)
(-0.0325125 0.0184116 0)
(-0.0407953 0.0192021 0)
(-0.0487165 0.0198914 0)
(-0.0562348 0.0204028 0)
(-0.0633197 0.0207174 0)
(-0.0699385 0.0208615 0)
(-0.0760728 0.0208638 0)
(-0.0817163 0.0207491 0)
(-0.0868722 0.0205397 0)
(-0.0915503 0.0202552 0)
(-0.0957645 0.0199123 0)
(-0.0995315 0.0195258 0)
(-0.102869 0.0191079 0)
(-0.105794 0.0186687 0)
(-0.108322 0.0182168 0)
(-0.110467 0.0177605 0)
(-0.112243 0.0173076 0)
(-0.113659 0.0168644 0)
(-0.114722 0.0164364 0)
(-0.115439 0.0160275 0)
(-0.115809 0.0156398 0)
(-0.115828 0.0152742 0)
(-0.115489 0.0149314 0)
(-0.114783 0.0146124 0)
(-0.113693 0.0143131 0)
(-0.112203 0.0140277 0)
(-0.110288 0.0137487 0)
(-0.107922 0.0134657 0)
(-0.105071 0.0131662 0)
(-0.101696 0.0128361 0)
(-0.0977484 0.012464 0)
(-0.0931915 0.0120479 0)
(-0.0879653 0.0115692 0)
(-0.0820147 0.0110076 0)
(-0.0752736 0.0103427 0)
(-0.0676709 0.00955208 0)
(-0.0591189 0.00860445 0)
(-0.0495214 0.00745604 0)
(-0.0388122 0.00604794 0)
(-0.0269491 0.00433048 0)
(-0.0138083 0.00224595 0)
(0.000611613 -0.000276424 0)
(0.0163838 -0.00332689 0)
(0.0334681 -0.00696711 0)
(0.0519275 -0.0113007 0)
(0.0716431 -0.0163419 0)
(0.0928397 -0.0221111 0)
(0.115064 -0.0285317 0)
(0.138724 -0.035523 0)
(0.16312 -0.0429783 0)
(0.188983 -0.0508526 0)
(0.215246 -0.0588747 0)
(0.242924 -0.0670343 0)
(0.270712 -0.0750175 0)
(0.299794 -0.0828426 0)
(0.328689 -0.0901579 0)
(0.358642 -0.0970335 0)
(0.388124 -0.103091 0)
(0.418298 -0.108479 0)
(0.447779 -0.11287 0)
(0.477478 -0.11645 0)
(0.506343 -0.118938 0)
(0.534849 -0.120568 0)
(0.562545 -0.121126 0)
(0.589244 -0.120868 0)
(0.61535 -0.119655 0)
(0.639765 -0.11774 0)
(0.664024 -0.115055 0)
(0.685834 -0.111826 0)
(0.708152 -0.108056 0)
(0.72719 -0.103921 0)
(0.747629 -0.0994925 0)
(0.763858 -0.0948713 0)
(0.782611 -0.0902009 0)
(0.796092 -0.0854815 0)
(0.813456 -0.0809416 0)
(0.824313 -0.0764584 0)
(0.84066 -0.0723641 0)
(0.849052 -0.0683915 0)
(0.864811 -0.065003 0)
(0.870899 -0.0617628 0)
(0.88654 -0.0592967 0)
(0.89047 -0.0569718 0)
(0.906491 -0.0556183 0)
(0.90837 -0.0543713 0)
(0.92529 -0.0543168 0)
(-0.00367469 0.00680109 0)
(-0.0134945 0.0172402 0)
(-0.0245517 0.0219707 0)
(-0.0336788 0.0246453 0)
(-0.0419568 0.0262502 0)
(-0.0495813 0.0271063 0)
(-0.0565111 0.0273917 0)
(-0.0626202 0.0272924 0)
(-0.0678166 0.0269454 0)
(-0.0721028 0.0264229 0)
(-0.0755358 0.0257715 0)
(-0.0781759 0.0250241 0)
(-0.080084 0.0242092 0)
(-0.0813183 0.0233495 0)
(-0.0819329 0.0224626 0)
(-0.0819771 0.0215625 0)
(-0.0814955 0.0206601 0)
(-0.0805263 0.0197624 0)
(-0.0791009 0.0188733 0)
(-0.0772468 0.0179983 0)
(-0.0749857 0.0171414 0)
(-0.0723344 0.0163049 0)
(-0.0693045 0.0154895 0)
(-0.0659033 0.0146948 0)
(-0.0621307 0.0139176 0)
(-0.0579801 0.0131537 0)
(-0.053438 0.0124001 0)
(-0.0484991 0.0116598 0)
(-0.0431374 0.0109227 0)
(-0.0373307 0.0101787 0)
(-0.0310512 0.00941667 0)
(-0.024268 0.00862396 0)
(-0.0169452 0.00778511 0)
(-0.00903812 0.00688124 0)
(-0.00047118 0.00588423 0)
(0.00874421 0.00476572 0)
(0.0186807 0.0035158 0)
(0.0293931 0.00212397 0)
(0.0409441 0.000565772 0)
(0.0533876 -0.0011884 0)
(0.0667977 -0.00317214 0)
(0.0812183 -0.00541857 0)
(0.0967345 -0.00797922 0)
(0.113331 -0.0109135 0)
(0.131194 -0.0142792 0)
(0.150206 -0.018132 0)
(0.17057 -0.0225445 0)
(0.192003 -0.0275421 0)
(0.214833 -0.0331612 0)
(0.238549 -0.0393923 0)
(0.263671 -0.0462806 0)
(0.289404 -0.0537227 0)
(0.316479 -0.0617108 0)
(0.343819 -0.0700464 0)
(0.372405 -0.0787103 0)
(0.400882 -0.0874152 0)
(0.430456 -0.0961493 0)
(0.459525 -0.104578 0)
(0.489496 -0.112717 0)
(0.51855 -0.120203 0)
(0.548252 -0.1271 0)
(0.576635 -0.133041 0)
(0.60537 -0.138157 0)
(0.632439 -0.142113 0)
(0.65955 -0.145118 0)
(0.684761 -0.146876 0)
(0.709712 -0.147668 0)
(0.732688 -0.147246 0)
(0.755126 -0.145949 0)
(0.775696 -0.143573 0)
(0.79545 -0.140493 0)
(0.813624 -0.136543 0)
(0.830679 -0.132107 0)
(0.846612 -0.127052 0)
(0.86107 -0.121746 0)
(0.875025 -0.11608 0)
(0.887062 -0.110382 0)
(0.899365 -0.104568 0)
(0.909192 -0.0989073 0)
(0.920203 -0.0933458 0)
(0.928036 -0.0880803 0)
(0.938125 -0.0831003 0)
(0.944162 -0.0785156 0)
(0.953698 -0.0743784 0)
(0.958104 -0.0706973 0)
(0.967449 -0.0676116 0)
(0.970342 -0.0650106 0)
(0.979851 -0.0631505 0)
(0.981283 -0.0617789 0)
(0.991302 -0.0613063 0)
(-0.00179914 0.0287881 0)
(-0.00958887 0.0405308 0)
(-0.0240988 0.0404724 0)
(-0.0355117 0.038055 0)
(-0.0445553 0.0362069 0)
(-0.0509839 0.0347175 0)
(-0.0551 0.0332385 0)
(-0.0573027 0.0316955 0)
(-0.057954 0.0301005 0)
(-0.0573327 0.0284782 0)
(-0.0556284 0.0268512 0)
(-0.0529892 0.0252332 0)
(-0.0495416 0.0236419 0)
(-0.0453922 0.022089 0)
(-0.0406311 0.0205806 0)
(-0.0353344 0.01912 0)
(-0.0295681 0.0177086 0)
(-0.0233848 0.0163419 0)
(-0.0168195 0.0150121 0)
(-0.00991064 0.0137225 0)
(-0.00268264 0.0124727 0)
(0.004846 0.0112602 0)
(0.0126664 0.0100811 0)
(0.0207702 0.00893207 0)
(0.0291654 0.00780304 0)
(0.037865 0.00668184 0)
(0.0469105 0.00555113 0)
(0.0562736 0.00439242 0)
(0.0660051 0.00320327 0)
(0.0761359 0.00197836 0)
(0.0867003 0.00070398 0)
(0.0977359 -0.00063861 0)
(0.109288 -0.00206901 0)
(0.121387 -0.00360884 0)
(0.134102 -0.00527669 0)
(0.147435 -0.00710145 0)
(0.161467 -0.00911089 0)
(0.17625 -0.0113281 0)
(0.191849 -0.0137761 0)
(0.208278 -0.0164849 0)
(0.225635 -0.0194867 0)
(0.243894 -0.0228168 0)
(0.2632 -0.0265084 0)
(0.283443 -0.0305924 0)
(0.304838 -0.0351227 0)
(0.327151 -0.0401383 0)
(0.350668 -0.0456907 0)
(0.374981 -0.0517874 0)
(0.400477 -0.0584634 0)
(0.426542 -0.0656781 0)
(0.453698 -0.0734438 0)
(0.481101 -0.0816457 0)
(0.50943 -0.0902552 0)
(0.537593 -0.0990738 0)
(0.566463 -0.108052 0)
(0.594694 -0.116929 0)
(0.623384 -0.125656 0)
(0.650931 -0.133928 0)
(0.678686 -0.141728 0)
(0.704804 -0.14873 0)
(0.730902 -0.154973 0)
(0.754916 -0.160131 0)
(0.77874 -0.164321 0)
(0.80013 -0.16724 0)
(0.821242 -0.169098 0)
(0.839711 -0.169622 0)
(0.857908 -0.169119 0)
(0.873414 -0.167348 0)
(0.888735 -0.164695 0)
(0.901459 -0.160943 0)
(0.914117 -0.156538 0)
(0.924385 -0.151269 0)
(0.934696 -0.145616 0)
(0.94291 -0.139361 0)
(0.951228 -0.132995 0)
(0.957803 -0.126282 0)
(0.964469 -0.119703 0)
(0.969799 -0.112999 0)
(0.975109 -0.106637 0)
(0.979538 -0.100335 0)
(0.98373 -0.094535 0)
(0.987553 -0.0889437 0)
(0.990805 -0.0839755 0)
(0.994268 -0.0793326 0)
(0.996699 -0.0753999 0)
(1.00001 -0.0718882 0)
(1.00168 -0.0691479 0)
(1.00501 -0.0669139 0)
(1.0059 -0.0654924 0)
(1.00941 -0.0646594 0)
(-0.0196102 0.00825712 0)
(-0.0378691 0.0319017 0)
(-0.0410937 0.0392263 0)
(-0.0432166 0.0400144 0)
(-0.0421266 0.0383522 0)
(-0.0386932 0.0355939 0)
(-0.0333731 0.0325277 0)
(-0.02651 0.0294841 0)
(-0.0183564 0.0265634 0)
(-0.00920239 0.0238325 0)
(0.00077176 0.0212696 0)
(0.0114011 0.0188499 0)
(0.0225298 0.0165706 0)
(0.0340454 0.0144261 0)
(0.0458608 0.0124069 0)
(0.0579069 0.0105039 0)
(0.0701165 0.0087108 0)
(0.0824454 0.00702554 0)
(0.0949076 0.00543751 0)
(0.107455 0.00392177 0)
(0.120078 0.00245551 0)
(0.13277 0.0010241 0)
(0.145546 -0.000383745 0)
(0.158393 -0.00177864 0)
(0.171342 -0.00317004 0)
(0.184412 -0.00456984 0)
(0.197649 -0.00599178 0)
(0.211053 -0.00745792 0)
(0.224684 -0.00898721 0)
(0.238589 -0.0105963 0)
(0.252804 -0.0123009 0)
(0.267373 -0.0141218 0)
(0.282341 -0.0160788 0)
(0.297752 -0.0181952 0)
(0.313655 -0.0204922 0)
(0.330089 -0.0229875 0)
(0.347108 -0.0257 0)
(0.364739 -0.0286617 0)
(0.383049 -0.0318955 0)
(0.402033 -0.0354326 0)
(0.421773 -0.0392949 0)
(0.442222 -0.0435146 0)
(0.463484 -0.048115 0)
(0.485447 -0.0531278 0)
(0.508243 -0.0585774 0)
(0.531665 -0.0644872 0)
(0.555874 -0.0708728 0)
(0.580539 -0.0777314 0)
(0.605864 -0.0850556 0)
(0.631365 -0.0927995 0)
(0.657321 -0.100925 0)
(0.683071 -0.109329 0)
(0.70901 -0.117942 0)
(0.734272 -0.126601 0)
(0.759415 -0.135215 0)
(0.783359 -0.143572 0)
(0.806897 -0.151577 0)
(0.828719 -0.158986 0)
(0.84992 -0.165737 0)
(0.868944 -0.171572 0)
(0.887251 -0.176496 0)
(0.903028 -0.180258 0)
(0.918144 -0.182954 0)
(0.930509 -0.184349 0)
(0.942421 -0.18465 0)
(0.951498 -0.183637 0)
(0.96046 -0.181622 0)
(0.966627 -0.178397 0)
(0.973095 -0.174371 0)
(0.976881 -0.169329 0)
(0.9814 -0.163758 0)
(0.983376 -0.157417 0)
(0.986479 -0.150841 0)
(0.987169 -0.143745 0)
(0.989314 -0.136694 0)
(0.98915 -0.129348 0)
(0.990686 -0.122292 0)
(0.98999 -0.115127 0)
(0.991161 -0.108454 0)
(0.99015 -0.101817 0)
(0.991108 -0.0958318 0)
(0.989919 -0.0899919 0)
(0.990746 -0.0849294 0)
(0.989456 -0.0800897 0)
(0.990176 -0.0761246 0)
(0.988817 -0.0724373 0)
(0.989409 -0.0697018 0)
(0.98798 -0.0672844 0)
(0.988372 -0.0658811 0)
(0.986841 -0.0648246 0)
(-0.0189844 0.107928 0)
(-0.0182027 0.0727529 0)
(-0.0113727 0.0580415 0)
(0.00109664 0.0461475 0)
(0.0174092 0.036336 0)
(0.0358734 0.0287996 0)
(0.0555454 0.0228847 0)
(0.0756789 0.0180348 0)
(0.0961018 0.0138685 0)
(0.116272 0.0102035 0)
(0.136273 0.00697022 0)
(0.156057 0.00412132 0)
(0.175497 0.00158349 0)
(0.194576 -0.000710474 0)
(0.213287 -0.00280514 0)
(0.231629 -0.00473063 0)
(0.249606 -0.00651064 0)
(0.267216 -0.00816711 0)
(0.284501 -0.00972051 0)
(0.301447 -0.0111949 0)
(0.318082 -0.0126171 0)
(0.334433 -0.0140126 0)
(0.350547 -0.0154031 0)
(0.366442 -0.0168079 0)
(0.382172 -0.0182434 0)
(0.397784 -0.0197234 0)
(0.413319 -0.0212645 0)
(0.428826 -0.0228803 0)
(0.444348 -0.0245903 0)
(0.459943 -0.0264189 0)
(0.475653 -0.028385 0)
(0.491534 -0.0305114 0)
(0.507621 -0.0328148 0)
(0.523966 -0.035318 0)
(0.540601 -0.0380361 0)
(0.557568 -0.0409924 0)
(0.574891 -0.0442012 0)
(0.592602 -0.0476883 0)
(0.610717 -0.0514671 0)
(0.62925 -0.055563 0)
(0.648205 -0.0599855 0)
(0.667567 -0.0647588 0)
(0.687331 -0.0698884 0)
(0.707442 -0.0753956 0)
(0.727886 -0.0812801 0)
(0.748543 -0.0875564 0)
(0.76939 -0.0942095 0)
(0.79023 -0.101232 0)
(0.811042 -0.108581 0)
(0.831536 -0.116215 0)
(0.851716 -0.124055 0)
(0.871185 -0.13202 0)
(0.890022 -0.139998 0)
(0.907704 -0.147866 0)
(0.92445 -0.155492 0)
(0.939612 -0.162718 0)
(0.953623 -0.169414 0)
(0.965679 -0.175409 0)
(0.976517 -0.180605 0)
(0.985137 -0.184836 0)
(0.992665 -0.188073 0)
(0.997841 -0.190167 0)
(1.00225 -0.19118 0)
(1.00429 -0.190981 0)
(1.00606 -0.189741 0)
(1.00551 -0.187332 0)
(1.00531 -0.18403 0)
(1.00285 -0.179686 0)
(1.00137 -0.174686 0)
(0.997665 -0.168839 0)
(0.995541 -0.162619 0)
(0.991135 -0.155767 0)
(0.988853 -0.148831 0)
(0.984143 -0.141462 0)
(0.98202 -0.134276 0)
(0.97724 -0.126824 0)
(0.975448 -0.119787 0)
(0.970706 -0.112614 0)
(0.969312 -0.106051 0)
(0.964623 -0.099447 0)
(0.963629 -0.0936173 0)
(0.958959 -0.0878117 0)
(0.958333 -0.0829161 0)
(0.953613 -0.0780855 0)
(0.953303 -0.0742767 0)
(0.94844 -0.0705534 0)
(0.94837 -0.0679438 0)
(0.943245 -0.0654249 0)
(0.943308 -0.0640951 0)
(0.937778 -0.0628512 0)
(0.0698626 0.00704409 0)
(0.0897908 0.0065247 0)
(0.153426 0.00606288 0)
(0.198295 0.00288424 0)
(0.237074 -0.00140707 0)
(0.272324 -0.00551761 0)
(0.304869 -0.00906241 0)
(0.334548 -0.0120595 0)
(0.36215 -0.0146209 0)
(0.387914 -0.0168248 0)
(0.412213 -0.0187518 0)
(0.435263 -0.020455 0)
(0.457145 -0.0219732 0)
(0.477973 -0.0233393 0)
(0.497852 -0.0245785 0)
(0.516866 -0.0257109 0)
(0.535089 -0.026756 0)
(0.552579 -0.0277351 0)
(0.569399 -0.0286742 0)
(0.585601 -0.029593 0)
(0.601238 -0.0305113 0)
(0.616366 -0.0314497 0)
(0.631042 -0.0324291 0)
(0.645321 -0.0334687 0)
(0.659259 -0.0345869 0)
(0.672916 -0.0358026 0)
(0.686336 -0.0371319 0)
(0.699575 -0.0385914 0)
(0.712673 -0.0401969 0)
(0.725684 -0.0419669 0)
(0.738643 -0.0439167 0)
(0.751601 -0.0460646 0)
(0.764582 -0.0484249 0)
(0.777626 -0.0510164 0)
(0.790746 -0.0538519 0)
(0.803972 -0.0569488 0)
(0.8173 -0.0603171 0)
(0.830751 -0.0639726 0)
(0.844304 -0.0679226 0)
(0.857962 -0.0721812 0)
(0.871684 -0.0767508 0)
(0.885454 -0.0816426 0)
(0.899205 -0.0868522 0)
(0.912898 -0.0923856 0)
(0.926438 -0.0982288 0)
(0.939751 -0.104379 0)
(0.952722 -0.110804 0)
(0.965243 -0.117484 0)
(0.977182 -0.124358 0)
(0.988398 -0.13138 0)
(0.998763 -0.138459 0)
(1.00811 -0.14552 0)
(1.01634 -0.15244 0)
(1.02328 -0.159118 0)
(1.02892 -0.165414 0)
(1.03305 -0.171218 0)
(1.03584 -0.176392 0)
(1.03702 -0.180838 0)
(1.03698 -0.184447 0)
(1.03534 -0.187146 0)
(1.0328 -0.18888 0)
(1.02878 -0.189605 0)
(1.02433 -0.189335 0)
(1.01854 -0.188047 0)
(1.01291 -0.185835 0)
(1.00604 -0.182677 0)
(0.999928 -0.178753 0)
(0.992534 -0.174016 0)
(0.986496 -0.168735 0)
(0.978961 -0.162801 0)
(0.97335 -0.156574 0)
(0.965872 -0.149847 0)
(0.960869 -0.143082 0)
(0.953489 -0.135948 0)
(0.949143 -0.129021 0)
(0.941807 -0.12183 0)
(0.938107 -0.115077 0)
(0.930718 -0.108133 0)
(0.927633 -0.101842 0)
(0.920084 -0.0954016 0)
(0.91759 -0.0898147 0)
(0.909771 -0.0840896 0)
(0.90786 -0.0794035 0)
(0.899654 -0.0745622 0)
(0.898319 -0.0709302 0)
(0.889587 -0.0670974 0)
(0.888803 -0.0646272 0)
(0.879366 -0.0618845 0)
(0.87907 -0.0606388 0)
(0.868707 -0.0590287 0)
(0.773589 -0.00916811 0)
(0.775126 -0.0205771 0)
(0.775944 -0.0267811 0)
(0.777603 -0.0304679 0)
(0.781227 -0.0331094 0)
(0.786591 -0.0353039 0)
(0.793415 -0.0371787 0)
(0.801069 -0.0387005 0)
(0.809326 -0.0398873 0)
(0.817979 -0.040776 0)
(0.826846 -0.0414429 0)
(0.835797 -0.0419604 0)
(0.844735 -0.0423717 0)
(0.853586 -0.0427024 0)
(0.862297 -0.0429705 0)
(0.870829 -0.0431921 0)
(0.87915 -0.0433836 0)
(0.887241 -0.0435633 0)
(0.89509 -0.0437512 0)
(0.902695 -0.0439672 0)
(0.91006 -0.0442312 0)
(0.917198 -0.0445634 0)
(0.924123 -0.0449843 0)
(0.930856 -0.0455136 0)
(0.93742 -0.0461714 0)
(0.943838 -0.0469771 0)
(0.950131 -0.0479476 0)
(0.956323 -0.0490984 0)
(0.962431 -0.050443 0)
(0.968478 -0.0519948 0)
(0.974477 -0.0537655 0)
(0.980445 -0.0557674 0)
(0.986386 -0.0580112 0)
(0.992308 -0.0605078 0)
(0.998209 -0.0632663 0)
(1.00409 -0.0662951 0)
(1.00993 -0.0696005 0)
(1.01572 -0.0731884 0)
(1.02143 -0.0770618 0)
(1.02704 -0.0812237 0)
(1.03251 -0.0856727 0)
(1.03779 -0.0904072 0)
(1.04282 -0.0954188 0)
(1.04755 -0.100698 0)
(1.05191 -0.106226 0)
(1.05584 -0.11198 0)
(1.05923 -0.117924 0)
(1.06202 -0.124019 0)
(1.06412 -0.130209 0)
(1.06545 -0.136436 0)
(1.06593 -0.14262 0)
(1.06552 -0.148685 0)
(1.06414 -0.154529 0)
(1.06179 -0.160067 0)
(1.05846 -0.165186 0)
(1.05418 -0.169806 0)
(1.04901 -0.173818 0)
(1.043 -0.177162 0)
(1.03629 -0.179744 0)
(1.02894 -0.181536 0)
(1.02118 -0.182474 0)
(1.01296 -0.182565 0)
(1.00468 -0.181782 0)
(0.996041 -0.180165 0)
(0.987661 -0.177728 0)
(0.978898 -0.174526 0)
(0.970682 -0.170621 0)
(0.961871 -0.16606 0)
(0.953898 -0.160951 0)
(0.94496 -0.155308 0)
(0.937219 -0.149302 0)
(0.928013 -0.142884 0)
(0.92048 -0.136312 0)
(0.910862 -0.12944 0)
(0.903554 -0.122641 0)
(0.893423 -0.115635 0)
(0.886433 -0.108943 0)
(0.875735 -0.102111 0)
(0.869221 -0.0958412 0)
(0.85792 -0.089453 0)
(0.852079 -0.0838717 0)
(0.840113 -0.0781405 0)
(0.835155 -0.0734627 0)
(0.822401 -0.0685473 0)
(0.818523 -0.0649362 0)
(0.804766 -0.060939 0)
(0.802142 -0.0585022 0)
(0.787048 -0.0554675 0)
(0.785815 -0.0542538 0)
(0.768938 -0.0521699 0)
(1.05713 0.00832206 0)
(1.06022 -5.29289e-05 0)
(1.06092 -0.00719693 0)
(1.06017 -0.01284 0)
(1.05929 -0.0174578 0)
(1.05898 -0.021458 0)
(1.05938 -0.0250161 0)
(1.06034 -0.0281426 0)
(1.06163 -0.0308337 0)
(1.06312 -0.0331088 0)
(1.06471 -0.0350114 0)
(1.06634 -0.0365957 0)
(1.06801 -0.0379134 0)
(1.06967 -0.0390101 0)
(1.07132 -0.0399247 0)
(1.07293 -0.0406923 0)
(1.07448 -0.0413454 0)
(1.07595 -0.0419156 0)
(1.07734 -0.0424339 0)
(1.07864 -0.0429306 0)
(1.07984 -0.0434355 0)
(1.08095 -0.0439769 0)
(1.08197 -0.0445823 0)
(1.08289 -0.0452777 0)
(1.08374 -0.0460878 0)
(1.08452 -0.0470354 0)
(1.08522 -0.0481406 0)
(1.08587 -0.0494211 0)
(1.08646 -0.0508924 0)
(1.08699 -0.052568 0)
(1.08747 -0.0544599 0)
(1.08789 -0.0565787 0)
(1.08825 -0.0589327 0)
(1.08854 -0.061529 0)
(1.08877 -0.064373 0)
(1.0889 -0.0674688 0)
(1.08893 -0.0708193 0)
(1.08883 -0.0744258 0)
(1.0886 -0.078288 0)
(1.08819 -0.0824033 0)
(1.08759 -0.0867671 0)
(1.08676 -0.0913712 0)
(1.08567 -0.0962044 0)
(1.08428 -0.10125 0)
(1.08256 -0.106487 0)
(1.08047 -0.111886 0)
(1.07797 -0.117415 0)
(1.07503 -0.123029 0)
(1.07162 -0.12868 0)
(1.06771 -0.134309 0)
(1.06328 -0.13985 0)
(1.05834 -0.145232 0)
(1.05287 -0.150377 0)
(1.04689 -0.155208 0)
(1.04043 -0.159644 0)
(1.03351 -0.163613 0)
(1.02616 -0.167037 0)
(1.01845 -0.169859 0)
(1.01038 -0.172007 0)
(1.00202 -0.173442 0)
(0.993345 -0.174106 0)
(0.984389 -0.173991 0)
(0.975138 -0.17306 0)
(0.965548 -0.171345 0)
(0.955641 -0.168836 0)
(0.945265 -0.165601 0)
(0.934563 -0.161645 0)
(0.923215 -0.157051 0)
(0.911612 -0.151835 0)
(0.89916 -0.146098 0)
(0.886666 -0.13989 0)
(0.873103 -0.133316 0)
(0.859902 -0.126468 0)
(0.845354 -0.119422 0)
(0.831778 -0.112316 0)
(0.816448 -0.105167 0)
(0.802932 -0.0981913 0)
(0.787045 -0.091296 0)
(0.774078 -0.0848088 0)
(0.757796 -0.0784618 0)
(0.745867 -0.0727465 0)
(0.729209 -0.0671444 0)
(0.718772 -0.0623987 0)
(0.701551 -0.0576467 0)
(0.693042 -0.0540028 0)
(0.674822 -0.0501334 0)
(0.6687 -0.0476783 0)
(0.64876 -0.0446653 0)
(0.645567 -0.0434447 0)
(0.622858 -0.0412023 0)
(1.08186 -0.00321507 0)
(1.08783 -0.0107848 0)
(1.09214 -0.0181104 0)
(1.09481 -0.0241968 0)
(1.09634 -0.0289009 0)
(1.09732 -0.0325474 0)
(1.09817 -0.0354948 0)
(1.09903 -0.0379698 0)
(1.0999 -0.0400656 0)
(1.10073 -0.0418095 0)
(1.10148 -0.0432153 0)
(1.10213 -0.0443084 0)
(1.10268 -0.0451285 0)
(1.10316 -0.0457221 0)
(1.10355 -0.0461355 0)
(1.10386 -0.046412 0)
(1.1041 -0.0465907 0)
(1.10425 -0.0467076 0)
(1.10431 -0.0467962 0)
(1.10428 -0.0468888 0)
(1.10415 -0.0470157 0)
(1.10392 -0.047206 0)
(1.1036 -0.0474866 0)
(1.10318 -0.0478827 0)
(1.10267 -0.0484172 0)
(1.10206 -0.0491108 0)
(1.10137 -0.0499816 0)
(1.10059 -0.0510452 0)
(1.09972 -0.0523147 0)
(1.09876 -0.0538013 0)
(1.09772 -0.0555138 0)
(1.09658 -0.0574593 0)
(1.09535 -0.0596429 0)
(1.09401 -0.0620685 0)
(1.09256 -0.0647384 0)
(1.091 -0.0676541 0)
(1.08931 -0.0708156 0)
(1.08748 -0.0742217 0)
(1.0855 -0.0778695 0)
(1.08335 -0.0817542 0)
(1.08102 -0.0858684 0)
(1.07849 -0.0902018 0)
(1.07574 -0.0947408 0)
(1.07276 -0.0994672 0)
(1.06953 -0.104358 0)
(1.06603 -0.109386 0)
(1.06223 -0.114515 0)
(1.05811 -0.119705 0)
(1.05365 -0.124907 0)
(1.04883 -0.130065 0)
(1.04362 -0.135115 0)
(1.03799 -0.13999 0)
(1.0319 -0.144618 0)
(1.02532 -0.148924 0)
(1.01822 -0.152839 0)
(1.01054 -0.15629 0)
(1.00224 -0.15921 0)
(0.99327 -0.161535 0)
(0.983575 -0.163204 0)
(0.973095 -0.164157 0)
(0.961764 -0.164339 0)
(0.949524 -0.163706 0)
(0.936303 -0.162226 0)
(0.922064 -0.159906 0)
(0.906755 -0.156759 0)
(0.890385 -0.152842 0)
(0.872963 -0.148186 0)
(0.854537 -0.142865 0)
(0.835202 -0.136916 0)
(0.814995 -0.130446 0)
(0.794135 -0.123523 0)
(0.772601 -0.116306 0)
(0.750824 -0.108875 0)
(0.728585 -0.101398 0)
(0.706631 -0.0939282 0)
(0.684337 -0.0866207 0)
(0.662948 -0.0795125 0)
(0.64115 -0.0727384 0)
(0.621016 -0.0663312 0)
(0.600108 -0.060372 0)
(0.58183 -0.0549068 0)
(0.561933 -0.0499134 0)
(0.54599 -0.0455028 0)
(0.526864 -0.0414867 0)
(0.513687 -0.0381535 0)
(0.494659 -0.0350393 0)
(0.484806 -0.0327915 0)
(0.464659 -0.0304604 0)
(0.459087 -0.0293269 0)
(0.435843 -0.0276112 0)
(1.07463 -0.00712283 0)
(1.0807 -0.0120664 0)
(1.08564 -0.0172022 0)
(1.08938 -0.021993 0)
(1.09207 -0.02609 0)
(1.094 -0.0294457 0)
(1.09551 -0.0321951 0)
(1.09682 -0.0344984 0)
(1.09801 -0.0364638 0)
(1.0991 -0.0381396 0)
(1.10009 -0.0395403 0)
(1.10094 -0.040675 0)
(1.10166 -0.0415622 0)
(1.10225 -0.0422323 0)
(1.10272 -0.0427228 0)
(1.10307 -0.0430733 0)
(1.1033 -0.0433222 0)
(1.10342 -0.0435056 0)
(1.10342 -0.0436579 0)
(1.1033 -0.0438112 0)
(1.10305 -0.0439967 0)
(1.10268 -0.0442432 0)
(1.10219 -0.0445779 0)
(1.10157 -0.0450252 0)
(1.10083 -0.0456072 0)
(1.09998 -0.0463432 0)
(1.09902 -0.0472506 0)
(1.09794 -0.0483442 0)
(1.09676 -0.0496365 0)
(1.09546 -0.0511375 0)
(1.09405 -0.052855 0)
(1.09253 -0.0547946 0)
(1.0909 -0.0569602 0)
(1.08913 -0.0593544 0)
(1.08724 -0.0619782 0)
(1.0852 -0.0648319 0)
(1.08301 -0.0679141 0)
(1.08066 -0.0712225 0)
(1.07812 -0.0747528 0)
(1.07539 -0.0784988 0)
(1.07243 -0.0824513 0)
(1.06923 -0.0865987 0)
(1.06576 -0.090925 0)
(1.062 -0.0954103 0)
(1.0579 -0.100029 0)
(1.05344 -0.104753 0)
(1.04856 -0.109543 0)
(1.04322 -0.114356 0)
(1.03736 -0.119142 0)
(1.03092 -0.123842 0)
(1.02382 -0.128389 0)
(1.01599 -0.132712 0)
(1.00734 -0.136735 0)
(0.997761 -0.14038 0)
(0.987169 -0.143571 0)
(0.975453 -0.146234 0)
(0.962524 -0.1483 0)
(0.948285 -0.149708 0)
(0.932672 -0.1504 0)
(0.915609 -0.150317 0)
(0.897063 -0.149403 0)
(0.876983 -0.147605 0)
(0.855372 -0.144897 0)
(0.832218 -0.141293 0)
(0.807591 -0.136846 0)
(0.781569 -0.131633 0)
(0.754327 -0.125737 0)
(0.726051 -0.119248 0)
(0.69698 -0.112256 0)
(0.667316 -0.104872 0)
(0.637319 -0.097217 0)
(0.607214 -0.0894573 0)
(0.577338 -0.0817381 0)
(0.547922 -0.0742188 0)
(0.519346 -0.0669916 0)
(0.491702 -0.0601711 0)
(0.465397 -0.0537796 0)
(0.440292 -0.0479055 0)
(0.416929 -0.0425202 0)
(0.394808 -0.0377167 0)
(0.374786 -0.0334191 0)
(0.355733 -0.029725 0)
(0.339164 -0.0264939 0)
(0.322816 -0.0238301 0)
(0.309594 -0.0215435 0)
(0.295104 -0.0197512 0)
(0.285209 -0.018272 0)
(0.271131 -0.0171735 0)
(0.26522 -0.0164363 0)
(0.248987 -0.0158372 0)
(1.06828 -0.0145746 0)
(1.07413 -0.0185725 0)
(1.07919 -0.0226994 0)
(1.08337 -0.0266815 0)
(1.0867 -0.0302776 0)
(1.08933 -0.033361 0)
(1.09146 -0.0359331 0)
(1.09327 -0.0380669 0)
(1.09489 -0.0398441 0)
(1.09636 -0.0413225 0)
(1.0977 -0.042533 0)
(1.09889 -0.0434918 0)
(1.09991 -0.0442139 0)
(1.10077 -0.0447214 0)
(1.10146 -0.0450447 0)
(1.10198 -0.0452193 0)
(1.10233 -0.0452832 0)
(1.10252 -0.045274 0)
(1.10254 -0.0452286 0)
(1.10238 -0.045182 0)
(1.10205 -0.0451678 0)
(1.10154 -0.045217 0)
(1.10085 -0.0453579 0)
(1.1 -0.0456152 0)
(1.09898 -0.0460101 0)
(1.09779 -0.0465611 0)
(1.09644 -0.0472844 0)
(1.09493 -0.0481939 0)
(1.09326 -0.0493009 0)
(1.09143 -0.0506144 0)
(1.08943 -0.0521409 0)
(1.08725 -0.0538847 0)
(1.0849 -0.055848 0)
(1.08234 -0.0580313 0)
(1.07957 -0.0604338 0)
(1.07657 -0.063053 0)
(1.07332 -0.0658855 0)
(1.06979 -0.0689256 0)
(1.06594 -0.0721666 0)
(1.06175 -0.0755988 0)
(1.05717 -0.07921 0)
(1.05216 -0.082984 0)
(1.04667 -0.086901 0)
(1.04065 -0.0909356 0)
(1.03403 -0.0950574 0)
(1.02674 -0.09923 0)
(1.0187 -0.103411 0)
(1.00984 -0.107552 0)
(1.00005 -0.111596 0)
(0.989245 -0.115476 0)
(0.977306 -0.119117 0)
(0.964121 -0.122441 0)
(0.949571 -0.125365 0)
(0.933535 -0.127807 0)
(0.915897 -0.129686 0)
(0.896551 -0.13093 0)
(0.875404 -0.131473 0)
(0.852394 -0.131267 0)
(0.827489 -0.130277 0)
(0.800703 -0.128466 0)
(0.772086 -0.125802 0)
(0.741714 -0.122253 0)
(0.70971 -0.117821 0)
(0.676187 -0.112554 0)
(0.641345 -0.106542 0)
(0.605408 -0.0998988 0)
(0.568757 -0.0927561 0)
(0.53178 -0.0852788 0)
(0.494935 -0.0776309 0)
(0.458615 -0.0699588 0)
(0.423206 -0.0624012 0)
(0.389019 -0.0551149 0)
(0.356461 -0.0482226 0)
(0.325896 -0.0418546 0)
(0.297683 -0.0361205 0)
(0.271997 -0.0311013 0)
(0.248985 -0.0268068 0)
(0.228541 -0.0232251 0)
(0.210645 -0.0202759 0)
(0.194948 -0.0178958 0)
(0.181409 -0.0159536 0)
(0.169496 -0.0144008 0)
(0.159322 -0.0131035 0)
(0.150111 -0.0120827 0)
(0.142362 -0.0111829 0)
(0.134802 -0.0105293 0)
(0.128831 -0.00990107 0)
(0.12186 -0.00958918 0)
(0.117822 -0.00923979 0)
(0.109481 -0.009255 0)
(1.06564 -0.0205592 0)
(1.07137 -0.0237748 0)
(1.07648 -0.0270513 0)
(1.0809 -0.0302438 0)
(1.08464 -0.0332059 0)
(1.08775 -0.0358256 0)
(1.09034 -0.0380552 0)
(1.09254 -0.0399061 0)
(1.09448 -0.0414201 0)
(1.0962 -0.0426416 0)
(1.09773 -0.0436034 0)
(1.09905 -0.0443265 0)
(1.10014 -0.0448269 0)
(1.10101 -0.0451225 0)
(1.10162 -0.0452381 0)
(1.10198 -0.0452041 0)
(1.10208 -0.0450561 0)
(1.10192 -0.0448312 0)
(1.10149 -0.0445675 0)
(1.10079 -0.044302 0)
(1.09981 -0.0440705 0)
(1.09856 -0.043906 0)
(1.09705 -0.0438386 0)
(1.09527 -0.0438931 0)
(1.09323 -0.044089 0)
(1.09093 -0.0444427 0)
(1.08838 -0.044968 0)
(1.08556 -0.0456765 0)
(1.08247 -0.046577 0)
(1.0791 -0.0476761 0)
(1.07545 -0.0489779 0)
(1.0715 -0.0504838 0)
(1.06722 -0.0521932 0)
(1.06259 -0.0541034 0)
(1.05757 -0.0562099 0)
(1.05214 -0.0585063 0)
(1.04626 -0.0609849 0)
(1.03986 -0.0636353 0)
(1.03291 -0.0664461 0)
(1.02534 -0.069402 0)
(1.01709 -0.0724859 0)
(1.00809 -0.0756754 0)
(0.998268 -0.0789446 0)
(0.98753 -0.0822604 0)
(0.975796 -0.0855849 0)
(0.962961 -0.0888722 0)
(0.948931 -0.092074 0)
(0.933589 -0.0951357 0)
(0.916838 -0.0979956 0)
(0.898558 -0.100581 0)
(0.87865 -0.102814 0)
(0.856997 -0.104614 0)
(0.833507 -0.105904 0)
(0.808082 -0.10661 0)
(0.780664 -0.106668 0)
(0.751205 -0.10602 0)
(0.719715 -0.104619 0)
(0.686212 -0.102428 0)
(0.650783 -0.0994263 0)
(0.613616 -0.095614 0)
(0.574931 -0.090997 0)
(0.535097 -0.0856296 0)
(0.494489 -0.0796235 0)
(0.453432 -0.0730849 0)
(0.412368 -0.0661591 0)
(0.371669 -0.0589688 0)
(0.332081 -0.0517201 0)
(0.294136 -0.044575 0)
(0.258594 -0.0377905 0)
(0.226062 -0.031658 0)
(0.196922 -0.0264359 0)
(0.171184 -0.0221657 0)
(0.149 -0.0188198 0)
(0.130162 -0.0162782 0)
(0.114344 -0.0143466 0)
(0.1011 -0.0128307 0)
(0.0899355 -0.0115893 0)
(0.0803673 -0.010558 0)
(0.0720595 -0.00969322 0)
(0.0647241 -0.00897557 0)
(0.0582307 -0.00836017 0)
(0.0523901 -0.00783194 0)
(0.0471756 -0.00733844 0)
(0.0424008 -0.00689336 0)
(0.0381448 -0.00645357 0)
(0.0341116 -0.00609028 0)
(0.0305744 -0.00574999 0)
(0.0269955 -0.00560386 0)
(0.024262 -0.00545313 0)
(0.0201313 -0.00576181 0)
(1.06635 -0.0267671 0)
(1.0719 -0.0293177 0)
(1.07687 -0.031878 0)
(1.0812 -0.0343815 0)
(1.08487 -0.0367454 0)
(1.0879 -0.038885 0)
(1.09035 -0.0407362 0)
(1.09231 -0.0422726 0)
(1.09384 -0.0435014 0)
(1.09499 -0.0444464 0)
(1.09579 -0.0451326 0)
(1.09622 -0.04558 0)
(1.09627 -0.0458047 0)
(1.09592 -0.0458232 0)
(1.09516 -0.0456567 0)
(1.09396 -0.0453326 0)
(1.09234 -0.0448844 0)
(1.09028 -0.0443493 0)
(1.08779 -0.0437665 0)
(1.08488 -0.0431747 0)
(1.08154 -0.0426122 0)
(1.07779 -0.0421139 0)
(1.07362 -0.0417125 0)
(1.06906 -0.0414335 0)
(1.06411 -0.041297 0)
(1.05877 -0.0413189 0)
(1.05303 -0.04151 0)
(1.04689 -0.041878 0)
(1.04033 -0.0424268 0)
(1.03333 -0.0431578 0)
(1.02588 -0.0440692 0)
(1.01794 -0.0451577 0)
(1.00949 -0.0464175 0)
(1.00047 -0.0478414 0)
(0.990836 -0.0494197 0)
(0.980543 -0.0511419 0)
(0.969526 -0.0529946 0)
(0.957721 -0.0549633 0)
(0.945055 -0.0570303 0)
(0.931455 -0.0591763 0)
(0.916839 -0.0613782 0)
(0.901123 -0.0636097 0)
(0.88422 -0.0658402 0)
(0.866039 -0.0680329 0)
(0.846492 -0.0701457 0)
(0.825482 -0.0721273 0)
(0.802927 -0.0739266 0)
(0.778722 -0.0754808 0)
(0.752809 -0.0767198 0)
(0.725119 -0.0775676 0)
(0.695629 -0.0779532 0)
(0.664298 -0.0778078 0)
(0.631152 -0.0770794 0)
(0.596209 -0.075721 0)
(0.55958 -0.073716 0)
(0.521389 -0.071055 0)
(0.48192 -0.0677534 0)
(0.441396 -0.0637882 0)
(0.400147 -0.0591236 0)
(0.358645 -0.0537653 0)
(0.317453 -0.0477527 0)
(0.277346 -0.0413426 0)
(0.239074 -0.0349586 0)
(0.203309 -0.0290196 0)
(0.170672 -0.0239043 0)
(0.141524 -0.0197304 0)
(0.116693 -0.0165802 0)
(0.096091 -0.0142066 0)
(0.0792217 -0.0122976 0)
(0.0652972 -0.0107022 0)
(0.0535388 -0.00936762 0)
(0.0431798 -0.0082965 0)
(0.0340122 -0.0075967 0)
(0.0258684 -0.00714767 0)
(0.0187252 -0.006766 0)
(0.0124861 -0.00634513 0)
(0.00701519 -0.00586034 0)
(0.00218311 -0.00534676 0)
(-0.00211728 -0.00485898 0)
(-0.00598142 -0.00444597 0)
(-0.00946388 -0.00412131 0)
(-0.0126312 -0.00387809 0)
(-0.015533 -0.00367505 0)
(-0.0182308 -0.00349859 0)
(-0.0207234 -0.00332808 0)
(-0.0230672 -0.00319827 0)
(-0.0251997 -0.00311947 0)
(-0.0272119 -0.00317055 0)
(-0.0290559 -0.00332924 0)
(-0.0312123 -0.00383038 0)
(1.06596 -0.0310069 0)
(1.06993 -0.0329677 0)
(1.07307 -0.034904 0)
(1.07532 -0.0367889 0)
(1.07665 -0.0385678 0)
(1.07709 -0.0401735 0)
(1.07666 -0.0415453 0)
(1.07542 -0.0426441 0)
(1.07343 -0.043457 0)
(1.07073 -0.0439907 0)
(1.06735 -0.0442604 0)
(1.06333 -0.0442838 0)
(1.05866 -0.0440764 0)
(1.05335 -0.0436556 0)
(1.04742 -0.043041 0)
(1.04088 -0.0422601 0)
(1.03376 -0.041345 0)
(1.02608 -0.0403353 0)
(1.01787 -0.0392717 0)
(1.00916 -0.0381976 0)
(0.999959 -0.0371516 0)
(0.990307 -0.0361713 0)
(0.980206 -0.0352861 0)
(0.969681 -0.0345263 0)
(0.958744 -0.0339176 0)
(0.947396 -0.0334777 0)
(0.935629 -0.0332148 0)
(0.923428 -0.0331301 0)
(0.91077 -0.0332181 0)
(0.897626 -0.0334701 0)
(0.883961 -0.033874 0)
(0.869736 -0.0344173 0)
(0.854901 -0.0350854 0)
(0.839407 -0.0358642 0)
(0.823196 -0.0367375 0)
(0.806209 -0.0376898 0)
(0.788378 -0.0387026 0)
(0.769643 -0.0397585 0)
(0.749929 -0.0408356 0)
(0.729177 -0.041914 0)
(0.70731 -0.0429675 0)
(0.684279 -0.0439735 0)
(0.660009 -0.0448998 0)
(0.634473 -0.04572 0)
(0.607607 -0.0463925 0)
(0.579432 -0.0468814 0)
(0.549924 -0.0471234 0)
(0.519087 -0.047038 0)
(0.486999 -0.0465401 0)
(0.453738 -0.045554 0)
(0.419468 -0.0440157 0)
(0.38435 -0.0418921 0)
(0.348655 -0.0391843 0)
(0.312671 -0.0359322 0)
(0.276761 -0.0322569 0)
(0.241364 -0.0283461 0)
(0.207144 -0.0244527 0)
(0.174784 -0.0207927 0)
(0.14499 -0.0175142 0)
(0.118402 -0.0146135 0)
(0.0956822 -0.0122101 0)
(0.0766207 -0.010188 0)
(0.060611 -0.00847389 0)
(0.0470041 -0.00703206 0)
(0.035267 -0.00594855 0)
(0.024778 -0.00534756 0)
(0.0154642 -0.00523904 0)
(0.00737185 -0.00528906 0)
(0.000430074 -0.00505361 0)
(-0.00553639 -0.00438113 0)
(-0.010669 -0.00347852 0)
(-0.0151536 -0.00269226 0)
(-0.0190887 -0.00219393 0)
(-0.0226199 -0.0019756 0)
(-0.0258327 -0.00195152 0)
(-0.0287743 -0.00199578 0)
(-0.0314553 -0.00201585 0)
(-0.0338888 -0.00198598 0)
(-0.036101 -0.00192178 0)
(-0.0381302 -0.00184585 0)
(-0.0400123 -0.00177382 0)
(-0.0417743 -0.00171156 0)
(-0.0434334 -0.00165337 0)
(-0.0450064 -0.00159605 0)
(-0.046494 -0.00154168 0)
(-0.0479005 -0.00152103 0)
(-0.0492089 -0.00156633 0)
(-0.0504731 -0.00172817 0)
(-0.0518095 -0.00202023 0)
(-0.0531327 -0.00242598 0)
(1.02389 -0.0368629 0)
(1.01893 -0.0374407 0)
(1.01265 -0.0380121 0)
(1.00502 -0.0385633 0)
(0.99609 -0.039052 0)
(0.98591 -0.0394258 0)
(0.974565 -0.0396375 0)
(0.962169 -0.0396519 0)
(0.948822 -0.039445 0)
(0.934642 -0.0390078 0)
(0.919737 -0.0383446 0)
(0.904213 -0.0374682 0)
(0.888162 -0.0363952 0)
(0.871672 -0.0351453 0)
(0.85482 -0.0337404 0)
(0.83769 -0.0322076 0)
(0.820352 -0.0305785 0)
(0.802879 -0.0288905 0)
(0.785323 -0.0271828 0)
(0.767741 -0.0254967 0)
(0.750159 -0.0238683 0)
(0.732612 -0.0223317 0)
(0.715091 -0.0209118 0)
(0.6976 -0.0196335 0)
(0.68014 -0.0185158 0)
(0.662699 -0.0175708 0)
(0.645256 -0.016802 0)
(0.627777 -0.0162053 0)
(0.61022 -0.0157705 0)
(0.592535 -0.0154826 0)
(0.574672 -0.0153236 0)
(0.556573 -0.015274 0)
(0.538184 -0.0153137 0)
(0.519449 -0.015422 0)
(0.500313 -0.0155782 0)
(0.480727 -0.0157614 0)
(0.460644 -0.0159503 0)
(0.440027 -0.0161238 0)
(0.418842 -0.0162611 0)
(0.397074 -0.0163417 0)
(0.374712 -0.0163459 0)
(0.351772 -0.0162567 0)
(0.328278 -0.0160579 0)
(0.304303 -0.0157411 0)
(0.279913 -0.0152963 0)
(0.255329 -0.0147307 0)
(0.230706 -0.0140213 0)
(0.206264 -0.0131543 0)
(0.182291 -0.012133 0)
(0.159104 -0.0109782 0)
(0.137069 -0.00971483 0)
(0.116469 -0.00838803 0)
(0.0975945 -0.0069501 0)
(0.0806147 -0.00554647 0)
(0.0654411 -0.00423977 0)
(0.051945 -0.00310687 0)
(0.0399737 -0.00227977 0)
(0.0293687 -0.00191246 0)
(0.019936 -0.00206222 0)
(0.0113576 -0.00256838 0)
(0.00384277 -0.00315198 0)
(-0.00269016 -0.00328232 0)
(-0.00825609 -0.00274429 0)
(-0.0128217 -0.00175588 0)
(-0.0165572 -0.000770999 0)
(-0.0196935 -0.000215198 0)
(-0.0224739 -0.000113599 0)
(-0.0250856 -0.000277201 0)
(-0.027551 -0.000454745 0)
(-0.0297439 -0.000475068 0)
(-0.0315654 -0.000359222 0)
(-0.0330373 -0.000226323 0)
(-0.0342566 -0.000159469 0)
(-0.0353591 -0.000194254 0)
(-0.0364335 -0.000295428 0)
(-0.0375145 -0.000397025 0)
(-0.0385957 -0.000461681 0)
(-0.0396525 -0.000486717 0)
(-0.0406649 -0.000487923 0)
(-0.0416276 -0.000482443 0)
(-0.0425457 -0.000478227 0)
(-0.0434275 -0.000473591 0)
(-0.0442781 -0.000465987 0)
(-0.0451 -0.000454846 0)
(-0.0458931 -0.00044494 0)
(-0.0466598 -0.000456426 0)
(-0.0474118 -0.000522557 0)
(-0.048224 -0.000690927 0)
(-0.0492411 -0.000964196 0)
(-0.05028 -0.00122211 0)
(0.714757 -0.0206737 0)
(0.685764 -0.0202548 0)
(0.656656 -0.019849 0)
(0.627455 -0.0194506 0)
(0.598217 -0.0190356 0)
(0.569025 -0.0185734 0)
(0.540002 -0.0180354 0)
(0.511321 -0.017399 0)
(0.483145 -0.0166401 0)
(0.455646 -0.0157458 0)
(0.428996 -0.0147178 0)
(0.40335 -0.0135702 0)
(0.378848 -0.0123266 0)
(0.355606 -0.0110155 0)
(0.333719 -0.00966797 0)
(0.313257 -0.00831704 0)
(0.294261 -0.00699725 0)
(0.276742 -0.00574298 0)
(0.260672 -0.00458623 0)
(0.245994 -0.00355336 0)
(0.232617 -0.00266398 0)
(0.220427 -0.00192851 0)
(0.209292 -0.00134919 0)
(0.19908 -0.000909155 0)
(0.189657 -0.000586109 0)
(0.180892 -0.00036093 0)
(0.172652 -0.000218294 0)
(0.164814 -0.000144244 0)
(0.157265 -0.000124447 0)
(0.149903 -0.00014413 0)
(0.142646 -0.000188746 0)
(0.135425 -0.000244655 0)
(0.12819 -0.000299349 0)
(0.120903 -0.000341577 0)
(0.113546 -0.000361341 0)
(0.106111 -0.000350123 0)
(0.0986081 -0.000301079 0)
(0.0910578 -0.00020945 0)
(0.0834932 -7.29641e-05 0)
(0.0759577 0.000107609 0)
(0.0685027 0.000327717 0)
(0.0611853 0.000578482 0)
(0.0540636 0.00084544 0)
(0.0471948 0.00110821 0)
(0.040623 0.00133642 0)
(0.0343799 0.0014868 0)
(0.0284633 0.00149603 0)
(0.0228547 0.00131991 0)
(0.0175232 0.000948739 0)
(0.0124374 0.000413154 0)
(0.0075908 -0.000204136 0)
(0.00299551 -0.000772374 0)
(-0.00137718 -0.00114163 0)
(-0.00533171 -0.00133902 0)
(-0.00863515 -0.00124781 0)
(-0.0111803 -0.000871351 0)
(-0.0129399 -0.000319367 0)
(-0.0140542 0.000243057 0)
(-0.0147965 0.000644764 0)
(-0.0155237 0.000821832 0)
(-0.0164509 0.000844175 0)
(-0.0175742 0.000760237 0)
(-0.0186232 0.000689064 0)
(-0.0193192 0.000630755 0)
(-0.0195775 0.000568572 0)
(-0.019516 0.00046314 0)
(-0.0193834 0.000302142 0)
(-0.019386 0.000120662 0)
(-0.0195736 3.11945e-06 0)
(-0.0198469 -1.75824e-05 0)
(-0.0200713 3.13322e-05 0)
(-0.0201875 9.65411e-05 0)
(-0.0202169 0.000137994 0)
(-0.0202262 0.00014073 0)
(-0.0202767 0.000115466 0)
(-0.0203941 7.81778e-05 0)
(-0.0205705 4.31731e-05 0)
(-0.0207831 1.78182e-05 0)
(-0.0210114 2.56793e-06 0)
(-0.0212442 -5.93061e-06 0)
(-0.021478 -1.12558e-05 0)
(-0.0217121 -1.4918e-05 0)
(-0.0219448 -1.67198e-05 0)
(-0.0221731 -1.61271e-05 0)
(-0.0223946 -1.36996e-05 0)
(-0.022612 -1.47436e-05 0)
(-0.0228432 -3.37381e-05 0)
(-0.0231541 -9.84907e-05 0)
(-0.0236951 -0.000217678 0)
(-0.0244601 -0.000323711 0)
)
;

boundaryField
{
    fixedWalls
    {
        type            noSlip;
    }
    inflowWall
    {
        type            fixedValue;
        value           uniform (1 0 0);
    }
    outflowWall
    {
        type            zeroGradient;
    }
    frontAndBack
    {
        type            empty;
    }
}


// ************************************************************************* //
