/*--------------------------------*- C++ -*----------------------------------*\
| =========                 |                                                 |
| \\      /  F ield         | OpenFOAM: The Open Source CFD Toolbox           |
|  \\    /   O peration     | Version:  2306                                  |
|   \\  /    A nd           | Website:  www.openfoam.com                      |
|    \\/     M anipulation  |                                                 |
\*---------------------------------------------------------------------------*/
FoamFile
{
    version     2.0;
    format      ascii;
    arch        "LSB;label=32;scalar=64";
    class       volVectorField;
    location    "3.61";
    object      U;
}
// * * * * * * * * * * * * * * * * * * * * * * * * * * * * * * * * * * * * * //

dimensions      [0 1 -1 0 0 0 0];

internalField   nonuniform List<vector> 
1900
(
(0.984288 0.00728332 0)
(0.961749 0.0216914 0)
(0.952357 0.0181625 0)
(0.918703 0.0253084 0)
(0.903473 0.0154177 0)
(0.863101 0.0257507 0)
(0.852378 0.0115592 0)
(0.812063 0.0267183 0)
(0.809878 0.00448881 0)
(0.770721 0.0259271 0)
(1.00257 0.0115571 0)
(1.00445 0.0258569 0)
(1.01945 0.0289523 0)
(1.02198 0.0304391 0)
(1.03491 0.0279783 0)
(1.034 0.028382 0)
(1.04413 0.0257296 0)
(1.04287 0.0250127 0)
(1.05132 0.0205462 0)
(1.05244 0.0160231 0)
(1.00048 0.00388247 0)
(1.00419 0.0111474 0)
(1.01256 0.0139817 0)
(1.02114 0.0157638 0)
(1.03156 0.0146748 0)
(1.04056 0.0143696 0)
(1.05002 0.012302 0)
(1.05844 0.0108305 0)
(1.06692 0.00716772 0)
(1.07478 0.00296192 0)
(1.00007 0.00207357 0)
(1.00313 0.00583295 0)
(1.00888 0.00803623 0)
(1.01649 0.00900642 0)
(1.02528 0.00851318 0)
(1.03433 0.00739678 0)
(1.04326 0.00559449 0)
(1.05182 0.00340532 0)
(1.06001 0.00054452 0)
(1.06768 -0.00301469 0)
(1.00003 0.000421142 0)
(1.00261 0.00116086 0)
(1.00738 0.00141517 0)
(1.01402 0.00112264 0)
(1.02192 0.000210461 0)
(1.03036 -0.00117275 0)
(1.03879 -0.00298951 0)
(1.04692 -0.00522259 0)
(1.05459 -0.00791654 0)
(1.06172 -0.0111398 0)
(1.00003 -0.0010639 0)
(1.00255 -0.00303733 0)
(1.00719 -0.00476732 0)
(1.01366 -0.00621581 0)
(1.02132 -0.00752852 0)
(1.02948 -0.00890777 0)
(1.03757 -0.0105399 0)
(1.0453 -0.0125373 0)
(1.05256 -0.0149406 0)
(1.05932 -0.0177208 0)
(1.00003 -0.00271331 0)
(1.00303 -0.00744065 0)
(1.00836 -0.0110735 0)
(1.01545 -0.0135181 0)
(1.02345 -0.0151526 0)
(1.03161 -0.0165271 0)
(1.03947 -0.0180474 0)
(1.04685 -0.0198922 0)
(1.05376 -0.0220551 0)
(1.06022 -0.0244467 0)
(1.00004 -0.00477128 0)
(1.00441 -0.0122395 0)
(1.01137 -0.0169279 0)
(1.01979 -0.0193644 0)
(1.02838 -0.0206978 0)
(1.03637 -0.0218776 0)
(1.04356 -0.0233525 0)
(1.05002 -0.0251504 0)
(1.05587 -0.0271304 0)
(1.06115 -0.0291598 0)
(1.00006 -0.0121199 0)
(1.00721 -0.0259555 0)
(1.01557 -0.0314356 0)
(1.02286 -0.0325875 0)
(1.02792 -0.0326751 0)
(1.0307 -0.0330553 0)
(1.03169 -0.0338403 0)
(1.03136 -0.0347678 0)
(1.02992 -0.0356222 0)
(1.02739 -0.0363449 0)
(0.980777 -0.00916386 0)
(0.964584 -0.0188226 0)
(0.945452 -0.0220481 0)
(0.920779 -0.0221885 0)
(0.89198 -0.0217437 0)
(0.861654 -0.0215842 0)
(0.831397 -0.0216185 0)
(0.801688 -0.0216112 0)
(0.772454 -0.0214386 0)
(0.743452 -0.0211165 0)
(0.000204776 -0.000105611 0)
(0.000334744 -1.65461e-05 0)
(6.51656e-05 3.01405e-05 0)
(-0.000417978 5.72161e-05 0)
(-0.00105632 7.31042e-05 0)
(-0.00180976 8.9188e-05 0)
(-0.00266654 0.000108702 0)
(-0.00362288 0.000130089 0)
(-0.0046738 0.000151865 0)
(-0.00581297 0.000173298 0)
(-0.00703341 0.000194051 0)
(-0.00832791 0.00021393 0)
(-0.0096893 0.000232745 0)
(-0.0111106 0.00025031 0)
(-0.0125852 0.000266471 0)
(-0.014107 0.000281116 0)
(-0.0156704 0.00029419 0)
(-0.0172705 0.000305707 0)
(-0.0189034 0.00031572 0)
(-0.0205661 0.000324321 0)
(-0.0222568 0.000331642 0)
(-0.0239752 0.000337806 0)
(-0.0257223 0.000342869 0)
(-0.0275004 0.000346759 0)
(-0.0293131 0.00034923 0)
(-0.0311649 0.000349775 0)
(-0.0330613 0.000347465 0)
(-0.0350082 0.000340792 0)
(-0.0370118 0.000327641 0)
(-0.0390786 0.000305346 0)
(-0.0412166 0.000271152 0)
(-0.0434371 0.000223408 0)
(-0.0457593 0.000163572 0)
(-0.0482166 9.84643e-05 0)
(-0.0508636 4.25839e-05 0)
(-0.0537834 2.02652e-05 0)
(-0.0570944 6.72039e-05 0)
(-0.0609543 0.000229832 0)
(-0.0655576 0.000561234 0)
(-0.0711225 0.00111104 0)
(-0.0778657 0.00190871 0)
(-0.0859631 0.00294459 0)
(-0.0955028 0.00415681 0)
(-0.106437 0.00543278 0)
(-0.11855 0.00662991 0)
(-0.131468 0.00760524 0)
(-0.144687 0.00823704 0)
(-0.157628 0.00844925 0)
(-0.169709 0.00824043 0)
(-0.1804 0.00767909 0)
(-0.189197 0.00686923 0)
(-0.195684 0.00588676 0)
(-0.199595 0.00477948 0)
(-0.200728 0.00350117 0)
(-0.199039 0.00203933 0)
(-0.194575 0.000538042 0)
(-0.187335 -0.000964158 0)
(-0.177482 -0.00239702 0)
(-0.165183 -0.00373375 0)
(-0.150683 -0.00494447 0)
(-0.134235 -0.00599788 0)
(-0.11615 -0.00686962 0)
(-0.0967144 -0.00757059 0)
(-0.0762271 -0.00810472 0)
(-0.055076 -0.00837183 0)
(-0.0335331 -0.0085015 0)
(-0.0119704 -0.00847848 0)
(0.0095003 -0.00831871 0)
(0.0304111 -0.00802089 0)
(0.0508244 -0.00761326 0)
(0.0702152 -0.00710131 0)
(0.0888304 -0.00652735 0)
(0.10608 -0.00590242 0)
(0.122399 -0.00527584 0)
(0.137132 -0.00462886 0)
(0.150928 -0.00401118 0)
(0.163022 -0.00339091 0)
(0.174308 -0.00282926 0)
(0.183844 -0.00227806 0)
(0.192823 -0.00181142 0)
(0.200034 -0.00135984 0)
(0.20706 -0.00101524 0)
(0.212276 -0.000681207 0)
(0.217818 -0.000475627 0)
(0.221414 -0.000265884 0)
(0.226047 -0.000212118 0)
(0.228368 -0.000122452 0)
(0.232802 -0.000244421 0)
(0.234001 -0.000240383 0)
(0.239234 -0.000627031 0)
(5.64731e-05 -0.000508713 0)
(-0.000539114 0.000154496 0)
(-0.00203593 0.000717306 0)
(-0.00393689 0.00110858 0)
(-0.00620819 0.00137558 0)
(-0.00877975 0.00158846 0)
(-0.0116181 0.00178302 0)
(-0.0146982 0.00196578 0)
(-0.0179931 0.00213588 0)
(-0.0214767 0.0022923 0)
(-0.0251242 0.00243455 0)
(-0.0289127 0.00256261 0)
(-0.0328206 0.00267693 0)
(-0.0368289 0.00277829 0)
(-0.0409208 0.00286771 0)
(-0.045082 0.00294638 0)
(-0.0493012 0.0030157 0)
(-0.0535702 0.00307727 0)
(-0.0578839 0.00313293 0)
(-0.0622408 0.00318491 0)
(-0.0666428 0.00323588 0)
(-0.071096 0.00328865 0)
(-0.07561 0.00334602 0)
(-0.080198 0.00341068 0)
(-0.0848769 0.00348532 0)
(-0.0896672 0.00357268 0)
(-0.0945936 0.00367531 0)
(-0.0996844 0.00379568 0)
(-0.104972 0.00393682 0)
(-0.110493 0.00410321 0)
(-0.116287 0.00430235 0)
(-0.122402 0.00454731 0)
(-0.128888 0.00485924 0)
(-0.135803 0.00526761 0)
(-0.143207 0.00580969 0)
(-0.151157 0.00652802 0)
(-0.159695 0.00746546 0)
(-0.168841 0.00865491 0)
(-0.17857 0.0101056 0)
(-0.188809 0.0117871 0)
(-0.199418 0.0136169 0)
(-0.210188 0.0154597 0)
(-0.220843 0.0171374 0)
(-0.231046 0.0184476 0)
(-0.24042 0.0192008 0)
(-0.248577 0.0192559 0)
(-0.255131 0.0185289 0)
(-0.259702 0.0169992 0)
(-0.261952 0.0147288 0)
(-0.261608 0.0118208 0)
(-0.258469 0.00834824 0)
(-0.252494 0.00443798 0)
(-0.243694 0.000234603 0)
(-0.232086 -0.00411247 0)
(-0.217634 -0.00851174 0)
(-0.200472 -0.0127935 0)
(-0.180674 -0.0169007 0)
(-0.158544 -0.0206977 0)
(-0.134207 -0.0241085 0)
(-0.108029 -0.0270984 0)
(-0.0801928 -0.0296505 0)
(-0.0511154 -0.0317384 0)
(-0.0210678 -0.0333948 0)
(0.00974031 -0.0345247 0)
(0.0409206 -0.0351986 0)
(0.0722921 -0.0354098 0)
(0.103127 -0.0352161 0)
(0.133924 -0.0346391 0)
(0.163525 -0.0337157 0)
(0.192883 -0.0324942 0)
(0.220443 -0.0310084 0)
(0.247683 -0.0293345 0)
(0.272606 -0.0274887 0)
(0.297293 -0.0255716 0)
(0.319235 -0.0235672 0)
(0.34122 -0.0215889 0)
(0.360036 -0.0195855 0)
(0.379371 -0.0176906 0)
(0.395064 -0.0158144 0)
(0.411991 -0.0141165 0)
(0.424677 -0.0124619 0)
(0.439602 -0.0110459 0)
(0.449454 -0.00967776 0)
(0.462927 -0.0086043 0)
(0.470134 -0.0075635 0)
(0.482842 -0.00687652 0)
(0.487565 -0.00618425 0)
(0.500333 -0.0059199 0)
(0.502655 -0.0055791 0)
(0.516401 -0.00578073 0)
(-0.000158673 0.000442942 0)
(-0.00194117 0.00230791 0)
(-0.00540786 0.00350435 0)
(-0.00933528 0.00429127 0)
(-0.0136917 0.00490242 0)
(-0.0183796 0.00544926 0)
(-0.0233621 0.00595587 0)
(-0.0286052 0.00641992 0)
(-0.0340595 0.00683563 0)
(-0.039677 0.00720146 0)
(-0.0454146 0.00751804 0)
(-0.051234 0.00778776 0)
(-0.0571024 0.00801465 0)
(-0.0629928 0.00820354 0)
(-0.0688837 0.00835974 0)
(-0.0747585 0.00848884 0)
(-0.0806058 0.00859678 0)
(-0.0864183 0.00869005 0)
(-0.0921925 0.00877597 0)
(-0.0979284 0.00886202 0)
(-0.10363 0.00895559 0)
(-0.109303 0.00906399 0)
(-0.114956 0.0091942 0)
(-0.1206 0.00935287 0)
(-0.126244 0.00954645 0)
(-0.1319 0.00978142 0)
(-0.137575 0.0100638 0)
(-0.143279 0.0103987 0)
(-0.149016 0.0107914 0)
(-0.154787 0.0112471 0)
(-0.160585 0.0117717 0)
(-0.166398 0.0123722 0)
(-0.172207 0.0130582 0)
(-0.177983 0.0138436 0)
(-0.183688 0.014742 0)
(-0.189264 0.015762 0)
(-0.194631 0.016904 0)
(-0.199687 0.0181509 0)
(-0.204299 0.0194607 0)
(-0.208307 0.0207599 0)
(-0.211522 0.0219414 0)
(-0.21373 0.0228621 0)
(-0.214709 0.0233429 0)
(-0.214236 0.023191 0)
(-0.212095 0.0222328 0)
(-0.208114 0.0203631 0)
(-0.202166 0.0175501 0)
(-0.194101 0.0137763 0)
(-0.183857 0.00910224 0)
(-0.171548 0.00365831 0)
(-0.156985 -0.00243919 0)
(-0.14037 -0.00906137 0)
(-0.12156 -0.0160155 0)
(-0.100689 -0.0230574 0)
(-0.0778024 -0.029968 0)
(-0.0532323 -0.0365924 0)
(-0.0268515 -0.0428772 0)
(0.000904983 -0.0485978 0)
(0.0302373 -0.0537294 0)
(0.0605651 -0.0581321 0)
(0.0918195 -0.0618374 0)
(0.123624 -0.0647238 0)
(0.155783 -0.0669604 0)
(0.188183 -0.0683026 0)
(0.220189 -0.0689769 0)
(0.25231 -0.0689182 0)
(0.283275 -0.068249 0)
(0.31423 -0.0669449 0)
(0.343335 -0.0651391 0)
(0.372473 -0.0628463 0)
(0.399124 -0.060195 0)
(0.426003 -0.057223 0)
(0.449801 -0.0540394 0)
(0.474209 -0.05069 0)
(0.494959 -0.0472649 0)
(0.5169 -0.0438151 0)
(0.534564 -0.0404044 0)
(0.554215 -0.0370835 0)
(0.568864 -0.0338892 0)
(0.586541 -0.030873 0)
(0.598314 -0.0280452 0)
(0.614446 -0.0254613 0)
(0.62352 -0.0231055 0)
(0.638625 -0.0210433 0)
(0.645177 -0.0192309 0)
(0.659846 -0.0177525 0)
(0.664041 -0.0165296 0)
(0.678933 -0.0156789 0)
(0.680902 -0.0150736 0)
(0.696716 -0.0148788 0)
(-0.000914723 0.00121979 0)
(-0.00476778 0.00508977 0)
(-0.0106493 0.00753431 0)
(-0.0166758 0.00915952 0)
(-0.0230304 0.0103672 0)
(-0.0296691 0.0113355 0)
(-0.0365119 0.0121351 0)
(-0.0434654 0.0128003 0)
(-0.0504424 0.0133436 0)
(-0.0573738 0.0137764 0)
(-0.0642067 0.0141114 0)
(-0.0708988 0.014361 0)
(-0.0774185 0.0145372 0)
(-0.0837432 0.0146516 0)
(-0.0898578 0.0147157 0)
(-0.0957525 0.0147407 0)
(-0.101421 0.0147369 0)
(-0.106861 0.0147144 0)
(-0.112071 0.0146838 0)
(-0.117053 0.0146548 0)
(-0.121809 0.0146366 0)
(-0.126339 0.0146369 0)
(-0.130645 0.0146621 0)
(-0.134724 0.0147173 0)
(-0.138572 0.0148059 0)
(-0.14218 0.0149308 0)
(-0.145539 0.0150937 0)
(-0.14863 0.0152935 0)
(-0.151432 0.0155284 0)
(-0.153918 0.0157957 0)
(-0.156052 0.0160929 0)
(-0.157791 0.0164173 0)
(-0.15908 0.0167679 0)
(-0.159855 0.0171491 0)
(-0.160047 0.0175681 0)
(-0.159569 0.0180194 0)
(-0.158325 0.0184889 0)
(-0.1562 0.0189418 0)
(-0.153067 0.0193176 0)
(-0.148779 0.0195285 0)
(-0.143186 0.0194646 0)
(-0.136169 0.019003 0)
(-0.127617 0.0179798 0)
(-0.117447 0.016212 0)
(-0.105568 0.0135262 0)
(-0.0919244 0.00984145 0)
(-0.0766701 0.00513563 0)
(-0.0597307 -0.000511582 0)
(-0.0411265 -0.00707032 0)
(-0.0210885 -0.0144226 0)
(0.000696395 -0.0223898 0)
(0.023838 -0.0306774 0)
(0.048521 -0.0391077 0)
(0.0744046 -0.0475165 0)
(0.101771 -0.0558004 0)
(0.130083 -0.063704 0)
(0.159726 -0.0712039 0)
(0.190043 -0.0779716 0)
(0.221283 -0.084014 0)
(0.252941 -0.0891518 0)
(0.28506 -0.0934391 0)
(0.317264 -0.0966766 0)
(0.349321 -0.0989808 0)
(0.381211 -0.100204 0)
(0.4123 -0.100527 0)
(0.443073 -0.0998648 0)
(0.472415 -0.0984263 0)
(0.501422 -0.0961506 0)
(0.528387 -0.0932683 0)
(0.555165 -0.089747 0)
(0.579336 -0.0858238 0)
(0.603638 -0.0814762 0)
(0.624795 -0.0769309 0)
(0.646576 -0.0721635 0)
(0.664671 -0.0673822 0)
(0.684057 -0.0625543 0)
(0.699173 -0.0578635 0)
(0.716423 -0.0532652 0)
(0.728726 -0.048917 0)
(0.744192 -0.0447653 0)
(0.753892 -0.0409416 0)
(0.767994 -0.0373897 0)
(0.775321 -0.0342148 0)
(0.788523 -0.031367 0)
(0.793701 -0.0289219 0)
(0.806503 -0.0268486 0)
(0.809737 -0.0251861 0)
(0.822668 -0.0239385 0)
(0.82414 -0.0230949 0)
(0.837752 -0.0227137 0)
(-0.00126546 0.00690801 0)
(-0.00682629 0.0137292 0)
(-0.0154208 0.0163212 0)
(-0.0238968 0.0174504 0)
(-0.0324052 0.0182711 0)
(-0.0407018 0.0190596 0)
(-0.0486566 0.0197632 0)
(-0.0562262 0.0203 0)
(-0.0633784 0.0206482 0)
(-0.0700781 0.0208323 0)
(-0.0763037 0.0208806 0)
(-0.0820459 0.0208179 0)
(-0.0873046 0.0206659 0)
(-0.0920857 0.020444 0)
(-0.0963993 0.0201689 0)
(-0.100258 0.0198554 0)
(-0.103674 0.019516 0)
(-0.10666 0.0191609 0)
(-0.109226 0.0188 0)
(-0.11138 0.0184426 0)
(-0.113129 0.0180965 0)
(-0.114478 0.0177676 0)
(-0.115426 0.0174593 0)
(-0.115971 0.0171729 0)
(-0.116102 0.0169072 0)
(-0.115805 0.0166598 0)
(-0.115066 0.0164299 0)
(-0.113861 0.016209 0)
(-0.112162 0.0159881 0)
(-0.109935 0.0157572 0)
(-0.107141 0.0155059 0)
(-0.103731 0.0152242 0)
(-0.0996433 0.0149033 0)
(-0.0948032 0.0145379 0)
(-0.0891565 0.0141442 0)
(-0.0826025 0.0136962 0)
(-0.0750587 0.0131694 0)
(-0.0664244 0.0125251 0)
(-0.0565934 0.0117052 0)
(-0.0454533 0.0106263 0)
(-0.0328594 0.00916481 0)
(-0.018805 0.00718575 0)
(-0.00322603 0.00455903 0)
(0.0138451 0.00116502 0)
(0.032396 -0.00309461 0)
(0.0524388 -0.00827936 0)
(0.0738336 -0.0144479 0)
(0.0965537 -0.0215538 0)
(0.120687 -0.0295131 0)
(0.14585 -0.0380994 0)
(0.172311 -0.0472411 0)
(0.199645 -0.0566891 0)
(0.228156 -0.066302 0)
(0.257327 -0.075831 0)
(0.287551 -0.0851488 0)
(0.318185 -0.0939803 0)
(0.349635 -0.10224 0)
(0.38117 -0.109642 0)
(0.413146 -0.116159 0)
(0.444837 -0.121554 0)
(0.47652 -0.125883 0)
(0.507563 -0.128948 0)
(0.538091 -0.13088 0)
(0.567708 -0.131537 0)
(0.596325 -0.131119 0)
(0.623903 -0.129534 0)
(0.650049 -0.127038 0)
(0.675191 -0.123569 0)
(0.698512 -0.119418 0)
(0.721026 -0.114537 0)
(0.741368 -0.109236 0)
(0.761255 -0.103463 0)
(0.778632 -0.097525 0)
(0.796044 -0.0913533 0)
(0.81059 -0.0852392 0)
(0.825785 -0.0790901 0)
(0.837709 -0.0731777 0)
(0.851012 -0.0673829 0)
(0.860557 -0.0619576 0)
(0.87233 -0.0567592 0)
(0.879748 -0.0520219 0)
(0.890371 -0.0475856 0)
(0.895902 -0.0436695 0)
(0.905764 -0.0401035 0)
(0.909628 -0.0370927 0)
(0.919121 -0.0344662 0)
(0.921511 -0.0324139 0)
(0.931036 -0.0307758 0)
(0.932113 -0.0297233 0)
(0.942079 -0.0291229 0)
(-0.00366911 0.00675172 0)
(-0.0134758 0.0171661 0)
(-0.0245282 0.021868 0)
(-0.0336725 0.0245274 0)
(-0.0419934 0.0261377 0)
(-0.0496814 0.0270162 0)
(-0.0566876 0.027334 0)
(-0.0628778 0.0272718 0)
(-0.0681533 0.0269654 0)
(-0.072511 0.0264857 0)
(-0.0760033 0.0258789 0)
(-0.0786862 0.0251776 0)
(-0.080616 0.0244091 0)
(-0.0818464 0.023596 0)
(-0.0824269 0.022756 0)
(-0.0824024 0.0219027 0)
(-0.0818123 0.0210468 0)
(-0.0806873 0.0201938 0)
(-0.0790542 0.0193501 0)
(-0.0769334 0.0185217 0)
(-0.0743409 0.0177124 0)
(-0.0712864 0.0169231 0)
(-0.0677741 0.0161519 0)
(-0.0638016 0.0153945 0)
(-0.0593598 0.0146449 0)
(-0.0544254 0.0138942 0)
(-0.0489981 0.0131465 0)
(-0.0430403 0.0123868 0)
(-0.0365263 0.0115996 0)
(-0.0294207 0.0107696 0)
(-0.0216847 0.00988188 0)
(-0.013271 0.00892003 0)
(-0.0041237 0.00786633 0)
(0.00588254 0.00669155 0)
(0.0167133 0.00536776 0)
(0.0284924 0.00388629 0)
(0.0413016 0.00223361 0)
(0.0552198 0.00036826 0)
(0.0703501 -0.00177267 0)
(0.0867385 -0.00425862 0)
(0.104511 -0.00718111 0)
(0.123632 -0.0106372 0)
(0.144178 -0.0147509 0)
(0.166145 -0.0196504 0)
(0.189528 -0.0253736 0)
(0.214161 -0.0319652 0)
(0.240093 -0.039403 0)
(0.267037 -0.0476483 0)
(0.295151 -0.0566465 0)
(0.324011 -0.0662293 0)
(0.353848 -0.0762704 0)
(0.384142 -0.0865343 0)
(0.415205 -0.0968686 0)
(0.446389 -0.107 0)
(0.478076 -0.116782 0)
(0.509497 -0.125927 0)
(0.54108 -0.134322 0)
(0.571961 -0.141693 0)
(0.602608 -0.147987 0)
(0.632117 -0.152974 0)
(0.660999 -0.15669 0)
(0.688394 -0.158967 0)
(0.714833 -0.159934 0)
(0.739581 -0.159483 0)
(0.763139 -0.157827 0)
(0.784971 -0.154903 0)
(0.805468 -0.150994 0)
(0.82436 -0.146063 0)
(0.841832 -0.140436 0)
(0.857944 -0.134078 0)
(0.872574 -0.127337 0)
(0.886191 -0.120158 0)
(0.898252 -0.112886 0)
(0.909722 -0.105433 0)
(0.919525 -0.0981333 0)
(0.929215 -0.0908555 0)
(0.937064 -0.0839238 0)
(0.945329 -0.0771622 0)
(0.951503 -0.0708862 0)
(0.958674 -0.0648796 0)
(0.963416 -0.0594545 0)
(0.969795 -0.0543589 0)
(0.973311 -0.049908 0)
(0.979177 -0.0458192 0)
(0.981635 -0.0424161 0)
(0.987249 -0.0393914 0)
(0.988784 -0.0370813 0)
(0.994396 -0.0351599 0)
(0.995107 -0.0339796 0)
(1.00096 -0.0332045 0)
(-0.00179011 0.0287554 0)
(-0.00958783 0.0404737 0)
(-0.0241572 0.040405 0)
(-0.0356395 0.0379964 0)
(-0.044764 0.0361742 0)
(-0.0512696 0.0347165 0)
(-0.0554494 0.0332677 0)
(-0.0576947 0.0317503 0)
(-0.058364 0.0301786 0)
(-0.0577317 0.0285766 0)
(-0.0559846 0.0269671 0)
(-0.0532678 0.0253644 0)
(-0.049703 0.0237845 0)
(-0.0453933 0.0222388 0)
(-0.0404254 0.0207334 0)
(-0.0348703 0.0192704 0)
(-0.0287941 0.0178513 0)
(-0.0222315 0.0164654 0)
(-0.0152242 0.015114 0)
(-0.00779977 0.0137997 0)
(2.15194e-05 0.0125216 0)
(0.00822962 0.0112757 0)
(0.016823 0.0100531 0)
(0.0258097 0.00884306 0)
(0.0351938 0.0076349 0)
(0.0450538 0.00640587 0)
(0.0553241 0.00512872 0)
(0.0660819 0.00379536 0)
(0.0773591 0.00240157 0)
(0.0891978 0.000929026 0)
(0.101638 -0.00064637 0)
(0.114742 -0.00234885 0)
(0.128534 -0.00420483 0)
(0.143121 -0.00622968 0)
(0.158493 -0.00845732 0)
(0.174757 -0.0109242 0)
(0.192009 -0.0136602 0)
(0.210294 -0.0167028 0)
(0.229696 -0.020105 0)
(0.250243 -0.0239285 0)
(0.272019 -0.0282461 0)
(0.295004 -0.0331232 0)
(0.319257 -0.0386259 0)
(0.344683 -0.0448332 0)
(0.371321 -0.0517947 0)
(0.398946 -0.059522 0)
(0.4276 -0.0679996 0)
(0.45695 -0.0771588 0)
(0.487072 -0.086918 0)
(0.517526 -0.0971165 0)
(0.548425 -0.107601 0)
(0.579214 -0.118145 0)
(0.610074 -0.128569 0)
(0.640336 -0.138614 0)
(0.670272 -0.148105 0)
(0.699108 -0.156776 0)
(0.727229 -0.164493 0)
(0.753779 -0.171017 0)
(0.779289 -0.176281 0)
(0.802853 -0.180095 0)
(0.825164 -0.18249 0)
(0.845317 -0.18334 0)
(0.864158 -0.182782 0)
(0.880816 -0.180755 0)
(0.896249 -0.177488 0)
(0.909633 -0.172963 0)
(0.921966 -0.167478 0)
(0.932494 -0.161033 0)
(0.942177 -0.153968 0)
(0.950352 -0.146267 0)
(0.957872 -0.138285 0)
(0.964199 -0.129968 0)
(0.970011 -0.121671 0)
(0.974944 -0.113287 0)
(0.979435 -0.105165 0)
(0.983347 -0.0971434 0)
(0.986818 -0.0895679 0)
(0.990002 -0.0822207 0)
(0.992681 -0.0754507 0)
(0.995362 -0.0689868 0)
(0.997414 -0.06319 0)
(0.999764 -0.057739 0)
(1.00131 -0.0530165 0)
(1.00346 -0.0486529 0)
(1.00457 -0.045062 0)
(1.00664 -0.0418268 0)
(1.00737 -0.0394017 0)
(1.00945 -0.0373228 0)
(1.00982 -0.0360929 0)
(1.01198 -0.0351994 0)
(-0.0196732 0.0081943 0)
(-0.0380042 0.0318991 0)
(-0.0412724 0.0392433 0)
(-0.0434385 0.0400428 0)
(-0.0423731 0.03839 0)
(-0.0389372 0.0356353 0)
(-0.0335818 0.0325678 0)
(-0.0266418 0.0295146 0)
(-0.018378 0.0265854 0)
(-0.00906872 0.023839 0)
(0.00110135 0.0212567 0)
(0.0119693 0.0188128 0)
(0.0233891 0.0165001 0)
(0.0352495 0.0143129 0)
(0.0474606 0.0122435 0)
(0.0599701 0.0102818 0)
(0.0726806 0.00842348 0)
(0.0856257 0.00666236 0)
(0.0987577 0.00497736 0)
(0.112057 0.00334231 0)
(0.125513 0.00173846 0)
(0.139125 0.00015328 0)
(0.152908 -0.00142018 0)
(0.166899 -0.00299382 0)
(0.18109 -0.0045873 0)
(0.195565 -0.00622204 0)
(0.210294 -0.00792167 0)
(0.225358 -0.00971429 0)
(0.240809 -0.0116194 0)
(0.256694 -0.0136588 0)
(0.273053 -0.0158552 0)
(0.289945 -0.018237 0)
(0.307415 -0.0208286 0)
(0.325523 -0.0236602 0)
(0.344317 -0.0267464 0)
(0.363851 -0.0301175 0)
(0.384182 -0.0338097 0)
(0.40535 -0.0378655 0)
(0.427403 -0.0423253 0)
(0.450352 -0.0472391 0)
(0.474226 -0.0526531 0)
(0.498991 -0.0586198 0)
(0.524645 -0.0651772 0)
(0.551073 -0.0723631 0)
(0.578238 -0.0801875 0)
(0.605927 -0.0886366 0)
(0.634072 -0.0976595 0)
(0.662365 -0.107173 0)
(0.690733 -0.117061 0)
(0.71878 -0.127175 0)
(0.746449 -0.137345 0)
(0.773255 -0.147369 0)
(0.799215 -0.15705 0)
(0.823771 -0.166155 0)
(0.847068 -0.174493 0)
(0.868491 -0.181841 0)
(0.888368 -0.188056 0)
(0.906039 -0.19295 0)
(0.922059 -0.196463 0)
(0.935722 -0.19847 0)
(0.94783 -0.199014 0)
(0.957619 -0.198034 0)
(0.966136 -0.195676 0)
(0.972538 -0.191934 0)
(0.978071 -0.187044 0)
(0.981785 -0.18103 0)
(0.985067 -0.174196 0)
(0.98684 -0.16656 0)
(0.98858 -0.158459 0)
(0.989082 -0.149877 0)
(0.98987 -0.141159 0)
(0.989627 -0.132235 0)
(0.989894 -0.12345 0)
(0.989273 -0.114671 0)
(0.989302 -0.106248 0)
(0.98853 -0.0979848 0)
(0.988487 -0.0902381 0)
(0.987692 -0.0827508 0)
(0.987662 -0.0758948 0)
(0.986907 -0.0693533 0)
(0.986928 -0.0635225 0)
(0.986233 -0.058028 0)
(0.986311 -0.0533003 0)
(0.985673 -0.0489082 0)
(0.985798 -0.0453264 0)
(0.985195 -0.0420657 0)
(0.98534 -0.0396553 0)
(0.98474 -0.0375457 0)
(0.984861 -0.0363298 0)
(0.984214 -0.0353917 0)
(-0.0190745 0.108119 0)
(-0.0182592 0.0728132 0)
(-0.0114103 0.0580675 0)
(0.00113102 0.0461601 0)
(0.0175547 0.0363309 0)
(0.0361719 0.0287677 0)
(0.0560285 0.0228189 0)
(0.0764188 0.0179208 0)
(0.0970905 0.0136925 0)
(0.117589 0.00995335 0)
(0.137949 0.00663622 0)
(0.158119 0.00369704 0)
(0.178015 0.0010643 0)
(0.197609 -0.00133214 0)
(0.21688 -0.00354192 0)
(0.235861 -0.00559808 0)
(0.254514 -0.00752535 0)
(0.272901 -0.00934684 0)
(0.291016 -0.0110849 0)
(0.308866 -0.0127689 0)
(0.326482 -0.0144248 0)
(0.343904 -0.0160763 0)
(0.361178 -0.0177422 0)
(0.378354 -0.0194443 0)
(0.395464 -0.0212029 0)
(0.412567 -0.0230461 0)
(0.429706 -0.0249907 0)
(0.446939 -0.0270623 0)
(0.46432 -0.0292886 0)
(0.481907 -0.0316975 0)
(0.499746 -0.0343126 0)
(0.517888 -0.0371587 0)
(0.536373 -0.0402576 0)
(0.555247 -0.0436341 0)
(0.574542 -0.0473086 0)
(0.594293 -0.0513072 0)
(0.614518 -0.055654 0)
(0.635236 -0.0603793 0)
(0.656445 -0.065508 0)
(0.678133 -0.0710712 0)
(0.700265 -0.0770911 0)
(0.722791 -0.0835955 0)
(0.745627 -0.0905967 0)
(0.768657 -0.0981047 0)
(0.791747 -0.1061 0)
(0.814711 -0.114549 0)
(0.837372 -0.123377 0)
(0.859478 -0.132492 0)
(0.880837 -0.141762 0)
(0.901144 -0.151042 0)
(0.920231 -0.160155 0)
(0.937778 -0.168917 0)
(0.953706 -0.177128 0)
(0.967697 -0.184594 0)
(0.979821 -0.191132 0)
(0.98977 -0.196575 0)
(0.997822 -0.200793 0)
(1.00367 -0.203674 0)
(1.00783 -0.205173 0)
(1.00994 -0.205245 0)
(1.0108 -0.203944 0)
(1.00992 -0.201284 0)
(1.00834 -0.197404 0)
(1.00537 -0.192354 0)
(1.00228 -0.186353 0)
(0.998108 -0.179456 0)
(0.994332 -0.171932 0)
(0.989676 -0.163809 0)
(0.985826 -0.155382 0)
(0.981169 -0.146624 0)
(0.977617 -0.137847 0)
(0.973224 -0.128955 0)
(0.970144 -0.120277 0)
(0.966109 -0.111645 0)
(0.963543 -0.103412 0)
(0.95986 -0.0953398 0)
(0.957785 -0.0878115 0)
(0.954408 -0.0805161 0)
(0.952784 -0.0738754 0)
(0.949651 -0.0675036 0)
(0.948434 -0.0618685 0)
(0.945474 -0.0565087 0)
(0.944621 -0.0519474 0)
(0.941757 -0.0476469 0)
(0.941221 -0.0441965 0)
(0.938364 -0.0409803 0)
(0.93809 -0.0386628 0)
(0.935135 -0.0365472 0)
(0.935051 -0.0353808 0)
(0.931875 -0.0343818 0)
(0.07007 0.00705065 0)
(0.0901064 0.00648275 0)
(0.153916 0.00597083 0)
(0.199003 0.00273158 0)
(0.23801 -0.00163112 0)
(0.273522 -0.0058232 0)
(0.306343 -0.00945975 0)
(0.336351 -0.0125587 0)
(0.364293 -0.0152303 0)
(0.390448 -0.0175537 0)
(0.415174 -0.0196084 0)
(0.438682 -0.0214493 0)
(0.461076 -0.0231164 0)
(0.482463 -0.024644 0)
(0.50294 -0.0260582 0)
(0.522606 -0.0273833 0)
(0.541526 -0.0286386 0)
(0.559772 -0.0298512 0)
(0.577403 -0.0310439 0)
(0.594472 -0.0322367 0)
(0.611038 -0.0334513 0)
(0.627163 -0.0347096 0)
(0.642906 -0.036036 0)
(0.658327 -0.0374545 0)
(0.673478 -0.0389875 0)
(0.688415 -0.0406571 0)
(0.703189 -0.0424842 0)
(0.717855 -0.0444907 0)
(0.732456 -0.0466984 0)
(0.747044 -0.0491294 0)
(0.761654 -0.0518045 0)
(0.776323 -0.0547452 0)
(0.791073 -0.0579704 0)
(0.805927 -0.061499 0)
(0.820894 -0.0653471 0)
(0.835979 -0.0695312 0)
(0.851171 -0.0740656 0)
(0.866456 -0.0789659 0)
(0.881796 -0.0842444 0)
(0.897147 -0.0899137 0)
(0.912434 -0.0959792 0)
(0.927579 -0.102445 0)
(0.942458 -0.109303 0)
(0.95695 -0.116536 0)
(0.970894 -0.124105 0)
(0.984133 -0.131956 0)
(0.996475 -0.140006 0)
(1.00774 -0.148156 0)
(1.01775 -0.156272 0)
(1.02632 -0.164216 0)
(1.03331 -0.171818 0)
(1.0386 -0.178919 0)
(1.04214 -0.185344 0)
(1.04387 -0.190947 0)
(1.04388 -0.195582 0)
(1.04218 -0.199144 0)
(1.03902 -0.201541 0)
(1.03443 -0.202729 0)
(1.02883 -0.202684 0)
(1.0222 -0.201421 0)
(1.0151 -0.198985 0)
(1.00736 -0.195439 0)
(0.999701 -0.190889 0)
(0.99166 -0.185427 0)
(0.984125 -0.179204 0)
(0.9763 -0.172303 0)
(0.96931 -0.164904 0)
(0.961949 -0.15705 0)
(0.95566 -0.14895 0)
(0.948793 -0.140593 0)
(0.943202 -0.132216 0)
(0.936749 -0.123747 0)
(0.931787 -0.115459 0)
(0.925637 -0.107208 0)
(0.921236 -0.0993156 0)
(0.915296 -0.0915541 0)
(0.911426 -0.0843064 0)
(0.905639 -0.0772498 0)
(0.90231 -0.0708383 0)
(0.896636 -0.0646426 0)
(0.893881 -0.0591996 0)
(0.888271 -0.0539601 0)
(0.886115 -0.0495608 0)
(0.880486 -0.0453229 0)
(0.878936 -0.0420043 0)
(0.873164 -0.0387858 0)
(0.8722 -0.0365665 0)
(0.866115 -0.0343722 0)
(0.865691 -0.0332609 0)
(0.859079 -0.0320889 0)
(0.774011 -0.0093294 0)
(0.775678 -0.0208259 0)
(0.776629 -0.0271111 0)
(0.778437 -0.0308788 0)
(0.782238 -0.0336023 0)
(0.7878 -0.0358852 0)
(0.794852 -0.0378554 0)
(0.802753 -0.0394841 0)
(0.811291 -0.0407857 0)
(0.820247 -0.0418026 0)
(0.82944 -0.0426116 0)
(0.838742 -0.0432857 0)
(0.848055 -0.0438704 0)
(0.857307 -0.0443911 0)
(0.866446 -0.0448656 0)
(0.875431 -0.0453104 0)
(0.884233 -0.0457433 0)
(0.892833 -0.0461841 0)
(0.90122 -0.0466539 0)
(0.909393 -0.0471733 0)
(0.917356 -0.0477647 0)
(0.925122 -0.0484522 0)
(0.932706 -0.0492606 0)
(0.940129 -0.0502141 0)
(0.947408 -0.0513351 0)
(0.954566 -0.0526443 0)
(0.961621 -0.0541613 0)
(0.968593 -0.0559043 0)
(0.975498 -0.0578907 0)
(0.982349 -0.060137 0)
(0.989155 -0.0626584 0)
(0.995917 -0.0654698 0)
(1.00263 -0.0685836 0)
(1.0093 -0.0720111 0)
(1.01589 -0.075761 0)
(1.0224 -0.0798412 0)
(1.02879 -0.0842573 0)
(1.03502 -0.0890141 0)
(1.04104 -0.0941132 0)
(1.04679 -0.099554 0)
(1.0522 -0.10533 0)
(1.05719 -0.111427 0)
(1.06166 -0.117822 0)
(1.06551 -0.124477 0)
(1.06862 -0.131341 0)
(1.0709 -0.13835 0)
(1.07222 -0.145419 0)
(1.07251 -0.152452 0)
(1.07167 -0.159332 0)
(1.06966 -0.165939 0)
(1.06645 -0.172139 0)
(1.06207 -0.177805 0)
(1.05655 -0.182812 0)
(1.05001 -0.187051 0)
(1.04255 -0.190418 0)
(1.03435 -0.192846 0)
(1.02557 -0.194271 0)
(1.01638 -0.194675 0)
(1.00698 -0.194044 0)
(0.997468 -0.192405 0)
(0.98804 -0.189781 0)
(0.978645 -0.18624 0)
(0.969495 -0.181838 0)
(0.960345 -0.176663 0)
(0.951506 -0.170787 0)
(0.942509 -0.164301 0)
(0.933872 -0.157296 0)
(0.92485 -0.149854 0)
(0.916287 -0.142088 0)
(0.907091 -0.134056 0)
(0.898556 -0.125902 0)
(0.889141 -0.117653 0)
(0.880712 -0.109493 0)
(0.871134 -0.101394 0)
(0.862986 -0.0935803 0)
(0.853361 -0.085945 0)
(0.845718 -0.0787646 0)
(0.836169 -0.071833 0)
(0.829267 -0.0655022 0)
(0.819877 -0.0594428 0)
(0.813923 -0.0541052 0)
(0.804692 -0.0490087 0)
(0.799837 -0.0447344 0)
(0.790653 -0.0406224 0)
(0.786991 -0.0374295 0)
(0.77762 -0.0342855 0)
(0.775201 -0.0321702 0)
(0.765303 -0.0299609 0)
(0.76416 -0.0289096 0)
(0.753297 -0.0275941 0)
(1.05736 0.0080667 0)
(1.06049 -0.000393361 0)
(1.06126 -0.00762087 0)
(1.06057 -0.013351 0)
(1.05976 -0.0180627 0)
(1.05952 -0.0221654 0)
(1.06001 -0.025834 0)
(1.06105 -0.0290803 0)
(1.06245 -0.0319015 0)
(1.06404 -0.03432 0)
(1.06573 -0.0363804 0)
(1.06749 -0.0381374 0)
(1.06927 -0.0396436 0)
(1.07107 -0.0409445 0)
(1.07286 -0.0420796 0)
(1.07461 -0.0430842 0)
(1.07631 -0.0439922 0)
(1.07794 -0.0448363 0)
(1.07949 -0.0456493 0)
(1.08096 -0.0464632 0)
(1.08232 -0.0473102 0)
(1.0836 -0.0482218 0)
(1.08478 -0.0492291 0)
(1.08588 -0.0503612 0)
(1.08689 -0.0516453 0)
(1.08781 -0.0531061 0)
(1.08866 -0.0547659 0)
(1.08943 -0.0566449 0)
(1.09013 -0.0587611 0)
(1.09074 -0.0611306 0)
(1.09126 -0.0637663 0)
(1.09169 -0.0666793 0)
(1.09201 -0.069877 0)
(1.09222 -0.0733666 0)
(1.09228 -0.0771517 0)
(1.09218 -0.0812357 0)
(1.09189 -0.0856184 0)
(1.09138 -0.0902991 0)
(1.09062 -0.0952722 0)
(1.08957 -0.10053 0)
(1.08819 -0.106058 0)
(1.08642 -0.111834 0)
(1.08423 -0.117829 0)
(1.08157 -0.124002 0)
(1.07838 -0.130301 0)
(1.07464 -0.136662 0)
(1.07031 -0.143008 0)
(1.06536 -0.149255 0)
(1.0598 -0.155307 0)
(1.05363 -0.161065 0)
(1.04688 -0.166427 0)
(1.03959 -0.171295 0)
(1.03182 -0.175572 0)
(1.02362 -0.179174 0)
(1.01505 -0.182016 0)
(1.00618 -0.184033 0)
(0.997012 -0.185164 0)
(0.98759 -0.185372 0)
(0.97789 -0.18463 0)
(0.967899 -0.182944 0)
(0.957553 -0.180325 0)
(0.946795 -0.176819 0)
(0.935565 -0.172455 0)
(0.923778 -0.167291 0)
(0.911444 -0.161365 0)
(0.898453 -0.154769 0)
(0.884954 -0.147577 0)
(0.870789 -0.139916 0)
(0.856308 -0.131878 0)
(0.84122 -0.123591 0)
(0.826145 -0.115153 0)
(0.810543 -0.106693 0)
(0.795394 -0.0983262 0)
(0.77976 -0.0901579 0)
(0.765109 -0.0822942 0)
(0.749901 -0.0747798 0)
(0.73627 -0.0677164 0)
(0.721817 -0.0610763 0)
(0.709612 -0.0549854 0)
(0.696072 -0.0493313 0)
(0.685585 -0.0442959 0)
(0.672927 -0.0396583 0)
(0.664345 -0.0356987 0)
(0.652336 -0.0320521 0)
(0.645758 -0.0291475 0)
(0.633945 -0.0264229 0)
(0.629452 -0.0245266 0)
(0.617184 -0.0226332 0)
(0.614918 -0.0216999 0)
(0.601334 -0.0205516 0)
(1.08197 -0.00347191 0)
(1.08797 -0.011116 0)
(1.09228 -0.0185247 0)
(1.09494 -0.0247038 0)
(1.09645 -0.0295114 0)
(1.09742 -0.0332717 0)
(1.09825 -0.0363436 0)
(1.09909 -0.0389533 0)
(1.09995 -0.0411953 0)
(1.10076 -0.0430955 0)
(1.10148 -0.0446684 0)
(1.10211 -0.0459406 0)
(1.10264 -0.046953 0)
(1.10308 -0.0477531 0)
(1.10344 -0.0483885 0)
(1.10372 -0.0489032 0)
(1.10392 -0.0493376 0)
(1.10402 -0.0497286 0)
(1.10403 -0.0501117 0)
(1.10394 -0.0505205 0)
(1.10374 -0.0509877 0)
(1.10344 -0.0515444 0)
(1.10302 -0.0522207 0)
(1.1025 -0.0530442 0)
(1.10188 -0.0540407 0)
(1.10114 -0.055233 0)
(1.1003 -0.0566416 0)
(1.09934 -0.0582841 0)
(1.09828 -0.0601755 0)
(1.09711 -0.0623279 0)
(1.09581 -0.0647508 0)
(1.09439 -0.0674513 0)
(1.09285 -0.0704337 0)
(1.09116 -0.0737019 0)
(1.08932 -0.0772562 0)
(1.08732 -0.0810972 0)
(1.08515 -0.0852211 0)
(1.08279 -0.0896242 0)
(1.08022 -0.0942968 0)
(1.07743 -0.0992279 0)
(1.07439 -0.104398 0)
(1.07109 -0.109786 0)
(1.0675 -0.115356 0)
(1.06359 -0.12107 0)
(1.05933 -0.126875 0)
(1.05471 -0.132711 0)
(1.04969 -0.138502 0)
(1.04424 -0.14417 0)
(1.03832 -0.149627 0)
(1.03189 -0.154781 0)
(1.02492 -0.159541 0)
(1.01735 -0.163816 0)
(1.00913 -0.167521 0)
(1.00021 -0.170575 0)
(0.990524 -0.172901 0)
(0.979992 -0.17442 0)
(0.968537 -0.175056 0)
(0.956071 -0.174739 0)
(0.942505 -0.173418 0)
(0.927764 -0.171082 0)
(0.911782 -0.167753 0)
(0.89454 -0.163481 0)
(0.876046 -0.158312 0)
(0.856362 -0.152298 0)
(0.835564 -0.145494 0)
(0.813756 -0.138 0)
(0.7911 -0.129945 0)
(0.767773 -0.121502 0)
(0.74404 -0.112816 0)
(0.720084 -0.104041 0)
(0.696238 -0.0952868 0)
(0.672589 -0.0866991 0)
(0.649552 -0.0783774 0)
(0.627063 -0.0704589 0)
(0.605691 -0.0630065 0)
(0.585093 -0.056115 0)
(0.566051 -0.0497844 0)
(0.54777 -0.0440548 0)
(0.531417 -0.038881 0)
(0.515547 -0.0342739 0)
(0.501996 -0.0301812 0)
(0.488345 -0.0265981 0)
(0.477541 -0.0234924 0)
(0.465669 -0.020829 0)
(0.457485 -0.0186164 0)
(0.446711 -0.0167535 0)
(0.441061 -0.0153374 0)
(0.430434 -0.0141494 0)
(0.427432 -0.0134568 0)
(0.415656 -0.0128429 0)
(1.07466 -0.00736796 0)
(1.08072 -0.0123937 0)
(1.08565 -0.017624 0)
(1.08937 -0.0225134 0)
(1.09203 -0.0267111 0)
(1.09393 -0.0301725 0)
(1.09541 -0.0330356 0)
(1.09667 -0.0354628 0)
(1.09781 -0.0375629 0)
(1.09886 -0.0393844 0)
(1.09979 -0.0409425 0)
(1.10059 -0.042247 0)
(1.10124 -0.0433176 0)
(1.10176 -0.0441856 0)
(1.10216 -0.0448898 0)
(1.10243 -0.0454705 0)
(1.10259 -0.0459673 0)
(1.10262 -0.0464174 0)
(1.10252 -0.0468564 0)
(1.10229 -0.0473181 0)
(1.10193 -0.0478349 0)
(1.10143 -0.0484376 0)
(1.1008 -0.0491553 0)
(1.10002 -0.050015 0)
(1.09912 -0.0510416 0)
(1.09807 -0.052257 0)
(1.0969 -0.0536813 0)
(1.0956 -0.055331 0)
(1.09416 -0.05722 0)
(1.09258 -0.0593591 0)
(1.09088 -0.0617564 0)
(1.08902 -0.0644175 0)
(1.08702 -0.0673461 0)
(1.08486 -0.0705438 0)
(1.08253 -0.0740103 0)
(1.08002 -0.0777437 0)
(1.07731 -0.0817389 0)
(1.07438 -0.0859894 0)
(1.07121 -0.0904831 0)
(1.06776 -0.0952055 0)
(1.06402 -0.100134 0)
(1.05994 -0.105243 0)
(1.05548 -0.110494 0)
(1.05058 -0.115846 0)
(1.0452 -0.121242 0)
(1.03925 -0.126622 0)
(1.03267 -0.131909 0)
(1.02536 -0.137021 0)
(1.01721 -0.141863 0)
(1.00812 -0.146341 0)
(0.997968 -0.150353 0)
(0.986623 -0.153806 0)
(0.973954 -0.156609 0)
(0.959851 -0.158684 0)
(0.944203 -0.159957 0)
(0.926926 -0.160351 0)
(0.907946 -0.159783 0)
(0.887201 -0.158168 0)
(0.864651 -0.155444 0)
(0.840276 -0.151615 0)
(0.814105 -0.146742 0)
(0.786238 -0.140924 0)
(0.756869 -0.134256 0)
(0.72626 -0.126835 0)
(0.694685 -0.118759 0)
(0.662392 -0.110157 0)
(0.629664 -0.101211 0)
(0.596835 -0.0921513 0)
(0.564333 -0.0831884 0)
(0.532559 -0.0744977 0)
(0.501909 -0.0662028 0)
(0.472637 -0.0584098 0)
(0.445027 -0.0511775 0)
(0.419228 -0.0445619 0)
(0.395496 -0.0385907 0)
(0.373836 -0.0333077 0)
(0.354457 -0.0286939 0)
(0.337124 -0.024747 0)
(0.322028 -0.0213836 0)
(0.308647 -0.0185779 0)
(0.297311 -0.0162149 0)
(0.287164 -0.0142852 0)
(0.278895 -0.0126594 0)
(0.271139 -0.0113677 0)
(0.265278 -0.0102717 0)
(0.259026 -0.00944878 0)
(0.255086 -0.00874916 0)
(0.249359 -0.00828302 0)
(0.2472 -0.00791953 0)
(0.240706 -0.00775349 0)
(1.06826 -0.0148402 0)
(1.07409 -0.018902 0)
(1.07913 -0.0231016 0)
(1.08328 -0.0271647 0)
(1.08658 -0.03085 0)
(1.08917 -0.0340312 0)
(1.09125 -0.0367111 0)
(1.09301 -0.038964 0)
(1.09457 -0.0408725 0)
(1.09598 -0.0424946 0)
(1.09725 -0.0438615 0)
(1.09837 -0.0449895 0)
(1.09932 -0.0458941 0)
(1.10009 -0.0465982 0)
(1.1007 -0.0471327 0)
(1.10112 -0.0475341 0)
(1.10138 -0.0478413 0)
(1.10145 -0.0480934 0)
(1.10135 -0.0483281 0)
(1.10106 -0.0485822 0)
(1.10058 -0.0488904 0)
(1.0999 -0.049285 0)
(1.09904 -0.0497955 0)
(1.09798 -0.0504487 0)
(1.09673 -0.0512685 0)
(1.09529 -0.0522765 0)
(1.09365 -0.0534913 0)
(1.09182 -0.0549286 0)
(1.0898 -0.0566009 0)
(1.08757 -0.058518 0)
(1.08513 -0.0606864 0)
(1.08247 -0.06311 0)
(1.07957 -0.0657901 0)
(1.0764 -0.0687257 0)
(1.07296 -0.0719136 0)
(1.06919 -0.0753483 0)
(1.06508 -0.0790211 0)
(1.06058 -0.0829206 0)
(1.05564 -0.0870303 0)
(1.0502 -0.091329 0)
(1.04422 -0.0957882 0)
(1.03761 -0.100373 0)
(1.03029 -0.105039 0)
(1.02217 -0.109734 0)
(1.01316 -0.114396 0)
(1.00312 -0.118958 0)
(0.991949 -0.123332 0)
(0.979496 -0.127428 0)
(0.965625 -0.131136 0)
(0.950176 -0.134355 0)
(0.932998 -0.136972 0)
(0.913939 -0.138893 0)
(0.892858 -0.140022 0)
(0.869653 -0.140296 0)
(0.844235 -0.139658 0)
(0.816614 -0.138065 0)
(0.786799 -0.135465 0)
(0.754892 -0.131793 0)
(0.720991 -0.127016 0)
(0.685216 -0.121181 0)
(0.647714 -0.114394 0)
(0.608762 -0.106793 0)
(0.568809 -0.0985441 0)
(0.528434 -0.0898666 0)
(0.488216 -0.0809587 0)
(0.448655 -0.0720092 0)
(0.410104 -0.0632088 0)
(0.373002 -0.0547694 0)
(0.33796 -0.0468547 0)
(0.305582 -0.0396514 0)
(0.276317 -0.0333338 0)
(0.250323 -0.0279799 0)
(0.227668 -0.0235852 0)
(0.208214 -0.0200785 0)
(0.191721 -0.0173211 0)
(0.177847 -0.0151559 0)
(0.166299 -0.0134356 0)
(0.156686 -0.0120578 0)
(0.148746 -0.0109224 0)
(0.142089 -0.00998125 0)
(0.136583 -0.00916828 0)
(0.131864 -0.00848014 0)
(0.127977 -0.00786169 0)
(0.124509 -0.00734664 0)
(0.121723 -0.00686833 0)
(0.119006 -0.00649691 0)
(0.116992 -0.00612321 0)
(0.114533 -0.00586988 0)
(0.113184 -0.00557568 0)
(0.110076 -0.00537516 0)
(1.06557 -0.0207992 0)
(1.07127 -0.0240708 0)
(1.07635 -0.0274125 0)
(1.08075 -0.0306803 0)
(1.08444 -0.0337282 0)
(1.08749 -0.0364436 0)
(1.09003 -0.0387788 0)
(1.09217 -0.0407458 0)
(1.09404 -0.0423873 0)
(1.09568 -0.0437482 0)
(1.09713 -0.0448617 0)
(1.09836 -0.0457487 0)
(1.09937 -0.0464251 0)
(1.10012 -0.0469091 0)
(1.10063 -0.0472255 0)
(1.10086 -0.0474058 0)
(1.10082 -0.0474859 0)
(1.1005 -0.0475046 0)
(1.0999 -0.047501 0)
(1.099 -0.0475141 0)
(1.0978 -0.0475814 0)
(1.0963 -0.0477373 0)
(1.0945 -0.0480116 0)
(1.0924 -0.0484303 0)
(1.08999 -0.0490151 0)
(1.08727 -0.0497854 0)
(1.08424 -0.0507571 0)
(1.08088 -0.0519434 0)
(1.07718 -0.0533538 0)
(1.07314 -0.0549952 0)
(1.06871 -0.0568704 0)
(1.06389 -0.0589801 0)
(1.05864 -0.0613207 0)
(1.05291 -0.0638872 0)
(1.04665 -0.0666702 0)
(1.03982 -0.0696591 0)
(1.03235 -0.0728381 0)
(1.02417 -0.0761894 0)
(1.01521 -0.0796888 0)
(1.00537 -0.083307 0)
(0.994554 -0.0870065 0)
(0.982664 -0.090741 0)
(0.969584 -0.0944544 0)
(0.955182 -0.098081 0)
(0.939333 -0.101552 0)
(0.921887 -0.10479 0)
(0.902717 -0.107704 0)
(0.88167 -0.110191 0)
(0.858619 -0.112146 0)
(0.833416 -0.11347 0)
(0.805959 -0.114068 0)
(0.77614 -0.11386 0)
(0.743926 -0.112777 0)
(0.709283 -0.110769 0)
(0.672248 -0.107769 0)
(0.632992 -0.10379 0)
(0.591701 -0.098792 0)
(0.54891 -0.0928442 0)
(0.504998 -0.0860521 0)
(0.460421 -0.0785807 0)
(0.415476 -0.0705543 0)
(0.370787 -0.0621494 0)
(0.327136 -0.0535538 0)
(0.285476 -0.0449895 0)
(0.246922 -0.0369071 0)
(0.212284 -0.0298679 0)
(0.181719 -0.0242058 0)
(0.155418 -0.0198711 0)
(0.133557 -0.0167243 0)
(0.115809 -0.0145029 0)
(0.101539 -0.0128603 0)
(0.0899016 -0.0115294 0)
(0.0801986 -0.0104308 0)
(0.0719262 -0.00955502 0)
(0.0647865 -0.00887216 0)
(0.0585858 -0.00832958 0)
(0.0531902 -0.00785744 0)
(0.0485176 -0.00742435 0)
(0.0445002 -0.0070125 0)
(0.0410302 -0.00662269 0)
(0.0380524 -0.00624934 0)
(0.0354674 -0.00590952 0)
(0.0332525 -0.00559853 0)
(0.0312889 -0.0053326 0)
(0.0295983 -0.00508399 0)
(0.028024 -0.00486924 0)
(0.0266572 -0.0046294 0)
(0.0252365 -0.00439266 0)
(0.0240267 -0.00405059 0)
(0.0222335 -0.00384616 0)
(1.06624 -0.0269761 0)
(1.07175 -0.0295772 0)
(1.07669 -0.0321969 0)
(1.08097 -0.0347692 0)
(1.08458 -0.0372123 0)
(1.08755 -0.0394409 0)
(1.08993 -0.041391 0)
(1.0918 -0.0430361 0)
(1.09324 -0.044384 0)
(1.09429 -0.0454589 0)
(1.09497 -0.0462862 0)
(1.09528 -0.0468859 0)
(1.09518 -0.0472737 0)
(1.09467 -0.0474654 0)
(1.09372 -0.0474822 0)
(1.09231 -0.0473511 0)
(1.09045 -0.047106 0)
(1.08812 -0.0467847 0)
(1.08531 -0.0464275 0)
(1.08204 -0.0460752 0)
(1.07829 -0.0457678 0)
(1.07406 -0.045543 0)
(1.06937 -0.045433 0)
(1.0642 -0.0454644 0)
(1.05856 -0.0456586 0)
(1.05244 -0.0460322 0)
(1.04582 -0.0465969 0)
(1.03869 -0.0473606 0)
(1.03102 -0.0483265 0)
(1.02277 -0.049495 0)
(1.01392 -0.0508623 0)
(1.00442 -0.0524225 0)
(0.99421 -0.0541653 0)
(0.983232 -0.0560794 0)
(0.971416 -0.0581483 0)
(0.958682 -0.0603551 0)
(0.944944 -0.0626762 0)
(0.93011 -0.0650885 0)
(0.914079 -0.0675593 0)
(0.89675 -0.0700561 0)
(0.878007 -0.0725327 0)
(0.857747 -0.0749409 0)
(0.835843 -0.077214 0)
(0.812196 -0.079281 0)
(0.786674 -0.0810587 0)
(0.759165 -0.082457 0)
(0.729596 -0.0833725 0)
(0.697911 -0.0837076 0)
(0.664075 -0.0833707 0)
(0.628083 -0.0822939 0)
(0.589961 -0.0804303 0)
(0.549873 -0.0777917 0)
(0.507952 -0.0743698 0)
(0.464553 -0.0701636 0)
(0.419981 -0.0651033 0)
(0.37463 -0.059109 0)
(0.329195 -0.0520903 0)
(0.28475 -0.044361 0)
(0.242295 -0.0365415 0)
(0.202769 -0.0293308 0)
(0.166783 -0.0233166 0)
(0.135283 -0.018737 0)
(0.10942 -0.015527 0)
(0.0889965 -0.0131347 0)
(0.072888 -0.011169 0)
(0.0598047 -0.00954035 0)
(0.0486421 -0.00828295 0)
(0.0388377 -0.00752985 0)
(0.0302307 -0.00724048 0)
(0.0227959 -0.00704972 0)
(0.0164175 -0.00669588 0)
(0.0109004 -0.00614879 0)
(0.00609 -0.00551677 0)
(0.00185142 -0.00494157 0)
(-0.00190607 -0.00451714 0)
(-0.00523671 -0.0042608 0)
(-0.00822311 -0.00412721 0)
(-0.0109257 -0.0040695 0)
(-0.0133787 -0.00404356 0)
(-0.0156128 -0.00402008 0)
(-0.0176496 -0.00398259 0)
(-0.0195159 -0.00393283 0)
(-0.0212232 -0.00386939 0)
(-0.0228017 -0.00379513 0)
(-0.0242603 -0.00369669 0)
(-0.0256386 -0.00356985 0)
(-0.0269252 -0.00338285 0)
(-0.0281751 -0.00313882 0)
(-0.0293874 -0.00285893 0)
(-0.0305956 -0.00276014 0)
(1.06581 -0.0311789 0)
(1.06973 -0.0331818 0)
(1.07281 -0.0351674 0)
(1.07499 -0.0371093 0)
(1.07624 -0.0389533 0)
(1.07658 -0.0406329 0)
(1.07604 -0.0420883 0)
(1.07467 -0.0432793 0)
(1.07252 -0.0441931 0)
(1.06965 -0.0448358 0)
(1.06607 -0.0452231 0)
(1.0618 -0.0453719 0)
(1.05686 -0.0452985 0)
(1.05124 -0.0450194 0)
(1.04496 -0.0445543 0)
(1.03801 -0.0439286 0)
(1.03043 -0.0431748 0)
(1.02222 -0.0423305 0)
(1.0134 -0.0414376 0)
(1.004 -0.040538 0)
(0.994037 -0.0396729 0)
(0.983507 -0.0388801 0)
(0.972434 -0.0381974 0)
(0.960824 -0.0376569 0)
(0.948677 -0.0372833 0)
(0.935979 -0.0370909 0)
(0.922713 -0.0370861 0)
(0.908849 -0.0372669 0)
(0.894354 -0.0376266 0)
(0.879181 -0.0381528 0)
(0.863283 -0.0388313 0)
(0.846598 -0.0396444 0)
(0.829065 -0.0405735 0)
(0.810609 -0.0415972 0)
(0.791158 -0.0426934 0)
(0.770627 -0.0438372 0)
(0.74894 -0.0450019 0)
(0.726007 -0.0461594 0)
(0.701752 -0.0472769 0)
(0.676097 -0.0483222 0)
(0.64897 -0.0492529 0)
(0.620325 -0.0500301 0)
(0.590109 -0.0505914 0)
(0.558375 -0.050881 0)
(0.525087 -0.0507861 0)
(0.490273 -0.0501731 0)
(0.454083 -0.0489141 0)
(0.41667 -0.0469062 0)
(0.378299 -0.0441057 0)
(0.339262 -0.0405037 0)
(0.299879 -0.0362203 0)
(0.260732 -0.0315152 0)
(0.222321 -0.0266778 0)
(0.185749 -0.0221396 0)
(0.152019 -0.0182085 0)
(0.12215 -0.0148277 0)
(0.0972851 -0.0120695 0)
(0.0771247 -0.00974247 0)
(0.0606626 -0.00771896 0)
(0.0468949 -0.00606954 0)
(0.035141 -0.00508152 0)
(0.0247108 -0.00495959 0)
(0.0156404 -0.00546063 0)
(0.00796739 -0.00573004 0)
(0.00149599 -0.00515913 0)
(-0.00397274 -0.0039372 0)
(-0.00864854 -0.00273468 0)
(-0.0127018 -0.00203625 0)
(-0.0163086 -0.00182578 0)
(-0.0195958 -0.00190369 0)
(-0.0226213 -0.00204028 0)
(-0.025366 -0.00209873 0)
(-0.0278254 -0.00207399 0)
(-0.0300349 -0.00202061 0)
(-0.0320541 -0.00198328 0)
(-0.0339428 -0.00198519 0)
(-0.0357441 -0.0020315 0)
(-0.0374821 -0.00210307 0)
(-0.0391703 -0.00217803 0)
(-0.0408132 -0.00224368 0)
(-0.0424098 -0.00229397 0)
(-0.0439592 -0.00232775 0)
(-0.0454587 -0.00234253 0)
(-0.0469093 -0.00233822 0)
(-0.0483071 -0.00230754 0)
(-0.0496461 -0.0022437 0)
(-0.0509035 -0.00213494 0)
(-0.0520863 -0.00199358 0)
(-0.0532212 -0.00186362 0)
(-0.0541328 -0.00183394 0)
(1.02366 -0.0369794 0)
(1.01863 -0.037586 0)
(1.01226 -0.0381908 0)
(1.00452 -0.038781 0)
(0.995455 -0.0393135 0)
(0.985113 -0.0397378 0)
(0.973571 -0.0400063 0)
(0.960944 -0.0400843 0)
(0.947327 -0.0399475 0)
(0.93283 -0.0395858 0)
(0.917559 -0.0390026 0)
(0.901611 -0.0382099 0)
(0.885075 -0.0372238 0)
(0.868032 -0.0360631 0)
(0.850557 -0.0347485 0)
(0.832726 -0.0333054 0)
(0.814607 -0.0317645 0)
(0.796262 -0.0301615 0)
(0.777744 -0.0285353 0)
(0.759095 -0.0269255 0)
(0.740343 -0.0253697 0)
(0.721492 -0.0239009 0)
(0.702551 -0.0225504 0)
(0.683521 -0.0213443 0)
(0.664393 -0.0203013 0)
(0.645148 -0.0194311 0)
(0.625752 -0.0187349 0)
(0.606164 -0.0182056 0)
(0.586335 -0.0178297 0)
(0.56621 -0.017589 0)
(0.545731 -0.0174617 0)
(0.524837 -0.0174237 0)
(0.503472 -0.0174493 0)
(0.481577 -0.0175114 0)
(0.459104 -0.0175825 0)
(0.436006 -0.0176337 0)
(0.412256 -0.0176378 0)
(0.38783 -0.017566 0)
(0.362739 -0.0173946 0)
(0.336997 -0.0170993 0)
(0.310675 -0.0166661 0)
(0.283863 -0.0160842 0)
(0.256731 -0.0153545 0)
(0.229628 -0.0144951 0)
(0.202819 -0.0134751 0)
(0.176683 -0.0122772 0)
(0.151714 -0.0109046 0)
(0.128359 -0.00941673 0)
(0.107036 -0.00775428 0)
(0.0880888 -0.00604185 0)
(0.0714128 -0.00437922 0)
(0.0568213 -0.00283685 0)
(0.0440582 -0.00164847 0)
(0.0329163 -0.00110813 0)
(0.0231468 -0.00142782 0)
(0.014314 -0.00246156 0)
(0.00660387 -0.00361133 0)
(-6.4058e-06 -0.00391268 0)
(-0.00545919 -0.00306387 0)
(-0.00973623 -0.00157846 0)
(-0.0131132 -0.000319937 0)
(-0.0159649 0.000130526 0)
(-0.0186521 -2.65964e-05 0)
(-0.0213177 -0.000334461 0)
(-0.0237799 -0.000437905 0)
(-0.0257843 -0.00029277 0)
(-0.0272867 -0.000106135 0)
(-0.0284327 -4.21323e-05 0)
(-0.0294544 -0.000136653 0)
(-0.0305003 -0.000320081 0)
(-0.0316081 -0.00047399 0)
(-0.0327432 -0.00054821 0)
(-0.0338559 -0.000559169 0)
(-0.034921 -0.000548713 0)
(-0.0359435 -0.000550337 0)
(-0.0369467 -0.000576181 0)
(-0.037957 -0.000621793 0)
(-0.0389927 -0.000679182 0)
(-0.0400611 -0.00073898 0)
(-0.0411607 -0.000794471 0)
(-0.0422852 -0.000842235 0)
(-0.0434268 -0.000881614 0)
(-0.0445771 -0.000912334 0)
(-0.0457282 -0.000934441 0)
(-0.0468687 -0.000945245 0)
(-0.0479796 -0.000942352 0)
(-0.0490355 -0.000927802 0)
(-0.0500422 -0.000919744 0)
(-0.0510408 -0.000934892 0)
(-0.0518438 -0.000958587 0)
(0.714465 -0.0207208 0)
(0.685379 -0.0203145 0)
(0.656151 -0.0199238 0)
(0.626805 -0.0195434 0)
(0.597386 -0.0191492 0)
(0.567981 -0.0187111 0)
(0.538698 -0.0181991 0)
(0.509716 -0.0175925 0)
(0.481191 -0.0168671 0)
(0.453293 -0.0160087 0)
(0.42619 -0.0150174 0)
(0.400036 -0.0139058 0)
(0.37497 -0.012695 0)
(0.351112 -0.0114114 0)
(0.328558 -0.0100845 0)
(0.307384 -0.00874679 0)
(0.287633 -0.00743259 0)
(0.26932 -0.00617705 0)
(0.252424 -0.00501376 0)
(0.236888 -0.0039714 0)
(0.222624 -0.00307152 0)
(0.209522 -0.00232323 0)
(0.19746 -0.00171811 0)
(0.186312 -0.00124048 0)
(0.175943 -0.000874038 0)
(0.16622 -0.000603229 0)
(0.157013 -0.000412408 0)
(0.148199 -0.000285022 0)
(0.139674 -0.000203756 0)
(0.131345 -0.000151139 0)
(0.123141 -0.000110172 0)
(0.115009 -6.48273e-05 0)
(0.106918 -4.30157e-07 0)
(0.0988538 9.57884e-05 0)
(0.0908227 0.000234126 0)
(0.0828485 0.000421433 0)
(0.0749709 0.000660179 0)
(0.0672424 0.000946916 0)
(0.0597249 0.00127077 0)
(0.0524828 0.00161144 0)
(0.045578 0.00193682 0)
(0.0390563 0.00220156 0)
(0.032938 0.00234212 0)
(0.0272032 0.00227947 0)
(0.0217779 0.00192547 0)
(0.0165783 0.00125459 0)
(0.0115467 0.000337248 0)
(0.00665552 -0.000643756 0)
(0.00182226 -0.00142299 0)
(-0.00272062 -0.00192866 0)
(-0.0066209 -0.00198574 0)
(-0.00956285 -0.00154283 0)
(-0.0114165 -0.000756886 0)
(-0.0123054 0.000105658 0)
(-0.0126955 0.000759561 0)
(-0.0131695 0.00102594 0)
(-0.0140953 0.0010551 0)
(-0.0153952 0.000973766 0)
(-0.0165553 0.000917688 0)
(-0.0171497 0.000857434 0)
(-0.0171222 0.000718014 0)
(-0.0167942 0.000478246 0)
(-0.0165925 0.00016859 0)
(-0.0167063 -7.40712e-05 0)
(-0.017018 -0.000146162 0)
(-0.0172911 -7.06786e-05 0)
(-0.0173976 5.5279e-05 0)
(-0.0173716 0.000145454 0)
(-0.0173287 0.000164118 0)
(-0.0173614 0.000133391 0)
(-0.0174987 8.4611e-05 0)
(-0.0177129 4.18705e-05 0)
(-0.0179628 1.41781e-05 0)
(-0.0182218 -7.43473e-07 0)
(-0.0184842 -9.44311e-06 0)
(-0.018758 -1.8189e-05 0)
(-0.0190549 -2.99995e-05 0)
(-0.019384 -4.47602e-05 0)
(-0.0197494 -6.07595e-05 0)
(-0.0201506 -7.63825e-05 0)
(-0.020584 -9.07006e-05 0)
(-0.0210448 -0.000103553 0)
(-0.0215283 -0.000115163 0)
(-0.0220303 -0.000125985 0)
(-0.0225459 -0.000135755 0)
(-0.0230666 -0.000144355 0)
(-0.0235829 -0.000155444 0)
(-0.0241083 -0.000181146 0)
(-0.0247082 -0.000226215 0)
(-0.0253296 -0.000261333 0)
)
;

boundaryField
{
    fixedWalls
    {
        type            noSlip;
    }
    inflowWall
    {
        type            fixedValue;
        value           uniform (1 0 0);
    }
    outflowWall
    {
        type            zeroGradient;
    }
    frontAndBack
    {
        type            empty;
    }
}


// ************************************************************************* //
