/*--------------------------------*- C++ -*----------------------------------*\
| =========                 |                                                 |
| \\      /  F ield         | OpenFOAM: The Open Source CFD Toolbox           |
|  \\    /   O peration     | Version:  2306                                  |
|   \\  /    A nd           | Website:  www.openfoam.com                      |
|    \\/     M anipulation  |                                                 |
\*---------------------------------------------------------------------------*/
FoamFile
{
    version     2.0;
    format      ascii;
    arch        "LSB;label=32;scalar=64";
    class       volScalarField;
    location    "4.54";
    object      p;
}
// * * * * * * * * * * * * * * * * * * * * * * * * * * * * * * * * * * * * * //

dimensions      [0 2 -2 0 0 0 0];

internalField   nonuniform List<scalar> 
1900
(
0.0560473
0.0318259
0.0114337
-0.00390716
-0.0149276
-0.0254836
-0.0359258
-0.0480914
-0.0606473
-0.0747034
0.0267864
0.018588
0.00727199
-0.00428092
-0.0153059
-0.0254943
-0.0359281
-0.0464422
-0.0579397
-0.0689938
0.017693
0.0132024
0.005687
-0.00368098
-0.0137644
-0.0237429
-0.0335215
-0.0430732
-0.0524992
-0.0615833
0.0119912
0.00891801
0.00326841
-0.00437962
-0.0132307
-0.0224703
-0.0316606
-0.0405735
-0.0491654
-0.057324
0.00976633
0.00723102
0.00249249
-0.00415535
-0.0121337
-0.0207367
-0.0294108
-0.0378333
-0.045855
-0.0533867
0.0103998
0.00791902
0.00330832
-0.00315667
-0.0108951
-0.0191985
-0.0275081
-0.0355068
-0.0430705
-0.0501703
0.0138546
0.0109085
0.00562737
-0.00145574
-0.00951593
-0.0178027
-0.0258505
-0.0334818
-0.0406886
-0.0475058
0.0205529
0.0162574
0.00935966
0.000890774
-0.00792918
-0.0163535
-0.0241866
-0.0315221
-0.0385096
-0.0452111
0.0306932
0.0225941
0.0121581
0.00169725
-0.00760959
-0.015721
-0.0230895
-0.0301376
-0.0370291
-0.0437238
0.0595432
0.0368708
0.017164
0.00310148
-0.00655562
-0.0142504
-0.021479
-0.0286964
-0.0358528
-0.0427426
-0.0979022
-0.0979357
-0.0979805
-0.0980346
-0.0980949
-0.098161
-0.0982325
-0.0983082
-0.0983869
-0.0984669
-0.0985467
-0.0986245
-0.0986985
-0.0987672
-0.0988287
-0.0988814
-0.0989238
-0.0989544
-0.098972
-0.0989753
-0.0989632
-0.098935
-0.0988898
-0.098827
-0.0987462
-0.0986471
-0.0985293
-0.0983927
-0.0982371
-0.0980622
-0.097868
-0.0976541
-0.0974202
-0.0971661
-0.0968912
-0.0965948
-0.0962753
-0.0959298
-0.0955533
-0.0951375
-0.0946702
-0.0941334
-0.0935036
-0.0927511
-0.0918411
-0.0907348
-0.0893902
-0.0877612
-0.0857961
-0.0834363
-0.0806166
-0.0772669
-0.0733161
-0.0687035
-0.0633936
-0.0573683
-0.0506471
-0.0432891
-0.0353731
-0.0270104
-0.0183422
-0.00953517
-0.000754107
0.00782671
0.0160396
0.0237323
0.0307688
0.0370377
0.0424543
0.0469728
0.0505594
0.0532226
0.0549741
0.0558647
0.0559385
0.0552737
0.0539288
0.0519934
0.0495243
0.0466106
0.043297
0.0396648
0.0357374
0.0315866
0.0272078
0.0226697
0.0179288
0.0130655
0.00796862
0.00278795
-0.0978977
-0.0979294
-0.0979564
-0.0979979
-0.0980491
-0.0981085
-0.0981747
-0.098246
-0.0983207
-0.0983974
-0.0984743
-0.0985497
-0.0986219
-0.0986889
-0.0987492
-0.0988011
-0.0988428
-0.098873
-0.0988902
-0.0988933
-0.098881
-0.0988524
-0.0988067
-0.0987433
-0.0986614
-0.0985608
-0.098441
-0.0983017
-0.0981427
-0.0979637
-0.0977643
-0.0975441
-0.0973025
-0.0970388
-0.0967519
-0.0964406
-0.0961028
-0.0957356
-0.0953342
-0.0948914
-0.0943972
-0.0938378
-0.0931947
-0.0924448
-0.0915592
-0.090504
-0.089239
-0.0877178
-0.0858843
-0.0836711
-0.0810009
-0.0777886
-0.0739475
-0.0694173
-0.0642068
-0.0582868
-0.0516564
-0.0443557
-0.0364709
-0.0281202
-0.0194436
-0.0106147
-0.00180542
0.00680986
0.0150522
0.0227734
0.0298477
0.0361346
0.0415659
0.0461012
0.0497017
0.0523788
0.0541415
0.0550462
0.0551324
0.0544854
0.0531573
0.0512474
0.0488036
0.0459263
0.0426457
0.0390589
0.0351712
0.0310753
0.0267436
0.0222656
0.0175745
0.0127723
0.00775717
0.00267539
-0.0977802
-0.0978614
-0.097907
-0.0979604
-0.0980166
-0.0980781
-0.0981459
-0.098219
-0.098296
-0.0983754
-0.0984554
-0.098534
-0.0986096
-0.0986802
-0.0987439
-0.0987992
-0.0988442
-0.0988775
-0.0988974
-0.0989028
-0.0988923
-0.0988651
-0.0988202
-0.098757
-0.098675
-0.0985738
-0.0984529
-0.0983124
-0.0981521
-0.0979719
-0.0977717
-0.0975512
-0.0973096
-0.097046
-0.0967593
-0.096448
-0.0961097
-0.0957411
-0.0953377
-0.0948931
-0.0943997
-0.0938479
-0.0932252
-0.0925153
-0.0916962
-0.0907366
-0.0895946
-0.0882183
-0.0865432
-0.0844889
-0.0819675
-0.0789036
-0.0752147
-0.0708224
-0.0656532
-0.0597288
-0.0530725
-0.0457455
-0.0378352
-0.029463
-0.0207485
-0.0119134
-0.00311193
0.00549115
0.0137173
0.0214229
0.0284615
0.0347271
0.0401302
0.0446355
0.0482058
0.0508573
0.0525983
0.0534908
0.0535727
0.0529346
0.0516255
0.0497491
0.0473491
0.0445302
0.0413194
0.0378164
0.0340249
0.0300371
0.0258283
0.0214845
0.016952
0.0123186
0.00750744
0.00261871
-0.0978621
-0.0979359
-0.0979402
-0.0979661
-0.0980117
-0.0980739
-0.0981472
-0.0982279
-0.0983133
-0.0984013
-0.0984897
-0.0985763
-0.0986593
-0.0987365
-0.0988062
-0.0988665
-0.0989158
-0.0989524
-0.0989749
-0.0989819
-0.0989723
-0.0989451
-0.0988996
-0.098835
-0.0987508
-0.0986467
-0.0985224
-0.0983782
-0.0982139
-0.0980299
-0.0978261
-0.0976025
-0.0973585
-0.0970927
-0.0968037
-0.0964901
-0.0961497
-0.0957801
-0.0953778
-0.0949382
-0.0944549
-0.0939205
-0.0933278
-0.0926653
-0.0919129
-0.0910393
-0.0899962
-0.0887266
-0.0871679
-0.0852318
-0.0828153
-0.0798225
-0.0761759
-0.0718183
-0.0666926
-0.0608077
-0.0541872
-0.0468975
-0.0390332
-0.0307173
-0.0220953
-0.0133516
-0.00466409
0.00380387
0.0118803
0.0194225
0.0262914
0.0323918
0.037637
0.0419937
0.0454318
0.0479709
0.0496249
0.0504572
0.0505097
0.0498721
0.0485964
0.0467822
0.0444765
0.0417779
0.0387179
0.0353871
0.0317963
0.0280262
0.0240645
0.0199832
0.0157472
0.0114234
0.00695473
0.00240874
-0.097536
-0.0977414
-0.0978322
-0.0979364
-0.0980351
-0.0981284
-0.098221
-0.0983163
-0.0984138
-0.098512
-0.0986091
-0.098703
-0.0987919
-0.0988739
-0.098947
-0.0990096
-0.0990602
-0.0990971
-0.0991187
-0.0991239
-0.0991115
-0.0990806
-0.0990306
-0.0989609
-0.0988713
-0.0987613
-0.0986311
-0.098481
-0.0983115
-0.0981229
-0.0979157
-0.09769
-0.097445
-0.0971791
-0.0968899
-0.0965766
-0.0962377
-0.0958708
-0.0954731
-0.0950409
-0.0945685
-0.0940489
-0.0934793
-0.092849
-0.0921351
-0.0913095
-0.0903111
-0.0890794
-0.087535
-0.0856051
-0.0831906
-0.0802024
-0.0765589
-0.072204
-0.0670993
-0.0612514
-0.0546939
-0.0474982
-0.0397633
-0.0316189
-0.0232134
-0.0147162
-0.00630576
0.00185443
0.0096045
0.0168081
0.02334
0.0291122
0.0340512
0.0381275
0.0413225
0.0436589
0.0451598
0.0458874
0.0458906
0.0452536
0.0440335
0.042321
0.0401681
0.0376614
0.034839
0.0317776
0.0284969
0.0250622
0.0214741
0.0177875
0.0139848
0.0101138
0.00614083
0.00211537
-0.0983677
-0.0983904
-0.0982893
-0.0982444
-0.098255
-0.0983129
-0.0984009
-0.0985018
-0.0986049
-0.0987067
-0.0988053
-0.0988987
-0.0989853
-0.0990636
-0.099132
-0.099189
-0.0992333
-0.0992634
-0.0992779
-0.0992756
-0.0992555
-0.0992168
-0.0991591
-0.099082
-0.0989853
-0.0988688
-0.0987323
-0.0985767
-0.0984026
-0.0982105
-0.0980007
-0.0977733
-0.0975277
-0.0972616
-0.0969709
-0.0966604
-0.0963264
-0.0959651
-0.0955736
-0.0951486
-0.0946851
-0.0941738
-0.0936013
-0.0929584
-0.0922241
-0.0913629
-0.090321
-0.0890363
-0.0874327
-0.0854317
-0.0829431
-0.0798857
-0.0761872
-0.0718022
-0.0667059
-0.0609101
-0.0544569
-0.047424
-0.0399158
-0.0320641
-0.0240167
-0.015935
-0.00798396
-0.000319871
0.00691354
0.0135919
0.0196087
0.0248866
0.0293702
0.0330374
0.0358842
0.0379367
0.0392291
0.039821
0.0397682
0.0391467
0.0380177
0.0364598
0.0345284
0.0322956
0.029804
0.0271143
0.0242532
0.0212696
0.0181743
0.0150054
0.0117594
0.00846828
0.00511801
0.00174085
-0.0970414
-0.0976879
-0.0978908
-0.0981474
-0.0983629
-0.098526
-0.0986482
-0.0987493
-0.0988422
-0.0989305
-0.0990145
-0.099093
-0.0991646
-0.0992283
-0.0992825
-0.0993261
-0.0993579
-0.0993767
-0.0993809
-0.0993691
-0.0993403
-0.0992937
-0.0992287
-0.0991451
-0.0990424
-0.0989202
-0.0987786
-0.0986196
-0.0984432
-0.0982496
-0.0980389
-0.0978114
-0.0975663
-0.0973018
-0.0970126
-0.0966925
-0.0963463
-0.0959714
-0.0955625
-0.095114
-0.0946187
-0.0940677
-0.0934483
-0.0927444
-0.0919296
-0.0909674
-0.0898052
-0.0883819
-0.0866257
-0.0844631
-0.0818179
-0.0786226
-0.0748207
-0.0703795
-0.0652889
-0.0595712
-0.0532776
-0.0464925
-0.0393231
-0.0319006
-0.0243671
-0.0168741
-0.00956887
-0.00259076
0.003939
0.00991509
0.0152541
0.0198953
0.0238034
0.0269675
0.029398
0.0311247
0.0321904
0.0326504
0.0325639
0.0319963
0.0310096
0.0296683
0.0280278
0.0261444
0.0240621
0.0218256
0.0194656
0.0170153
0.0144925
0.0119207
0.00930699
0.00666862
0.0040066
0.00133875
-0.101754
-0.100374
-0.0997458
-0.0993124
-0.0990858
-0.0989965
-0.0989846
-0.0990092
-0.0990482
-0.0990939
-0.0991434
-0.0991931
-0.099241
-0.0992853
-0.0993239
-0.0993549
-0.0993767
-0.0993867
-0.0993822
-0.0993627
-0.0993276
-0.0992763
-0.0992083
-0.0991232
-0.0990198
-0.0988967
-0.0987523
-0.0985861
-0.0984012
-0.0981978
-0.097975
-0.0977314
-0.0974652
-0.0971737
-0.0968533
-0.0965007
-0.0961139
-0.0956888
-0.0952193
-0.0946981
-0.0941156
-0.0934605
-0.0927171
-0.091865
-0.0908761
-0.0897137
-0.0883297
-0.0866686
-0.084668
-0.0822656
-0.079401
-0.076025
-0.072101
-0.0676128
-0.0625658
-0.0569944
-0.0509571
-0.0445408
-0.0378503
-0.0310105
-0.0241517
-0.0174096
-0.0109108
-0.004773
0.000910549
0.00605931
0.0106164
0.014541
0.0178183
0.0204482
0.0224525
0.023862
0.0247231
0.0250839
0.0250021
0.0245313
0.0237304
0.0226496
0.0213417
0.0198479
0.0182111
0.0164613
0.0146311
0.0127396
0.0108101
0.00885258
0.006883
0.00490487
0.00292922
0.00095672
-0.0959124
-0.0969991
-0.0978365
-0.0984484
-0.0987652
-0.0988839
-0.0989185
-0.0989322
-0.098948
-0.0989783
-0.0990175
-0.0990582
-0.0990987
-0.0991375
-0.0991726
-0.0992018
-0.0992241
-0.0992392
-0.099243
-0.0992292
-0.0991961
-0.0991433
-0.0990704
-0.0989772
-0.0988634
-0.0987267
-0.0985647
-0.0983767
-0.0981629
-0.097923
-0.0976557
-0.097359
-0.0970303
-0.0966662
-0.0962625
-0.0958145
-0.0953171
-0.0947649
-0.094151
-0.0934665
-0.0927003
-0.0918388
-0.0908649
-0.0897583
-0.0884925
-0.0870343
-0.0853439
-0.0833762
-0.0810831
-0.0784179
-0.0753378
-0.0718091
-0.0678118
-0.0633474
-0.0584372
-0.0531261
-0.0474777
-0.0415772
-0.0355216
-0.0294214
-0.0233867
-0.017529
-0.0119471
-0.00673252
-0.001955
0.00232888
0.00608761
0.00929918
0.0119649
0.0140916
0.0157074
0.0168402
0.0175354
0.0178318
0.0177831
0.0174307
0.0168292
0.0160158
0.0150403
0.0139301
0.0127272
0.0114478
0.0101262
0.00876798
0.00740162
0.00602358
0.00465879
0.00329663
0.00195991
0.000630389
-0.118586
-0.103669
-0.101743
-0.100266
-0.0993513
-0.0989227
-0.0987481
-0.0986861
-0.0986676
-0.0986714
-0.0987103
-0.0987724
-0.0988372
-0.0988979
-0.0989528
-0.0990001
-0.0990372
-0.0990604
-0.0990647
-0.0990451
-0.0989984
-0.0989233
-0.0988198
-0.0986886
-0.0985289
-0.0983377
-0.0981118
-0.0978487
-0.0975468
-0.0972048
-0.0968209
-0.0963931
-0.0959189
-0.0953944
-0.0948153
-0.0941766
-0.0934727
-0.0926977
-0.0918444
-0.0909043
-0.0898666
-0.0887184
-0.0874432
-0.0860203
-0.0844255
-0.0826323
-0.0806108
-0.0783295
-0.0757564
-0.0728625
-0.0696241
-0.0660275
-0.0620711
-0.0577696
-0.0531528
-0.0482673
-0.0431727
-0.0379425
-0.0326585
-0.0274102
-0.0222846
-0.0173674
-0.0127309
-0.00844158
-0.00454772
-0.00108639
0.00192918
0.00449005
0.00660623
0.00828731
0.00956265
0.0104566
0.011012
0.0112598
0.0112486
0.01101
0.0105941
0.0100274
0.00935675
0.00859814
0.00779256
0.00694346
0.00608696
0.00521452
0.00436029
0.00350505
0.00268451
0.00186995
0.00110063
0.000334188
-0.086151
-0.0926042
-0.0951117
-0.0959557
-0.0964042
-0.096807
-0.0971796
-0.0974929
-0.0977639
-0.098
-0.0982033
-0.0983763
-0.0985221
-0.0986445
-0.0987459
-0.0988258
-0.098881
-0.0989068
-0.0988981
-0.0988505
-0.0987606
-0.0986265
-0.0984476
-0.0982238
-0.0979542
-0.0976371
-0.0972704
-0.0968524
-0.0963815
-0.0958564
-0.0952755
-0.0946355
-0.0939329
-0.0931644
-0.0923265
-0.0914148
-0.0904248
-0.089351
-0.088187
-0.0869256
-0.0855579
-0.0840732
-0.0824588
-0.0807001
-0.0787808
-0.0766836
-0.0743899
-0.0718812
-0.0691401
-0.0661525
-0.0629097
-0.0594108
-0.0556637
-0.0516877
-0.0475124
-0.0431789
-0.0387364
-0.0342436
-0.0297652
-0.0253708
-0.0211277
-0.0171008
-0.0133444
-0.00990477
-0.00681105
-0.00408353
-0.00172551
0.000262442
0.00189403
0.00318129
0.00415294
0.00483244
0.0052597
0.00546178
0.00548244
0.00534628
0.00509757
0.00475435
0.00435877
0.00391805
0.00347065
0.00300974
0.00257132
0.00213356
0.00173479
0.00133881
0.000992784
0.000644817
0.000354678
4.88818e-05
-0.0802332
-0.0880081
-0.0919891
-0.0934136
-0.0938488
-0.0941874
-0.0946872
-0.0953052
-0.0959278
-0.0964806
-0.0969404
-0.0973154
-0.0976237
-0.0978799
-0.098091
-0.0982575
-0.098375
-0.0984376
-0.0984392
-0.0983749
-0.0982412
-0.0980363
-0.0977599
-0.0974123
-0.0969941
-0.096506
-0.0959483
-0.0953211
-0.0946245
-0.0938584
-0.0930222
-0.0921147
-0.0911345
-0.0900795
-0.0889477
-0.0877364
-0.0864423
-0.0850617
-0.0835901
-0.0820225
-0.080353
-0.078575
-0.0766808
-0.0746622
-0.0725101
-0.070215
-0.067767
-0.0651566
-0.0623756
-0.0594191
-0.0562866
-0.0529831
-0.0495202
-0.0459175
-0.042203
-0.038413
-0.0345914
-0.0307868
-0.0270493
-0.02343
-0.0199785
-0.0167413
-0.0137564
-0.011054
-0.00865256
-0.00656276
-0.00478221
-0.00330136
-0.00210084
-0.00116303
-0.000460579
3.07874e-05
0.000347094
0.000515823
0.000575475
0.000547671
0.000466617
0.000343537
0.00020971
6.66251e-05
-5.51813e-05
-0.000167689
-0.000240409
-0.000302408
-0.000317139
-0.000332479
-0.000294326
-0.000275288
-0.000194729
-0.000163024
-0.0700428
-0.0772288
-0.0825722
-0.0860637
-0.0882106
-0.0896702
-0.0908907
-0.0920511
-0.0931642
-0.0941845
-0.0950742
-0.0958233
-0.0964423
-0.096948
-0.0973541
-0.0976672
-0.0978879
-0.0980131
-0.0980392
-0.0979631
-0.0977831
-0.0974993
-0.0971132
-0.0966272
-0.0960446
-0.0953688
-0.094603
-0.0937502
-0.092813
-0.0917936
-0.0906937
-0.0895143
-0.088256
-0.0869183
-0.0855005
-0.0840014
-0.0824192
-0.0807518
-0.0789967
-0.0771514
-0.0752129
-0.0731783
-0.0710445
-0.0688085
-0.0664673
-0.0640183
-0.0614592
-0.0587885
-0.0560063
-0.053114
-0.0501157
-0.0470187
-0.0438351
-0.0405827
-0.0372867
-0.0339802
-0.0307027
-0.0274973
-0.0244069
-0.0214706
-0.0187208
-0.0161825
-0.013874
-0.0118105
-0.0100043
-0.00846327
-0.00718173
-0.00613885
-0.00530318
-0.00464647
-0.00414243
-0.00377
-0.00350209
-0.00331235
-0.00316856
-0.00305085
-0.00293881
-0.00282897
-0.002708
-0.00257912
-0.0024262
-0.00225942
-0.0020593
-0.00184886
-0.00159971
-0.00135338
-0.00106242
-0.000801384
-0.000483855
-0.000246513
-0.064838
-0.0714624
-0.0769385
-0.0811618
-0.084256
-0.0865312
-0.0883282
-0.0898856
-0.0913116
-0.0926235
-0.0938014
-0.0948247
-0.095687
-0.096394
-0.0969559
-0.0973808
-0.0976726
-0.0978313
-0.0978553
-0.0977431
-0.0974948
-0.0971121
-0.0965987
-0.0959594
-0.0952001
-0.0943267
-0.0933452
-0.0922612
-0.09108
-0.0898065
-0.0884444
-0.086997
-0.0854663
-0.0838536
-0.0821592
-0.0803832
-0.0785251
-0.0765847
-0.0745614
-0.072455
-0.0702659
-0.0679945
-0.0656419
-0.0632101
-0.0607016
-0.0581201
-0.0554702
-0.0527574
-0.0499881
-0.0471692
-0.0443082
-0.0414139
-0.0384972
-0.0355724
-0.0326599
-0.0297877
-0.0269924
-0.0243165
-0.0218024
-0.0194827
-0.017373
-0.0154706
-0.0137634
-0.0122453
-0.0109248
-0.0098153
-0.00891471
-0.00819523
-0.00760931
-0.00711292
-0.00668156
-0.00630868
-0.00598807
-0.00570622
-0.00544027
-0.00517124
-0.0048844
-0.004578
-0.00425192
-0.00391548
-0.00356895
-0.00322049
-0.00286233
-0.00250379
-0.00212943
-0.00175939
-0.00136581
-0.0009963
-0.000588509
-0.000259146
-0.0603457
-0.066624
-0.0720939
-0.0766599
-0.0803294
-0.0832355
-0.0855884
-0.0875875
-0.0893654
-0.0909805
-0.0924405
-0.093732
-0.0948415
-0.0957639
-0.0965014
-0.097059
-0.0974408
-0.0976485
-0.0976825
-0.0975434
-0.0972335
-0.0967572
-0.0961211
-0.0953331
-0.0944016
-0.0933353
-0.0921427
-0.0908322
-0.0894119
-0.0878895
-0.0862716
-0.0845633
-0.0827687
-0.0808903
-0.07893
-0.0768888
-0.0747679
-0.0725684
-0.0702921
-0.0679414
-0.0655195
-0.0630308
-0.0604805
-0.057875
-0.0552222
-0.0525313
-0.0498133
-0.0470806
-0.0443463
-0.0416229
-0.0389212
-0.0362505
-0.0336195
-0.0310374
-0.0285158
-0.0260712
-0.0237303
-0.0215345
-0.0195301
-0.0177511
-0.0162005
-0.0148421
-0.0136252
-0.0125185
-0.0115292
-0.010681
-0.00998437
-0.0094207
-0.00893815
-0.0084783
-0.00801205
-0.0075443
-0.00709193
-0.00666656
-0.00626675
-0.0058843
-0.00550813
-0.00512941
-0.00474149
-0.00434518
-0.00394117
-0.0035345
-0.00312373
-0.00271304
-0.00229653
-0.00188172
-0.00145797
-0.00104684
-0.000619882
-0.000251308
-0.0567869
-0.0628656
-0.0683204
-0.0730738
-0.0771025
-0.0804606
-0.0832694
-0.0856743
-0.0877959
-0.0897057
-0.0914299
-0.0929658
-0.0943008
-0.0954235
-0.0963284
-0.0970148
-0.0974839
-0.0977368
-0.0977748
-0.0975999
-0.0972171
-0.0966342
-0.0958623
-0.0949136
-0.0938004
-0.0925338
-0.091125
-0.0895849
-0.0879245
-0.0861538
-0.084282
-0.0823168
-0.080264
-0.0781282
-0.0759127
-0.07362
-0.0712527
-0.0688137
-0.0663069
-0.0637375
-0.0611122
-0.0584395
-0.0557294
-0.0529931
-0.0502426
-0.0474913
-0.044755
-0.042053
-0.0394055
-0.0368295
-0.0343367
-0.0319333
-0.029623
-0.0274086
-0.0252918
-0.023272
-0.0213547
-0.0195707
-0.0179655
-0.0165793
-0.0154174
-0.0144239
-0.0135254
-0.0126761
-0.0118734
-0.0111314
-0.0104558
-0.00986546
-0.0093491
-0.00886817
-0.00839856
-0.00794472
-0.00749677
-0.00704873
-0.00659931
-0.00614876
-0.00569805
-0.00525081
-0.00481076
-0.00438028
-0.00395803
-0.00354239
-0.00313048
-0.00272056
-0.00230786
-0.00189317
-0.00147269
-0.00105447
-0.000632615
-0.000254422
-0.0539316
-0.0599108
-0.0653621
-0.0702196
-0.074463
-0.0781248
-0.0812818
-0.084033
-0.0864713
-0.088663
-0.0906408
-0.0924097
-0.0939594
-0.0952754
-0.0963456
-0.0971625
-0.0977224
-0.0980238
-0.0980674
-0.0978564
-0.0973973
-0.0967018
-0.0957864
-0.0946705
-0.0933709
-0.0919026
-0.0902794
-0.0885153
-0.0866236
-0.0846174
-0.0825084
-0.0803066
-0.0780202
-0.0756557
-0.0732182
-0.070712
-0.0681414
-0.0655112
-0.0628275
-0.0600982
-0.0573334
-0.0545459
-0.0517509
-0.0489652
-0.0462048
-0.0434837
-0.0408176
-0.0382299
-0.0357441
-0.033376
-0.031132
-0.0290098
-0.0270033
-0.0251092
-0.0233261
-0.0216532
-0.0200885
-0.0186368
-0.0173237
-0.0161659
-0.0151516
-0.014258
-0.0134562
-0.0127213
-0.0120485
-0.011444
-0.0108869
-0.0103259
-0.00973441
-0.00912146
-0.00852433
-0.0079612
-0.00744101
-0.00696561
-0.00652213
-0.00609419
-0.00567088
-0.00524774
-0.00482386
-0.00440057
-0.00397973
-0.00356264
-0.00314796
-0.0027343
-0.00231939
-0.00190252
-0.00148214
-0.00106228
-0.000649208
-0.000250975
-0.0515872
-0.057547
-0.0630068
-0.0679224
-0.0722943
-0.0761602
-0.0795804
-0.0826223
-0.0853498
-0.087813
-0.0900408
-0.0920405
-0.0938031
-0.095312
-0.0965494
-0.097501
-0.098157
-0.0985123
-0.0985667
-0.0983241
-0.0977935
-0.0969895
-0.0959345
-0.0946544
-0.0931729
-0.0915117
-0.0896905
-0.0877277
-0.0856403
-0.0834438
-0.0811516
-0.0787752
-0.0763236
-0.0738046
-0.0712241
-0.0685877
-0.0659009
-0.0631697
-0.0604015
-0.0576057
-0.0547942
-0.0519821
-0.0491876
-0.0464318
-0.0437352
-0.0411123
-0.0385841
-0.0361723
-0.0338909
-0.0317432
-0.0297227
-0.027817
-0.0260089
-0.0242871
-0.0226583
-0.0211471
-0.0197864
-0.0185972
-0.0175739
-0.0166795
-0.0158099
-0.0149018
-0.0139531
-0.0130098
-0.0121495
-0.0113964
-0.0107461
-0.0101687
-0.00962063
-0.00907877
-0.00854238
-0.00801909
-0.00752104
-0.0070482
-0.00659254
-0.00614689
-0.00570699
-0.00527157
-0.00484084
-0.0044148
-0.0039925
-0.00357358
-0.00315711
-0.00274189
-0.00232647
-0.00190974
-0.00149095
-0.00107414
-0.000666536
-0.000249897
-0.0500934
-0.056023
-0.0614532
-0.0663756
-0.0708148
-0.074812
-0.0784165
-0.0816771
-0.084636
-0.0873276
-0.0897717
-0.0919726
-0.0939208
-0.0955978
-0.0969821
-0.098053
-0.0987948
-0.0991977
-0.0992595
-0.0989858
-0.0983903
-0.0974933
-0.0963178
-0.0948901
-0.093242
-0.0914057
-0.0894111
-0.0872845
-0.0850478
-0.0827193
-0.0803134
-0.0778414
-0.0753118
-0.0727314
-0.0701054
-0.0674383
-0.0647349
-0.0620005
-0.0592415
-0.0564666
-0.0536869
-0.0509167
-0.0481737
-0.0454805
-0.0428628
-0.0403523
-0.0379773
-0.0357563
-0.033695
-0.031783
-0.0299933
-0.0282888
-0.0266334
-0.0249897
-0.0233512
-0.0217433
-0.0202155
-0.0188233
-0.0176043
-0.0165356
-0.015582
-0.0146888
-0.0138344
-0.0130149
-0.0122461
-0.0115443
-0.0109069
-0.0103078
-0.0097261
-0.00915467
-0.00859832
-0.00806455
-0.00755738
-0.00707467
-0.00661173
-0.00616243
-0.00572175
-0.00528671
-0.00485603
-0.00442935
-0.00400628
-0.00358626
-0.00316844
-0.00275199
-0.00233606
-0.00191984
-0.00150295
-0.00108838
-0.000679553
-0.000251585
-0.0492004
-0.0551503
-0.0605839
-0.0655277
-0.0700218
-0.0741091
-0.0778337
-0.0812392
-0.0843623
-0.0872252
-0.0898359
-0.0921903
-0.0942745
-0.0960687
-0.0975505
-0.0986993
-0.0994984
-0.0999384
-0.100018
-0.0997441
-0.0991334
-0.0982094
-0.0970012
-0.0955408
-0.0938612
-0.0919949
-0.089972
-0.0878198
-0.0855614
-0.0832158
-0.0807981
-0.0783199
-0.07579
-0.0732149
-0.0705998
-0.0679488
-0.0652663
-0.0625566
-0.0598253
-0.0570797
-0.0543291
-0.0515858
-0.048865
-0.0461854
-0.0435687
-0.0410381
-0.0386152
-0.036317
-0.0341521
-0.0321188
-0.030206
-0.0284006
-0.026655
-0.0249602
-0.0233176
-0.0217491
-0.0202916
-0.018975
-0.0178105
-0.0167747
-0.0158141
-0.0148877
-0.0139856
-0.0131221
-0.0123201
-0.0115937
-0.0109343
-0.0103213
-0.00973458
-0.0091659
-0.00861605
-0.00808868
-0.00758555
-0.00710426
-0.00663996
-0.00618782
-0.0057443
-0.00530734
-0.00487577
-0.00444879
-0.00402561
-0.00360542
-0.00318733
-0.00277058
-0.00235465
-0.00193923
-0.00152413
-0.00110977
-0.000695025
-0.000258463
)
;

boundaryField
{
    fixedWalls
    {
        type            zeroGradient;
    }
    inflowWall
    {
        type            zeroGradient;
    }
    outflowWall
    {
        type            fixedValue;
        value           uniform 0;
    }
    frontAndBack
    {
        type            empty;
    }
}


// ************************************************************************* //
